data	data	510508	218440	1.06532e+06	843984	331624	188568	554596	312612	127328	55272	293740	207316	302532	220600	215232	105804	345936	209492	859088	812940	163948	218628	372444	319900	23640	61136	135916	153748	700136	454208	310852	502868	254392	476012	146824	147036	334076	337852	152988	213528	100984	72532	272728	277120	274836	261968	319296	286728	259572	287844	562356	288432	215176	101524	477448	391096	396376	228964	156668	83288	309176	123560	149136	163432	182828	138236	440076	329836	281888	241012	314664	414604	355472	285580	32104	14368	132056	215072	87052	41368	357464	159432	114284	68632	391736	267708	34252	16164	407324	255920	575252	617676	372292	291300	46388	88120	403260	359508	574152	559876	262336	110684	343848	300668	104584	149056	19372	14308	65324	130236	335700	268472	213076	153672	119604	73684	
data	data	Precentral_L	Precentral_R	Frontal_Sup_L	Frontal_Sup_R	Frontal_Sup_Orb_L	Frontal_Sup_Orb_R	Frontal_Mid_L	Frontal_Mid_R	Frontal_Mid_Orb_L	Frontal_Mid_Orb_R	Frontal_Inf_Oper_L	Frontal_Inf_Oper_R	Frontal_Inf_Tri_L	Frontal_Inf_Tri_R	Frontal_Inf_Orb_L	Frontal_Inf_Orb_R	Rolandic_Oper_L	Rolandic_Oper_R	Supp_Motor_Area_L	Supp_Motor_Area_R	Olfactory_L	Olfactory_R	Frontal_Sup_Medial_L	Frontal_Sup_Medial_R	Frontal_Med_Orb_L	Frontal_Med_Orb_R	Rectus_L	Rectus_R	Insula_L	Insula_R	Cingulum_Ant_L	Cingulum_Ant_R	Cingulum_Mid_L	Cingulum_Mid_R	Cingulum_Post_L	Cingulum_Post_R	Hippocampus_L	Hippocampus_R	ParaHippocampal_L	ParaHippocampal_R	Amygdala_L	Amygdala_R	Calcarine_L	Calcarine_R	Cuneus_L	Cuneus_R	Lingual_L	Lingual_R	Occipital_Sup_L	Occipital_Sup_R	Occipital_Mid_L	Occipital_Mid_R	Occipital_Inf_L	Occipital_Inf_R	Fusiform_L	Fusiform_R	Postcentral_L	Postcentral_R	Parietal_Sup_L	Parietal_Sup_R	Parietal_Inf_L	Parietal_Inf_R	SupraMarginal_L	SupraMarginal_R	Angular_L	Angular_R	Precuneus_L	Precuneus_R	Paracentral_Lobule_L	Paracentral_Lobule_R	Caudate_L	Caudate_R	Putamen_L	Putamen_R	Pallidum_L	Pallidum_R	Thalamus_L	Thalamus_R	Heschl_L	Heschl_R	Temporal_Sup_L	Temporal_Sup_R	Temporal_Pole_Sup_L	Temporal_Pole_Sup_R	Temporal_Mid_L	Temporal_Mid_R	Temporal_Pole_Mid_L	Temporal_Pole_Mid_R	Temporal_Inf_L	Temporal_Inf_R	Cerebelum_Crus1_L	Cerebelum_Crus1_R	Cerebelum_Crus2_L	Cerebelum_Crus2_R	Cerebelum_3_L	Cerebelum_3_R	Cerebelum_4_5_L	Cerebelum_4_5_R	Cerebelum_6_L	Cerebelum_6_R	Cerebelum_7b_L	Cerebelum_7b_R	Cerebelum_8_L	Cerebelum_8_R	Cerebelum_9_L	Cerebelum_9_R	Cerebelum_10_L	Cerebelum_10_R	Vermis_1_2	Vermis_3	Vermis_4_5	Vermis_6	Vermis_7	Vermis_8	Vermis_9	Vermis_10	
510508	Precentral_L	0	1472	26952	1316	156	112	16678	0	0	0	16218	0	3882	0	0	0	15176	102	22222	3382	0	324	0	0	0	0	0	144	8566	224	0	0	554	690	1126	0	3384	136	0	0	0	120	452	0	554	0	0	0	710	0	7662	0	1712	0	122	0	38044	174	2064	0	13064	116	2068	180	4098	100	1638	0	15536	1646	1036	8082	3940	0	1592	0	3886	7340	1368	0	8902	0	0	0	3670	0	0	0	2562	0	0	0	0	0	0	0	0	0	0	0	0	0	0	0	0	0	0	0	0	0	0	0	0	0	0	0	
218440	Precentral_R	1472	0	3106	11804	0	0	122	8036	0	0	0	7656	94	518	0	0	114	3242	2710	12046	0	0	0	0	0	0	0	0	558	2880	228	194	84	688	1102	696	552	2862	214	0	0	0	0	0	0	0	0	0	0	0	0	436	0	146	174	210	0	14566	0	1760	0	2392	0	4408	0	372	0	100	2012	11136	160	308	234	426	0	0	404	1556	148	234	0	926	0	0	0	3290	0	0	0	2844	0	0	0	0	0	0	0	0	0	0	0	0	0	0	0	0	0	0	0	0	0	0	0	0	0	0	
1.06532e+06	Frontal_Sup_L	26952	3106	0	8364	22556	212	81396	4540	2020	0	17858	5486	28192	870	4030	240	15214	2978	79308	10724	580	380	44276	3478	552	0	640	0	36484	6834	21606	4962	13498	4238	214	168	2922	524	100	224	428	0	0	0	0	0	0	0	0	0	522	0	156	0	736	150	15374	136	260	0	6368	0	1232	120	1104	0	436	0	1940	112	3906	7840	15632	702	260	0	1974	926	2580	0	9302	280	1642	364	1054	0	0	0	1396	0	0	0	0	0	0	0	0	0	0	0	0	0	0	0	0	0	0	0	0	0	0	0	0	0	0	0	
843984	Frontal_Sup_R	1316	11804	8364	0	240	7178	726	43064	0	404	114	5150	382	16264	176	2196	1308	10890	19612	83944	350	1148	9872	37048	0	2134	314	1274	2286	14380	4426	38426	2092	18712	830	1068	1414	4572	658	892	0	0	0	0	0	0	202	120	0	0	0	182	84	0	462	416	512	6090	0	710	0	1876	0	3950	0	1328	172	0	2500	616	2978	12610	1142	12702	120	598	2814	11234	338	590	222	1164	0	118	0	536	0	0	174	192	0	0	0	0	0	0	0	0	0	0	0	0	0	0	0	0	0	0	0	212	0	0	0	0	0	0	
331624	Frontal_Sup_Orb_L	156	0	22556	240	0	962	15078	0	15182	146	778	0	5488	84	17088	84	238	0	1566	124	5954	4672	7818	378	2328	280	11054	1954	12146	364	6012	1296	2298	212	0	0	190	0	0	0	1490	464	0	0	0	0	0	0	0	0	0	0	0	0	108	0	0	0	0	0	0	0	0	0	0	0	0	0	0	0	8174	2862	13340	244	0	0	0	0	0	0	96	0	2308	0	0	0	0	0	0	0	0	0	0	0	0	0	0	0	0	0	0	0	0	0	0	0	0	0	0	0	0	0	0	0	0	0	
188568	Frontal_Sup_Orb_R	112	0	212	7178	962	0	0	3418	244	7786	0	98	0	1278	922	8192	0	0	102	0	2018	7920	96	4456	118	6428	1148	14612	760	5114	290	5602	0	0	0	0	0	88	126	142	534	358	0	0	0	0	0	0	0	0	0	0	0	0	0	0	0	0	0	0	0	0	0	0	0	0	0	0	0	0	2626	5428	630	5100	0	0	0	186	0	0	0	0	0	0	0	0	0	0	0	0	0	0	0	0	0	0	0	0	0	0	0	0	0	0	0	0	0	0	0	0	0	0	0	0	0	0	
554596	Frontal_Mid_L	16678	122	81396	726	15078	0	0	208	3910	0	12620	598	42760	578	4784	0	8510	250	11864	928	268	176	13410	556	0	0	166	0	17026	1030	5154	946	7092	960	0	0	682	0	0	0	180	0	0	0	0	0	0	0	0	0	94	0	0	0	172	0	2278	0	0	0	744	0	102	88	152	0	0	0	794	0	3374	2866	9942	0	114	0	402	0	154	0	5430	0	1486	0	186	0	0	0	264	0	0	0	0	0	0	0	0	0	0	0	0	0	0	0	0	0	0	0	0	0	0	0	0	0	0	0	
312612	Frontal_Mid_R	0	8036	4540	43064	0	3418	208	0	0	1768	0	6586	94	18428	0	3578	0	1786	10862	17652	0	168	1446	5386	0	0	0	104	218	5672	992	10386	412	8768	0	0	0	0	0	0	0	0	0	0	0	0	0	0	0	0	0	0	0	0	0	0	0	192	0	0	0	0	0	0	0	0	0	0	0	0	132	958	0	1236	0	0	0	216	0	0	0	0	0	0	0	0	0	0	0	0	0	0	0	0	0	0	0	0	0	0	0	0	0	0	0	0	0	0	0	0	0	0	0	0	0	0	
127328	Frontal_Mid_Orb_L	0	0	2020	0	15182	244	3910	0	0	0	0	0	3136	0	18770	0	0	0	0	0	1582	1490	0	0	140	0	4314	570	4640	0	204	310	0	0	0	0	0	0	0	0	1016	168	0	0	0	0	0	0	0	0	0	0	0	0	0	0	0	0	0	0	0	0	0	0	0	0	0	0	0	0	1954	1050	2066	168	0	0	0	0	0	0	0	0	730	0	0	0	0	0	0	0	0	0	0	0	0	0	0	0	0	0	0	0	0	0	0	0	0	0	0	0	0	0	0	0	0	0	
55272	Frontal_Mid_Orb_R	0	0	0	404	146	7786	0	1768	0	0	0	0	0	1036	144	9098	0	0	0	0	356	1116	0	0	0	0	136	1834	114	2466	0	0	0	0	0	0	0	0	0	0	0	106	0	0	0	0	0	0	0	0	0	0	0	0	0	0	0	0	0	0	0	0	0	0	0	0	0	0	0	0	342	590	0	194	0	0	0	0	0	0	0	0	0	0	0	0	0	0	0	0	0	0	0	0	0	0	0	0	0	0	0	0	0	0	0	0	0	0	0	0	0	0	0	0	0	0	
293740	Frontal_Inf_Oper_L	16218	0	17858	114	778	0	12620	0	0	0	0	256	14330	0	338	0	21312	254	11856	172	0	0	654	0	0	0	0	0	20736	498	712	88	462	0	0	0	362	0	0	0	0	0	0	0	0	0	0	0	0	0	414	0	0	0	178	0	5906	84	0	0	424	90	260	130	588	86	92	0	90	0	1428	494	1878	0	0	0	168	0	396	0	11972	0	1266	0	1084	0	0	0	224	0	0	0	0	0	0	0	0	0	0	0	0	0	0	0	0	0	0	0	0	0	0	0	0	0	0	0	
207316	Frontal_Inf_Oper_R	0	7656	5486	5150	0	98	598	6586	0	0	256	0	708	9566	0	870	92	7372	11018	9002	0	0	282	284	0	0	0	0	1316	14012	656	3172	136	3046	0	0	0	1142	0	944	0	0	0	0	0	0	0	0	0	0	0	0	0	0	0	812	0	3816	0	0	0	0	0	0	0	0	0	0	0	0	172	4610	174	3032	0	92	0	94	0	178	0	432	0	598	0	0	0	0	0	200	0	0	0	0	0	0	0	0	0	0	0	0	0	0	0	0	0	0	0	0	0	0	0	0	0	0	
302532	Frontal_Inf_Tri_L	3882	94	28192	382	5488	0	42760	94	3136	0	14330	708	0	402	7020	0	1466	522	5434	480	0	0	2102	120	0	0	152	0	19798	1282	1256	288	1878	194	0	0	114	0	0	0	86	0	0	0	0	0	0	0	0	0	0	0	0	0	118	0	872	0	0	0	0	0	0	0	0	0	0	0	0	0	1656	1350	4206	0	0	0	0	0	0	0	454	0	788	0	0	0	0	0	162	0	0	0	0	0	0	0	0	0	0	0	0	0	0	0	0	0	0	0	0	0	0	0	0	0	0	0	
220600	Frontal_Inf_Tri_R	0	518	870	16264	84	1278	578	18428	0	1036	0	9566	402	0	0	4452	0	512	2114	3754	0	114	714	5854	0	0	0	98	1240	16376	2408	14464	214	3122	0	0	0	0	0	0	0	0	0	0	0	0	0	0	0	0	0	0	0	0	0	0	0	0	0	0	0	0	0	0	0	0	0	0	0	0	998	2552	706	1584	0	0	0	0	0	0	0	0	0	0	0	0	0	0	0	0	0	0	0	0	0	0	0	0	0	0	0	0	0	0	0	0	0	0	0	0	0	0	0	0	0	0	
215232	Frontal_Inf_Orb_L	0	0	4030	176	17088	922	4784	0	18770	144	338	0	7020	0	0	84	0	104	174	0	6028	3616	0	114	0	180	5696	1640	14046	356	270	446	0	0	0	0	268	0	138	0	2770	464	0	0	0	0	0	0	0	0	0	0	0	0	132	0	0	0	0	0	0	0	0	0	0	0	0	0	0	0	5556	2566	5726	174	0	0	0	0	0	0	0	0	3572	0	0	0	224	0	0	0	0	0	0	0	0	0	0	0	0	0	0	0	0	0	0	0	0	0	0	0	0	0	0	0	0	0	
105804	Frontal_Inf_Orb_R	0	0	240	2196	84	8192	0	3578	0	9098	0	870	0	4452	84	0	0	446	250	238	246	2286	0	362	0	0	86	2560	0	9008	0	384	0	0	0	0	0	0	0	176	0	134	0	0	0	0	0	0	0	0	0	0	0	0	0	0	0	0	0	0	0	0	0	0	0	0	0	0	0	0	216	1556	0	598	0	0	0	0	0	0	0	1872	0	3020	0	536	0	134	0	0	0	0	0	0	0	0	0	0	0	0	0	0	0	0	0	0	0	0	0	0	0	0	0	0	0	0	
345936	Rolandic_Oper_L	15176	114	15214	1308	238	0	8510	0	0	0	21312	92	1466	0	0	0	0	400	13672	1762	0	0	296	0	0	0	0	0	23418	460	388	0	184	0	0	0	1530	176	98	0	0	0	160	0	98	0	0	0	156	0	1284	0	864	0	786	0	10732	166	128	0	2462	280	5166	342	1830	262	264	0	178	0	1026	486	470	0	0	0	268	276	4638	0	24292	0	1094	0	6002	0	0	0	3444	0	0	0	0	0	0	0	0	0	0	0	0	0	0	0	0	0	0	0	0	0	0	0	0	0	0	0	
209492	Rolandic_Oper_R	102	3242	2978	10890	0	0	250	1786	0	0	254	7372	522	512	104	446	400	0	4554	13028	0	0	0	0	0	0	0	0	1908	21144	160	0	0	158	0	0	312	1218	0	236	0	0	0	0	0	0	0	0	0	0	0	284	0	0	146	198	0	3794	0	404	0	724	0	3872	0	416	0	0	0	188	892	4090	928	4990	0	732	0	1162	0	2436	170	5108	0	1564	0	716	0	0	164	192	0	0	0	0	0	0	0	0	0	0	0	0	0	0	0	0	0	0	0	0	0	0	0	0	0	0	
859088	Supp_Motor_Area_L	22222	2710	79308	19612	1566	102	11864	10862	0	0	11856	11018	5434	2114	174	250	13672	4554	0	46416	0	0	8074	3706	0	0	0	0	23614	7406	7248	7858	12618	21652	1850	444	2714	368	0	224	0	0	90	0	0	0	0	0	0	0	374	0	204	0	686	182	13264	0	184	0	3124	92	1126	124	602	98	416	108	21890	1048	2082	8048	8618	724	3518	0	6490	1596	2774	0	7086	322	434	380	994	0	0	0	1356	0	0	0	0	0	0	0	0	0	0	0	0	0	0	0	0	0	0	0	0	0	0	0	0	0	0	0	
812940	Supp_Motor_Area_R	3382	12046	10724	83944	124	0	928	17652	0	0	172	9002	480	3754	0	238	1762	13028	46416	0	0	0	3588	7196	0	0	0	0	3042	8536	1852	12138	4672	40708	2392	5790	1202	2624	354	364	0	0	0	98	0	110	160	146	0	152	0	646	0	88	192	388	826	9502	0	556	0	1738	0	3622	0	1650	128	1358	17590	18066	2586	15240	1168	4998	132	610	2774	12882	454	684	282	2068	0	146	0	3928	0	0	170	2864	0	0	0	0	0	0	0	0	0	0	0	0	0	0	0	0	0	0	0	262	96	0	0	0	0	0	
163948	Olfactory_L	0	0	580	350	5954	2018	268	0	1582	356	0	0	0	0	6028	246	0	0	0	0	0	9854	0	390	374	600	7704	4698	6402	580	2750	3716	0	0	0	0	490	0	374	0	3026	494	0	0	0	0	0	0	0	0	0	0	0	0	260	0	0	0	0	0	0	0	0	0	0	0	0	0	0	0	12280	5608	2792	1054	0	0	176	0	0	0	108	0	862	0	0	0	0	0	0	0	0	0	0	0	0	0	0	0	0	0	0	0	0	0	0	0	0	0	0	0	0	0	0	0	0	0	
218628	Olfactory_R	324	0	380	1148	4672	7920	176	168	1490	1116	0	0	0	114	3616	2286	0	0	0	0	9854	0	118	1308	306	2448	7440	12600	2882	2938	2100	5126	0	0	0	0	116	0	258	176	2278	1802	0	0	0	0	0	0	0	0	0	0	0	0	0	0	0	0	0	0	0	0	0	0	0	0	0	0	0	0	14254	12758	4524	1830	0	0	0	504	0	0	0	0	88	196	0	0	0	0	0	0	0	0	0	0	0	0	0	0	0	0	0	0	0	0	0	0	0	0	0	0	0	0	0	0	0	0	
372444	Frontal_Sup_Medial_L	0	0	44276	9872	7818	96	13410	1446	0	0	654	282	2102	714	0	0	296	0	8074	3588	0	118	0	20800	2298	216	176	0	3012	300	26106	12194	12302	10886	0	0	0	0	0	0	116	0	0	0	0	0	0	0	0	0	0	0	0	0	0	0	0	0	0	0	0	0	0	0	0	0	0	0	0	0	902	414	3040	114	0	0	0	0	0	0	180	0	420	0	0	0	0	0	0	0	0	0	0	0	0	0	0	0	0	0	0	0	0	0	0	0	0	0	0	0	0	0	0	0	0	0	
319900	Frontal_Sup_Medial_R	0	0	3478	37048	378	4456	556	5386	0	0	0	284	120	5854	114	362	0	0	3706	7196	390	1308	20800	0	174	3082	374	1544	202	4688	5708	28812	1198	12812	0	0	0	136	0	92	0	0	0	0	0	0	0	0	0	0	0	0	0	0	0	0	0	0	0	0	0	0	0	0	0	0	0	0	0	0	718	3716	198	5060	0	0	0	0	0	0	0	0	0	0	0	0	0	0	0	0	0	0	0	0	0	0	0	0	0	0	0	0	0	0	0	0	0	0	0	0	0	0	0	0	0	0	
23640	Frontal_Med_Orb_L	0	0	552	0	2328	118	0	0	140	0	0	0	0	0	0	0	0	0	0	0	374	306	2298	174	0	354	1526	204	0	0	2588	264	0	0	0	0	0	0	0	0	0	0	0	0	0	0	0	0	0	0	0	0	0	0	0	0	0	0	0	0	0	0	0	0	0	0	0	0	0	0	398	0	196	0	0	0	0	0	0	0	0	0	0	0	0	0	0	0	0	0	0	0	0	0	0	0	0	0	0	0	0	0	0	0	0	0	0	0	0	0	0	0	0	0	0	0	
61136	Frontal_Med_Orb_R	0	0	0	2134	280	6428	0	0	0	0	0	0	0	0	180	0	0	0	0	0	600	2448	216	3082	354	0	700	6300	104	0	634	3784	0	0	0	0	0	0	0	0	0	0	0	0	0	0	0	0	0	0	0	0	0	0	0	0	0	0	0	0	0	0	0	0	0	0	0	0	0	0	660	1116	144	1404	0	0	0	0	0	0	0	0	0	0	0	0	0	0	0	0	0	0	0	0	0	0	0	0	0	0	0	0	0	0	0	0	0	0	0	0	0	0	0	0	0	0	
135916	Rectus_L	0	0	640	314	11054	1148	166	0	4314	136	0	0	152	0	5696	86	0	0	0	0	7704	7440	176	374	1526	700	0	3734	1606	288	2632	3076	0	0	0	0	0	0	0	0	626	454	0	0	0	0	0	0	0	0	0	0	0	0	0	0	0	0	0	0	0	0	0	0	0	0	0	0	0	0	8530	3542	1236	608	0	0	0	0	0	0	0	0	0	0	0	0	0	0	0	0	0	0	0	0	0	0	0	0	0	0	0	0	0	0	0	0	0	0	0	0	0	0	0	0	0	0	
153748	Rectus_R	144	0	0	1274	1954	14612	0	104	570	1834	0	0	0	98	1640	2560	0	0	0	0	4698	12600	0	1544	204	6300	3734	0	1012	1534	1234	4914	0	0	0	0	0	0	128	116	640	400	0	0	0	0	0	0	0	0	0	0	0	0	0	0	0	0	0	0	0	0	0	0	0	0	0	0	0	0	5040	6022	908	828	0	0	0	228	0	0	0	0	0	0	0	0	0	0	0	0	0	0	0	0	0	0	0	0	0	0	0	0	0	0	0	0	0	0	0	0	0	0	0	0	0	0	
700136	Insula_L	8566	558	36484	2286	12146	760	17026	218	4640	114	20736	1316	19798	1240	14046	0	23418	1908	23614	3042	6402	2882	3012	202	0	104	1606	1012	0	3676	2774	702	2798	350	250	222	14494	298	866	0	4916	318	0	0	0	0	0	0	0	0	358	0	820	0	6792	0	4092	352	0	0	568	196	764	384	584	130	106	0	578	112	10774	6820	27380	360	0	0	3496	736	9796	0	15348	0	5944	0	3776	0	256	0	10340	0	114	0	0	0	0	0	0	0	204	0	0	0	0	0	0	0	0	0	0	88	0	0	0	0	0	0	
454208	Insula_R	224	2880	6834	14380	364	5114	1030	5672	0	2466	498	14012	1282	16376	356	9008	460	21144	7406	8536	580	2938	300	4688	0	0	288	1534	3676	0	1514	8892	198	850	188	262	544	9432	248	5288	0	1574	0	0	0	0	0	0	0	0	0	194	0	0	198	4728	0	1364	0	150	0	420	0	496	0	312	0	86	0	292	1966	9580	1512	23068	0	378	0	1656	0	4144	170	7514	0	1590	0	3116	0	0	188	2840	0	0	0	0	0	0	0	106	0	0	0	0	0	0	0	0	0	0	0	0	0	0	0	0	0	0	
310852	Cingulum_Ant_L	0	228	21606	4426	6012	290	5154	992	204	0	712	656	1256	2408	270	0	388	160	7248	1852	2750	2100	26106	5708	2588	634	2632	1234	2774	1514	0	21154	12240	5306	0	0	0	0	0	0	136	0	0	0	0	0	0	0	0	0	0	0	0	0	0	0	0	0	0	0	0	0	0	0	0	0	0	0	84	0	5698	2510	4416	1378	0	0	0	0	0	0	280	0	234	0	0	0	0	0	88	0	0	0	0	0	0	0	0	0	0	0	0	0	0	0	0	0	0	0	0	0	0	0	0	0	0	0	
502868	Cingulum_Ant_R	0	194	4962	38426	1296	5602	946	10386	310	0	88	3172	288	14464	446	384	0	0	7858	12138	3716	5126	12194	28812	264	3784	3076	4914	702	8892	21154	0	5104	23996	0	0	0	374	0	204	116	0	0	0	0	0	0	0	0	0	0	0	0	0	0	150	0	0	0	0	0	0	0	0	0	0	0	0	596	0	5256	10058	1056	10930	0	0	0	0	0	0	0	0	0	0	0	0	0	0	0	0	0	0	0	0	0	0	0	0	0	0	0	0	0	0	0	0	0	0	0	0	0	0	0	0	0	0	
254392	Cingulum_Mid_L	554	84	13498	2092	2298	0	7092	412	0	0	462	136	1878	214	0	0	184	0	12618	4672	0	0	12302	1198	0	0	0	0	2798	198	12240	5104	0	15292	6464	964	0	0	0	0	0	0	1916	0	2340	120	164	0	1432	102	1234	0	0	0	0	0	428	0	300	0	86	0	0	0	158	0	6868	696	4760	1002	264	290	1666	0	0	0	0	0	0	0	106	0	310	0	102	0	0	0	98	0	0	0	0	0	0	0	0	0	0	0	0	0	0	0	0	0	0	0	0	0	0	0	0	0	0	0	
476012	Cingulum_Mid_R	690	688	4238	18712	212	0	960	8768	0	0	0	3046	194	3122	0	0	0	158	21652	40708	0	0	10886	12812	0	0	0	0	350	850	5306	23996	15292	0	3164	9186	0	440	0	0	0	0	0	1304	112	2884	0	570	0	2512	0	2238	0	198	0	0	0	4110	0	148	0	0	0	230	0	84	1030	8824	6668	16006	84	714	196	184	0	0	0	156	0	0	0	234	0	0	0	2602	0	0	0	1230	0	0	0	0	0	0	0	0	0	0	0	0	0	0	0	0	0	0	0	0	258	0	0	0	0	0	
146824	Cingulum_Post_L	1126	1102	214	830	0	0	0	0	0	0	0	0	0	0	0	0	0	0	1850	2392	0	0	0	0	0	0	0	0	250	188	0	0	6464	3164	0	8734	4552	3288	2382	356	0	0	4504	0	1562	0	1002	164	468	0	660	0	440	0	1098	134	104	0	0	0	0	0	0	0	0	0	8464	1602	7074	2276	0	234	0	238	0	0	686	4760	174	0	0	0	0	0	134	0	0	0	476	128	0	0	0	0	0	0	0	0	0	0	0	0	0	0	0	0	0	0	0	0	138	0	0	0	0	0	
147036	Cingulum_Post_R	0	696	168	1068	0	0	0	0	0	0	0	0	0	0	0	0	0	0	444	5790	0	0	0	0	0	0	0	0	222	262	0	0	964	9186	8734	0	3870	6022	2094	762	0	0	0	1118	0	210	116	2848	0	174	0	214	188	126	1042	368	0	770	0	0	0	0	0	90	0	0	1456	7982	1258	6216	0	222	0	254	0	0	844	5300	102	100	0	94	0	0	0	298	0	0	472	612	0	0	0	0	0	0	0	0	0	0	0	0	0	0	0	0	0	0	0	0	762	0	0	0	0	0	
334076	Hippocampus_L	3384	552	2922	1414	190	0	682	0	0	0	362	0	114	0	268	0	1530	312	2714	1202	490	116	0	0	0	0	0	0	14494	544	0	0	0	0	4552	3870	0	2572	20152	472	7772	94	394	0	0	0	3974	686	0	0	138	0	1936	0	24958	122	998	0	0	0	230	138	156	178	0	120	2426	646	1008	168	512	750	7522	512	320	0	8108	5382	4076	0	4560	0	664	0	2182	0	0	0	18796	0	1012	0	234	0	0	144	1004	0	1490	0	0	0	0	0	0	0	0	0	0	720	0	0	0	0	0	0	
337852	Hippocampus_R	136	2862	524	4572	0	88	0	0	0	0	0	1142	0	0	0	0	176	1218	368	2624	0	0	0	136	0	0	0	0	298	9432	0	374	0	440	3288	6022	2572	0	1286	28818	0	9446	0	898	0	0	436	4090	0	0	0	168	0	902	554	25506	96	304	0	0	0	460	0	504	0	508	824	3908	0	1276	208	568	272	13426	0	914	246	6314	0	1906	0	3952	0	376	0	3662	0	0	350	15176	0	418	0	0	108	786	144	2772	0	524	0	0	0	0	0	0	0	0	0	328	220	0	0	0	0	0	
152988	ParaHippocampal_L	0	214	100	658	0	126	0	0	0	0	0	0	0	0	138	0	98	0	0	354	374	258	0	0	0	0	0	128	866	248	0	0	0	0	2382	2094	20152	1286	0	366	3548	0	188	0	0	0	6046	648	0	0	222	0	1108	0	14504	88	0	0	0	0	0	0	0	0	0	0	2174	510	0	0	344	394	1308	340	0	0	1854	2908	178	0	170	0	366	0	204	0	246	0	3440	0	1186	0	252	0	348	0	1754	0	1916	0	0	0	0	0	0	0	0	0	0	408	0	0	0	0	0	0	
213528	ParaHippocampal_R	0	0	224	892	0	142	0	0	0	0	0	944	0	0	0	176	0	236	224	364	0	176	0	92	0	0	0	116	0	5288	0	204	0	0	356	762	472	28818	366	0	0	7270	0	624	0	0	152	4704	0	0	0	0	0	1082	114	21126	0	0	0	0	0	0	0	0	0	0	202	1524	0	0	0	288	0	7430	0	790	0	1586	0	508	0	1346	0	1218	0	1376	0	468	100	7582	0	816	0	0	102	972	0	4214	0	988	0	0	0	0	0	0	0	0	0	240	90	0	0	0	0	0	
100984	Amygdala_L	0	0	428	0	1490	534	180	0	1016	0	0	0	86	0	2770	0	0	0	0	0	3026	2278	116	0	0	0	626	640	4916	0	136	116	0	0	0	0	7772	0	3548	0	0	188	0	0	0	0	0	0	0	0	0	0	0	0	4888	0	0	0	0	0	0	0	0	0	0	0	0	0	0	0	3680	2340	4404	312	0	0	186	0	0	0	434	0	1592	0	246	0	292	0	2166	0	0	0	0	0	0	0	86	0	0	0	0	0	0	0	0	0	0	0	0	0	0	0	0	0	0	0	
72532	Amygdala_R	120	0	0	0	464	358	0	0	168	106	0	0	0	0	464	134	0	0	0	0	494	1802	0	0	0	0	454	400	318	1574	0	0	0	0	0	0	94	9446	0	7270	188	0	0	0	0	0	0	0	0	0	0	0	0	0	0	5652	0	0	0	0	0	0	0	0	0	0	0	0	0	0	846	1118	328	1030	0	88	0	146	0	0	0	0	0	1458	0	0	0	176	0	1126	0	0	0	0	0	144	0	300	0	0	0	0	0	0	0	0	0	0	0	0	0	0	0	0	0	0	
272728	Calcarine_L	452	0	0	0	0	0	0	0	0	0	0	0	0	0	0	0	160	0	90	0	0	0	0	0	0	0	0	0	0	0	0	0	1916	0	4504	0	394	0	188	0	0	0	0	11680	15948	6578	11976	4240	11258	5114	21018	550	5750	164	1830	474	544	0	100	0	354	0	196	0	260	0	22150	872	3184	0	0	0	0	0	0	0	0	0	0	0	224	0	0	0	2634	0	0	0	1338	0	0	0	0	0	0	0	0	0	104	0	0	0	0	0	0	0	0	0	0	0	120	0	0	0	0	0	
277120	Calcarine_R	0	0	0	0	0	0	0	0	0	0	0	0	0	0	0	0	0	0	0	98	0	0	0	0	0	0	0	0	0	0	0	0	0	1304	0	1118	0	898	0	624	0	0	11680	0	3982	20872	1744	18670	588	19760	126	18004	0	5258	0	3810	0	1964	0	0	0	0	0	0	0	0	2068	16018	0	3160	0	0	0	0	0	0	0	0	0	0	0	0	0	0	0	4460	0	0	0	1780	0	0	0	0	0	0	0	0	0	0	0	0	0	0	0	0	0	0	0	0	574	0	0	0	0	0	
274836	Cuneus_L	554	0	0	0	0	0	0	0	0	0	0	0	0	0	0	0	98	0	0	0	0	0	0	0	0	0	0	0	0	0	0	0	2340	112	1562	0	0	0	0	0	0	0	15948	3982	0	6496	4000	0	27750	2622	22736	396	5444	0	1462	0	536	0	2846	0	268	0	132	0	266	0	31786	1178	1674	0	0	0	0	0	0	0	0	0	0	0	148	0	0	0	1970	0	0	0	910	0	0	0	0	0	0	0	92	0	110	0	0	0	0	0	0	0	0	0	0	0	0	0	0	0	0	0	
261968	Cuneus_R	0	0	0	0	0	0	0	0	0	0	0	0	0	0	0	0	0	0	0	110	0	0	0	0	0	0	0	0	0	0	0	0	120	2884	0	210	0	0	0	0	0	0	6578	20872	6496	0	200	2942	536	36028	150	15804	0	1986	0	604	0	2328	0	1206	0	86	0	380	0	240	4462	21070	0	2744	0	0	0	0	0	0	0	0	0	0	0	700	0	0	0	1408	0	0	0	840	0	0	0	0	0	0	0	0	0	0	0	0	0	0	0	0	0	0	0	0	0	0	0	0	0	0	
319296	Lingual_L	0	0	0	202	0	0	0	0	0	0	0	0	0	0	0	0	0	0	0	160	0	0	0	0	0	0	0	0	0	0	0	0	164	0	1002	116	3974	436	6046	152	0	0	11976	1744	4000	200	0	4020	5746	518	13946	464	8648	154	19106	1434	0	0	0	0	0	84	0	84	0	88	8390	102	94	0	0	0	0	268	0	0	138	690	0	0	0	0	0	0	350	0	0	0	624	0	9694	3020	1684	0	564	192	13106	2498	16366	4448	216	0	332	0	0	136	0	0	178	518	5906	4740	538	0	0	392	
286728	Lingual_R	0	0	0	120	0	0	0	0	0	0	0	0	0	0	0	0	0	0	0	146	0	0	0	0	0	0	0	0	0	0	0	0	0	570	164	2848	686	4090	648	4704	0	0	4240	18670	0	2942	4020	0	0	6302	0	3984	0	7492	824	17474	0	426	0	0	0	0	0	0	0	0	150	8404	0	630	0	0	100	140	0	0	0	546	0	0	0	0	0	0	0	486	0	0	0	1888	2846	5098	340	282	182	686	2144	9210	5100	8736	0	0	0	0	0	0	0	0	0	384	8222	6762	678	0	0	0	
259572	Occipital_Sup_L	710	0	0	0	0	0	0	0	0	0	0	0	0	0	0	0	156	0	0	0	0	0	0	0	0	0	0	0	0	0	0	0	1432	0	468	0	0	0	0	0	0	0	11258	588	27750	536	5746	0	0	92	33090	0	4160	0	1508	0	1602	0	8140	0	1182	0	0	0	816	0	27936	0	1438	0	0	0	0	0	0	0	0	0	0	0	136	0	0	0	530	0	0	0	312	0	0	0	0	0	0	0	90	0	110	0	0	0	0	0	0	0	0	0	0	0	0	0	0	0	0	0	
287844	Occipital_Sup_R	0	0	0	0	0	0	0	0	0	0	0	0	0	0	0	0	0	0	0	152	0	0	0	0	0	0	0	0	0	0	0	0	102	2512	0	174	0	0	0	0	0	0	5114	19760	2622	36028	518	6302	92	0	0	25276	0	3006	0	1642	0	2580	0	2848	0	168	0	388	0	2188	4112	22246	0	2698	0	0	0	0	0	0	0	0	0	0	0	994	0	0	0	1576	0	0	0	824	0	0	0	0	0	0	0	0	0	0	0	0	0	0	0	0	0	0	0	0	0	0	0	0	0	0	
562356	Occipital_Mid_L	7662	0	522	0	0	0	94	0	0	0	414	0	0	0	0	0	1284	0	374	0	0	0	0	0	0	0	0	0	358	0	0	0	1234	0	660	0	138	0	222	0	0	0	21018	126	22736	150	13946	0	33090	0	0	0	25310	0	6670	0	15886	0	18024	0	19204	0	3916	0	17286	0	30360	0	5846	0	0	0	0	0	0	0	0	0	0	0	2348	0	0	0	22414	0	0	0	8244	0	182	0	0	0	0	0	342	0	482	164	0	0	0	0	0	0	0	0	0	0	258	214	0	0	0	0	
288432	Occipital_Mid_R	0	436	0	182	0	0	0	0	0	0	0	0	0	0	0	0	0	284	0	646	0	0	0	0	0	0	0	0	0	194	0	0	0	2238	0	214	0	168	0	0	0	0	550	18004	396	15804	464	3984	0	25276	0	0	0	4642	0	1328	0	3964	0	1596	0	4366	0	1344	0	16552	1718	14186	0	4362	0	0	0	0	0	0	0	0	0	0	0	1820	0	0	0	17796	0	0	0	1702	0	0	0	0	0	0	0	0	0	0	0	0	0	0	0	0	0	0	0	0	0	0	0	0	0	0	
215176	Occipital_Inf_L	1712	0	156	84	0	0	0	0	0	0	0	0	0	0	0	0	864	0	204	0	0	0	0	0	0	0	0	0	820	0	0	0	0	0	440	188	1936	0	1108	0	0	0	5750	0	5444	0	8648	0	4160	0	25310	0	0	0	14262	0	538	0	330	0	946	0	834	0	174	0	6390	0	1364	0	0	0	0	0	0	0	472	280	572	0	1566	0	0	0	6664	0	0	0	12712	0	1212	88	0	0	0	0	546	94	832	224	0	0	0	0	0	0	0	0	0	0	402	262	0	0	0	0	
101524	Occipital_Inf_R	0	146	0	0	0	0	0	0	0	0	0	0	0	0	0	0	0	0	0	88	0	0	0	0	0	0	0	0	0	0	0	0	0	198	0	126	0	902	0	1082	0	0	164	5258	0	1986	154	7492	0	3006	0	4642	0	0	0	9770	0	406	0	0	0	0	0	0	0	0	338	3778	0	440	0	0	0	0	0	0	0	0	0	0	0	0	0	0	0	1642	0	0	0	6442	152	224	0	0	0	0	122	486	216	750	0	0	0	0	0	0	0	0	0	0	368	384	0	0	0	0	
477448	Fusiform_L	122	174	736	462	108	0	172	0	0	0	178	0	118	0	132	0	786	146	686	192	260	0	0	0	0	0	0	0	6792	198	0	0	0	0	1098	1042	24958	554	14504	114	4888	0	1830	0	1462	0	19106	824	1508	0	6670	0	14262	0	0	224	0	0	0	0	412	0	254	0	496	0	2506	132	0	0	234	256	2228	138	0	0	1620	1568	1670	0	3810	0	2162	0	2606	0	916	0	26616	0	25554	1010	3684	0	248	84	15446	934	30974	1524	246	0	316	0	164	144	0	0	106	320	3068	2350	416	0	0	206	
391096	Fusiform_R	0	210	150	416	0	0	0	0	0	0	0	812	0	0	0	0	0	198	182	388	0	0	0	0	0	0	0	0	0	4728	0	150	0	0	134	368	122	25506	88	21126	0	5652	474	3810	0	604	1434	17474	0	1642	0	1328	0	9770	224	0	0	0	0	0	0	0	0	0	0	0	0	1686	0	178	0	196	0	7422	0	548	0	610	0	322	0	1508	0	3340	0	2336	0	802	0	20178	1174	14168	154	538	0	454	1490	12510	2240	17058	0	0	0	420	0	0	0	0	0	0	5244	3396	586	0	0	0	
396376	Postcentral_L	38044	0	15374	512	0	0	2278	0	0	0	5906	0	872	0	0	0	10732	0	13264	826	0	0	0	0	0	0	0	0	4092	0	0	0	428	0	104	0	998	96	0	0	0	0	544	0	536	0	0	0	1602	0	15886	0	538	0	0	0	0	0	10962	0	29932	0	10504	0	7384	0	6352	0	5760	0	250	180	120	0	0	0	1234	216	2014	0	4740	0	0	0	3616	0	0	0	2292	0	0	0	0	0	0	0	0	0	0	0	0	0	0	0	0	0	0	0	0	0	0	0	0	0	0	0	
228964	Postcentral_R	174	14566	136	6090	0	0	0	192	0	0	84	3816	0	0	0	0	166	3794	0	9502	0	0	0	0	0	0	0	0	352	1364	0	0	0	4110	0	770	0	304	0	0	0	0	0	1964	0	2328	0	426	0	2580	0	3964	0	406	0	0	0	0	0	6124	0	5374	0	11990	0	830	226	8576	0	14290	156	0	286	152	0	0	0	234	0	118	84	1572	0	0	0	5248	0	0	0	2134	0	0	0	0	0	0	0	0	0	0	0	0	0	0	0	0	0	0	0	0	0	0	0	0	0	0	
156668	Parietal_Sup_L	2064	0	260	0	0	0	0	0	0	0	0	0	0	0	0	0	128	0	184	0	0	0	0	0	0	0	0	0	0	0	0	0	300	0	0	0	0	0	0	0	0	0	100	0	2846	0	0	0	8140	0	18024	0	330	0	0	0	10962	0	0	0	12706	0	208	0	990	0	15174	0	2728	0	0	0	0	0	0	0	0	0	0	0	374	0	0	0	1982	0	0	0	834	0	0	0	0	0	0	0	0	0	0	0	0	0	0	0	0	0	0	0	0	0	0	0	0	0	0	0	
83288	Parietal_Sup_R	0	1760	0	710	0	0	0	0	0	0	0	0	0	0	0	0	0	404	0	556	0	0	0	0	0	0	0	0	0	150	0	0	0	148	0	0	0	0	0	0	0	0	0	0	0	1206	0	0	0	2848	0	1596	0	0	0	0	0	6124	0	0	0	7142	0	5966	0	2154	848	8894	0	644	0	0	0	0	0	0	0	0	0	0	0	296	0	0	0	198	0	0	0	0	0	0	0	0	0	0	0	0	0	0	0	0	0	0	0	0	0	0	0	0	0	0	0	0	0	0	
309176	Parietal_Inf_L	13064	0	6368	0	0	0	744	0	0	0	424	0	0	0	0	0	2462	0	3124	0	0	0	0	0	0	0	0	0	568	0	0	0	86	0	0	0	230	0	0	0	0	0	354	0	268	0	0	0	1182	0	19204	0	946	0	412	0	29932	0	12706	0	0	0	14122	0	21344	0	3670	0	1652	0	0	0	0	0	0	0	370	0	108	0	3274	0	0	0	12384	0	0	0	5590	0	0	0	0	0	0	0	0	0	0	0	0	0	0	0	0	0	0	0	0	0	0	0	0	0	0	0	
123560	Parietal_Inf_R	116	2392	0	1876	0	0	0	0	0	0	90	0	0	0	0	0	280	724	92	1738	0	0	0	0	0	0	0	0	196	420	0	0	0	0	0	0	138	460	0	0	0	0	0	0	0	86	84	0	0	168	0	4366	0	0	0	0	0	5374	0	7142	0	0	0	17438	0	14082	0	340	0	232	112	0	172	828	0	0	0	912	0	84	100	364	0	0	0	1374	0	0	0	0	0	0	0	0	0	0	0	0	0	0	0	0	0	0	0	0	0	0	0	0	0	0	0	0	0	0	
149136	SupraMarginal_L	2068	0	1232	0	0	0	102	0	0	0	260	0	0	0	0	0	5166	0	1126	0	0	0	0	0	0	0	0	0	764	0	0	0	0	0	0	0	156	0	0	0	0	0	196	0	132	0	0	0	0	0	3916	0	834	0	254	0	10504	0	208	0	14122	0	0	0	9272	0	258	0	132	0	0	0	0	0	0	0	0	0	958	0	7786	0	0	0	9714	0	0	0	5408	0	0	0	0	0	0	0	0	0	0	0	0	0	0	0	0	0	0	0	0	0	0	0	0	0	0	0	
163432	SupraMarginal_R	180	4408	120	3950	0	0	88	0	0	0	130	0	0	0	0	0	342	3872	124	3622	0	0	0	0	0	0	0	0	384	496	0	0	0	230	0	90	178	504	0	0	0	0	0	0	0	380	84	0	0	388	0	1344	0	0	0	0	0	11990	0	5966	0	17438	0	0	0	10218	0	390	0	500	192	0	320	868	0	0	0	1040	0	328	136	5810	0	0	0	4786	0	0	92	728	0	0	0	0	0	0	0	0	0	0	0	0	0	0	0	0	0	0	0	0	0	0	0	0	0	0	
182828	Angular_L	4098	0	1104	0	0	0	152	0	0	0	588	0	0	0	0	0	1830	0	602	0	0	0	0	0	0	0	0	0	584	0	0	0	158	0	0	0	0	0	0	0	0	0	260	0	266	0	0	0	816	0	17286	0	174	0	496	0	7384	0	990	0	21344	0	9272	0	0	0	1084	0	514	0	0	0	0	0	0	0	0	0	102	0	2630	0	0	0	14582	0	0	0	5098	0	0	0	0	0	0	0	0	0	0	0	0	0	0	0	0	0	0	0	0	0	0	0	0	0	0	0	
138236	Angular_R	100	372	0	1328	0	0	0	0	0	0	86	0	0	0	0	0	262	416	98	1650	0	0	0	0	0	0	0	0	130	312	0	0	0	84	0	0	120	508	0	0	0	0	0	0	0	240	88	0	0	2188	0	16552	0	0	0	0	0	830	0	2154	0	14082	0	10218	0	0	0	578	0	590	90	0	128	910	0	0	0	896	0	140	90	4148	0	0	0	8760	0	0	0	970	0	0	0	0	0	0	0	0	0	0	0	0	0	0	0	0	0	0	0	0	0	0	0	0	0	0	
440076	Precuneus_L	1638	0	436	172	0	0	0	0	0	0	92	0	0	0	0	0	264	0	416	128	0	0	0	0	0	0	0	0	106	0	0	0	6868	1030	8464	1456	2426	824	2174	202	0	0	22150	2068	31786	4462	8390	150	27936	4112	30360	1718	6390	338	2506	0	6352	226	15174	848	3670	0	258	0	1084	0	0	7456	8586	596	0	0	0	0	0	0	0	854	0	0	370	168	0	0	2960	160	0	0	1706	0	0	0	0	0	0	0	178	0	146	0	0	0	0	0	0	0	0	0	0	0	184	0	0	0	0	0	
329836	Precuneus_R	0	100	0	0	0	0	0	0	0	0	0	0	0	0	0	0	0	0	108	1358	0	0	0	0	0	0	0	0	0	86	0	0	696	8824	1602	7982	646	3908	510	1524	0	0	872	16018	1178	21070	102	8404	0	22246	0	14186	0	3778	132	1686	0	8576	0	8894	0	340	0	390	0	578	7456	0	326	11154	0	0	0	0	0	0	0	680	0	0	0	1178	0	0	0	3676	0	0	158	2692	0	0	0	0	0	0	0	98	0	0	0	0	0	0	0	0	0	0	0	0	1706	0	0	0	0	0	
281888	Paracentral_Lobule_L	15536	2012	1940	2500	0	0	794	0	0	0	90	0	0	0	0	0	178	0	21890	17590	0	0	0	0	0	0	0	0	578	0	84	596	4760	6668	7074	1258	1008	0	0	0	0	0	3184	0	1674	0	94	0	1438	0	5846	0	1364	0	0	0	5760	0	2728	0	1652	0	132	0	514	0	8586	326	0	4280	1594	1128	3178	0	2598	0	5930	2402	224	0	270	0	0	0	864	0	0	0	622	0	0	0	0	0	0	0	0	0	0	0	0	0	0	0	0	0	0	0	0	0	0	0	0	0	0	0	
241012	Paracentral_Lobule_R	1646	11136	112	616	0	0	0	0	0	0	0	0	0	0	0	0	0	188	1048	18066	0	0	0	0	0	0	0	0	112	292	0	0	1002	16006	2276	6216	168	1276	0	0	0	0	0	3160	0	2744	0	630	0	2698	0	4362	0	440	0	178	0	14290	0	644	0	232	0	500	0	590	596	11154	4280	0	0	112	0	0	0	0	0	298	0	134	0	1228	0	0	0	7524	0	0	0	4370	0	0	0	0	0	0	0	0	0	0	0	0	0	0	0	0	0	0	0	0	182	0	0	0	0	0	
314664	Caudate_L	1036	160	3906	2978	8174	2626	3374	132	1954	342	1428	172	1656	998	5556	216	1026	892	2082	2586	12280	14254	902	718	398	660	8530	5040	10774	1966	5698	5256	264	84	0	0	512	208	344	0	3680	846	0	0	0	0	0	0	0	0	0	0	0	0	234	0	250	156	0	0	0	112	0	192	0	90	0	0	1594	0	0	14248	15376	1484	972	0	7306	562	0	0	306	0	560	0	0	0	0	0	182	0	0	0	0	0	0	0	0	0	0	0	0	0	0	0	0	0	0	0	0	0	0	0	0	0	0	0	
414604	Caudate_R	8082	308	7840	12610	2862	5428	2866	958	1050	590	494	4610	1350	2552	2566	1556	486	4090	8048	15240	5608	12758	414	3716	0	1116	3542	6022	6820	9580	2510	10058	290	714	234	222	750	568	394	288	2340	1118	0	0	0	0	0	0	0	0	0	0	0	0	256	196	180	0	0	0	0	0	0	0	0	0	0	0	1128	112	14248	0	5578	11270	0	814	1354	17888	148	0	198	328	178	352	0	0	0	0	232	0	0	0	0	0	0	0	0	0	0	0	0	0	0	0	0	0	0	0	0	194	0	0	0	0	0	0	
355472	Putamen_L	3940	234	15632	1142	13340	630	9942	0	2066	0	1878	174	4206	706	5726	0	470	928	8618	1168	2792	4524	3040	198	196	144	1236	908	27380	1512	4416	1056	1666	196	0	0	7522	272	1308	0	4404	328	0	0	0	0	0	100	0	0	0	0	0	0	2228	0	120	286	0	0	0	172	0	320	0	128	0	0	3178	0	15376	5578	0	730	4894	0	4074	956	0	0	990	0	2024	0	100	0	0	0	2406	0	0	0	0	0	0	0	0	0	0	0	0	0	0	0	0	0	0	0	0	178	0	0	0	0	0	0	
285580	Putamen_R	0	426	702	12702	244	5100	0	1236	168	194	0	3032	0	1584	174	598	0	4990	724	4998	1054	1830	114	5060	0	1404	608	828	360	23068	1378	10930	0	184	238	254	512	13426	340	7430	312	1030	0	0	0	0	268	140	0	0	0	0	0	0	138	7422	0	152	0	0	0	828	0	868	0	910	0	0	0	0	1484	11270	730	0	0	1462	0	2814	0	276	0	1256	0	200	0	1238	0	0	0	3656	0	102	0	0	0	0	0	140	0	90	0	0	0	0	0	0	0	0	0	114	0	0	0	0	0	0	
32104	Pallidum_L	1592	0	260	120	0	0	114	0	0	0	0	0	0	0	0	0	0	0	3518	132	0	0	0	0	0	0	0	0	0	0	0	0	0	0	0	0	320	0	0	0	0	0	0	0	0	0	0	0	0	0	0	0	0	0	0	0	0	0	0	0	0	0	0	0	0	0	0	0	2598	0	972	0	4894	0	0	0	1532	0	0	0	0	0	0	0	0	0	0	0	0	0	0	0	0	0	0	0	0	0	0	0	0	0	0	0	0	0	0	0	0	0	0	0	0	0	0	0	
14368	Pallidum_R	0	0	0	598	0	0	0	0	0	0	0	92	0	0	0	0	0	732	0	610	0	0	0	0	0	0	0	0	0	378	0	0	0	0	0	0	0	914	0	790	0	88	0	0	0	0	0	0	0	0	0	0	0	0	0	548	0	0	0	0	0	0	0	0	0	0	0	0	0	0	0	814	0	1462	0	0	0	0	0	0	0	158	0	0	0	0	0	0	0	0	0	0	0	0	0	0	0	0	0	0	0	0	0	0	0	0	0	0	0	0	0	0	0	0	0	0	
132056	Thalamus_L	3886	404	1974	2814	0	0	402	0	0	0	168	0	0	0	0	0	268	0	6490	2774	176	0	0	0	0	0	0	0	3496	0	0	0	0	0	686	844	8108	246	1854	0	186	0	0	0	0	0	138	0	0	0	0	0	472	0	1620	0	1234	0	0	0	370	0	0	0	0	0	0	0	5930	0	7306	1354	4074	0	1532	0	0	3370	542	0	536	0	0	0	584	0	0	0	1786	0	0	0	0	0	0	0	0	0	0	0	0	0	0	0	0	0	0	0	0	404	0	0	0	0	0	0	
215072	Thalamus_R	7340	1556	926	11234	0	186	0	216	0	0	0	94	0	0	0	0	276	1162	1596	12882	0	504	0	0	0	0	0	228	736	1656	0	0	0	156	4760	5300	5382	6314	2908	1586	0	146	0	0	0	0	690	546	0	0	0	0	280	0	1568	610	216	234	0	0	0	912	0	1040	0	896	854	680	2402	298	562	17888	956	2814	0	0	3370	0	0	122	120	204	0	0	0	242	0	0	732	534	0	0	0	0	354	98	198	190	0	0	0	0	0	0	0	0	0	0	0	782	0	0	0	0	0	0	
87052	Heschl_L	1368	148	2580	338	0	0	154	0	0	0	396	0	0	0	0	0	4638	0	2774	454	0	0	0	0	0	0	0	0	9796	0	0	0	0	0	174	102	4076	0	178	0	0	0	0	0	0	0	0	0	0	0	0	0	572	0	1670	0	2014	0	0	0	108	0	958	0	102	0	0	0	224	0	0	148	0	0	0	0	542	0	0	0	4804	0	0	0	2856	0	0	0	2352	0	0	0	0	0	0	0	0	0	0	0	0	0	0	0	0	0	0	0	0	0	0	0	0	0	0	0	
41368	Heschl_R	0	234	0	590	0	0	0	0	0	0	0	178	0	0	0	0	0	2436	0	684	0	0	0	0	0	0	0	0	0	4144	0	0	0	0	0	100	0	1906	0	508	0	0	0	0	0	0	0	0	0	0	0	0	0	0	0	322	0	118	0	0	0	84	0	328	0	140	0	0	0	134	0	0	0	276	0	0	0	122	0	0	0	5336	0	84	0	1646	0	0	0	1314	0	0	0	0	0	0	0	0	0	0	0	0	0	0	0	0	0	0	0	0	0	0	0	0	0	0	
357464	Temporal_Sup_L	8902	0	9302	222	96	0	5430	0	0	0	11972	0	454	0	0	0	24292	170	7086	282	108	0	180	0	0	0	0	0	15348	170	280	0	106	0	0	0	4560	0	170	0	434	0	224	0	148	0	0	0	136	0	2348	0	1566	0	3810	0	4740	84	374	0	3274	100	7786	136	2630	90	370	0	270	0	306	198	990	0	0	0	536	120	4804	0	0	0	4470	0	31804	0	114	0	17740	0	0	0	0	0	0	0	0	0	0	0	0	0	0	0	0	0	0	0	0	0	0	0	0	0	0	0	
159432	Temporal_Sup_R	0	926	280	1164	0	0	0	0	0	0	0	432	0	0	0	1872	0	5108	322	2068	0	0	0	0	0	0	0	0	0	7514	0	0	0	234	0	94	0	3952	0	1346	0	0	0	0	0	700	0	0	0	994	0	1820	0	0	0	1508	0	1572	0	296	0	364	0	5810	0	4148	168	1178	0	1228	0	328	0	1256	0	158	0	204	0	5336	0	0	0	5112	0	16908	0	226	0	5090	0	0	0	0	0	0	0	0	0	0	0	0	0	0	0	0	0	0	0	0	0	0	0	0	0	0	
114284	Temporal_Pole_Sup_L	0	0	1642	0	2308	0	1486	0	730	0	1266	0	788	0	3572	0	1094	0	434	0	862	88	420	0	0	0	0	0	5944	0	234	0	310	0	0	0	664	0	366	0	1592	0	0	0	0	0	0	0	0	0	0	0	0	0	2162	0	0	0	0	0	0	0	0	0	0	0	0	0	0	0	560	178	2024	0	0	0	0	0	0	0	4470	0	0	0	9708	0	5954	0	8286	0	0	0	0	0	0	0	0	0	0	0	0	0	0	0	0	0	0	0	0	0	0	0	0	0	0	0	
68632	Temporal_Pole_Sup_R	0	0	364	118	0	0	0	0	0	0	0	598	0	0	0	3020	0	1564	380	146	0	196	0	0	0	0	0	0	0	1590	0	0	0	0	0	0	0	376	0	1218	0	1458	0	0	0	0	0	0	0	0	0	0	0	0	0	3340	0	0	0	0	0	0	0	0	0	0	0	0	0	0	0	352	0	200	0	0	0	0	0	84	0	5112	0	0	0	4994	0	3512	0	5694	0	0	0	0	0	0	0	0	0	0	0	0	0	0	0	0	0	0	0	0	0	0	0	0	0	0	
391736	Temporal_Mid_L	3670	0	1054	0	0	0	186	0	0	0	1084	0	0	0	0	0	6002	0	994	0	0	0	0	0	0	0	0	0	3776	0	0	0	102	0	134	0	2182	0	204	0	246	0	2634	0	1970	0	350	0	530	0	22414	0	6664	0	2606	0	3616	0	1982	0	12384	0	9714	0	14582	0	2960	0	864	0	0	0	100	0	0	0	584	0	2856	0	31804	0	9708	0	0	0	4880	0	42896	0	136	0	0	0	0	0	0	0	0	0	0	0	0	0	0	0	0	0	0	0	0	0	0	0	0	0	
267708	Temporal_Mid_R	0	3290	0	536	0	0	0	0	0	0	0	0	0	0	0	536	0	716	0	3928	0	0	0	0	0	0	0	0	0	3116	0	0	0	2602	0	298	0	3662	0	1376	0	0	0	4460	0	1408	0	486	0	1576	0	17796	0	1642	0	2336	0	5248	0	198	0	1374	0	4786	0	8760	160	3676	0	7524	0	0	0	1238	0	0	0	242	0	1646	0	16908	0	4994	0	0	0	1750	0	25586	0	0	0	0	0	0	0	0	0	0	0	0	0	0	0	0	0	0	0	0	0	0	0	0	0	0	
34252	Temporal_Pole_Mid_L	0	0	0	0	0	0	0	0	0	0	0	0	0	0	224	0	0	0	0	0	0	0	0	0	0	0	0	0	256	0	0	0	0	0	0	0	0	0	246	0	292	0	0	0	0	0	0	0	0	0	0	0	0	0	916	0	0	0	0	0	0	0	0	0	0	0	0	0	0	0	0	0	0	0	0	0	0	0	0	0	114	0	5954	0	4880	0	0	0	4244	0	0	0	0	0	0	0	0	0	0	0	0	0	0	0	0	0	0	0	0	0	0	0	0	0	0	0	
16164	Temporal_Pole_Mid_R	0	0	0	0	0	0	0	0	0	0	0	0	0	0	0	134	0	0	0	0	0	0	0	0	0	0	0	0	0	0	0	0	0	0	0	0	0	0	0	468	0	176	0	0	0	0	0	0	0	0	0	0	0	0	0	802	0	0	0	0	0	0	0	0	0	0	0	0	0	0	0	0	0	0	0	0	0	0	0	0	0	226	0	3512	0	1750	0	0	0	1014	0	0	0	0	0	0	0	0	0	0	0	0	0	0	0	0	0	0	0	0	0	0	0	0	0	0	
407324	Temporal_Inf_L	2562	0	1396	174	0	0	264	0	0	0	224	0	162	0	0	0	3444	164	1356	170	0	0	0	0	0	0	0	0	10340	188	88	0	98	0	476	472	18796	350	3440	100	2166	0	1338	0	910	0	624	0	312	0	8244	0	12712	0	26616	0	2292	0	834	0	5590	0	5408	92	5098	0	1706	158	622	0	182	232	2406	0	0	0	1786	732	2352	0	17740	0	8286	0	42896	0	4244	0	0	0	2742	0	164	0	0	0	128	0	674	0	0	0	0	0	0	0	0	0	0	112	0	0	0	0	0	0	
255920	Temporal_Inf_R	0	2844	0	192	0	0	0	0	0	0	0	200	0	0	0	0	0	192	0	2864	0	0	0	0	0	0	0	0	0	2840	0	0	0	1230	128	612	0	15176	0	7582	0	1126	0	1780	0	840	0	1888	0	824	0	1702	0	6442	0	20178	0	2134	0	0	0	0	0	728	0	970	0	2692	0	4370	0	0	0	3656	0	0	0	534	0	1314	0	5090	0	5694	0	25586	0	1014	0	0	0	3136	0	396	0	0	0	452	0	1114	0	102	0	240	0	0	0	0	0	0	98	0	0	0	0	0	
575252	Cerebelum_Crus1_L	0	0	0	0	0	0	0	0	0	0	0	0	0	0	0	0	0	0	0	0	0	0	0	0	0	0	0	0	114	0	0	0	0	0	0	0	1012	0	1186	0	0	0	0	0	0	0	9694	2846	0	0	182	0	1212	152	25554	1174	0	0	0	0	0	0	0	0	0	0	0	0	0	0	0	0	0	0	0	0	0	0	0	0	0	0	0	0	136	0	0	0	2742	0	0	9066	43582	2970	1472	854	28430	4588	66034	11316	14350	278	17474	1298	1440	994	356	0	2428	3624	9472	12142	6686	1112	780	876	
617676	Cerebelum_Crus1_R	0	0	0	0	0	0	0	0	0	0	0	0	0	0	0	0	0	0	0	0	0	0	0	0	0	0	0	0	0	0	0	0	0	0	0	0	0	418	0	816	0	0	0	0	0	0	3020	5098	0	0	0	0	88	224	1010	14168	0	0	0	0	0	0	0	0	0	0	0	0	0	0	0	0	0	102	0	0	0	0	0	0	0	0	0	0	0	0	0	0	0	3136	9066	0	5488	34692	908	6620	7714	34824	11382	67814	1592	4146	3192	25960	444	4450	0	966	1424	5026	16832	14796	13228	5224	3736	1234	
372292	Cerebelum_Crus2_L	0	0	0	0	0	0	0	0	0	0	0	0	0	0	0	0	0	0	0	0	0	0	0	0	0	0	0	0	0	0	0	0	0	0	0	0	234	0	252	0	0	0	0	0	0	0	1684	340	0	0	0	0	0	0	3684	154	0	0	0	0	0	0	0	0	0	0	0	0	0	0	0	0	0	0	0	0	0	0	0	0	0	0	0	0	0	0	0	0	164	0	43582	5488	0	10070	516	270	6258	1292	18166	3416	32498	2948	31390	1552	2452	246	588	0	1232	1676	2672	3122	7500	2248	164	288	
291300	Cerebelum_Crus2_R	0	0	0	0	0	0	0	0	0	0	0	0	0	0	0	0	0	0	0	0	0	0	0	0	0	0	0	0	0	0	0	0	0	0	0	0	0	0	0	0	0	0	0	0	0	0	0	282	0	0	0	0	0	0	0	538	0	0	0	0	0	0	0	0	0	0	0	0	0	0	0	0	0	0	0	0	0	0	0	0	0	0	0	0	0	0	0	0	0	396	2970	34692	10070	0	0	488	284	1380	1292	6992	2416	15810	3926	33704	288	4044	0	724	436	436	496	1842	11614	6788	3076	666	
46388	Cerebelum_3_L	0	0	0	0	0	0	0	0	0	0	0	0	0	0	0	0	0	0	0	0	0	0	0	0	0	0	0	0	0	0	0	0	0	0	0	0	0	108	348	102	0	0	0	0	0	0	564	182	0	0	0	0	0	0	248	0	0	0	0	0	0	0	0	0	0	0	0	0	0	0	0	0	0	0	0	0	0	354	0	0	0	0	0	0	0	0	0	0	0	0	1472	908	516	0	0	586	5814	1034	2128	1040	178	0	412	0	754	158	0	0	1126	3138	1272	184	102	120	196	150	
88120	Cerebelum_3_R	0	0	0	0	0	0	0	0	0	0	0	0	0	0	0	0	0	0	0	0	0	0	0	0	0	0	0	0	0	0	0	0	0	0	0	0	144	786	0	972	0	144	0	0	0	0	192	686	0	0	0	0	0	0	84	454	0	0	0	0	0	0	0	0	0	0	0	0	0	0	0	0	0	0	0	0	0	98	0	0	0	0	0	0	0	0	0	0	0	0	854	6620	270	488	586	0	1590	8056	864	7974	230	0	312	848	98	778	0	0	1232	5280	2082	280	706	592	656	104	
403260	Cerebelum_4_5_L	0	0	0	0	0	0	0	0	0	0	0	0	0	0	0	0	0	0	0	0	0	0	0	0	0	0	0	0	0	0	0	0	0	0	0	0	1004	144	1754	0	86	0	0	0	92	0	13106	2144	90	0	342	0	546	122	15446	1490	0	0	0	0	0	0	0	0	0	0	178	0	0	0	0	0	0	0	0	0	0	198	0	0	0	0	0	0	0	0	0	0	128	0	28430	7714	6258	284	5814	1590	0	9034	39480	11020	3254	0	5386	456	4440	1972	292	0	3080	5464	18492	6766	750	486	1432	2866	
359508	Cerebelum_4_5_R	0	0	0	0	0	0	0	0	0	0	0	0	0	0	0	0	0	0	0	0	0	0	0	0	0	0	0	0	0	106	0	0	0	0	0	0	0	2772	0	4214	0	300	0	0	0	0	2498	9210	0	0	0	0	94	486	934	12510	0	0	0	0	0	0	0	0	0	0	0	98	0	0	0	0	0	140	0	0	0	190	0	0	0	0	0	0	0	0	0	0	0	452	4588	34824	1292	1380	1034	8056	9034	0	5994	40178	818	110	980	1852	244	486	0	176	698	5092	21744	4830	1132	322	314	572	
574152	Cerebelum_6_L	0	0	0	0	0	0	0	0	0	0	0	0	0	0	0	0	0	0	0	0	0	0	0	0	0	0	0	0	204	0	0	0	0	0	0	0	1490	0	1916	0	0	0	104	0	110	0	16366	5100	110	0	482	0	832	216	30974	2240	0	0	0	0	0	0	0	0	0	0	146	0	0	0	0	0	0	0	0	0	0	0	0	0	0	0	0	0	0	0	0	0	674	0	66034	11382	18166	1292	2128	864	39480	5994	0	15470	5362	0	6480	434	2010	2028	476	0	2446	3748	14092	19182	4934	404	1344	2362	
559876	Cerebelum_6_R	0	0	0	0	0	0	0	0	0	0	0	0	0	0	0	0	0	0	0	0	0	0	0	0	0	0	0	0	0	0	0	0	0	0	0	0	0	524	0	988	0	0	0	0	0	0	4448	8736	0	0	164	0	224	750	1524	17058	0	0	0	0	0	0	0	0	0	0	0	0	0	0	0	0	0	90	0	0	0	0	0	0	0	0	0	0	0	0	0	0	0	1114	11316	67814	3416	6992	1040	7974	11020	40178	15470	0	1462	404	1812	5978	300	2386	0	572	2002	6358	22396	19362	10058	2426	2304	1278	
262336	Cerebelum_7b_L	0	0	0	0	0	0	0	0	0	0	0	0	0	0	0	0	0	0	0	0	0	0	0	0	0	0	0	0	0	0	0	0	0	0	0	0	0	0	0	0	0	0	0	0	0	0	216	0	0	0	0	0	0	0	246	0	0	0	0	0	0	0	0	0	0	0	0	0	0	0	0	0	0	0	0	0	0	0	0	0	0	0	0	0	0	0	0	0	0	0	14350	1592	32498	2416	178	230	3254	818	5362	1462	0	1708	40454	4674	4404	698	718	0	1216	1540	2048	816	3610	5356	906	398	
110684	Cerebelum_7b_R	0	0	0	0	0	0	0	0	0	0	0	0	0	0	0	0	0	0	0	0	0	0	0	0	0	0	0	0	0	0	0	0	0	0	0	0	0	0	0	0	0	0	0	0	0	0	0	0	0	0	0	0	0	0	0	0	0	0	0	0	0	0	0	0	0	0	0	0	0	0	0	0	0	0	0	0	0	0	0	0	0	0	0	0	0	0	0	0	0	102	278	4146	2948	15810	0	0	0	110	0	404	1708	0	2428	18100	0	1602	0	90	0	0	0	0	3454	3486	572	104	
343848	Cerebelum_8_L	0	0	0	0	0	0	0	0	0	0	0	0	0	0	0	0	0	0	0	0	0	0	0	0	0	0	0	0	0	0	0	0	0	0	0	0	0	0	0	0	0	0	0	0	0	0	332	0	0	0	0	0	0	0	316	0	0	0	0	0	0	0	0	0	0	0	0	0	0	0	0	0	0	0	0	0	0	0	0	0	0	0	0	0	0	0	0	0	0	0	17474	3192	31390	3926	412	312	5386	980	6480	1812	40454	2428	0	8766	17024	1908	3230	0	1380	1760	2460	974	4970	10470	3196	892	
300668	Cerebelum_8_R	0	0	0	0	0	0	0	0	0	0	0	0	0	0	0	0	0	0	0	0	0	0	0	0	0	0	0	0	0	0	0	0	0	0	0	0	0	0	0	0	0	0	0	0	0	0	0	0	0	0	0	0	0	0	0	420	0	0	0	0	0	0	0	0	0	0	0	0	0	0	0	0	0	0	0	0	0	0	0	0	0	0	0	0	0	0	0	0	0	240	1298	25960	1552	33704	0	848	456	1852	434	5978	4674	18100	8766	0	1218	16566	0	1076	764	772	506	448	6496	11462	5718	1026	
104584	Cerebelum_9_L	0	0	0	0	0	0	0	0	0	0	0	0	0	0	0	0	0	0	0	0	0	0	0	0	0	0	0	0	0	0	0	0	0	0	0	0	0	0	0	0	0	0	0	0	0	0	0	0	0	0	0	0	0	0	164	0	0	0	0	0	0	0	0	0	0	0	0	0	0	0	0	0	0	0	0	0	0	0	0	0	0	0	0	0	0	0	0	0	0	0	1440	444	2452	288	754	98	4440	244	2010	300	4404	0	17024	1218	0	3106	3874	0	248	374	1180	1394	692	1198	3224	1722	
149056	Cerebelum_9_R	0	0	0	0	0	0	0	0	0	0	0	0	0	0	0	0	0	0	0	0	0	0	0	0	0	0	0	0	0	0	0	0	0	0	0	0	0	0	0	0	0	0	0	0	0	0	136	0	0	0	0	0	0	0	144	0	0	0	0	0	0	0	0	0	0	0	0	0	0	0	0	0	0	0	0	0	0	0	0	0	0	0	0	0	0	0	0	0	0	0	994	4450	246	4044	158	778	1972	486	2028	2386	698	1602	1908	16566	3106	0	0	1526	1244	1282	1470	3196	3578	4982	10140	5408	
19372	Cerebelum_10_L	0	0	0	0	0	0	0	0	0	0	0	0	0	0	0	0	0	0	0	0	0	0	0	0	0	0	0	0	0	0	0	0	0	0	0	0	0	0	0	0	0	0	0	0	0	0	0	0	0	0	0	0	0	0	0	0	0	0	0	0	0	0	0	0	0	0	0	0	0	0	0	0	0	0	0	0	0	0	0	0	0	0	0	0	0	0	0	0	0	0	356	0	588	0	0	0	292	0	476	0	718	0	3230	0	3874	0	0	0	0	0	0	0	152	0	0	0	
14308	Cerebelum_10_R	0	0	0	0	0	0	0	0	0	0	0	0	0	0	0	0	0	0	0	0	0	0	0	0	0	0	0	0	0	0	0	0	0	0	0	0	0	0	0	0	0	0	0	0	0	0	0	0	0	0	0	0	0	0	0	0	0	0	0	0	0	0	0	0	0	0	0	0	0	0	0	0	0	0	0	0	0	0	0	0	0	0	0	0	0	0	0	0	0	0	0	966	0	724	0	0	0	176	0	572	0	90	0	1076	0	1526	0	0	0	98	0	0	590	294	734	308	
