data	data	467456	161096	1.12738e+06	923808	182068	93436	693036	439720	162912	18924	175652	143280	213192	165488	211060	50560	157264	77808	840652	819156	88852	72836	525432	549544	53756	87804	90012	84912	484440	307760	509028	671772	213228	624712	138088	158992	169596	259624	61048	75468	35208	50028	147788	193180	108164	210080	160872	219888	149840	219180	345988	130872	107344	32260	194384	210320	236460	128000	56128	50792	119032	71748	59552	70448	74580	42800	260524	256596	241768	151576	330128	423912	294252	360408	60688	52868	84816	82792	45972	29244	130856	72504	94960	55396	250772	105776	36920	28572	215556	105584	340128	402772	255860	273204	11168	44652	177776	208648	276744	345856	172424	116680	259304	274088	100820	135440	12604	8736	12772	37756	292072	175248	155504	150900	80740	14420	
data	data	Precentral_L	Precentral_R	Frontal_Sup_L	Frontal_Sup_R	Frontal_Sup_Orb_L	Frontal_Sup_Orb_R	Frontal_Mid_L	Frontal_Mid_R	Frontal_Mid_Orb_L	Frontal_Mid_Orb_R	Frontal_Inf_Oper_L	Frontal_Inf_Oper_R	Frontal_Inf_Tri_L	Frontal_Inf_Tri_R	Frontal_Inf_Orb_L	Frontal_Inf_Orb_R	Rolandic_Oper_L	Rolandic_Oper_R	Supp_Motor_Area_L	Supp_Motor_Area_R	Olfactory_L	Olfactory_R	Frontal_Sup_Medial_L	Frontal_Sup_Medial_R	Frontal_Med_Orb_L	Frontal_Med_Orb_R	Rectus_L	Rectus_R	Insula_L	Insula_R	Cingulum_Ant_L	Cingulum_Ant_R	Cingulum_Mid_L	Cingulum_Mid_R	Cingulum_Post_L	Cingulum_Post_R	Hippocampus_L	Hippocampus_R	ParaHippocampal_L	ParaHippocampal_R	Amygdala_L	Amygdala_R	Calcarine_L	Calcarine_R	Cuneus_L	Cuneus_R	Lingual_L	Lingual_R	Occipital_Sup_L	Occipital_Sup_R	Occipital_Mid_L	Occipital_Mid_R	Occipital_Inf_L	Occipital_Inf_R	Fusiform_L	Fusiform_R	Postcentral_L	Postcentral_R	Parietal_Sup_L	Parietal_Sup_R	Parietal_Inf_L	Parietal_Inf_R	SupraMarginal_L	SupraMarginal_R	Angular_L	Angular_R	Precuneus_L	Precuneus_R	Paracentral_Lobule_L	Paracentral_Lobule_R	Caudate_L	Caudate_R	Putamen_L	Putamen_R	Pallidum_L	Pallidum_R	Thalamus_L	Thalamus_R	Heschl_L	Heschl_R	Temporal_Sup_L	Temporal_Sup_R	Temporal_Pole_Sup_L	Temporal_Pole_Sup_R	Temporal_Mid_L	Temporal_Mid_R	Temporal_Pole_Mid_L	Temporal_Pole_Mid_R	Temporal_Inf_L	Temporal_Inf_R	Cerebelum_Crus1_L	Cerebelum_Crus1_R	Cerebelum_Crus2_L	Cerebelum_Crus2_R	Cerebelum_3_L	Cerebelum_3_R	Cerebelum_4_5_L	Cerebelum_4_5_R	Cerebelum_6_L	Cerebelum_6_R	Cerebelum_7b_L	Cerebelum_7b_R	Cerebelum_8_L	Cerebelum_8_R	Cerebelum_9_L	Cerebelum_9_R	Cerebelum_10_L	Cerebelum_10_R	Vermis_1_2	Vermis_3	Vermis_4_5	Vermis_6	Vermis_7	Vermis_8	Vermis_9	Vermis_10	
467456	Precentral_L	0	472	19164	746	0	0	11372	206	0	0	9770	0	3180	0	0	0	9364	0	20164	10932	0	0	0	0	0	0	0	0	14140	0	220	0	1670	8084	1644	2044	10370	174	0	0	0	0	0	356	0	0	0	356	0	0	1176	0	920	0	1322	0	36458	0	274	0	3588	0	5500	0	158	0	404	0	29232	3432	2210	0	5318	0	2858	0	9738	222	1780	0	1904	0	0	0	1344	0	0	0	1214	0	248	0	0	0	0	0	0	0	0	0	0	0	0	0	0	0	0	0	0	0	0	0	0	0	0	0	
161096	Precentral_R	472	0	1334	9362	0	0	152	16876	0	0	0	7770	0	988	0	158	0	618	1676	2422	0	0	228	382	0	0	0	0	0	1720	236	1836	0	1556	0	0	0	4516	0	0	0	0	0	282	0	154	0	114	0	112	0	0	0	0	0	0	0	6156	0	256	0	930	0	1916	0	0	0	488	2248	3160	894	3480	146	3034	0	586	478	2036	0	212	0	682	0	0	0	362	0	0	0	520	0	0	0	0	0	0	0	0	0	0	0	0	0	0	0	0	0	0	0	0	0	0	0	0	0	0	
1.12738e+06	Frontal_Sup_L	19164	1334	0	18670	11980	102	100678	8734	9192	0	7666	198	8564	210	15666	0	7330	0	87996	20868	1240	0	60942	20106	1634	440	1858	0	26874	384	28164	13392	6166	10708	0	0	706	1052	0	0	0	0	0	0	0	0	0	0	0	0	0	0	0	0	0	0	10074	0	0	0	418	0	166	0	0	0	0	0	4930	0	16602	2070	21338	1154	6234	320	5184	0	516	0	844	0	1822	0	0	0	0	0	0	0	0	0	0	0	0	0	0	0	0	0	0	0	0	0	0	0	0	0	0	0	0	0	0	0	0	0	
923808	Frontal_Sup_R	746	9362	18670	0	0	8390	5446	64972	0	1128	342	5214	360	10280	120	1944	0	1702	29454	55996	0	562	14664	46856	0	3194	0	2492	1916	16346	12122	41698	3032	29058	0	0	0	9966	0	236	0	0	0	0	0	0	0	0	0	0	0	0	0	0	0	240	0	992	0	0	0	0	0	0	0	0	0	0	634	276	11110	23244	1838	17910	0	3726	0	4956	0	278	0	432	0	0	0	0	0	0	0	0	0	0	0	0	0	0	0	0	0	0	0	0	0	0	0	0	0	0	0	0	0	0	0	0	0	0	
182068	Frontal_Sup_Orb_L	0	0	11980	0	0	0	5218	0	16490	0	170	0	968	0	12478	0	0	0	270	0	3988	0	4638	298	6356	372	9764	188	5854	0	9712	278	0	0	0	0	0	0	0	0	348	0	0	0	0	0	0	0	0	0	0	0	0	0	0	0	0	0	0	0	0	0	0	0	0	0	0	0	0	0	798	102	528	0	0	0	0	0	0	0	0	0	236	0	0	0	0	0	0	0	0	0	0	0	0	0	0	0	0	0	0	0	0	0	0	0	0	0	0	0	0	0	0	0	0	0	
93436	Frontal_Sup_Orb_R	0	0	102	8390	0	0	0	782	0	3342	0	0	0	0	0	852	0	0	0	368	0	1030	180	4352	224	5436	0	8368	0	332	772	4604	0	0	0	0	0	0	0	0	0	0	0	0	0	0	0	0	0	0	0	0	0	0	0	0	0	0	0	0	0	0	0	0	0	0	0	0	0	0	414	4662	0	2508	0	0	0	0	0	0	0	0	0	0	0	0	0	0	0	0	0	0	0	0	0	0	0	0	0	0	0	0	0	0	0	0	0	0	0	0	0	0	0	0	0	0	
693036	Frontal_Mid_L	11372	152	100678	5446	5218	0	0	2362	11850	0	10618	0	33762	0	18682	0	6654	0	21434	3774	1070	0	26994	5034	124	0	978	0	34322	0	14300	3590	3274	3864	0	0	908	148	0	0	0	0	0	0	0	0	0	0	0	0	0	0	0	0	0	0	888	0	0	0	122	0	0	0	0	0	0	0	0	0	7324	710	8556	136	174	0	372	0	0	0	524	0	960	0	0	0	0	0	144	0	0	0	0	0	0	0	0	0	0	0	0	0	0	0	0	0	0	0	0	0	0	0	0	0	0	0	
439720	Frontal_Mid_R	206	16876	8734	64972	0	782	2362	0	0	534	254	9408	182	14312	0	1498	0	644	10576	13580	0	0	2250	10192	0	0	0	0	1732	8190	1120	7122	830	8966	0	0	0	5622	0	200	0	0	0	0	0	0	0	0	0	0	0	0	0	0	0	246	0	0	0	0	0	456	0	570	0	0	0	0	170	0	8328	4328	1598	10216	0	2452	0	0	0	112	0	240	0	0	0	0	0	0	0	0	0	0	0	0	0	0	0	0	0	0	0	0	0	0	0	0	0	0	0	0	0	0	0	0	0	0	
162912	Frontal_Mid_Orb_L	0	0	9192	0	16490	0	11850	0	0	0	240	0	4846	0	20230	0	0	0	460	0	986	0	246	0	2056	162	4700	106	4316	0	4596	0	0	0	0	0	0	0	0	0	0	0	0	0	0	0	0	0	0	0	0	0	0	0	0	0	0	0	0	0	0	0	0	0	0	0	0	0	0	0	204	0	180	0	0	0	0	0	0	0	0	0	596	0	0	0	0	0	0	0	0	0	0	0	0	0	0	0	0	0	0	0	0	0	0	0	0	0	0	0	0	0	0	0	0	0	
18924	Frontal_Mid_Orb_R	0	0	0	1128	0	3342	0	534	0	0	0	0	0	134	0	4122	0	0	0	0	0	0	0	0	0	0	0	202	0	0	0	0	0	0	0	0	0	0	0	0	0	0	0	0	0	0	0	0	0	0	0	0	0	0	0	0	0	0	0	0	0	0	0	0	0	0	0	0	0	0	0	0	0	0	0	0	0	0	0	0	0	0	0	0	0	0	0	0	0	0	0	0	0	0	0	0	0	0	0	0	0	0	0	0	0	0	0	0	0	0	0	0	0	0	0	0	
175652	Frontal_Inf_Oper_L	9770	0	7666	342	170	0	10618	254	240	0	0	0	13516	0	542	0	7700	0	6672	260	0	0	278	0	0	0	0	0	18100	0	1480	0	0	0	0	0	372	0	0	0	0	0	0	0	0	0	0	0	0	0	0	0	0	0	0	0	3712	0	0	0	252	0	0	0	0	0	0	0	0	0	802	0	1440	0	0	0	0	0	104	0	1216	0	2320	0	0	0	0	0	0	0	0	0	0	0	0	0	0	0	0	0	0	0	0	0	0	0	0	0	0	0	0	0	0	0	0	0	
143280	Frontal_Inf_Oper_R	0	7770	198	5214	0	0	0	9408	0	0	0	0	0	11692	0	158	0	2088	1614	4070	0	0	0	596	0	0	0	0	0	11296	180	2098	0	940	0	0	0	2158	0	0	0	0	0	0	0	0	0	0	0	0	0	0	0	0	0	0	0	654	0	0	0	132	0	426	0	0	0	112	0	160	306	4988	0	4642	0	478	0	128	0	0	0	0	0	134	0	0	0	0	0	0	0	0	0	0	0	0	0	0	0	0	0	0	0	0	0	0	0	0	0	0	0	0	0	0	0	0	
213192	Frontal_Inf_Tri_L	3180	0	8564	360	968	0	33762	182	4846	0	13516	0	0	0	10808	0	752	0	3756	198	0	0	896	0	0	0	0	0	18504	0	2236	218	0	0	0	0	0	0	0	0	0	0	0	0	0	0	0	0	0	0	0	0	0	0	0	0	1146	0	0	0	0	0	0	0	0	0	0	0	0	0	394	108	492	0	0	0	0	0	0	0	0	0	1710	0	0	0	0	0	0	0	0	0	0	0	0	0	0	0	0	0	0	0	0	0	0	0	0	0	0	0	0	0	0	0	0	0	
165488	Frontal_Inf_Tri_R	0	988	210	10280	0	0	0	14312	0	134	0	11692	0	0	0	1458	0	202	1948	4600	0	0	284	3554	0	0	0	0	0	16740	528	5722	0	1876	0	0	0	1144	0	0	0	0	0	0	0	0	0	0	0	0	0	0	0	0	0	0	0	0	0	0	0	0	0	0	0	0	0	0	0	0	0	4792	0	2150	0	130	0	0	0	0	0	0	0	0	0	0	0	0	0	0	0	0	0	0	0	0	0	0	0	0	0	0	0	0	0	0	0	0	0	0	0	0	0	0	0	0	
211060	Frontal_Inf_Orb_L	0	0	15666	120	12478	0	18682	0	20230	0	542	0	10808	0	0	0	0	0	1314	0	3446	0	302	0	0	0	1700	0	14438	0	922	124	0	0	0	0	194	0	0	0	626	0	0	0	0	0	0	0	0	0	0	0	0	0	140	0	0	0	0	0	0	0	0	0	0	0	0	0	0	0	874	148	664	0	0	0	0	0	0	0	0	0	2112	0	0	0	0	0	0	0	0	0	0	0	0	0	0	0	0	0	0	0	0	0	0	0	0	0	0	0	0	0	0	0	0	0	
50560	Frontal_Inf_Orb_R	0	158	0	1944	0	852	0	1498	0	4122	0	158	0	1458	0	0	0	0	380	1846	0	856	0	0	0	0	0	540	0	5776	0	264	0	674	0	0	0	0	0	0	0	0	0	0	0	0	0	0	0	0	0	0	0	0	0	0	0	0	0	0	0	0	0	0	0	0	0	0	0	0	0	2336	0	2296	0	0	0	0	0	0	0	0	0	122	0	0	0	0	0	0	0	0	0	0	0	0	0	0	0	0	0	0	0	0	0	0	0	0	0	0	0	0	0	0	0	0	
157264	Rolandic_Oper_L	9364	0	7330	0	0	0	6654	0	0	0	7700	0	752	0	0	0	0	0	5978	0	0	0	0	0	0	0	0	0	16284	0	0	0	0	0	0	0	912	0	0	0	0	0	0	0	0	0	0	0	0	0	150	0	520	0	1434	0	8490	0	0	0	910	0	586	0	104	0	0	0	144	0	202	0	316	0	0	0	0	0	2954	0	4476	0	1514	0	1130	0	0	0	576	0	152	0	0	0	0	0	0	0	0	0	0	0	0	0	0	0	0	0	0	0	0	0	0	0	0	0	
77808	Rolandic_Oper_R	0	618	0	1702	0	0	0	644	0	0	0	2088	0	202	0	0	0	0	168	1756	0	0	0	0	0	0	0	0	0	10906	0	238	0	0	0	0	0	1648	0	0	0	0	0	0	0	0	0	0	0	0	0	0	0	0	0	0	0	1782	0	0	0	0	0	1616	0	0	0	0	0	0	0	728	0	4162	0	440	0	422	0	4724	0	4840	0	220	0	0	0	0	0	0	0	0	0	0	0	0	0	0	0	0	0	0	0	0	0	0	0	0	0	0	0	0	0	0	0	0	
840652	Supp_Motor_Area_L	20164	1676	87996	29454	270	0	21434	10576	460	0	6672	1614	3756	1948	1314	380	5978	168	0	59048	0	0	9262	10150	0	0	0	0	15380	3560	10104	11182	12834	27070	920	408	702	2430	0	0	0	0	0	0	0	0	0	0	0	0	0	0	0	0	0	0	6576	0	0	0	270	0	146	0	0	0	0	0	12082	446	10054	2884	10884	2616	7040	570	7450	204	414	0	696	0	1084	0	0	0	0	0	0	0	0	0	0	0	0	0	0	0	0	0	0	0	0	0	0	0	0	0	0	0	0	0	0	0	0	0	
819156	Supp_Motor_Area_R	10932	2422	20868	55996	0	368	3774	13580	0	0	260	4070	198	4600	0	1846	0	1756	59048	0	0	0	3460	12858	0	0	0	148	602	9390	4564	19186	10424	60184	1554	4466	0	7200	0	228	0	0	0	124	0	108	0	108	0	0	0	0	0	0	0	236	592	1364	0	0	0	206	0	282	0	0	0	1030	17814	12488	5906	21996	1136	14846	620	3456	254	10844	0	384	0	618	0	0	0	384	0	0	0	520	0	0	0	0	0	0	0	0	0	0	0	0	0	0	0	0	0	0	0	0	280	0	0	0	0	0	
88852	Olfactory_L	0	0	1240	0	3988	0	1070	0	986	0	0	0	0	0	3446	0	0	0	0	0	0	4188	0	0	312	0	5242	324	3970	0	4168	1274	0	0	0	0	280	0	442	0	1184	0	0	0	0	0	0	0	0	0	0	0	0	0	228	0	0	0	0	0	0	0	0	0	0	0	0	0	0	0	6876	2374	2598	0	0	0	0	0	0	0	0	0	236	0	0	0	0	0	0	0	0	0	0	0	0	0	0	0	0	0	0	0	0	0	0	0	0	0	0	0	0	0	0	0	0	0	
72836	Olfactory_R	0	0	0	562	0	1030	0	0	0	0	0	0	0	0	0	856	0	0	0	0	4188	0	0	282	0	756	1806	2846	0	2290	2306	3000	0	0	0	0	0	222	0	304	0	868	0	0	0	0	0	0	0	0	0	0	0	0	0	0	0	0	0	0	0	0	0	0	0	0	0	0	0	0	6270	5012	2736	826	0	0	0	0	0	0	0	0	0	258	0	0	0	0	0	0	0	0	0	0	0	0	0	0	0	0	0	0	0	0	0	0	0	0	0	0	0	0	0	0	0	0	
525432	Frontal_Sup_Medial_L	0	228	60942	14664	4638	180	26994	2250	246	0	278	0	896	284	302	0	0	0	9262	3460	0	0	0	40504	3166	1236	242	0	1080	310	35204	23394	6622	17442	0	0	0	0	0	0	0	0	0	0	0	0	0	0	0	0	0	0	0	0	0	0	0	0	0	0	0	0	0	0	0	0	0	0	0	0	2532	2104	3284	972	0	0	0	0	0	0	0	0	0	0	0	0	0	0	0	0	0	0	0	0	0	0	0	0	0	0	0	0	0	0	0	0	0	0	0	0	0	0	0	0	0	0	
549544	Frontal_Sup_Medial_R	0	382	20106	46856	298	4352	5034	10192	0	0	0	596	0	3554	0	0	0	0	10150	12858	0	282	40504	0	378	5554	0	2002	0	4514	18124	42346	2952	24182	0	0	0	0	0	0	0	0	0	0	0	0	0	0	0	0	0	0	0	0	0	0	0	152	0	0	0	0	0	0	0	0	0	0	0	0	790	11584	476	6554	0	0	0	0	0	0	0	0	0	0	0	0	0	0	0	0	0	0	0	0	0	0	0	0	0	0	0	0	0	0	0	0	0	0	0	0	0	0	0	0	0	0	
53756	Frontal_Med_Orb_L	0	0	1634	0	6356	224	124	0	2056	0	0	0	0	0	0	0	0	0	0	0	312	0	3166	378	0	1542	4136	492	166	0	5440	220	0	0	0	0	0	0	0	0	0	0	0	0	0	0	0	0	0	0	0	0	0	0	0	0	0	0	0	0	0	0	0	0	0	0	0	0	0	0	328	0	304	0	0	0	0	0	0	0	0	0	0	0	0	0	0	0	0	0	0	0	0	0	0	0	0	0	0	0	0	0	0	0	0	0	0	0	0	0	0	0	0	0	0	0	
87804	Frontal_Med_Orb_R	0	0	440	3194	372	5436	0	0	162	0	0	0	0	0	0	0	0	0	0	0	0	756	1236	5554	1542	0	106	10324	0	0	3156	7650	0	0	0	0	0	0	0	0	0	0	0	0	0	0	0	0	0	0	0	0	0	0	0	0	0	0	0	0	0	0	0	0	0	0	0	0	0	0	0	3082	0	892	0	0	0	0	0	0	0	0	0	0	0	0	0	0	0	0	0	0	0	0	0	0	0	0	0	0	0	0	0	0	0	0	0	0	0	0	0	0	0	0	0	0	
90012	Rectus_L	0	0	1858	0	9764	0	978	0	4700	0	0	0	0	0	1700	0	0	0	0	0	5242	1806	242	0	4136	106	0	252	996	0	7742	452	0	0	0	0	0	0	0	0	0	0	0	0	0	0	0	0	0	0	0	0	0	0	0	0	0	0	0	0	0	0	0	0	0	0	0	0	0	0	3404	710	918	0	0	0	0	0	0	0	0	0	0	0	0	0	0	0	0	0	0	0	0	0	0	0	0	0	0	0	0	0	0	0	0	0	0	0	0	0	0	0	0	0	0	0	
84912	Rectus_R	0	0	0	2492	188	8368	0	0	106	202	0	0	0	0	0	540	0	0	0	148	324	2846	0	2002	492	10324	252	0	0	820	1174	6270	0	0	0	0	0	0	0	0	0	0	0	0	0	0	0	0	0	0	0	0	0	0	0	0	0	0	0	0	0	0	0	0	0	0	0	0	0	0	332	3166	184	2226	0	0	0	0	0	0	0	0	0	0	0	0	0	0	0	0	0	0	0	0	0	0	0	0	0	0	0	0	0	0	0	0	0	0	0	0	0	0	0	0	0	0	
484440	Insula_L	14140	0	26874	1916	5854	0	34322	1732	4316	0	18100	0	18504	0	14438	0	16284	0	15380	602	3970	0	1080	0	166	0	996	0	0	0	3064	306	122	0	0	0	9008	156	466	0	1516	0	0	0	0	0	0	0	0	0	0	0	142	0	882	0	5424	0	0	0	444	0	996	0	0	0	0	0	290	0	9462	244	18384	0	134	0	0	0	4278	0	2944	0	3894	0	648	0	0	0	742	0	0	0	0	0	0	0	0	0	0	0	0	0	0	0	0	0	0	0	0	0	0	0	0	0	0	0	
307760	Insula_R	0	1720	384	16346	0	332	0	8190	0	0	0	11296	0	16740	0	5776	0	10906	3560	9390	0	2290	310	4514	0	0	0	820	0	0	646	8628	0	2154	0	0	0	5834	0	334	0	1648	0	372	0	146	0	118	0	134	0	142	0	0	0	670	0	456	0	0	0	0	0	0	0	0	0	188	0	176	282	10444	0	20602	0	176	0	242	0	2414	0	3300	0	1610	0	264	0	0	0	326	0	0	0	0	0	0	0	0	0	0	0	0	0	0	0	0	0	0	0	0	0	0	0	0	0	0	
509028	Cingulum_Ant_L	220	236	28164	12122	9712	772	14300	1120	4596	0	1480	180	2236	528	922	0	0	0	10104	4564	4168	2306	35204	18124	5440	3156	7742	1174	3064	646	0	33302	7682	9754	356	0	0	0	0	0	0	0	0	0	0	0	0	0	0	0	0	0	0	0	0	0	0	0	0	0	0	0	0	0	0	0	0	0	0	0	13522	5878	9958	1782	0	0	0	0	0	0	0	0	0	0	0	0	0	0	0	0	0	0	0	0	0	0	0	0	0	0	0	0	0	0	0	0	0	0	0	0	0	0	0	0	0	0	
671772	Cingulum_Ant_R	0	1836	13392	41698	278	4604	3590	7122	0	0	0	2098	218	5722	124	264	0	238	11182	19186	1274	3000	23394	42346	220	7650	452	6270	306	8628	33302	0	4730	27118	0	0	0	402	0	0	0	0	0	0	0	0	0	0	0	0	0	0	0	0	0	0	0	780	0	0	0	0	0	0	0	0	0	0	0	0	5070	40060	2482	16702	0	0	0	148	0	0	0	0	0	0	0	0	0	0	0	0	0	0	0	0	0	0	0	0	0	0	0	0	0	0	0	0	0	0	0	0	0	0	0	0	0	0	
213228	Cingulum_Mid_L	1670	0	6166	3032	0	0	3274	830	0	0	0	0	0	0	0	0	0	0	12834	10424	0	0	6622	2952	0	0	0	0	122	0	7682	4730	0	20810	4068	1408	0	0	0	0	0	0	214	0	496	0	0	0	2170	0	2836	0	440	0	0	0	904	0	472	0	0	0	0	0	0	0	5968	188	4092	1118	0	0	0	0	0	0	0	0	0	0	0	0	0	0	902	0	0	0	190	0	0	0	0	0	0	0	0	0	0	0	0	0	0	0	0	0	0	0	0	0	0	0	0	0	0	0	
624712	Cingulum_Mid_R	8084	1556	10708	29058	0	0	3864	8966	0	0	0	940	0	1876	0	674	0	0	27070	60184	0	0	17442	24182	0	0	0	0	0	2154	9754	27118	20810	0	1518	8534	0	292	0	0	0	0	0	0	0	1600	0	408	0	1504	0	590	0	0	0	0	0	2486	0	112	0	114	0	154	0	0	222	5694	16684	12816	518	300	378	380	248	0	152	0	0	0	0	180	0	0	0	540	0	0	0	756	0	0	0	0	0	0	0	148	0	0	0	0	0	0	0	0	0	0	0	0	1588	0	0	0	0	0	
138088	Cingulum_Post_L	1644	0	0	0	0	0	0	0	0	0	0	0	0	0	0	0	0	0	920	1554	0	0	0	0	0	0	0	0	0	0	356	0	4068	1518	0	13388	5464	2084	2808	558	0	0	4458	390	0	0	1408	592	210	0	1854	0	964	0	1460	0	576	102	0	0	0	0	0	0	0	0	8600	1398	4300	1764	0	0	0	0	0	0	468	1316	0	0	0	0	0	0	486	0	0	0	788	0	132	0	0	0	0	0	228	0	0	0	0	0	0	0	0	0	0	0	0	0	3188	0	0	0	0	0	
158992	Cingulum_Post_R	2044	0	0	0	0	0	0	0	0	0	0	0	0	0	0	0	0	0	408	4466	0	0	0	0	0	0	0	0	0	0	0	0	1408	8534	13388	0	3978	3094	1612	786	0	0	0	1104	0	404	0	4336	0	408	206	418	114	0	376	158	448	2936	0	0	0	0	0	0	0	0	1888	9026	3090	6734	0	0	0	0	0	0	444	1500	0	0	0	0	0	0	0	330	0	0	268	108	0	0	0	0	0	0	0	1202	0	0	0	0	0	0	0	0	0	0	0	0	4280	0	0	0	0	0	
169596	Hippocampus_L	10370	0	706	0	0	0	908	0	0	0	372	0	0	0	194	0	912	0	702	0	280	0	0	0	0	0	0	0	9008	0	0	0	0	0	5464	3978	0	2028	7200	584	5950	0	940	0	0	0	1278	164	0	0	204	0	0	0	6144	0	2872	0	0	0	118	0	232	0	0	0	2000	782	368	0	662	0	4318	0	410	0	2026	1638	2292	0	1070	0	754	0	810	0	0	0	6554	0	0	0	0	0	0	0	160	0	0	0	0	0	0	0	0	0	0	0	0	0	346	0	0	0	0	0	
259624	Hippocampus_R	174	4516	1052	9966	0	0	148	5622	0	0	0	2158	0	1144	0	0	0	1648	2430	7200	0	222	0	0	0	0	0	0	156	5834	0	402	0	292	2084	3094	2028	0	1210	9156	0	6076	0	1954	0	430	0	1836	0	258	0	380	0	0	214	14294	0	316	0	0	0	300	0	358	0	0	580	3612	152	326	1466	840	132	20952	0	4824	0	2578	0	694	0	402	0	1018	0	1292	0	0	160	2806	0	0	0	0	0	0	0	432	0	0	0	0	0	0	0	0	0	0	0	0	594	0	0	0	0	0	
61048	ParaHippocampal_L	0	0	0	0	0	0	0	0	0	0	0	0	0	0	0	0	0	0	0	0	442	0	0	0	0	0	0	0	466	0	0	0	0	0	2808	1612	7200	1210	0	426	1882	0	592	0	0	0	2856	392	0	0	174	0	0	0	3670	0	0	0	0	0	0	0	0	0	0	0	2198	648	0	0	0	0	128	0	0	0	0	980	0	0	0	0	714	0	0	0	636	0	864	0	0	0	0	0	0	0	328	0	0	0	0	0	0	0	0	0	0	0	0	298	0	0	0	0	0	0	
75468	ParaHippocampal_R	0	0	0	236	0	0	0	200	0	0	0	0	0	0	0	0	0	0	0	228	0	304	0	0	0	0	0	0	0	334	0	0	0	0	558	786	584	9156	426	0	0	4168	0	172	0	0	0	1808	0	0	0	0	0	0	110	9700	0	0	0	0	0	0	0	0	0	0	154	1848	0	0	0	0	0	1772	0	0	0	376	0	0	0	0	0	2214	0	0	0	1820	0	0	0	0	0	0	0	0	0	472	0	0	0	0	0	0	0	0	0	0	0	0	308	0	0	0	0	0	
35208	Amygdala_L	0	0	0	0	348	0	0	0	0	0	0	0	0	0	626	0	0	0	0	0	1184	0	0	0	0	0	0	0	1516	0	0	0	0	0	0	0	5950	0	1882	0	0	0	0	0	0	0	0	0	0	0	0	0	0	0	3372	0	0	0	0	0	0	0	0	0	0	0	0	0	0	0	0	0	588	0	0	0	0	0	0	0	0	0	644	0	0	0	0	0	1494	0	0	0	0	0	0	0	0	0	0	0	0	0	0	0	0	0	0	0	0	0	0	0	0	0	0	0	
50028	Amygdala_R	0	0	0	0	0	0	0	0	0	0	0	0	0	0	0	0	0	0	0	0	0	868	0	0	0	0	0	0	0	1648	0	0	0	0	0	0	0	6076	0	4168	0	0	0	0	0	0	0	0	0	0	0	0	0	0	0	5724	0	0	0	0	0	0	0	0	0	0	0	0	0	0	0	0	0	1654	0	0	0	370	0	0	0	0	0	3386	0	0	0	990	0	130	0	0	0	0	0	0	0	0	0	0	0	0	0	0	0	0	0	0	0	0	0	0	0	0	0	0	
147788	Calcarine_L	0	0	0	0	0	0	0	0	0	0	0	0	0	0	0	0	0	0	0	0	0	0	0	0	0	0	0	0	0	0	0	0	214	0	4458	0	940	0	592	0	0	0	0	3962	5868	2378	9180	1546	5594	1466	16186	300	3980	0	2012	200	0	0	0	0	0	0	0	0	0	0	10368	0	0	0	0	0	0	0	0	0	0	0	0	0	0	0	0	0	1036	0	0	0	650	0	0	0	0	0	0	0	266	0	0	0	0	0	0	0	0	0	0	0	0	0	2698	0	0	0	0	0	
193180	Calcarine_R	356	282	0	0	0	0	0	0	0	0	0	0	0	0	0	0	0	0	0	124	0	0	0	0	0	0	0	0	0	372	0	0	0	0	390	1104	0	1954	0	172	0	0	3962	0	3668	18454	426	18276	0	16998	0	7154	0	1966	0	3810	0	312	0	0	0	0	0	0	0	0	1372	9592	428	228	0	0	0	0	0	0	0	0	0	0	0	0	0	0	0	2250	0	0	0	2420	0	0	0	0	0	0	0	184	0	0	0	0	0	0	0	0	0	0	0	0	336	0	0	0	0	0	
108164	Cuneus_L	0	0	0	0	0	0	0	0	0	0	0	0	0	0	0	0	0	0	0	0	0	0	0	0	0	0	0	0	0	0	0	0	496	0	0	0	0	0	0	0	0	0	5868	3668	0	6114	2002	286	14590	2372	11940	0	392	0	164	104	0	0	432	0	0	0	0	0	0	0	4960	156	0	0	0	0	0	0	0	0	0	0	0	0	0	0	0	0	386	0	0	0	152	0	0	0	0	0	0	0	0	0	0	0	0	0	0	0	0	0	0	0	0	0	0	0	0	0	0	0	
210080	Cuneus_R	0	154	0	0	0	0	0	0	0	0	0	0	0	0	0	0	0	0	0	108	0	0	0	0	0	0	0	0	0	146	0	0	0	1600	0	404	0	430	0	0	0	0	2378	18454	6114	0	136	3840	0	31554	0	7010	0	0	0	1048	0	1768	0	1978	0	752	0	176	0	162	4374	19974	0	856	0	0	0	0	0	0	0	0	0	0	0	0	0	0	0	378	0	0	0	994	0	0	0	0	0	0	0	0	0	0	0	0	0	0	0	0	0	0	0	0	252	0	0	0	0	0	
160872	Lingual_L	0	0	0	0	0	0	0	0	0	0	0	0	0	0	0	0	0	0	0	0	0	0	0	0	0	0	0	0	0	0	0	0	0	0	1408	0	1278	0	2856	0	0	0	9180	426	2002	136	0	1750	3542	198	13914	106	5414	0	8074	124	0	0	0	0	0	0	0	0	0	0	2524	0	0	0	0	0	0	0	0	0	0	0	0	0	0	0	0	0	0	0	0	0	302	0	5994	0	352	0	0	0	6306	0	9700	152	0	0	0	0	0	0	0	0	0	0	2196	2186	316	0	0	0	
219888	Lingual_R	356	114	0	0	0	0	0	0	0	0	0	0	0	0	0	0	0	0	0	108	0	0	0	0	0	0	0	0	0	118	0	0	0	408	592	4336	164	1836	392	1808	0	0	1546	18276	286	3840	1750	0	0	6914	0	4944	0	3668	370	12440	0	650	0	0	0	0	0	0	0	0	648	9032	428	664	0	0	0	0	0	0	0	0	0	0	0	0	0	0	0	516	0	0	0	1036	1500	2106	248	246	0	340	376	4116	2788	4766	0	0	0	0	0	0	0	0	0	0	8668	5544	2006	0	0	0	
149840	Occipital_Sup_L	0	0	0	0	0	0	0	0	0	0	0	0	0	0	0	0	0	0	0	0	0	0	0	0	0	0	0	0	0	0	0	0	2170	0	210	0	0	0	0	0	0	0	5594	0	14590	0	3542	0	0	0	26802	0	1246	0	186	0	0	0	4708	0	724	0	0	0	350	0	12020	0	0	0	0	0	0	0	0	0	0	0	0	0	0	0	0	0	2398	0	0	0	248	0	0	0	0	0	0	0	0	0	0	0	0	0	0	0	0	0	0	0	0	0	132	0	0	0	0	0	
219180	Occipital_Sup_R	0	112	0	0	0	0	0	0	0	0	0	0	0	0	0	0	0	0	0	0	0	0	0	0	0	0	0	0	0	134	0	0	0	1504	0	408	0	258	0	0	0	0	1466	16998	2372	31554	198	6914	0	0	0	14614	0	348	0	2366	0	1440	0	3556	0	1378	0	130	0	1420	3544	16446	0	444	0	0	0	0	0	0	0	0	0	0	0	134	0	0	0	476	0	0	0	1184	0	0	0	0	0	0	0	0	0	0	0	0	0	0	0	0	0	0	0	0	192	0	0	0	0	0	
345988	Occipital_Mid_L	1176	0	0	0	0	0	0	0	0	0	0	0	0	0	0	0	150	0	0	0	0	0	0	0	0	0	0	0	0	0	0	0	2836	0	1854	206	204	0	174	0	0	0	16186	0	11940	0	13914	0	26802	0	0	0	19688	0	5794	0	1414	0	5028	0	6180	0	236	0	8884	0	22818	0	596	0	0	0	0	0	0	0	0	0	0	0	1278	0	0	0	16156	0	0	0	8620	0	0	0	0	0	0	0	0	0	0	0	0	0	0	0	0	0	0	0	0	0	860	0	0	0	0	0	
130872	Occipital_Mid_R	0	0	0	0	0	0	0	0	0	0	0	0	0	0	0	0	0	0	0	0	0	0	0	0	0	0	0	0	0	142	0	0	0	590	0	418	0	380	0	0	0	0	300	7154	0	7010	106	4944	0	14614	0	0	0	2110	0	2670	0	350	0	376	0	3786	0	0	0	6920	720	5572	0	230	0	0	0	0	0	0	0	0	0	0	0	0	0	0	0	6032	0	0	0	786	0	0	0	0	0	0	0	0	0	0	0	0	0	0	0	0	0	0	0	0	226	0	0	0	0	0	
107344	Occipital_Inf_L	920	0	0	0	0	0	0	0	0	0	0	0	0	0	0	0	520	0	0	0	0	0	0	0	0	0	0	0	142	0	0	0	440	0	964	114	0	0	0	0	0	0	3980	0	392	0	5414	0	1246	0	19688	0	0	0	7746	0	524	0	0	0	168	0	0	0	0	0	2446	0	498	0	0	0	0	0	0	0	0	0	404	0	0	0	0	0	3600	0	0	0	3434	0	502	0	0	0	0	0	0	0	0	0	0	0	0	0	0	0	0	0	0	0	530	0	0	0	0	0	
32260	Occipital_Inf_R	0	0	0	0	0	0	0	0	0	0	0	0	0	0	0	0	0	0	0	0	0	0	0	0	0	0	0	0	0	0	0	0	0	0	0	0	0	0	0	0	0	0	0	1966	0	0	0	3668	0	348	0	2110	0	0	0	3520	0	0	0	0	0	0	0	0	0	0	0	310	0	0	0	0	0	0	0	0	0	0	0	0	0	0	0	0	0	1268	0	0	0	2798	0	0	0	0	0	0	0	142	0	0	0	0	0	0	0	0	0	0	0	0	0	0	0	0	0	0	
194384	Fusiform_L	1322	0	0	0	0	0	0	0	0	0	0	0	0	0	140	0	1434	0	0	0	228	0	0	0	0	0	0	0	882	0	0	0	0	0	1460	376	6144	214	3670	110	3372	0	2012	0	164	0	8074	370	186	0	5794	0	7746	0	0	0	878	0	0	0	124	0	0	0	0	0	2290	156	524	0	0	0	366	0	0	0	0	108	3888	0	626	0	3078	0	4138	0	3004	0	10184	0	8496	0	262	0	0	0	3620	0	9196	0	104	0	202	0	0	0	0	0	0	0	1608	642	0	0	0	0	
210320	Fusiform_R	0	0	0	240	0	0	0	246	0	0	0	0	0	0	0	0	0	0	0	236	0	0	0	0	0	0	0	0	0	670	0	0	0	0	0	158	0	14294	0	9700	0	5724	200	3810	104	1048	124	12440	0	2366	0	2670	0	3520	0	0	0	0	0	0	0	0	0	0	0	0	104	1058	0	0	0	0	0	2830	0	0	0	134	0	0	0	454	0	6998	0	2608	0	3266	0	8814	0	5266	102	156	0	0	0	3726	0	7914	0	0	0	0	0	0	0	0	0	0	1314	1718	1148	0	0	0	
236460	Postcentral_L	36458	0	10074	0	0	0	888	0	0	0	3712	0	1146	0	0	0	8490	0	6576	592	0	0	0	0	0	0	0	0	5424	0	0	0	904	0	576	448	2872	0	0	0	0	0	0	0	0	0	0	0	0	0	1414	0	524	0	878	0	0	0	2490	0	12670	0	6214	0	668	0	2934	0	1664	0	172	0	1936	0	316	0	200	0	1564	0	2178	0	0	0	2744	0	0	0	1360	0	144	0	0	0	0	0	0	0	0	0	0	0	0	0	0	0	0	0	0	0	0	0	0	0	0	0	
128000	Postcentral_R	0	6156	0	992	0	0	0	0	0	0	0	654	0	0	0	0	0	1782	0	1364	0	0	0	152	0	0	0	0	0	456	0	780	0	2486	102	2936	0	316	0	0	0	0	0	312	0	1768	0	650	0	1440	0	350	0	0	0	0	0	0	0	4852	0	5184	0	6208	0	700	110	8144	0	10064	0	914	0	300	0	0	0	0	0	316	0	542	0	0	0	362	0	0	0	1420	0	0	0	0	0	0	0	270	0	0	0	0	0	0	0	0	0	0	0	0	1918	0	0	0	0	0	
56128	Parietal_Sup_L	274	0	0	0	0	0	0	0	0	0	0	0	0	0	0	0	0	0	0	0	0	0	0	0	0	0	0	0	0	0	0	0	472	0	0	0	0	0	0	0	0	0	0	0	432	0	0	0	4708	0	5028	0	0	0	0	0	2490	0	0	0	4008	0	0	0	440	0	9794	0	178	0	0	0	0	0	0	0	0	0	0	0	0	0	0	0	126	0	0	0	114	0	0	0	0	0	0	0	0	0	0	0	0	0	0	0	0	0	0	0	0	0	0	0	0	0	0	0	
50792	Parietal_Sup_R	0	256	0	0	0	0	0	0	0	0	0	0	0	0	0	0	0	0	0	0	0	0	0	0	0	0	0	0	0	0	0	0	0	112	0	0	0	0	0	0	0	0	0	0	0	1978	0	0	0	3556	0	376	0	0	0	0	0	4852	0	0	0	4332	0	1484	0	312	292	5958	0	320	0	0	0	0	0	0	0	0	0	0	0	220	0	0	0	202	0	0	0	1146	0	0	0	0	0	0	0	0	0	0	0	0	0	0	0	0	0	0	0	0	0	0	0	0	0	0	
119032	Parietal_Inf_L	3588	0	418	0	0	0	122	0	0	0	252	0	0	0	0	0	910	0	270	0	0	0	0	0	0	0	0	0	444	0	0	0	0	0	0	0	118	0	0	0	0	0	0	0	0	0	0	0	724	0	6180	0	168	0	124	0	12670	0	4008	0	0	0	6964	0	13128	0	1676	0	0	0	194	0	198	0	0	0	0	0	0	0	2110	0	0	0	3712	0	0	0	1538	0	0	0	0	0	0	0	0	0	0	0	0	0	0	0	0	0	0	0	0	0	0	0	0	0	0	0	
71748	Parietal_Inf_R	0	930	0	0	0	0	0	456	0	0	0	132	0	0	0	0	0	0	0	206	0	0	0	0	0	0	0	0	0	0	0	0	0	114	0	0	0	300	0	0	0	0	0	0	0	752	0	0	0	1378	0	3786	0	0	0	0	0	5184	0	4332	0	0	0	7846	0	6064	0	1158	0	1146	0	0	0	434	0	0	0	0	0	0	0	176	0	0	0	712	0	0	0	768	0	0	0	0	0	0	0	0	0	0	0	0	0	0	0	0	0	0	0	0	0	0	0	0	0	0	
59552	SupraMarginal_L	5500	0	166	0	0	0	0	0	0	0	0	0	0	0	0	0	586	0	146	0	0	0	0	0	0	0	0	0	996	0	0	0	0	0	0	0	232	0	0	0	0	0	0	0	0	0	0	0	0	0	236	0	0	0	0	0	6214	0	0	0	6964	0	0	0	4026	0	140	0	0	0	184	0	188	0	0	0	0	0	0	0	2850	0	0	0	1348	0	0	0	0	0	0	0	0	0	0	0	0	0	0	0	0	0	0	0	0	0	0	0	0	0	0	0	0	0	0	0	
70448	SupraMarginal_R	0	1916	0	0	0	0	0	570	0	0	0	426	0	0	0	0	0	1616	0	282	0	0	0	0	0	0	0	0	0	0	0	0	0	154	0	0	0	358	0	0	0	0	0	0	0	176	0	0	0	130	0	0	0	0	0	0	0	6208	0	1484	0	7846	0	0	0	1670	0	362	0	260	0	0	0	494	0	0	0	0	0	684	0	7750	0	0	0	2684	0	0	0	154	0	0	0	0	0	0	0	0	0	0	0	0	0	0	0	0	0	0	0	0	0	0	0	0	0	0	
74580	Angular_L	158	0	0	0	0	0	0	0	0	0	0	0	0	0	0	0	104	0	0	0	0	0	0	0	0	0	0	0	0	0	0	0	0	0	0	0	0	0	0	0	0	0	0	0	0	0	0	0	350	0	8884	0	0	0	0	0	668	0	440	0	13128	0	4026	0	0	0	1556	0	0	0	0	0	0	0	0	0	0	0	0	0	1644	0	0	0	4832	0	0	0	1500	0	0	0	0	0	0	0	0	0	0	0	0	0	0	0	0	0	0	0	0	0	0	0	0	0	0	0	
42800	Angular_R	0	0	0	0	0	0	0	0	0	0	0	0	0	0	0	0	0	0	0	0	0	0	0	0	0	0	0	0	0	0	0	0	0	0	0	0	0	0	0	0	0	0	0	0	0	162	0	0	0	1420	0	6920	0	0	0	0	0	700	0	312	0	6064	0	1670	0	0	0	168	0	598	0	0	0	0	0	0	0	0	0	0	0	1546	0	0	0	1840	0	0	0	0	0	0	0	0	0	0	0	0	0	0	0	0	0	0	0	0	0	0	0	0	0	0	0	0	0	0	
260524	Precuneus_L	404	0	0	0	0	0	0	0	0	0	0	0	0	0	0	0	0	0	0	0	0	0	0	0	0	0	0	0	0	0	0	0	5968	222	8600	1888	2000	580	2198	154	0	0	10368	1372	4960	4374	2524	648	12020	3544	22818	720	2446	0	2290	104	2934	110	9794	292	1676	0	140	0	1556	0	0	4450	2082	0	0	0	0	0	0	0	0	476	0	0	1032	0	0	0	6826	0	0	0	5202	0	122	0	0	0	0	0	222	0	0	0	0	0	0	0	0	0	0	0	0	0	3146	0	0	0	0	0	
256596	Precuneus_R	0	488	0	0	0	0	0	0	0	0	0	112	0	0	0	0	0	0	0	1030	0	0	0	0	0	0	0	0	0	188	0	0	188	5694	1398	9026	782	3612	648	1848	0	0	0	9592	156	19974	0	9032	0	16446	0	5572	0	310	156	1058	0	8144	0	5958	0	1158	0	362	0	168	4450	0	0	6358	0	0	0	0	0	0	0	456	0	0	0	242	0	0	0	1482	0	0	104	2240	0	0	0	0	0	0	0	1972	0	0	0	0	0	0	0	0	0	0	0	0	7894	0	0	0	0	0	
241768	Paracentral_Lobule_L	29232	2248	4930	634	0	0	0	170	0	0	0	0	0	0	0	0	144	0	12082	17814	0	0	0	0	0	0	0	0	290	0	0	0	4092	16684	4300	3090	368	152	0	0	0	0	0	428	0	0	0	428	0	0	596	0	498	0	524	0	1664	0	178	0	0	0	0	0	0	0	2082	0	0	7712	1212	614	618	0	548	0	6224	552	0	0	0	0	0	0	372	0	0	0	286	0	118	0	0	0	0	0	0	0	0	0	0	0	0	0	0	0	0	0	0	0	0	0	0	0	0	0	
151576	Paracentral_Lobule_R	3432	3160	0	276	0	0	0	0	0	0	0	160	0	0	0	0	0	0	446	12488	0	0	0	0	0	0	0	0	0	176	0	0	1118	12816	1764	6734	0	326	0	0	0	0	0	228	0	856	0	664	0	444	0	230	0	0	0	0	0	10064	0	320	0	1146	0	260	0	598	0	6358	7712	0	0	0	0	0	0	0	0	0	0	0	0	282	0	0	0	640	0	0	0	718	0	0	0	0	0	0	0	212	0	0	0	0	0	0	0	0	0	0	0	0	2160	0	0	0	0	0	
330128	Caudate_L	2210	894	16602	11110	798	414	7324	8328	204	0	802	306	394	0	874	0	202	0	10054	5906	6876	6270	2532	790	328	0	3404	332	9462	282	13522	5070	0	518	0	0	662	1466	0	0	0	0	0	0	0	0	0	0	0	0	0	0	0	0	0	0	172	0	0	0	194	0	184	0	0	0	0	0	1212	0	0	11530	26054	1972	960	542	3746	112	0	0	212	0	238	0	0	0	0	0	0	0	0	0	0	0	0	0	0	0	0	0	0	0	0	0	0	0	0	0	0	0	0	0	0	0	0	0	
423912	Caudate_R	0	3480	2070	23244	102	4662	710	4328	0	0	0	4988	108	4792	148	2336	0	728	2884	21996	2374	5012	2104	11584	0	3082	710	3166	244	10444	5878	40060	0	300	0	0	0	840	0	0	0	0	0	0	0	0	0	0	0	0	0	0	0	0	0	0	0	914	0	0	0	0	0	0	0	0	0	0	614	0	11530	0	3680	22302	0	1336	0	9206	0	0	0	0	0	0	0	0	0	0	0	0	0	0	0	0	0	0	0	0	0	0	0	0	0	0	0	0	0	0	0	0	0	0	0	0	0	0	
294252	Putamen_L	5318	146	21338	1838	528	0	8556	1598	180	0	1440	0	492	0	664	0	316	0	10884	1136	2598	2736	3284	476	304	0	918	184	18384	0	9958	2482	0	378	0	0	4318	132	128	0	588	0	0	0	0	0	0	0	0	0	0	0	0	0	366	0	1936	0	0	0	198	0	188	0	0	0	0	0	618	0	26054	3680	0	268	8606	0	1860	0	128	0	272	0	822	0	0	0	0	0	828	0	0	0	0	0	0	0	0	0	0	0	0	0	0	0	0	0	0	0	0	0	0	0	0	0	0	0	
360408	Putamen_R	0	3034	1154	17910	0	2508	136	10216	0	0	0	4642	0	2150	0	2296	0	4162	2616	14846	0	826	972	6554	0	892	0	2226	0	20602	1782	16702	0	380	0	0	0	20952	0	1772	0	1654	0	0	0	0	0	0	0	0	0	0	0	0	0	2830	0	300	0	0	0	434	0	494	0	0	0	0	0	0	1972	22302	268	0	0	7398	0	672	0	678	0	980	0	738	0	0	0	0	0	154	0	0	0	0	0	0	0	0	0	0	0	0	0	0	0	0	0	0	0	0	0	0	0	0	0	0	
60688	Pallidum_L	2858	0	6234	0	0	0	174	0	0	0	0	0	0	0	0	0	0	0	7040	620	0	0	0	0	0	0	0	0	134	0	0	0	0	248	0	0	410	0	0	0	0	0	0	0	0	0	0	0	0	0	0	0	0	0	0	0	316	0	0	0	0	0	0	0	0	0	0	0	548	0	960	0	8606	0	0	0	2196	0	0	0	0	0	0	0	0	0	0	0	0	0	0	0	0	0	0	0	0	0	0	0	0	0	0	0	0	0	0	0	0	0	0	0	0	0	0	0	
52868	Pallidum_R	0	586	320	3726	0	0	0	2452	0	0	0	478	0	130	0	0	0	440	570	3456	0	0	0	0	0	0	0	0	0	176	0	0	0	0	0	0	0	4824	0	0	0	0	0	0	0	0	0	0	0	0	0	0	0	0	0	0	0	0	0	0	0	0	0	0	0	0	0	0	0	0	542	1336	0	7398	0	0	0	0	0	0	0	0	0	0	0	0	0	0	0	0	0	0	0	0	0	0	0	0	0	0	0	0	0	0	0	0	0	0	0	0	0	0	0	0	0	0	
84816	Thalamus_L	9738	478	5184	0	0	0	372	0	0	0	0	0	0	0	0	0	0	0	7450	254	0	0	0	0	0	0	0	0	0	0	0	0	0	152	468	444	2026	0	0	0	0	0	0	0	0	0	0	0	0	0	0	0	0	0	0	0	200	0	0	0	0	0	0	0	0	0	0	0	6224	0	3746	0	1860	0	2196	0	0	1616	0	0	0	0	0	0	0	0	0	0	0	0	0	0	0	0	0	0	0	0	0	0	0	0	0	0	0	0	0	0	0	0	0	0	0	0	0	0	
82792	Thalamus_R	222	2036	0	4956	0	0	0	0	0	0	0	128	0	0	0	0	0	422	204	10844	0	0	0	0	0	0	0	0	0	242	0	148	0	0	1316	1500	1638	2578	980	376	0	370	0	0	0	0	0	0	0	0	0	0	0	0	108	134	0	0	0	0	0	0	0	0	0	0	476	456	552	0	112	9206	0	672	0	0	1616	0	0	104	0	0	0	0	0	0	0	0	0	0	0	0	0	0	0	0	0	0	0	0	0	0	0	0	0	0	0	0	0	0	0	0	0	0	0	0	
45972	Heschl_L	1780	0	516	0	0	0	0	0	0	0	104	0	0	0	0	0	2954	0	414	0	0	0	0	0	0	0	0	0	4278	0	0	0	0	0	0	0	2292	0	0	0	0	0	0	0	0	0	0	0	0	0	0	0	404	0	3888	0	1564	0	0	0	0	0	0	0	0	0	0	0	0	0	0	0	128	0	0	0	0	0	0	0	874	0	0	0	1812	0	0	0	1646	0	332	0	0	0	0	0	0	0	0	0	0	0	0	0	0	0	0	0	0	0	0	0	0	0	0	0	
29244	Heschl_R	0	212	0	278	0	0	0	112	0	0	0	0	0	0	0	0	0	4724	0	384	0	0	0	0	0	0	0	0	0	2414	0	0	0	0	0	0	0	694	0	0	0	0	0	0	0	0	0	0	0	0	0	0	0	0	0	0	0	316	0	0	0	0	0	684	0	0	0	0	0	0	0	0	0	678	0	0	0	104	0	0	0	3900	0	0	0	122	0	0	0	0	0	0	0	0	0	0	0	0	0	0	0	0	0	0	0	0	0	0	0	0	0	0	0	0	0	0	
130856	Temporal_Sup_L	1904	0	844	0	0	0	524	0	0	0	1216	0	0	0	0	0	4476	0	696	0	0	0	0	0	0	0	0	0	2944	0	0	0	0	0	0	0	1070	0	0	0	0	0	0	0	0	0	0	0	0	0	1278	0	0	0	626	0	2178	0	0	0	2110	0	2850	0	1644	0	1032	0	0	0	212	0	272	0	0	0	0	0	874	0	0	0	4562	0	23152	0	500	0	10464	0	0	0	0	0	0	0	0	0	0	0	0	0	0	0	0	0	0	0	0	0	0	0	0	0	0	0	
72504	Temporal_Sup_R	0	682	0	432	0	0	0	240	0	0	0	0	0	0	0	0	0	4840	0	618	0	0	0	0	0	0	0	0	0	3300	0	0	0	180	0	0	0	402	0	0	0	0	0	0	0	0	0	0	0	134	0	0	0	0	0	454	0	542	0	220	0	176	0	7750	0	1546	0	242	0	282	0	0	0	980	0	0	0	0	0	3900	0	0	0	1370	0	6994	0	0	0	968	0	0	0	0	0	0	0	0	0	0	0	0	0	0	0	0	0	0	0	0	0	0	0	0	0	0	
94960	Temporal_Pole_Sup_L	0	0	1822	0	236	0	960	0	596	0	2320	0	1710	0	2112	0	1514	0	1084	0	236	0	0	0	0	0	0	0	3894	0	0	0	0	0	0	0	754	0	714	0	644	0	0	0	0	0	0	0	0	0	0	0	0	0	3078	0	0	0	0	0	0	0	0	0	0	0	0	0	0	0	238	0	822	0	0	0	0	0	0	0	4562	0	0	0	7134	0	6240	0	6810	0	0	0	0	0	0	0	0	0	0	0	0	0	0	0	0	0	0	0	0	0	0	0	0	0	0	0	
55396	Temporal_Pole_Sup_R	0	0	0	0	0	0	0	0	0	0	0	134	0	0	0	122	0	220	0	0	0	258	0	0	0	0	0	0	0	1610	0	0	0	0	0	0	0	1018	0	2214	0	3386	0	0	0	0	0	0	0	0	0	0	0	0	0	6998	0	0	0	0	0	0	0	0	0	0	0	0	0	0	0	0	0	738	0	0	0	0	0	0	0	1370	0	0	0	1880	0	5428	0	2322	0	0	0	0	0	0	0	0	0	0	0	0	0	0	0	0	0	0	0	0	0	0	0	0	0	0	
250772	Temporal_Mid_L	1344	0	0	0	0	0	0	0	0	0	0	0	0	0	0	0	1130	0	0	0	0	0	0	0	0	0	0	0	648	0	0	0	902	0	486	0	810	0	0	0	0	0	1036	0	386	0	0	0	2398	0	16156	0	3600	0	4138	0	2744	0	126	0	3712	0	1348	0	4832	0	6826	0	372	0	0	0	0	0	0	0	0	0	1812	0	23152	0	7134	0	0	0	3904	0	35774	0	390	0	0	0	0	0	0	0	0	0	0	0	0	0	0	0	0	0	0	0	226	0	0	0	0	0	
105776	Temporal_Mid_R	0	362	0	0	0	0	0	0	0	0	0	0	0	0	0	0	0	0	0	384	0	0	0	0	0	0	0	0	0	264	0	0	0	540	0	330	0	1292	0	0	0	0	0	2250	0	378	0	516	0	476	0	6032	0	1268	0	2608	0	362	0	202	0	712	0	2684	0	1840	0	1482	0	640	0	0	0	0	0	0	0	0	0	122	0	6994	0	1880	0	0	0	1234	0	18036	0	0	0	0	0	0	0	0	0	0	0	0	0	0	0	0	0	0	0	0	0	0	0	0	0	0	
36920	Temporal_Pole_Mid_L	0	0	0	0	0	0	0	0	0	0	0	0	0	0	0	0	0	0	0	0	0	0	0	0	0	0	0	0	0	0	0	0	0	0	0	0	0	0	636	0	0	0	0	0	0	0	0	0	0	0	0	0	0	0	3004	0	0	0	0	0	0	0	0	0	0	0	0	0	0	0	0	0	0	0	0	0	0	0	0	0	500	0	6240	0	3904	0	0	0	4176	0	0	0	0	0	0	0	0	0	0	0	0	0	0	0	0	0	0	0	0	0	0	0	0	0	0	0	
28572	Temporal_Pole_Mid_R	0	0	0	0	0	0	0	0	0	0	0	0	0	0	0	0	0	0	0	0	0	0	0	0	0	0	0	0	0	0	0	0	0	0	0	0	0	0	0	1820	0	990	0	0	0	0	0	0	0	0	0	0	0	0	0	3266	0	0	0	0	0	0	0	0	0	0	0	0	0	0	0	0	0	0	0	0	0	0	0	0	0	0	0	5428	0	1234	0	0	0	1548	0	0	0	0	0	0	0	0	0	0	0	0	0	0	0	0	0	0	0	0	0	0	0	0	0	0	
215556	Temporal_Inf_L	1214	0	0	0	0	0	144	0	0	0	0	0	0	0	0	0	576	0	0	0	0	0	0	0	0	0	0	0	742	0	0	0	190	0	788	268	6554	160	864	0	1494	0	650	0	152	0	302	0	248	0	8620	0	3434	0	10184	0	1360	0	114	0	1538	0	0	0	1500	0	5202	104	286	0	0	0	828	0	0	0	0	0	1646	0	10464	0	6810	0	35774	0	4176	0	0	0	1248	0	0	0	0	0	0	0	0	0	0	0	0	0	0	0	0	0	0	0	144	0	0	0	0	0	
105584	Temporal_Inf_R	0	520	0	0	0	0	0	0	0	0	0	0	0	0	0	0	0	0	0	520	0	0	0	0	0	0	0	0	0	326	0	0	0	756	0	108	0	2806	0	0	0	130	0	2420	0	994	0	1036	0	1184	0	786	0	2798	0	8814	0	1420	0	1146	0	768	0	154	0	0	0	2240	0	718	0	0	0	154	0	0	0	0	0	0	0	968	0	2322	0	18036	0	1548	0	0	0	120	0	0	0	0	0	0	0	0	0	0	0	0	0	0	0	0	0	0	0	0	0	0	0	0	
340128	Cerebelum_Crus1_L	248	0	0	0	0	0	0	0	0	0	0	0	0	0	0	0	152	0	0	0	0	0	0	0	0	0	0	0	0	0	0	0	0	0	132	0	0	0	0	0	0	0	0	0	0	0	5994	1500	0	0	0	0	502	0	8496	0	144	0	0	0	0	0	0	0	0	0	122	0	118	0	0	0	0	0	0	0	0	0	332	0	0	0	0	0	390	0	0	0	1248	0	0	1348	26834	630	224	0	22396	0	49378	1308	8886	0	15214	196	3704	418	274	0	0	0	7302	5922	4144	1284	860	364	
402772	Cerebelum_Crus1_R	0	0	0	0	0	0	0	0	0	0	0	0	0	0	0	0	0	0	0	0	0	0	0	0	0	0	0	0	0	0	0	0	0	0	0	0	0	0	0	0	0	0	0	0	0	0	0	2106	0	0	0	0	0	0	0	5266	0	0	0	0	0	0	0	0	0	0	0	0	0	0	0	0	0	0	0	0	0	0	0	0	0	0	0	0	0	0	0	0	0	120	1348	0	1644	31664	0	2170	378	24472	1532	55572	138	4566	858	24222	1050	6130	0	1140	0	1446	12702	10308	9564	1586	1404	0	
255860	Cerebelum_Crus2_L	0	0	0	0	0	0	0	0	0	0	0	0	0	0	0	0	0	0	0	0	0	0	0	0	0	0	0	0	0	0	0	0	0	0	0	0	0	0	0	0	0	0	0	0	0	0	352	248	0	0	0	0	0	0	262	102	0	0	0	0	0	0	0	0	0	0	0	0	0	0	0	0	0	0	0	0	0	0	0	0	0	0	0	0	0	0	0	0	0	0	26834	1644	0	10678	0	0	508	126	2618	966	24480	4162	26390	2486	3848	618	0	0	0	0	508	2410	10476	6872	1232	110	
273204	Cerebelum_Crus2_R	0	0	0	0	0	0	0	0	0	0	0	0	0	0	0	0	0	0	0	0	0	0	0	0	0	0	0	0	0	0	0	0	0	0	0	0	0	0	0	0	0	0	0	0	0	0	0	246	0	0	0	0	0	0	0	156	0	0	0	0	0	0	0	0	0	0	0	0	0	0	0	0	0	0	0	0	0	0	0	0	0	0	0	0	0	0	0	0	0	0	630	31664	10678	0	0	326	0	1050	118	4620	2602	20014	3128	33110	202	5308	0	368	0	120	780	2832	10508	6468	1674	0	
11168	Cerebelum_3_L	0	0	0	0	0	0	0	0	0	0	0	0	0	0	0	0	0	0	0	0	0	0	0	0	0	0	0	0	0	0	0	0	0	0	0	0	0	0	0	0	0	0	0	0	0	0	0	0	0	0	0	0	0	0	0	0	0	0	0	0	0	0	0	0	0	0	0	0	0	0	0	0	0	0	0	0	0	0	0	0	0	0	0	0	0	0	0	0	0	0	224	0	0	0	0	0	4102	0	430	0	0	0	0	0	168	0	102	0	258	300	0	0	0	0	0	0	
44652	Cerebelum_3_R	0	0	0	0	0	0	0	0	0	0	0	0	0	0	0	0	0	0	0	0	0	0	0	0	0	0	0	0	0	0	0	0	0	0	0	0	0	0	0	0	0	0	0	0	0	0	0	340	0	0	0	0	0	0	0	0	0	0	0	0	0	0	0	0	0	0	0	0	0	0	0	0	0	0	0	0	0	0	0	0	0	0	0	0	0	0	0	0	0	0	0	2170	0	326	0	0	240	4380	0	4906	0	0	0	642	0	846	0	0	866	4994	1388	340	170	352	366	0	
177776	Cerebelum_4_5_L	0	0	0	0	0	0	0	0	0	0	0	0	0	0	0	0	0	0	0	0	0	0	0	0	0	0	0	0	0	0	0	0	0	0	228	0	160	0	328	0	0	0	266	0	0	0	6306	376	0	0	0	0	0	0	3620	0	0	0	0	0	0	0	0	0	0	0	222	0	0	0	0	0	0	0	0	0	0	0	0	0	0	0	0	0	0	0	0	0	0	0	22396	378	508	0	4102	240	0	128	31474	506	744	0	1000	0	928	702	144	0	0	362	8520	2494	170	806	952	828	
208648	Cerebelum_4_5_R	0	0	0	0	0	0	0	0	0	0	0	0	0	0	0	0	0	0	0	0	0	0	0	0	0	0	0	0	0	0	0	0	0	148	0	1202	0	432	0	472	0	0	0	184	0	0	0	4116	0	0	0	0	0	142	0	3726	0	270	0	0	0	0	0	0	0	0	0	1972	0	212	0	0	0	0	0	0	0	0	0	0	0	0	0	0	0	0	0	0	0	0	0	24472	126	1050	0	4380	128	0	156	35206	0	148	136	3118	0	1790	0	160	106	1608	16268	1124	742	372	358	0	
276744	Cerebelum_6_L	0	0	0	0	0	0	0	0	0	0	0	0	0	0	0	0	0	0	0	0	0	0	0	0	0	0	0	0	0	0	0	0	0	0	0	0	0	0	0	0	0	0	0	0	0	0	9700	2788	0	0	0	0	0	0	9196	0	0	0	0	0	0	0	0	0	0	0	0	0	0	0	0	0	0	0	0	0	0	0	0	0	0	0	0	0	0	0	0	0	0	0	49378	1532	2618	118	430	0	31474	156	0	1840	1552	0	2742	0	3060	386	236	0	0	0	10404	7968	1248	596	610	340	
345856	Cerebelum_6_R	0	0	0	0	0	0	0	0	0	0	0	0	0	0	0	0	0	0	0	0	0	0	0	0	0	0	0	0	0	0	0	0	0	0	0	0	0	0	0	0	0	0	0	0	0	0	152	4766	0	0	0	0	0	0	0	7914	0	0	0	0	0	0	0	0	0	0	0	0	0	0	0	0	0	0	0	0	0	0	0	0	0	0	0	0	0	0	0	0	0	0	1308	55572	966	4620	0	4906	506	35206	1840	0	122	594	476	7986	1096	3844	0	952	0	2236	16926	11200	7972	1018	750	0	
172424	Cerebelum_7b_L	0	0	0	0	0	0	0	0	0	0	0	0	0	0	0	0	0	0	0	0	0	0	0	0	0	0	0	0	0	0	0	0	0	0	0	0	0	0	0	0	0	0	0	0	0	0	0	0	0	0	0	0	0	0	104	0	0	0	0	0	0	0	0	0	0	0	0	0	0	0	0	0	0	0	0	0	0	0	0	0	0	0	0	0	0	0	0	0	0	0	8886	138	24480	2602	0	0	744	0	1552	122	0	1718	28162	2612	5378	538	252	0	0	0	0	132	1928	5656	1208	0	
116680	Cerebelum_7b_R	0	0	0	0	0	0	0	0	0	0	0	0	0	0	0	0	0	0	0	0	0	0	0	0	0	0	0	0	0	0	0	0	0	0	0	0	0	0	0	0	0	0	0	0	0	0	0	0	0	0	0	0	0	0	0	0	0	0	0	0	0	0	0	0	0	0	0	0	0	0	0	0	0	0	0	0	0	0	0	0	0	0	0	0	0	0	0	0	0	0	0	4566	4162	20014	0	0	0	148	0	594	1718	0	1340	17406	0	2008	0	0	0	0	154	0	2650	3436	144	0	
259304	Cerebelum_8_L	0	0	0	0	0	0	0	0	0	0	0	0	0	0	0	0	0	0	0	0	0	0	0	0	0	0	0	0	0	0	0	0	0	0	0	0	0	0	0	0	0	0	0	0	0	0	0	0	0	0	0	0	0	0	202	0	0	0	0	0	0	0	0	0	0	0	0	0	0	0	0	0	0	0	0	0	0	0	0	0	0	0	0	0	0	0	0	0	0	0	15214	858	26390	3128	0	0	1000	136	2742	476	28162	1340	0	5936	20282	2698	2106	0	0	0	454	518	2516	11146	4086	262	
274088	Cerebelum_8_R	0	0	0	0	0	0	0	0	0	0	0	0	0	0	0	0	0	0	0	0	0	0	0	0	0	0	0	0	0	0	0	0	0	0	0	0	0	0	0	0	0	0	0	0	0	0	0	0	0	0	0	0	0	0	0	0	0	0	0	0	0	0	0	0	0	0	0	0	0	0	0	0	0	0	0	0	0	0	0	0	0	0	0	0	0	0	0	0	0	0	196	24222	2486	33110	0	642	0	3118	0	7986	2612	17406	5936	0	276	22300	0	530	0	478	1476	220	1702	8386	3962	0	
100820	Cerebelum_9_L	0	0	0	0	0	0	0	0	0	0	0	0	0	0	0	0	0	0	0	0	0	0	0	0	0	0	0	0	0	0	0	0	0	0	0	0	0	0	0	0	0	0	0	0	0	0	0	0	0	0	0	0	0	0	0	0	0	0	0	0	0	0	0	0	0	0	0	0	0	0	0	0	0	0	0	0	0	0	0	0	0	0	0	0	0	0	0	0	0	0	3704	1050	3848	202	168	0	928	0	3060	1096	5378	0	20282	276	0	558	3188	0	0	0	826	2622	698	1126	1158	242	
135440	Cerebelum_9_R	0	0	0	0	0	0	0	0	0	0	0	0	0	0	0	0	0	0	0	0	0	0	0	0	0	0	0	0	0	0	0	0	0	0	0	0	0	0	0	0	0	0	0	0	0	0	0	0	0	0	0	0	0	0	0	0	0	0	0	0	0	0	0	0	0	0	0	0	0	0	0	0	0	0	0	0	0	0	0	0	0	0	0	0	0	0	0	0	0	0	418	6130	618	5308	0	846	702	1790	386	3844	538	2008	2698	22300	558	0	0	1218	0	748	2274	2142	1122	5480	5982	610	
12604	Cerebelum_10_L	0	0	0	0	0	0	0	0	0	0	0	0	0	0	0	0	0	0	0	0	0	0	0	0	0	0	0	0	0	0	0	0	0	0	0	0	0	0	0	0	0	0	0	0	0	0	0	0	0	0	0	0	0	0	0	0	0	0	0	0	0	0	0	0	0	0	0	0	0	0	0	0	0	0	0	0	0	0	0	0	0	0	0	0	0	0	0	0	0	0	274	0	0	0	102	0	144	0	236	0	252	0	2106	0	3188	0	0	0	0	0	0	0	0	0	0	0	
8736	Cerebelum_10_R	0	0	0	0	0	0	0	0	0	0	0	0	0	0	0	0	0	0	0	0	0	0	0	0	0	0	0	0	0	0	0	0	0	0	0	0	0	0	0	0	0	0	0	0	0	0	0	0	0	0	0	0	0	0	0	0	0	0	0	0	0	0	0	0	0	0	0	0	0	0	0	0	0	0	0	0	0	0	0	0	0	0	0	0	0	0	0	0	0	0	0	1140	0	368	0	0	0	160	0	952	0	0	0	530	0	1218	0	0	0	0	0	0	0	0	0	0	
12772	Vermis_1_2	0	0	0	0	0	0	0	0	0	0	0	0	0	0	0	0	0	0	0	0	0	0	0	0	0	0	0	0	0	0	0	0	0	0	0	0	0	0	0	0	0	0	0	0	0	0	0	0	0	0	0	0	0	0	0	0	0	0	0	0	0	0	0	0	0	0	0	0	0	0	0	0	0	0	0	0	0	0	0	0	0	0	0	0	0	0	0	0	0	0	0	0	0	0	258	866	0	106	0	0	0	0	0	0	0	0	0	0	0	3492	1664	0	0	0	0	0	
37756	Vermis_3	0	0	0	0	0	0	0	0	0	0	0	0	0	0	0	0	0	0	0	0	0	0	0	0	0	0	0	0	0	0	0	0	0	0	0	0	0	0	298	0	0	0	0	0	0	0	0	0	0	0	0	0	0	0	0	0	0	0	0	0	0	0	0	0	0	0	0	0	0	0	0	0	0	0	0	0	0	0	0	0	0	0	0	0	0	0	0	0	0	0	0	1446	0	120	300	4994	362	1608	0	2236	0	0	0	478	0	748	0	0	3492	0	2106	206	0	238	246	0	
292072	Vermis_4_5	0	0	0	0	0	0	0	0	0	0	0	0	0	0	0	0	0	0	0	280	0	0	0	0	0	0	0	0	0	0	0	0	0	1588	3188	4280	346	594	0	308	0	0	2698	336	0	252	2196	8668	132	192	860	226	530	0	1608	1314	0	1918	0	0	0	0	0	0	0	0	3146	7894	0	2160	0	0	0	0	0	0	0	0	0	0	0	0	0	0	226	0	0	0	144	0	7302	12702	508	780	0	1388	8520	16268	10404	16926	0	154	454	1476	826	2274	0	0	1664	2106	0	9764	980	2622	2604	1230	
175248	Vermis_6	0	0	0	0	0	0	0	0	0	0	0	0	0	0	0	0	0	0	0	0	0	0	0	0	0	0	0	0	0	0	0	0	0	0	0	0	0	0	0	0	0	0	0	0	0	0	2186	5544	0	0	0	0	0	0	642	1718	0	0	0	0	0	0	0	0	0	0	0	0	0	0	0	0	0	0	0	0	0	0	0	0	0	0	0	0	0	0	0	0	0	0	5922	10308	2410	2832	0	340	2494	1124	7968	11200	132	0	518	220	2622	2142	0	0	0	206	9764	0	9866	3324	2920	1222	
155504	Vermis_7	0	0	0	0	0	0	0	0	0	0	0	0	0	0	0	0	0	0	0	0	0	0	0	0	0	0	0	0	0	0	0	0	0	0	0	0	0	0	0	0	0	0	0	0	0	0	316	2006	0	0	0	0	0	0	0	1148	0	0	0	0	0	0	0	0	0	0	0	0	0	0	0	0	0	0	0	0	0	0	0	0	0	0	0	0	0	0	0	0	0	0	4144	9564	10476	10508	0	170	170	742	1248	7972	1928	2650	2516	1702	698	1122	0	0	0	0	980	9866	0	6340	1352	134	
150900	Vermis_8	0	0	0	0	0	0	0	0	0	0	0	0	0	0	0	0	0	0	0	0	0	0	0	0	0	0	0	0	0	0	0	0	0	0	0	0	0	0	0	0	0	0	0	0	0	0	0	0	0	0	0	0	0	0	0	0	0	0	0	0	0	0	0	0	0	0	0	0	0	0	0	0	0	0	0	0	0	0	0	0	0	0	0	0	0	0	0	0	0	0	1284	1586	6872	6468	0	352	806	372	596	1018	5656	3436	11146	8386	1126	5480	0	0	0	238	2622	3324	6340	0	7488	854	
80740	Vermis_9	0	0	0	0	0	0	0	0	0	0	0	0	0	0	0	0	0	0	0	0	0	0	0	0	0	0	0	0	0	0	0	0	0	0	0	0	0	0	0	0	0	0	0	0	0	0	0	0	0	0	0	0	0	0	0	0	0	0	0	0	0	0	0	0	0	0	0	0	0	0	0	0	0	0	0	0	0	0	0	0	0	0	0	0	0	0	0	0	0	0	860	1404	1232	1674	0	366	952	358	610	750	1208	144	4086	3962	1158	5982	0	0	0	246	2604	2920	1352	7488	0	1014	
14420	Vermis_10	0	0	0	0	0	0	0	0	0	0	0	0	0	0	0	0	0	0	0	0	0	0	0	0	0	0	0	0	0	0	0	0	0	0	0	0	0	0	0	0	0	0	0	0	0	0	0	0	0	0	0	0	0	0	0	0	0	0	0	0	0	0	0	0	0	0	0	0	0	0	0	0	0	0	0	0	0	0	0	0	0	0	0	0	0	0	0	0	0	0	364	0	110	0	0	0	828	0	340	0	0	0	262	0	242	610	0	0	0	0	1230	1222	134	854	1014	0	
