data	data	435360	257400	1.03253e+06	825392	124548	105436	731752	255648	77008	18420	164940	207272	282132	190640	210972	105560	242128	81332	808872	843968	99156	109716	436412	452768	46320	84800	84552	138416	621832	329964	330736	458520	139544	464840	121668	156156	281208	310080	126084	223464	37576	35308	221192	489648	304112	360868	311128	362044	269676	391160	587584	234560	212760	152808	477680	510460	394856	212460	249680	186048	313376	116328	109384	80740	187644	106840	321776	477396	163124	173720	217168	474980	321764	361164	37308	45524	102008	186740	110264	27728	315292	83664	80492	55724	351896	231340	23308	30272	376484	157888	531888	424816	246148	245040	57956	122612	357568	323696	431500	426668	165612	91956	194420	226100	111024	111972	17112	9248	22688	84544	330336	167276	237924	117984	92064	51932	
data	data	Precentral_L	Precentral_R	Frontal_Sup_L	Frontal_Sup_R	Frontal_Sup_Orb_L	Frontal_Sup_Orb_R	Frontal_Mid_L	Frontal_Mid_R	Frontal_Mid_Orb_L	Frontal_Mid_Orb_R	Frontal_Inf_Oper_L	Frontal_Inf_Oper_R	Frontal_Inf_Tri_L	Frontal_Inf_Tri_R	Frontal_Inf_Orb_L	Frontal_Inf_Orb_R	Rolandic_Oper_L	Rolandic_Oper_R	Supp_Motor_Area_L	Supp_Motor_Area_R	Olfactory_L	Olfactory_R	Frontal_Sup_Medial_L	Frontal_Sup_Medial_R	Frontal_Med_Orb_L	Frontal_Med_Orb_R	Rectus_L	Rectus_R	Insula_L	Insula_R	Cingulum_Ant_L	Cingulum_Ant_R	Cingulum_Mid_L	Cingulum_Mid_R	Cingulum_Post_L	Cingulum_Post_R	Hippocampus_L	Hippocampus_R	ParaHippocampal_L	ParaHippocampal_R	Amygdala_L	Amygdala_R	Calcarine_L	Calcarine_R	Cuneus_L	Cuneus_R	Lingual_L	Lingual_R	Occipital_Sup_L	Occipital_Sup_R	Occipital_Mid_L	Occipital_Mid_R	Occipital_Inf_L	Occipital_Inf_R	Fusiform_L	Fusiform_R	Postcentral_L	Postcentral_R	Parietal_Sup_L	Parietal_Sup_R	Parietal_Inf_L	Parietal_Inf_R	SupraMarginal_L	SupraMarginal_R	Angular_L	Angular_R	Precuneus_L	Precuneus_R	Paracentral_Lobule_L	Paracentral_Lobule_R	Caudate_L	Caudate_R	Putamen_L	Putamen_R	Pallidum_L	Pallidum_R	Thalamus_L	Thalamus_R	Heschl_L	Heschl_R	Temporal_Sup_L	Temporal_Sup_R	Temporal_Pole_Sup_L	Temporal_Pole_Sup_R	Temporal_Mid_L	Temporal_Mid_R	Temporal_Pole_Mid_L	Temporal_Pole_Mid_R	Temporal_Inf_L	Temporal_Inf_R	Cerebelum_Crus1_L	Cerebelum_Crus1_R	Cerebelum_Crus2_L	Cerebelum_Crus2_R	Cerebelum_3_L	Cerebelum_3_R	Cerebelum_4_5_L	Cerebelum_4_5_R	Cerebelum_6_L	Cerebelum_6_R	Cerebelum_7b_L	Cerebelum_7b_R	Cerebelum_8_L	Cerebelum_8_R	Cerebelum_9_L	Cerebelum_9_R	Cerebelum_10_L	Cerebelum_10_R	Vermis_1_2	Vermis_3	Vermis_4_5	Vermis_6	Vermis_7	Vermis_8	Vermis_9	Vermis_10	
435360	Precentral_L	0	480	13870	0	0	0	23598	0	0	0	13628	0	6940	0	320	0	15574	0	8674	1884	0	0	0	0	0	0	0	0	18278	0	106	0	224	1510	1642	1026	13540	398	3248	0	0	0	390	0	0	0	694	0	212	0	4714	0	304	0	3434	0	30810	956	4244	0	3962	0	1874	0	2034	0	1176	202	9814	1958	1408	168	2152	0	240	0	5126	0	5708	0	5104	0	584	0	942	0	0	0	2576	0	1370	0	0	0	0	0	0	0	0	0	0	0	0	0	0	0	0	0	0	0	584	0	0	0	0	0	
257400	Precentral_R	480	0	2836	12322	0	0	482	11592	0	0	0	8866	0	972	0	290	0	1512	3702	2626	0	0	0	0	0	0	0	0	0	7280	0	0	0	718	0	892	0	8760	0	2570	0	0	0	3974	0	2860	0	1076	0	3300	0	754	0	986	0	4300	0	8686	0	1878	0	488	0	806	0	0	0	9196	854	5388	1154	3442	0	5134	0	0	1150	4572	0	132	0	206	0	0	0	768	0	0	0	1062	0	0	0	0	0	0	0	134	0	0	0	0	0	0	0	0	0	0	0	0	500	0	0	0	0	0	
1.03253e+06	Frontal_Sup_L	13870	2836	0	15922	9578	0	77816	2312	3216	0	4952	348	12144	622	11688	728	6172	0	94394	27862	1850	0	51154	19026	2636	340	1460	168	28582	864	22480	11188	3920	16014	378	642	4732	164	886	0	122	0	0	0	0	0	292	0	0	0	420	0	0	0	776	0	2334	0	430	0	352	0	0	0	118	0	172	144	1548	596	8808	3016	25952	1082	4810	104	4728	106	1166	0	5416	0	1540	0	382	0	0	0	908	0	0	0	0	0	0	0	0	0	0	0	0	0	0	0	0	0	0	0	0	0	0	0	0	0	0	0	
825392	Frontal_Sup_R	0	12322	15922	0	0	5734	5082	32826	0	244	0	8412	222	15808	0	4302	0	2720	23960	68150	0	1400	14086	44298	0	3320	0	5646	530	14566	7496	32740	2024	18294	334	598	0	10224	0	4896	0	0	0	0	0	0	0	244	0	0	0	0	0	0	0	3410	0	0	0	0	0	0	0	0	0	0	0	0	102	286	540	21742	754	13468	416	2354	252	12570	0	0	116	134	0	0	0	0	0	0	0	0	0	0	0	0	0	0	0	152	0	0	0	0	0	0	0	0	0	0	0	0	0	0	0	0	0	0	
124548	Frontal_Sup_Orb_L	0	0	9578	0	0	0	1564	0	6428	0	0	0	126	0	8076	0	0	0	242	0	2734	852	5338	248	5466	0	7048	594	956	0	7942	1236	152	0	0	0	0	0	0	0	128	0	0	0	0	0	0	0	0	0	0	0	0	0	0	0	0	0	0	0	0	0	0	0	0	0	0	0	0	0	1220	672	1450	0	0	0	0	0	0	0	0	0	224	0	0	0	0	0	0	0	0	0	0	0	0	0	0	0	0	0	0	0	0	0	0	0	0	0	0	0	0	0	0	0	0	0	
105436	Frontal_Sup_Orb_R	0	0	0	5734	0	0	0	768	0	4254	0	0	0	350	0	3782	0	0	0	100	702	2992	388	3776	686	8246	768	12804	0	1588	1208	1770	0	0	0	0	0	0	0	0	0	0	0	0	0	0	0	0	0	0	0	0	0	0	0	0	0	0	0	0	0	0	0	0	0	0	0	0	0	0	460	1690	0	410	0	0	0	0	0	0	0	0	0	242	0	0	0	0	0	0	0	0	0	0	0	0	0	0	0	0	0	0	0	0	0	0	0	0	0	0	0	0	0	0	0	0	
731752	Frontal_Mid_L	23598	482	77816	5082	1564	0	0	734	9684	0	17072	448	45236	152	22788	324	5362	0	28894	5318	1410	0	14986	6040	0	0	0	0	41504	156	4248	1002	1190	2954	0	0	6216	0	1418	0	114	0	212	0	0	0	766	0	0	0	1020	0	122	0	1806	0	2980	0	846	0	654	0	108	0	264	0	294	0	512	0	5164	2884	11676	392	242	0	1218	150	2688	0	1494	0	2700	0	242	0	0	0	1650	0	0	0	0	0	0	0	0	0	0	0	0	0	0	0	0	0	0	0	0	0	0	0	0	0	0	0	
255648	Frontal_Mid_R	0	11592	2312	32826	0	768	734	0	0	510	0	13468	0	20920	0	3498	0	262	3480	5412	0	554	802	4454	0	0	0	562	0	9054	166	1066	0	1390	0	0	0	926	0	538	0	0	0	114	0	0	0	240	0	0	0	0	0	114	0	896	0	0	0	0	0	0	0	0	0	0	0	0	0	0	728	3358	0	4782	0	872	0	1276	0	0	0	0	0	0	0	0	0	0	0	150	0	0	0	0	0	0	0	0	0	0	0	0	0	0	0	0	0	0	0	0	0	0	0	0	0	0	
77008	Frontal_Mid_Orb_L	0	0	3216	0	6428	0	9684	0	0	0	0	0	3788	0	13380	0	0	0	0	0	0	0	376	0	374	0	638	0	256	0	0	0	0	0	0	0	0	0	0	0	0	0	0	0	0	0	0	0	0	0	0	0	0	0	0	0	0	0	0	0	0	0	0	0	0	0	0	0	0	0	0	0	0	0	0	0	0	0	0	0	0	0	364	0	0	0	0	0	0	0	0	0	0	0	0	0	0	0	0	0	0	0	0	0	0	0	0	0	0	0	0	0	0	0	0	0	
18420	Frontal_Mid_Orb_R	0	0	0	244	0	4254	0	510	0	0	0	0	0	368	0	3320	0	0	0	0	0	0	0	0	0	0	0	514	0	0	0	0	0	0	0	0	0	0	0	0	0	0	0	0	0	0	0	0	0	0	0	0	0	0	0	0	0	0	0	0	0	0	0	0	0	0	0	0	0	0	0	0	0	0	0	0	0	0	0	0	0	0	0	0	0	0	0	0	0	0	0	0	0	0	0	0	0	0	0	0	0	0	0	0	0	0	0	0	0	0	0	0	0	0	0	0	
164940	Frontal_Inf_Oper_L	13628	0	4952	0	0	0	17072	0	0	0	0	0	10446	0	406	0	9370	0	3728	0	0	0	116	0	0	0	0	0	12850	0	232	0	0	0	0	0	134	0	0	0	0	0	0	0	0	0	0	0	0	0	0	0	0	0	0	0	1818	0	0	0	0	0	0	0	0	0	0	0	0	0	476	0	874	0	0	0	0	0	202	0	3612	0	2554	0	0	0	0	0	0	0	0	0	0	0	0	0	0	0	0	0	0	0	0	0	0	0	0	0	0	0	0	0	0	0	0	0	
207272	Frontal_Inf_Oper_R	0	8866	348	8412	0	0	448	13468	0	0	0	0	0	15452	0	292	0	5196	1642	11740	0	0	0	152	0	0	0	0	0	15768	0	250	0	212	0	0	0	1894	0	716	0	0	0	0	0	0	0	356	0	0	0	0	0	0	0	1382	0	266	0	0	0	0	0	0	0	0	0	0	0	0	188	5040	0	8204	0	226	0	1636	0	176	0	658	0	648	0	0	0	0	0	0	0	0	0	0	0	0	0	0	0	0	0	0	0	0	0	0	0	0	0	0	0	0	0	0	0	0	
282132	Frontal_Inf_Tri_L	6940	0	12144	222	126	0	45236	0	3788	0	10446	0	0	0	16638	0	626	0	6702	224	194	0	306	246	0	0	0	0	29620	0	266	0	0	156	0	0	732	0	204	0	0	0	0	0	0	0	108	0	0	0	0	0	0	0	0	0	292	0	0	0	0	0	0	0	0	0	0	0	0	0	732	0	2608	0	0	0	314	0	652	0	422	0	1122	0	0	0	0	0	0	0	0	0	0	0	0	0	0	0	0	0	0	0	0	0	0	0	0	0	0	0	0	0	0	0	0	0	
190640	Frontal_Inf_Tri_R	0	972	622	15808	0	350	152	20920	0	368	0	15452	0	0	0	5318	0	240	1100	4902	0	486	340	864	0	0	0	542	0	15522	0	874	0	1174	0	0	0	798	0	480	0	0	0	0	0	0	0	0	0	0	0	0	0	0	0	212	0	0	0	0	0	0	0	0	0	0	0	0	0	0	0	1642	0	5740	0	442	0	0	0	0	0	0	0	0	0	0	0	0	0	0	0	0	0	0	0	0	0	0	0	0	0	0	0	0	0	0	0	0	0	0	0	0	0	0	0	0	
210972	Frontal_Inf_Orb_L	320	0	11688	0	8076	0	22788	0	13380	0	406	0	16638	0	0	0	0	0	972	0	3874	0	876	0	0	0	1002	0	16456	0	794	0	124	0	0	0	192	0	366	0	262	0	0	0	0	0	0	0	0	0	0	0	0	0	0	0	0	0	0	0	0	0	0	0	0	0	0	0	0	0	1074	0	3370	0	0	0	0	0	160	0	0	0	2668	0	0	0	0	0	0	0	0	0	0	0	0	0	0	0	0	0	0	0	0	0	0	0	0	0	0	0	0	0	0	0	0	0	
105560	Frontal_Inf_Orb_R	0	290	728	4302	0	3782	324	3498	0	3320	0	292	0	5318	0	0	0	0	1010	3280	488	1822	240	428	0	104	234	2010	0	6100	274	1106	0	200	0	0	0	0	0	0	0	0	0	0	0	0	0	0	0	0	0	0	0	0	0	0	0	0	0	0	0	0	0	0	0	0	0	0	0	0	362	6644	0	5154	0	886	0	164	0	0	0	0	0	420	0	0	0	0	0	0	0	0	0	0	0	0	0	0	0	0	0	0	0	0	0	0	0	0	0	0	0	0	0	0	0	0	
242128	Rolandic_Oper_L	15574	0	6172	0	0	0	5362	0	0	0	9370	0	626	0	0	0	0	0	5562	0	0	0	0	0	0	0	0	0	19436	0	0	0	0	0	0	0	412	0	840	0	0	0	0	0	0	0	0	0	0	0	2916	0	288	0	2662	0	14582	0	1754	0	2170	0	4536	0	1432	0	472	0	0	0	0	0	164	0	0	0	0	0	2774	0	14626	0	1354	0	2864	0	0	0	3418	0	1698	0	0	0	0	0	0	0	0	0	0	0	0	0	0	0	0	0	0	0	0	0	0	0	0	0	
81332	Rolandic_Oper_R	0	1512	0	2720	0	0	0	262	0	0	0	5196	0	240	0	0	0	0	716	5722	0	0	0	0	0	0	0	0	0	10330	0	0	0	0	0	0	0	124	0	0	0	0	0	0	0	0	0	0	0	0	0	0	0	0	0	0	0	3424	0	0	0	0	0	2038	0	0	0	0	0	0	0	402	0	2696	0	0	0	0	0	2576	0	1878	0	706	0	124	0	0	0	0	0	0	0	0	0	0	0	0	0	0	0	0	0	0	0	0	0	0	0	0	0	0	0	0	0	0	
808872	Supp_Motor_Area_L	8674	3702	94394	23960	242	0	28894	3480	0	0	3728	1642	6702	1100	972	1010	5562	716	0	59162	0	0	10130	13596	0	0	0	0	19184	2584	5912	5866	9580	26852	1656	2326	1302	376	282	0	0	0	0	0	180	0	0	0	0	0	352	0	0	0	802	128	1768	250	316	0	262	0	0	0	0	0	268	170	7232	1442	9790	4356	15682	2466	3334	136	2632	738	186	0	6268	132	190	0	426	0	0	0	1344	0	0	0	0	0	0	0	0	0	0	0	0	0	0	0	0	0	0	0	0	0	0	0	0	0	0	0	
843968	Supp_Motor_Area_R	1884	2626	27862	68150	0	100	5318	5412	0	0	0	11740	224	4902	0	3280	0	5722	59162	0	0	200	5600	16176	0	0	0	316	592	13466	1602	13238	7830	45830	1814	2828	0	4588	0	2366	0	0	0	590	0	0	0	882	0	0	0	0	0	0	0	1416	0	1478	0	0	0	0	0	0	0	0	230	1836	12334	13398	1362	33486	1032	14916	620	2552	692	21242	0	0	156	578	0	356	0	0	0	0	0	0	0	0	0	0	0	0	0	0	0	0	0	0	0	0	0	0	0	0	0	0	0	0	0	0	0	0	
99156	Olfactory_L	0	0	1850	0	2734	702	1410	0	0	0	0	0	194	0	3874	488	0	0	0	0	0	5748	166	0	0	0	5284	1852	5260	500	2980	2348	0	0	0	0	180	0	598	0	496	0	0	0	0	0	0	0	0	0	0	0	0	0	114	0	0	0	0	0	0	0	0	0	0	0	0	0	0	0	6018	4248	1724	96	0	0	0	0	0	0	114	0	468	132	0	0	0	0	0	0	0	0	0	0	0	0	0	0	0	0	0	0	0	0	0	0	0	0	0	0	0	0	0	0	0	0	
109716	Olfactory_R	0	0	0	1400	852	2992	0	554	0	0	0	0	0	486	0	1822	0	0	0	200	5748	0	0	274	0	210	3724	6586	0	2802	2202	2984	0	0	0	0	0	0	0	0	0	0	0	0	0	0	0	0	0	0	0	0	0	0	0	0	0	0	0	0	0	0	0	0	0	0	0	0	0	0	7924	9442	2914	1466	0	0	0	0	0	0	0	0	0	276	0	0	0	0	0	0	0	0	0	0	0	0	0	0	0	0	0	0	0	0	0	0	0	0	0	0	0	0	0	0	0	0	
436412	Frontal_Sup_Medial_L	0	0	51154	14086	5338	388	14986	802	376	0	116	0	306	340	876	240	0	0	10130	5600	166	0	0	32398	2924	1646	804	394	650	604	27946	20962	3686	10514	0	0	0	0	0	0	0	0	0	0	0	0	0	0	0	0	0	0	0	0	0	0	0	0	0	0	0	0	0	0	0	0	0	0	0	0	894	2162	6670	878	0	170	0	0	0	0	0	0	0	0	0	0	0	0	0	0	0	0	0	0	0	0	0	0	0	0	0	0	0	0	0	0	0	0	0	0	0	0	0	0	0	0	
452768	Frontal_Sup_Medial_R	0	0	19026	44298	248	3776	6040	4454	0	0	0	152	246	864	0	428	0	0	13596	16176	0	274	32398	0	486	6908	0	3724	466	1394	10012	30204	1238	16310	0	0	0	0	0	0	0	0	0	0	0	0	0	0	0	0	0	0	0	0	0	0	0	0	0	0	0	0	0	0	0	0	0	0	0	0	146	8154	312	4488	0	376	0	190	0	0	0	0	0	0	0	0	0	0	0	0	0	0	0	0	0	0	0	0	0	0	0	0	0	0	0	0	0	0	0	0	0	0	0	0	0	0	
46320	Frontal_Med_Orb_L	0	0	2636	0	5466	686	0	0	374	0	0	0	0	0	0	0	0	0	0	0	0	0	2924	486	0	1426	2882	322	0	0	4860	282	0	0	0	0	0	0	0	0	0	0	0	0	0	0	0	0	0	0	0	0	0	0	0	0	0	0	0	0	0	0	0	0	0	0	0	0	0	0	146	0	670	0	0	0	0	0	0	0	0	0	0	0	0	0	0	0	0	0	0	0	0	0	0	0	0	0	0	0	0	0	0	0	0	0	0	0	0	0	0	0	0	0	0	0	
84800	Frontal_Med_Orb_R	0	0	340	3320	0	8246	0	0	0	0	0	0	0	0	0	104	0	0	0	0	0	210	1646	6908	1426	0	744	9168	0	124	2902	5952	0	0	0	0	0	0	0	0	0	0	0	0	0	0	0	0	0	0	0	0	0	0	0	0	0	0	0	0	0	0	0	0	0	0	0	0	0	0	0	794	0	516	0	0	0	0	0	0	0	0	0	0	0	0	0	0	0	0	0	0	0	0	0	0	0	0	0	0	0	0	0	0	0	0	0	0	0	0	0	0	0	0	0	0	
84552	Rectus_L	0	0	1460	0	7048	768	0	0	638	0	0	0	0	0	1002	234	0	0	0	0	5284	3724	804	0	2882	744	0	1998	358	230	5438	2022	0	0	0	0	0	0	0	0	0	0	0	0	0	0	0	0	0	0	0	0	0	0	0	0	0	0	0	0	0	0	0	0	0	0	0	0	0	0	4054	2524	958	0	0	0	0	0	0	0	0	0	106	0	0	0	0	0	0	0	0	0	0	0	0	0	0	0	0	0	0	0	0	0	0	0	0	0	0	0	0	0	0	0	0	0	
138416	Rectus_R	0	0	168	5646	594	12804	0	562	0	514	0	0	0	542	0	2010	0	0	0	316	1852	6586	394	3724	322	9168	1998	0	0	2398	2360	7340	0	0	0	0	0	0	0	0	0	0	0	0	0	0	0	0	0	0	0	0	0	0	0	0	0	0	0	0	0	0	0	0	0	0	0	0	0	0	972	6102	108	2494	0	0	0	0	0	0	0	0	0	234	0	0	0	0	0	0	0	0	0	0	0	0	0	0	0	0	0	0	0	0	0	0	0	0	0	0	0	0	0	0	0	0	
621832	Insula_L	18278	0	28582	530	956	0	41504	0	256	0	12850	0	29620	0	16456	0	19436	0	19184	592	5260	0	650	466	0	0	358	0	0	0	318	170	126	374	102	0	11530	0	2380	0	2728	0	106	0	0	0	998	0	0	0	3438	0	322	0	7448	0	8504	0	2208	0	2168	0	1674	0	1508	0	576	0	370	0	4448	0	15728	0	130	0	2384	0	10486	0	16876	0	5640	0	2294	0	0	0	9080	0	1824	0	0	0	0	0	0	0	0	0	0	0	0	0	0	0	0	0	0	0	0	0	0	0	0	0	
329964	Insula_R	0	7280	864	14566	0	1588	156	9054	0	0	0	15768	0	15522	0	6100	0	10330	2584	13466	500	2802	604	1394	0	124	230	2398	0	0	216	1464	108	2188	0	0	0	4452	0	2126	0	136	0	154	0	0	0	136	0	0	0	0	0	160	0	2674	0	1264	0	0	0	0	0	414	0	0	0	162	0	0	318	5024	0	27562	0	254	0	1274	0	2746	0	3800	0	1562	0	1332	0	0	0	126	0	0	0	0	0	0	0	0	0	0	0	0	0	0	0	0	0	0	0	0	0	0	0	0	0	0	
330736	Cingulum_Ant_L	106	0	22480	7496	7942	1208	4248	166	0	0	232	0	266	0	794	274	0	0	5912	1602	2980	2202	27946	10012	4860	2902	5438	2360	318	216	0	24658	4280	5246	0	0	0	0	0	0	0	0	0	0	0	0	0	0	0	0	0	0	0	0	0	0	0	0	0	0	0	0	0	0	0	0	0	0	0	0	5228	4686	8640	568	0	102	0	0	0	0	0	0	0	0	0	0	0	0	0	0	0	0	0	0	0	0	0	0	0	0	0	0	0	0	0	0	0	0	0	0	0	0	0	0	0	0	
458520	Cingulum_Ant_R	0	0	11188	32740	1236	1770	1002	1066	0	0	0	250	0	874	0	1106	0	0	5866	13238	2348	2984	20962	30204	282	5952	2022	7340	170	1464	24658	0	3044	16306	0	116	0	0	0	0	0	0	0	0	0	0	0	0	0	0	0	0	0	0	0	0	0	0	0	0	0	0	0	0	0	0	0	0	0	0	3436	21646	2058	11316	334	1602	0	680	0	0	0	0	0	0	0	0	0	0	0	0	0	0	0	0	0	0	0	0	0	0	0	0	0	0	0	0	0	0	0	0	0	0	0	0	0	0	
139544	Cingulum_Mid_L	224	0	3920	2024	152	0	1190	0	0	0	0	0	0	0	124	0	0	0	9580	7830	0	0	3686	1238	0	0	0	0	126	108	4280	3044	0	13856	6610	2846	0	0	0	0	0	0	0	0	906	0	0	0	272	0	344	0	0	0	0	0	328	258	562	0	0	0	0	0	0	0	2562	682	2094	472	0	204	250	0	0	0	0	0	0	0	0	0	0	0	0	0	0	0	0	0	0	0	0	0	0	0	0	0	0	0	0	0	0	0	0	0	0	0	0	0	0	0	0	0	0	0	
464840	Cingulum_Mid_R	1510	718	16014	18294	0	0	2954	1390	0	0	0	212	156	1174	0	200	0	0	26852	45830	0	0	10514	16310	0	0	0	0	374	2188	5246	16306	13856	0	2378	7662	0	0	0	0	0	0	0	922	0	0	0	1056	0	0	0	0	0	0	0	0	0	1576	0	0	0	0	0	0	0	0	666	5810	10424	12620	1036	3356	544	1008	378	202	428	2058	0	0	0	0	0	0	0	0	0	0	0	0	0	0	0	0	0	0	0	0	0	0	0	0	0	0	0	0	0	0	0	0	198	0	0	0	0	0	
121668	Cingulum_Post_L	1642	0	378	334	0	0	0	0	0	0	0	0	0	0	0	0	0	0	1656	1814	0	0	0	0	0	0	0	0	102	0	0	0	6610	2378	0	8902	2556	1500	1126	252	0	0	2380	0	2826	0	800	288	0	0	1068	0	146	0	648	1004	2342	426	832	0	682	0	0	0	486	0	7418	2612	4230	514	0	0	0	0	0	0	1018	0	0	0	0	0	0	0	392	0	0	0	284	0	148	0	0	0	0	0	0	0	0	0	0	0	0	0	0	0	0	0	0	0	1040	0	0	0	0	0	
156156	Cingulum_Post_R	1026	892	642	598	0	0	0	0	0	0	0	0	0	0	0	0	0	0	2326	2828	0	0	0	0	0	0	0	0	0	0	0	116	2846	7662	8902	0	978	4350	0	1046	0	0	0	1182	182	144	0	5886	0	0	0	0	0	178	0	3172	0	3552	0	372	0	0	0	0	0	0	740	13886	352	3486	548	1196	0	0	0	0	3098	1544	0	0	0	0	0	0	0	0	0	0	0	152	0	0	0	0	0	0	0	290	0	0	0	0	0	0	0	0	0	0	0	0	3906	0	0	0	0	0	
281208	Hippocampus_L	13540	0	4732	0	0	0	6216	0	0	0	134	0	732	0	192	0	412	0	1302	0	180	0	0	0	0	0	0	0	11530	0	0	0	0	0	2556	978	0	138	12546	0	6556	0	1378	0	206	0	5232	96	0	0	226	0	324	0	18642	0	1608	0	248	0	222	0	0	0	0	0	2942	218	1120	0	876	0	11780	0	476	0	5424	0	6178	0	2904	0	480	0	394	0	128	0	13580	0	552	0	168	0	0	0	994	0	810	0	120	0	214	0	314	0	0	0	0	0	1006	0	0	0	0	0	
310080	Hippocampus_R	398	8760	164	10224	0	0	0	926	0	0	0	1894	0	798	0	0	0	124	376	4588	0	0	0	0	0	0	0	0	0	4452	0	0	0	0	1500	4350	138	0	0	34324	0	6608	0	0	0	0	0	3352	0	0	0	0	0	0	0	36116	0	506	0	0	0	0	0	0	0	0	0	2894	340	900	108	154	0	12840	0	0	1146	5826	0	530	0	1064	0	928	0	1538	0	570	0	3380	0	166	0	0	0	0	0	2156	0	164	0	0	0	0	0	0	0	0	0	0	738	0	0	0	0	0	
126084	ParaHippocampal_L	3248	0	886	0	0	0	1418	0	0	0	0	0	204	0	366	0	840	0	282	0	598	0	0	0	0	0	0	0	2380	0	0	0	0	0	1126	0	12546	0	0	0	2268	0	1228	0	114	0	3972	130	0	0	216	0	684	0	11162	0	2114	122	132	0	196	0	542	0	0	0	2176	0	1428	124	0	0	1372	0	0	0	342	0	620	0	544	0	268	0	0	0	192	0	2320	0	2166	0	222	0	296	124	1506	0	1168	0	126	0	238	0	386	0	0	0	214	276	160	0	0	0	0	0	
223464	ParaHippocampal_R	0	2570	0	4896	0	0	0	538	0	0	0	716	0	480	0	0	0	0	0	2366	0	0	0	0	0	0	0	0	0	2126	0	0	0	0	252	1046	0	34324	0	0	0	5606	0	240	0	0	0	4904	0	0	0	0	0	0	0	27414	0	158	0	0	0	0	0	0	0	0	0	1984	0	378	0	0	0	7700	0	0	0	3290	0	372	0	220	0	2020	0	418	0	1076	0	1630	0	190	0	126	0	210	0	3246	0	564	0	0	0	122	0	0	0	0	0	0	550	0	0	0	0	0	
37576	Amygdala_L	0	0	122	0	128	0	114	0	0	0	0	0	0	0	262	0	0	0	0	0	496	0	0	0	0	0	0	0	2728	0	0	0	0	0	0	0	6556	0	2268	0	0	0	0	0	0	0	0	0	0	0	0	0	0	0	3698	0	0	0	0	0	0	0	0	0	0	0	0	0	0	0	0	0	376	0	0	0	0	0	0	0	532	0	348	0	0	0	116	0	1044	0	0	0	0	0	0	0	0	0	0	0	0	0	0	0	0	0	0	0	0	0	0	0	0	0	0	0	
35308	Amygdala_R	0	0	0	0	0	0	0	0	0	0	0	0	0	0	0	0	0	0	0	0	0	0	0	0	0	0	0	0	0	136	0	0	0	0	0	0	0	6608	0	5606	0	0	0	0	0	0	0	0	0	0	0	0	0	0	0	3460	0	0	0	0	0	0	0	0	0	0	0	0	0	0	0	0	0	484	0	0	0	0	0	0	0	0	0	1102	0	96	0	0	0	162	0	0	0	0	0	0	0	0	0	0	0	0	0	0	0	0	0	0	0	0	0	0	0	0	0	0	
221192	Calcarine_L	390	0	0	0	0	0	212	0	0	0	0	0	0	0	0	0	0	0	0	0	0	0	0	0	0	0	0	0	106	0	0	0	0	0	2380	0	1378	0	1228	0	0	0	0	9188	17002	7420	13074	4270	11716	2334	10712	234	4400	0	4106	0	528	0	294	656	488	0	0	0	316	0	10058	1894	132	0	0	0	140	0	0	0	130	0	0	0	268	0	0	0	3000	0	0	0	2042	0	500	0	0	0	0	0	0	0	0	0	0	0	0	0	0	0	0	0	0	0	0	0	0	0	0	0	
489648	Calcarine_R	0	3974	0	0	0	0	0	114	0	0	0	0	0	0	0	0	0	0	0	590	0	0	0	0	0	0	0	0	0	154	0	0	0	922	0	1182	0	0	0	240	0	0	9188	0	8268	37056	3730	26176	104	31394	0	17116	0	13744	0	9134	0	5888	0	8602	0	2528	0	1144	0	2274	5792	35920	0	1872	0	118	0	0	0	0	0	134	0	136	0	1270	0	0	0	10908	0	0	0	4658	0	0	0	0	0	0	0	0	0	102	0	0	0	0	0	0	0	0	0	0	220	172	0	0	0	0	
304112	Cuneus_L	0	0	0	0	0	0	0	0	0	0	0	0	0	0	0	0	0	0	180	0	0	0	0	0	0	0	0	0	0	0	0	0	906	0	2826	182	206	0	114	0	0	0	17002	8268	0	12904	2664	764	31098	5262	17676	1924	7284	1264	2132	608	316	0	2096	126	230	0	0	0	172	0	27016	3816	838	0	0	0	0	0	0	0	0	0	0	0	168	0	0	0	1708	1242	0	0	840	0	224	0	0	0	0	0	0	0	0	0	0	0	0	0	0	0	0	0	0	0	0	0	0	0	0	0	
360868	Cuneus_R	0	2860	0	0	0	0	0	0	0	0	0	0	0	0	0	0	0	0	0	0	0	0	0	0	0	0	0	0	0	0	0	0	0	0	0	144	0	0	0	0	0	0	7420	37056	12904	0	2296	8458	122	37382	0	15044	0	4260	0	1448	0	3588	0	6422	0	262	0	362	0	566	8562	23082	0	624	0	0	0	0	0	0	0	0	0	0	0	0	0	0	0	6678	0	0	0	766	0	0	0	0	0	0	0	0	0	0	0	0	0	0	0	0	0	0	0	0	0	128	0	0	0	0	
311128	Lingual_L	694	0	292	0	0	0	766	0	0	0	0	0	108	0	0	0	0	0	0	0	0	0	0	0	0	0	0	0	998	0	0	0	0	0	800	0	5232	0	3972	0	0	0	13074	3730	2664	2296	0	4538	5982	1568	14280	204	8936	0	14758	142	114	0	200	576	0	0	0	0	0	0	5210	448	0	0	0	0	1082	0	0	0	2070	0	202	0	176	0	0	0	0	0	0	0	750	0	12278	3396	108	434	242	0	11458	1726	16970	3658	0	0	0	0	0	0	0	0	0	0	4056	2416	2960	0	0	0	
362044	Lingual_R	0	1076	0	244	0	0	0	240	0	0	0	356	0	0	0	0	0	0	0	882	0	0	0	0	0	0	0	0	0	136	0	0	0	1056	288	5886	96	3352	130	4904	0	0	4270	26176	764	8458	4538	0	0	7800	0	4522	0	9112	142	20956	0	3680	0	2096	0	124	0	98	0	0	686	18192	0	1842	0	260	0	0	0	0	130	1018	0	100	0	366	0	0	0	260	0	0	0	686	1466	7552	172	290	0	392	560	7670	2370	9948	0	0	0	0	0	0	0	0	0	0	7068	5956	2656	0	0	0	
269676	Occipital_Sup_L	212	0	0	0	0	0	0	0	0	0	0	0	0	0	0	0	0	0	0	0	0	0	0	0	0	0	0	0	0	0	0	0	272	0	0	0	0	0	0	0	0	0	11716	104	31098	122	5982	0	0	0	40802	0	10546	0	2088	0	1496	0	9602	0	2350	0	0	0	358	0	16520	150	0	0	0	0	0	0	0	0	0	0	0	0	0	0	0	0	1242	0	0	0	178	0	0	0	0	0	0	0	0	0	0	0	0	0	0	0	0	0	0	0	0	0	0	0	0	0	0	0	
391160	Occipital_Sup_R	0	3300	0	0	0	0	0	0	0	0	0	0	0	0	0	0	0	0	0	0	0	0	0	0	0	0	0	0	0	0	0	0	0	0	0	0	0	0	0	0	0	0	2334	31394	5262	37382	1568	7800	0	0	0	25388	0	4548	0	1544	0	4818	0	17804	0	4326	0	640	0	7504	4506	23432	0	254	0	0	0	0	0	0	0	0	0	0	0	570	0	0	0	9996	0	0	0	934	0	0	0	0	0	0	0	0	0	0	0	0	0	0	0	0	0	0	0	0	114	162	0	0	0	0	
587584	Occipital_Mid_L	4714	0	420	0	0	0	1020	0	0	0	0	0	0	0	0	0	2916	0	352	0	0	0	0	0	0	0	0	0	3438	0	0	0	344	0	1068	0	226	0	216	0	0	0	10712	0	17676	0	14280	0	40802	0	0	0	29864	0	7310	0	19492	0	28800	0	28588	0	1842	0	24544	0	16616	0	556	0	316	0	106	0	0	0	0	0	216	0	6516	0	0	0	27054	0	0	0	3072	0	600	0	0	0	0	0	0	0	116	0	0	0	0	0	0	0	0	0	0	0	0	0	0	0	0	0	
234560	Occipital_Mid_R	0	754	0	0	0	0	0	0	0	0	0	0	0	0	0	0	0	0	0	0	0	0	0	0	0	0	0	0	0	0	0	0	0	0	0	0	0	0	0	0	0	0	234	17116	1924	15044	204	4522	0	25388	0	0	0	5008	0	1272	0	850	0	5584	0	3846	0	284	0	8052	1582	9006	0	148	0	0	0	0	0	0	0	0	0	0	0	188	0	0	0	15398	0	0	0	876	0	0	0	0	0	0	0	0	0	0	0	0	0	0	0	0	0	0	0	0	0	0	0	0	0	0	
212760	Occipital_Inf_L	304	0	0	0	0	0	122	0	0	0	0	0	0	0	0	0	288	0	0	0	0	0	0	0	0	0	0	0	322	0	0	0	0	0	146	0	324	0	684	0	0	0	4400	0	7284	0	8936	0	10546	0	29864	0	0	0	13666	0	876	0	1846	0	1288	0	0	0	1036	0	5502	0	184	0	0	0	104	0	0	0	0	0	264	0	1548	0	0	0	9078	0	0	0	6692	0	960	0	0	0	0	0	0	0	116	0	0	0	0	0	0	0	0	0	0	0	0	0	0	0	0	0	
152808	Occipital_Inf_R	0	986	0	0	0	0	0	114	0	0	0	0	0	0	0	0	0	0	0	0	0	0	0	0	0	0	0	0	0	160	0	0	0	0	0	178	0	0	0	0	0	0	0	13744	1264	4260	0	9112	0	4548	0	5008	0	0	0	12928	0	1896	0	1780	0	2416	0	1336	0	1352	1278	5876	0	196	0	0	0	0	0	0	0	0	0	160	0	960	0	0	0	1770	0	0	0	4482	0	0	0	0	0	0	0	0	0	176	0	0	0	0	0	0	0	0	0	0	158	156	110	0	0	0	
477680	Fusiform_L	3434	0	776	0	0	0	1806	0	0	0	0	0	0	0	0	0	2662	0	802	0	114	0	0	0	0	0	0	0	7448	0	0	0	0	0	648	0	18642	0	11162	0	3698	0	4106	0	2132	0	14758	142	2088	0	7310	0	13666	0	0	0	5660	112	1590	0	1344	0	826	0	198	0	3806	0	1358	114	0	0	5342	0	0	0	504	0	3656	0	3520	0	3310	0	4476	0	2088	0	34458	0	25742	496	1680	0	138	0	13790	576	22466	620	614	0	628	0	1098	0	0	0	0	0	2556	322	228	0	0	130	
510460	Fusiform_R	0	4300	0	3410	0	0	0	896	0	0	0	1382	0	212	0	0	0	0	128	1416	0	0	0	0	0	0	0	0	0	2674	0	0	0	0	1004	3172	0	36116	0	27414	0	3460	0	9134	608	1448	142	20956	0	1544	0	1272	0	12928	0	0	0	1538	0	1174	0	1904	0	778	0	1574	608	6094	336	1030	0	164	0	5968	0	0	0	1992	0	1688	0	3322	0	4198	0	5554	0	3358	0	16642	266	19648	0	2228	0	290	302	10130	360	23534	0	204	0	922	0	504	0	0	0	0	3024	1454	826	0	0	0	
394856	Postcentral_L	30810	0	2334	0	0	0	2980	0	0	0	1818	0	292	0	0	0	14582	0	1768	0	0	0	0	0	0	0	0	0	8504	0	0	0	328	0	2342	0	1608	0	2114	0	0	0	528	0	316	0	114	0	1496	0	19492	0	876	0	5660	0	0	134	20648	0	27390	0	10988	0	5282	0	4908	0	4918	144	386	0	700	0	0	0	276	0	1800	0	8982	0	0	0	5594	0	0	0	5050	0	2266	0	0	0	0	0	0	0	0	0	0	0	0	0	0	0	0	0	0	0	0	0	0	0	0	0	
212460	Postcentral_R	956	8686	0	0	0	0	0	0	0	0	0	266	0	0	0	0	0	3424	250	1478	0	0	0	0	0	0	0	0	0	1264	0	0	258	1576	426	3552	0	506	122	158	0	0	0	5888	0	3588	0	3680	0	4818	0	850	0	1896	112	1538	134	0	0	7044	0	6510	0	8860	0	292	0	15184	3614	12702	0	1094	0	0	0	0	0	1516	0	650	0	1044	0	0	0	1076	0	0	0	682	0	0	0	0	0	0	0	0	0	0	0	0	0	0	0	0	0	0	0	0	536	0	0	0	0	0	
249680	Parietal_Sup_L	4244	0	430	0	0	0	846	0	0	0	0	0	0	0	0	0	1754	0	316	0	0	0	0	0	0	0	0	0	2208	0	0	0	562	0	832	0	248	0	132	0	0	0	294	0	2096	0	200	0	9602	0	28800	0	1846	0	1590	0	20648	0	0	0	21828	0	280	0	6106	0	11534	0	178	0	290	0	150	0	0	0	0	0	160	0	1968	0	0	0	3202	0	0	0	1726	0	770	0	0	0	0	0	0	0	0	0	0	0	0	0	0	0	0	0	0	0	0	0	0	0	0	0	
186048	Parietal_Sup_R	0	1878	0	0	0	0	0	0	0	0	0	0	0	0	0	0	0	0	0	0	0	0	0	0	0	0	0	0	0	0	0	0	0	0	0	372	0	0	0	0	0	0	656	8602	126	6422	576	2096	0	17804	0	5584	0	1780	0	1174	0	7044	0	0	0	9540	0	1534	0	8690	130	14240	0	0	0	0	0	0	0	0	0	0	0	0	0	476	0	0	0	3920	0	0	0	380	0	0	0	0	0	0	0	0	0	0	0	0	0	0	0	0	0	0	0	0	0	0	0	0	0	0	
313376	Parietal_Inf_L	3962	0	352	0	0	0	654	0	0	0	0	0	0	0	0	0	2170	0	262	0	0	0	0	0	0	0	0	0	2168	0	0	0	0	0	682	0	222	0	196	0	0	0	488	0	230	0	0	0	2350	0	28588	0	1288	0	1344	0	27390	0	21828	0	0	0	11016	0	26078	0	1264	0	0	0	122	0	136	0	0	0	0	0	152	0	4874	0	0	0	15198	0	0	0	3116	0	558	0	0	0	0	0	0	0	0	0	0	0	0	0	0	0	0	0	0	0	0	0	0	0	0	0	
116328	Parietal_Inf_R	0	488	0	0	0	0	0	0	0	0	0	0	0	0	0	0	0	0	0	0	0	0	0	0	0	0	0	0	0	0	0	0	0	0	0	0	0	0	0	0	0	0	0	2528	0	262	0	124	0	4326	0	3846	0	2416	0	1904	0	6510	0	9540	0	0	0	9710	0	11528	0	1446	0	0	0	0	0	0	0	0	0	0	0	0	0	240	0	0	0	2334	0	0	0	962	0	0	0	0	0	0	0	0	0	0	0	0	0	0	0	0	0	0	0	0	0	0	0	0	0	0	
109384	SupraMarginal_L	1874	0	0	0	0	0	108	0	0	0	0	0	0	0	0	0	4536	0	0	0	0	0	0	0	0	0	0	0	1674	0	0	0	0	0	0	0	0	0	542	0	0	0	0	0	0	0	0	0	0	0	1842	0	0	0	826	0	10988	0	280	0	11016	0	0	0	4030	0	0	0	0	0	0	0	0	0	0	0	0	0	274	0	9234	0	0	0	5376	0	0	0	1414	0	678	0	0	0	0	0	0	0	0	0	0	0	0	0	0	0	0	0	0	0	0	0	0	0	0	0	
80740	SupraMarginal_R	0	806	0	0	0	0	0	0	0	0	0	0	0	0	0	0	0	2038	0	0	0	0	0	0	0	0	0	0	0	414	0	0	0	0	0	0	0	0	0	0	0	0	0	1144	0	362	0	98	0	640	0	284	0	1336	0	778	0	8860	0	1534	0	9710	0	0	0	3634	0	1664	0	0	0	0	0	0	0	0	0	0	0	546	0	3414	0	0	0	1958	0	0	0	1150	0	0	0	0	0	0	0	0	0	0	0	0	0	0	0	0	0	0	0	0	0	0	0	0	0	0	
187644	Angular_L	2034	0	118	0	0	0	264	0	0	0	0	0	0	0	0	0	1432	0	0	0	0	0	0	0	0	0	0	0	1508	0	0	0	0	0	486	0	0	0	0	0	0	0	316	0	172	0	0	0	358	0	24544	0	1036	0	198	0	5282	0	6106	0	26078	0	4030	0	0	0	276	0	0	0	0	0	0	0	0	0	0	0	0	0	2570	0	0	0	14990	0	0	0	2024	0	0	0	0	0	0	0	0	0	0	0	0	0	0	0	0	0	0	0	0	0	0	0	0	0	0	0	
106840	Angular_R	0	0	0	0	0	0	0	0	0	0	0	0	0	0	0	0	0	0	0	0	0	0	0	0	0	0	0	0	0	0	0	0	0	0	0	0	0	0	0	0	0	0	0	2274	0	566	0	0	0	7504	0	8052	0	1352	0	1574	0	292	0	8690	0	11528	0	3634	0	0	0	1218	0	0	0	0	0	0	0	0	0	0	0	0	0	1774	0	0	0	4962	0	0	0	0	0	0	0	0	0	0	0	0	0	0	0	0	0	0	0	0	0	0	0	0	0	0	0	0	0	0	
321776	Precuneus_L	1176	0	172	0	0	0	294	0	0	0	0	0	0	0	0	0	472	0	268	230	0	0	0	0	0	0	0	0	576	0	0	0	2562	666	7418	740	2942	0	2176	0	0	0	10058	5792	27016	8562	5210	686	16520	4506	16616	1582	5502	1278	3806	608	4908	0	11534	130	1264	0	0	0	276	0	0	7062	2274	488	112	0	164	0	0	0	0	0	0	0	330	0	0	0	1530	1000	0	0	1566	0	594	0	0	0	0	0	0	0	0	0	0	0	0	0	0	0	0	0	0	0	222	0	0	0	0	0	
477396	Precuneus_R	202	9196	144	0	0	0	0	0	0	0	0	0	0	0	0	0	0	0	170	1836	0	0	0	0	0	0	0	0	0	162	0	0	682	5810	2612	13886	218	2894	0	1984	0	0	1894	35920	3816	23082	448	18192	150	23432	0	9006	0	5876	0	6094	0	15184	0	14240	0	1446	0	1664	0	1218	7062	0	346	9362	0	298	0	0	0	0	406	568	0	124	0	928	0	0	0	9104	0	0	0	3414	0	0	0	0	0	0	0	1212	0	0	0	0	0	0	0	0	0	0	0	0	4416	0	0	0	0	0	
163124	Paracentral_Lobule_L	9814	854	1548	102	0	0	512	0	0	0	0	0	0	0	0	0	0	0	7232	12334	0	0	0	0	0	0	0	0	370	0	0	0	2094	10424	4230	352	1120	340	1428	0	0	0	132	0	838	0	0	0	0	0	556	0	184	0	1358	336	4918	3614	178	0	0	0	0	0	0	0	2274	346	0	8938	576	248	300	0	328	0	1494	246	300	0	136	0	0	0	444	0	0	0	628	0	436	0	0	0	0	0	0	0	0	0	0	0	0	0	0	0	0	0	0	0	0	0	0	0	0	0	
173720	Paracentral_Lobule_R	1958	5388	596	286	0	0	0	0	0	0	0	0	0	0	0	0	0	0	1442	13398	0	0	0	0	0	0	0	0	0	0	0	0	472	12620	514	3486	0	900	124	378	0	0	0	1872	0	624	0	1842	0	254	0	148	0	196	114	1030	144	12702	0	0	0	0	0	0	0	0	488	9362	8938	0	556	2032	0	0	0	0	1418	2998	0	0	0	0	0	0	0	190	0	0	0	0	0	0	0	0	0	0	0	0	0	0	0	0	0	0	0	0	0	0	0	0	390	0	0	0	0	0	
217168	Caudate_L	1408	1154	8808	540	1220	460	5164	728	0	0	476	188	732	0	1074	362	0	0	9790	1362	6018	7924	894	146	146	0	4054	972	4448	318	5228	3436	0	1036	0	548	876	108	0	0	0	0	0	0	0	0	0	0	0	0	316	0	0	0	0	0	386	0	290	0	122	0	0	0	0	0	112	0	576	556	0	12156	11708	1162	1560	0	8766	152	902	0	0	0	106	96	0	0	0	0	0	0	0	0	0	0	0	0	0	0	0	0	0	0	0	0	0	0	0	0	0	0	0	0	0	0	0	0	
474980	Caudate_R	168	3442	3016	21742	672	1690	2884	3358	0	0	0	5040	0	1642	0	6644	0	402	4356	33486	4248	9442	2162	8154	0	794	2524	6102	0	5024	4686	21646	204	3356	0	1196	0	154	0	0	0	0	0	118	0	0	0	260	0	0	0	0	0	0	0	164	0	1094	0	0	0	0	0	0	0	0	0	298	248	2032	12156	0	4204	27194	0	5084	0	26196	0	0	0	0	0	208	0	0	0	0	0	0	0	0	0	0	0	0	0	0	0	0	0	0	0	0	0	0	0	0	0	0	0	0	0	0	0	0	
321764	Putamen_L	2152	0	25952	754	1450	0	11676	0	0	0	874	0	2608	0	3370	0	164	0	15682	1032	1724	2914	6670	312	670	0	958	108	15728	0	8640	2058	250	544	0	0	11780	0	1372	0	376	0	140	0	0	0	1082	0	0	0	106	0	104	0	5342	0	700	0	150	0	136	0	0	0	0	0	164	0	300	0	11708	4204	0	112	4082	0	1678	0	860	0	2158	0	1098	0	428	0	0	0	6402	0	110	0	0	0	0	0	0	0	0	0	0	0	0	0	0	0	0	0	0	0	0	0	0	0	0	0	
361164	Putamen_R	0	5134	1082	13468	0	410	392	4782	0	0	0	8204	0	5740	0	5154	0	2696	2466	14916	96	1466	878	4488	0	516	0	2494	0	27562	568	11316	0	1008	0	0	0	12840	0	7700	0	484	0	0	0	0	0	0	0	0	0	0	0	0	0	5968	0	0	0	0	0	0	0	0	0	0	0	0	0	0	1162	27194	112	0	0	7214	0	546	0	276	0	646	0	634	0	168	0	230	0	406	0	0	0	0	0	0	0	166	0	0	0	0	0	0	0	0	0	0	0	0	0	0	0	0	0	0	
37308	Pallidum_L	240	0	4810	416	0	0	242	0	0	0	0	0	0	0	0	0	0	0	3334	620	0	0	0	0	0	0	0	0	130	0	0	334	0	378	0	0	476	0	0	0	0	0	0	0	0	0	0	0	0	0	0	0	0	0	0	0	0	0	0	0	0	0	0	0	0	0	0	0	328	0	1560	0	4082	0	0	0	1704	0	0	0	0	0	0	0	0	0	0	0	0	0	0	0	0	0	0	0	0	0	0	0	0	0	0	0	0	0	0	0	0	0	0	0	0	0	0	0	
45524	Pallidum_R	0	0	104	2354	0	0	0	872	0	0	0	226	0	442	0	886	0	0	136	2552	0	0	170	376	0	0	0	0	0	254	102	1602	0	202	0	0	0	0	0	0	0	0	0	0	0	0	0	0	0	0	0	0	0	0	0	0	0	0	0	0	0	0	0	0	0	0	0	0	0	0	0	5084	0	7214	0	0	0	186	0	0	0	0	0	0	0	0	0	0	0	0	0	0	0	0	0	0	0	0	0	0	0	0	0	0	0	0	0	0	0	0	0	0	0	0	0	0	
102008	Thalamus_L	5126	1150	4728	252	0	0	1218	0	0	0	0	0	314	0	0	0	0	0	2632	692	0	0	0	0	0	0	0	0	2384	0	0	0	0	428	1018	3098	5424	1146	342	0	0	0	130	0	0	0	2070	130	0	0	0	0	0	0	504	0	276	0	0	0	0	0	0	0	0	0	0	406	1494	1418	8766	0	1678	0	1704	0	0	114	1362	0	270	0	0	0	0	0	0	0	366	0	0	0	0	0	0	0	0	0	0	0	0	0	0	0	0	0	0	0	0	0	364	0	0	0	0	0	
186740	Thalamus_R	0	4572	106	12570	0	0	150	1276	0	0	0	1636	0	0	0	164	0	0	738	21242	0	0	0	190	0	0	0	0	0	1274	0	680	0	2058	0	1544	0	5826	0	3290	0	0	0	134	0	0	0	1018	0	0	0	0	0	0	0	1992	0	1516	0	0	0	0	0	0	0	0	0	568	246	2998	152	26196	0	546	0	186	114	0	0	0	0	0	0	0	0	0	0	0	0	0	0	0	0	0	0	0	0	388	0	0	0	0	0	0	0	0	0	0	0	0	0	0	0	0	0	0	
110264	Heschl_L	5708	0	1166	0	0	0	2688	0	0	0	202	0	652	0	160	0	2774	0	186	0	0	0	0	0	0	0	0	0	10486	0	0	0	0	0	0	0	6178	0	620	0	0	0	0	0	0	0	202	0	0	0	216	0	264	0	3656	0	1800	0	160	0	152	0	274	0	0	0	0	0	300	0	902	0	860	0	0	0	1362	0	0	0	4472	0	0	0	1260	0	0	0	5876	0	2556	0	0	0	0	0	0	0	0	0	0	0	0	0	0	0	0	0	0	0	0	0	0	0	0	0	
27728	Heschl_R	0	132	0	0	0	0	0	0	0	0	0	176	0	0	0	0	0	2576	0	0	0	0	0	0	0	0	0	0	0	2746	0	0	0	0	0	0	0	530	0	372	0	0	0	136	0	0	0	100	0	0	0	0	0	160	0	1688	0	650	0	0	0	0	0	546	0	0	0	124	0	0	0	0	0	276	0	0	0	0	0	0	0	2838	0	0	0	700	0	0	0	114	0	0	0	0	0	0	0	0	0	0	0	0	0	0	0	0	0	0	0	0	0	0	0	0	0	0	
315292	Temporal_Sup_L	5104	0	5416	116	0	0	1494	0	0	0	3612	0	422	0	0	0	14626	0	6268	156	114	0	0	0	0	0	0	0	16876	0	0	0	0	0	0	0	2904	0	544	0	532	0	268	0	168	0	176	0	0	0	6516	0	1548	0	3520	0	8982	0	1968	0	4874	0	9234	0	2570	0	330	0	136	0	0	0	2158	0	0	0	270	0	4472	0	0	0	2906	0	31340	0	118	0	16840	0	1068	0	0	0	0	0	0	0	0	0	0	0	0	0	0	0	0	0	0	0	0	0	0	0	0	0	
83664	Temporal_Sup_R	0	206	0	134	0	0	0	0	0	0	0	658	0	0	0	0	0	1878	132	578	0	0	0	0	0	0	0	0	0	3800	0	0	0	0	0	0	0	1064	0	220	0	0	0	1270	0	0	0	366	0	570	0	188	0	960	0	3322	0	1044	0	476	0	240	0	3414	0	1774	0	928	0	0	0	0	0	646	0	0	0	0	0	2838	0	0	0	3366	0	9392	0	174	0	2194	0	0	0	0	0	0	0	0	0	0	0	0	0	0	0	0	0	0	0	0	0	0	0	0	0	0	
80492	Temporal_Pole_Sup_L	584	0	1540	0	224	0	2700	0	364	0	2554	0	1122	0	2668	0	1354	0	190	0	468	0	0	0	0	0	106	0	5640	0	0	0	0	0	0	0	480	0	268	0	348	0	0	0	0	0	0	0	0	0	0	0	0	0	3310	0	0	0	0	0	0	0	0	0	0	0	0	0	0	0	106	0	1098	0	0	0	0	0	0	0	2906	0	0	0	6234	0	2904	0	3078	0	0	0	0	0	0	0	0	0	0	0	0	0	0	0	0	0	0	0	0	0	0	0	0	0	0	0	
55724	Temporal_Pole_Sup_R	0	0	0	0	0	242	0	0	0	0	0	648	0	0	0	420	0	706	0	356	132	276	0	0	0	0	0	234	0	1562	0	0	0	0	0	0	0	928	0	2020	0	1102	0	0	0	0	0	0	0	0	0	0	0	0	0	4198	0	0	0	0	0	0	0	0	0	0	0	0	0	0	96	208	0	634	0	0	0	0	0	0	0	3366	0	0	0	4710	0	3780	0	2244	0	0	0	0	0	0	0	0	0	0	0	0	0	0	0	0	0	0	0	0	0	0	0	0	0	0	
351896	Temporal_Mid_L	942	0	382	0	0	0	242	0	0	0	0	0	0	0	0	0	2864	0	426	0	0	0	0	0	0	0	0	0	2294	0	0	0	0	0	392	0	394	0	0	0	0	0	3000	0	1708	0	0	0	1242	0	27054	0	9078	0	4476	0	5594	0	3202	0	15198	0	5376	0	14990	0	1530	0	444	0	0	0	428	0	0	0	0	0	1260	0	31340	0	6234	0	0	0	3778	0	31638	0	442	0	0	0	0	0	0	0	0	0	0	0	0	0	0	0	0	0	0	0	0	0	0	0	0	0	
231340	Temporal_Mid_R	0	768	0	0	0	0	0	0	0	0	0	0	0	0	0	0	0	124	0	0	0	0	0	0	0	0	0	0	0	1332	0	0	0	0	0	0	0	1538	0	418	0	96	0	10908	1242	6678	0	260	0	9996	0	15398	0	1770	0	5554	0	1076	0	3920	0	2334	0	1958	0	4962	1000	9104	0	190	0	0	0	168	0	0	0	0	0	700	0	9392	0	4710	0	0	0	2556	0	17518	0	0	0	0	0	0	0	0	0	0	0	0	0	0	0	0	0	0	0	0	0	0	0	0	0	0	
23308	Temporal_Pole_Mid_L	0	0	0	0	0	0	0	0	0	0	0	0	0	0	0	0	0	0	0	0	0	0	0	0	0	0	0	0	0	0	0	0	0	0	0	0	128	0	192	0	116	0	0	0	0	0	0	0	0	0	0	0	0	0	2088	0	0	0	0	0	0	0	0	0	0	0	0	0	0	0	0	0	0	0	0	0	0	0	0	0	118	0	2904	0	3778	0	0	0	2330	0	0	0	0	0	0	0	0	0	0	0	0	0	0	0	0	0	0	0	0	0	0	0	0	0	0	0	
30272	Temporal_Pole_Mid_R	0	0	0	0	0	0	0	0	0	0	0	0	0	0	0	0	0	0	0	0	0	0	0	0	0	0	0	0	0	0	0	0	0	0	0	0	0	570	0	1076	0	0	0	0	0	0	0	0	0	0	0	0	0	0	0	3358	0	0	0	0	0	0	0	0	0	0	0	0	0	0	0	0	0	230	0	0	0	0	0	0	0	174	0	3780	0	2556	0	0	0	3392	0	0	0	0	0	0	0	0	0	0	0	0	0	0	0	0	0	0	0	0	0	0	0	0	0	0	
376484	Temporal_Inf_L	2576	0	908	0	0	0	1650	0	0	0	0	0	0	0	0	0	3418	0	1344	0	0	0	0	0	0	0	0	0	9080	0	0	0	0	0	284	0	13580	0	2320	0	1044	0	2042	0	840	0	750	0	178	0	3072	0	6692	0	34458	0	5050	0	1726	0	3116	0	1414	0	2024	0	1566	0	628	0	0	0	6402	0	0	0	366	0	5876	0	16840	0	3078	0	31638	0	2330	0	0	0	16586	0	1704	0	0	0	748	0	2798	0	116	0	0	0	0	0	0	0	0	0	0	0	0	0	0	0	
157888	Temporal_Inf_R	0	1062	0	0	0	0	0	150	0	0	0	0	0	0	0	0	0	0	0	0	0	0	0	0	0	0	0	0	0	126	0	0	0	0	0	152	0	3380	0	1630	0	162	0	4658	0	766	0	686	0	934	0	876	0	4482	0	16642	0	682	0	380	0	962	0	1150	0	0	0	3414	0	0	0	0	0	406	0	0	0	0	0	114	0	2194	0	2244	0	17518	0	3392	0	0	0	6034	0	2510	0	0	0	344	0	1894	0	0	0	0	0	0	0	0	0	0	0	0	0	0	0	0	
531888	Cerebelum_Crus1_L	1370	0	0	0	0	0	0	0	0	0	0	0	0	0	0	0	1698	0	0	0	0	0	0	0	0	0	0	0	1824	0	0	0	0	0	148	0	552	0	2166	0	0	0	500	0	224	0	12278	1466	0	0	600	0	960	0	25742	266	2266	0	770	0	558	0	678	0	0	0	594	0	436	0	0	0	110	0	0	0	0	0	2556	0	1068	0	0	0	442	0	0	0	16586	0	0	6780	36782	4736	888	1114	24870	4628	54742	6490	9932	754	5626	944	900	170	0	0	96	608	10700	7424	10358	704	406	434	
424816	Cerebelum_Crus1_R	0	0	0	0	0	0	0	0	0	0	0	0	0	0	0	0	0	0	0	0	0	0	0	0	0	0	0	0	0	0	0	0	0	0	0	0	0	166	0	190	0	0	0	0	0	0	3396	7552	0	0	0	0	0	0	496	19648	0	0	0	0	0	0	0	0	0	0	0	0	0	0	0	0	0	0	0	0	0	0	0	0	0	0	0	0	0	0	0	0	0	6034	6780	0	1480	28460	316	4142	5520	20816	6820	49894	328	3634	414	9512	358	498	0	0	0	962	12716	8720	11728	470	310	1048	
246148	Cerebelum_Crus2_L	0	0	0	0	0	0	0	0	0	0	0	0	0	0	0	0	0	0	0	0	0	0	0	0	0	0	0	0	0	0	0	0	0	0	0	0	168	0	222	0	0	0	0	0	0	0	108	172	0	0	0	0	0	0	1680	0	0	0	0	0	0	0	0	0	0	0	0	0	0	0	0	0	0	0	0	0	0	0	0	0	0	0	0	0	0	0	0	0	1704	0	36782	1480	0	7832	680	804	5030	804	9034	802	21044	2552	12052	1588	1040	130	0	0	0	448	1912	2846	10024	1504	382	250	
245040	Cerebelum_Crus2_R	0	0	0	0	0	0	0	0	0	0	0	0	0	0	0	0	0	0	0	0	0	0	0	0	0	0	0	0	0	0	0	0	0	0	0	0	0	0	0	126	0	0	0	0	0	0	434	290	0	0	0	0	0	0	0	2228	0	0	0	0	0	0	0	0	0	0	0	0	0	0	0	0	0	0	0	0	0	0	0	0	0	0	0	0	0	0	0	0	0	2510	4736	28460	7832	0	134	3084	436	5318	1072	9878	2410	14106	1690	20610	174	438	0	0	0	378	750	1566	11066	1890	434	470	
57956	Cerebelum_3_L	0	0	0	0	0	0	0	0	0	0	0	0	0	0	0	0	0	0	0	0	0	0	0	0	0	0	0	0	0	0	0	0	0	0	0	0	0	0	296	0	0	0	0	0	0	0	242	0	0	0	0	0	0	0	138	0	0	0	0	0	0	0	0	0	0	0	0	0	0	0	0	0	0	0	0	0	0	0	0	0	0	0	0	0	0	0	0	0	0	0	888	316	680	134	0	904	7370	506	1396	352	168	0	1074	330	2722	712	0	0	992	3492	2818	216	750	890	860	732	
122612	Cerebelum_3_R	0	0	0	0	0	0	0	0	0	0	0	0	0	0	0	0	0	0	0	0	0	0	0	0	0	0	0	0	0	0	0	0	0	0	0	0	0	0	124	210	0	0	0	0	0	0	0	392	0	0	0	0	0	0	0	290	0	0	0	0	0	0	0	0	0	0	0	0	0	0	0	0	0	0	0	0	0	0	0	0	0	0	0	0	0	0	0	0	0	0	1114	4142	804	3084	904	0	2700	8538	1248	5204	414	754	792	4708	1006	4682	0	0	522	5182	3462	702	3028	3308	3466	526	
357568	Cerebelum_4_5_L	0	0	0	0	0	0	0	0	0	0	0	0	0	0	0	0	0	0	0	0	0	0	0	0	0	0	0	0	0	0	0	0	0	0	0	0	994	0	1506	0	0	0	0	0	0	0	11458	560	0	0	0	0	0	0	13790	302	0	0	0	0	0	0	0	0	0	0	0	0	0	0	0	0	0	0	0	0	0	0	0	0	0	0	0	0	0	0	0	0	748	0	24870	5520	5030	436	7370	2700	0	8458	37622	8134	1040	0	3280	808	6972	936	298	0	956	3634	21458	3540	1978	1538	1386	1462	
323696	Cerebelum_4_5_R	0	134	0	152	0	0	0	0	0	0	0	0	0	0	0	0	0	0	0	0	0	0	0	0	0	0	0	0	0	0	0	0	0	0	0	290	0	2156	0	3246	0	0	0	0	0	0	1726	7670	0	0	0	0	0	0	576	10130	0	0	0	0	0	0	0	0	0	0	0	1212	0	0	0	0	0	166	0	0	0	388	0	0	0	0	0	0	0	0	0	0	0	344	4628	20816	804	5318	506	8538	8458	0	5976	35876	328	1524	496	7174	710	4092	0	0	0	1366	17848	2412	1922	2360	2108	398	
431500	Cerebelum_6_L	0	0	0	0	0	0	0	0	0	0	0	0	0	0	0	0	0	0	0	0	0	0	0	0	0	0	0	0	0	0	0	0	0	0	0	0	810	0	1168	0	0	0	0	0	0	0	16970	2370	0	0	116	0	116	0	22466	360	0	0	0	0	0	0	0	0	0	0	0	0	0	0	0	0	0	0	0	0	0	0	0	0	0	0	0	0	0	0	0	0	2798	0	54742	6820	9034	1072	1396	1248	37622	5976	0	8032	2934	0	3150	522	1604	214	436	0	118	776	15416	9688	5964	628	524	660	
426668	Cerebelum_6_R	0	0	0	0	0	0	0	0	0	0	0	0	0	0	0	0	0	0	0	0	0	0	0	0	0	0	0	0	0	0	0	0	0	0	0	0	0	164	0	564	0	0	0	102	0	0	3658	9948	0	0	0	0	0	176	620	23534	0	0	0	0	0	0	0	0	0	0	0	0	0	0	0	0	0	0	0	0	0	0	0	0	0	0	0	0	0	0	0	0	0	1894	6490	49894	802	9878	352	5204	8134	35876	8032	0	0	1352	146	6370	476	844	0	472	0	1134	17754	9962	8152	450	236	664	
165612	Cerebelum_7b_L	0	0	0	0	0	0	0	0	0	0	0	0	0	0	0	0	0	0	0	0	0	0	0	0	0	0	0	0	0	0	0	0	0	0	0	0	120	0	126	0	0	0	0	0	0	0	0	0	0	0	0	0	0	0	614	0	0	0	0	0	0	0	0	0	0	0	0	0	0	0	0	0	0	0	0	0	0	0	0	0	0	0	0	0	0	0	0	0	116	0	9932	328	21044	2410	168	414	1040	328	2934	0	0	1420	24864	2298	3240	250	538	0	0	266	338	1106	3980	3894	726	312	
91956	Cerebelum_7b_R	0	0	0	0	0	0	0	0	0	0	0	0	0	0	0	0	0	0	0	0	0	0	0	0	0	0	0	0	0	0	0	0	0	0	0	0	0	0	0	0	0	0	0	0	0	0	0	0	0	0	0	0	0	0	0	204	0	0	0	0	0	0	0	0	0	0	0	0	0	0	0	0	0	0	0	0	0	0	0	0	0	0	0	0	0	0	0	0	0	0	754	3634	2552	14106	0	754	0	1524	0	1352	1420	0	696	14692	0	1090	0	0	0	0	0	0	2608	592	0	0	
194420	Cerebelum_8_L	0	0	0	0	0	0	0	0	0	0	0	0	0	0	0	0	0	0	0	0	0	0	0	0	0	0	0	0	0	0	0	0	0	0	0	0	214	0	238	0	0	0	0	0	0	0	0	0	0	0	0	0	0	0	628	0	0	0	0	0	0	0	0	0	0	0	0	0	0	0	0	0	0	0	0	0	0	0	0	0	0	0	0	0	0	0	0	0	0	0	5626	414	12052	1690	1074	792	3280	496	3150	146	24864	696	0	2980	15750	842	3414	0	358	1170	1580	1728	4286	5840	2334	1568	
226100	Cerebelum_8_R	0	0	0	0	0	0	0	0	0	0	0	0	0	0	0	0	0	0	0	0	0	0	0	0	0	0	0	0	0	0	0	0	0	0	0	0	0	0	0	122	0	0	0	0	0	0	0	0	0	0	0	0	0	0	0	922	0	0	0	0	0	0	0	0	0	0	0	0	0	0	0	0	0	0	0	0	0	0	0	0	0	0	0	0	0	0	0	0	0	0	944	9512	1588	20610	330	4708	808	7174	522	6370	2298	14692	2980	0	962	15568	0	2220	238	1808	1346	392	4682	6118	5246	890	
111024	Cerebelum_9_L	0	0	0	0	0	0	0	0	0	0	0	0	0	0	0	0	0	0	0	0	0	0	0	0	0	0	0	0	0	0	0	0	0	0	0	0	314	0	386	0	0	0	0	0	0	0	0	0	0	0	0	0	0	0	1098	0	0	0	0	0	0	0	0	0	0	0	0	0	0	0	0	0	0	0	0	0	0	0	0	0	0	0	0	0	0	0	0	0	0	0	900	358	1040	174	2722	1006	6972	710	1604	476	3240	0	15750	962	0	1792	3870	0	602	2070	2648	320	1040	1722	2126	1610	
111972	Cerebelum_9_R	0	0	0	0	0	0	0	0	0	0	0	0	0	0	0	0	0	0	0	0	0	0	0	0	0	0	0	0	0	0	0	0	0	0	0	0	0	0	0	0	0	0	0	0	0	0	0	0	0	0	0	0	0	0	0	504	0	0	0	0	0	0	0	0	0	0	0	0	0	0	0	0	0	0	0	0	0	0	0	0	0	0	0	0	0	0	0	0	0	0	170	498	130	438	712	4682	936	4092	214	844	250	1090	842	15568	1792	0	0	1932	736	3312	1304	528	2556	4522	6798	1536	
17112	Cerebelum_10_L	0	0	0	0	0	0	0	0	0	0	0	0	0	0	0	0	0	0	0	0	0	0	0	0	0	0	0	0	0	0	0	0	0	0	0	0	0	0	0	0	0	0	0	0	0	0	0	0	0	0	0	0	0	0	0	0	0	0	0	0	0	0	0	0	0	0	0	0	0	0	0	0	0	0	0	0	0	0	0	0	0	0	0	0	0	0	0	0	0	0	0	0	0	0	0	0	298	0	436	0	538	0	3414	0	3870	0	0	0	0	0	0	0	0	0	0	0	
9248	Cerebelum_10_R	0	0	0	0	0	0	0	0	0	0	0	0	0	0	0	0	0	0	0	0	0	0	0	0	0	0	0	0	0	0	0	0	0	0	0	0	0	0	0	0	0	0	0	0	0	0	0	0	0	0	0	0	0	0	0	0	0	0	0	0	0	0	0	0	0	0	0	0	0	0	0	0	0	0	0	0	0	0	0	0	0	0	0	0	0	0	0	0	0	0	0	0	0	0	0	0	0	0	0	472	0	0	0	2220	0	1932	0	0	0	0	0	0	0	0	0	0	
22688	Vermis_1_2	0	0	0	0	0	0	0	0	0	0	0	0	0	0	0	0	0	0	0	0	0	0	0	0	0	0	0	0	0	0	0	0	0	0	0	0	0	0	214	0	0	0	0	0	0	0	0	0	0	0	0	0	0	0	0	0	0	0	0	0	0	0	0	0	0	0	0	0	0	0	0	0	0	0	0	0	0	0	0	0	0	0	0	0	0	0	0	0	0	0	96	0	0	0	992	522	956	0	118	0	0	0	358	238	602	736	0	0	0	3502	1366	0	370	476	494	304	
84544	Vermis_3	0	0	0	0	0	0	0	0	0	0	0	0	0	0	0	0	0	0	0	0	0	0	0	0	0	0	0	0	0	0	0	0	0	0	0	0	0	0	276	0	0	0	0	0	0	0	0	0	0	0	0	0	0	0	0	0	0	0	0	0	0	0	0	0	0	0	0	0	0	0	0	0	0	0	0	0	0	0	0	0	0	0	0	0	0	0	0	0	0	0	608	962	448	378	3492	5182	3634	1366	776	1134	266	0	1170	1808	2070	3312	0	0	3502	0	4104	430	1886	2228	2612	628	
330336	Vermis_4_5	584	500	0	0	0	0	0	0	0	0	0	0	0	0	0	0	0	0	0	0	0	0	0	0	0	0	0	0	0	0	0	0	0	198	1040	3906	1006	738	160	550	0	0	0	220	0	0	4056	7068	0	114	0	0	0	158	2556	3024	0	536	0	0	0	0	0	0	0	0	222	4416	0	390	0	0	0	0	0	0	364	0	0	0	0	0	0	0	0	0	0	0	0	0	10700	12716	1912	750	2818	3462	21458	17848	15416	17754	338	0	1580	1346	2648	1304	0	0	1366	4104	0	6856	3080	2254	1908	1744	
167276	Vermis_6	0	0	0	0	0	0	0	0	0	0	0	0	0	0	0	0	0	0	0	0	0	0	0	0	0	0	0	0	0	0	0	0	0	0	0	0	0	0	0	0	0	0	0	172	0	128	2416	5956	0	162	0	0	0	156	322	1454	0	0	0	0	0	0	0	0	0	0	0	0	0	0	0	0	0	0	0	0	0	0	0	0	0	0	0	0	0	0	0	0	0	0	7424	8720	2846	1566	216	702	3540	2412	9688	9962	1106	0	1728	392	320	528	0	0	0	430	6856	0	9882	1346	880	2328	
237924	Vermis_7	0	0	0	0	0	0	0	0	0	0	0	0	0	0	0	0	0	0	0	0	0	0	0	0	0	0	0	0	0	0	0	0	0	0	0	0	0	0	0	0	0	0	0	0	0	0	2960	2656	0	0	0	0	0	110	228	826	0	0	0	0	0	0	0	0	0	0	0	0	0	0	0	0	0	0	0	0	0	0	0	0	0	0	0	0	0	0	0	0	0	0	10358	11728	10024	11066	750	3028	1978	1922	5964	8152	3980	2608	4286	4682	1040	2556	0	0	370	1886	3080	9882	0	6344	3528	2970	
