data	data	510920	238408	585884	664052	64548	69716	430108	227876	54024	32220	258444	188872	241224	224716	108868	170616	135832	101908	592220	777768	51836	67756	289136	249800	29152	77392	31816	58188	521248	309472	262908	365192	150360	429264	81812	126756	227052	245524	111748	188964	21104	49256	300272	277828	237824	340712	326780	305276	204768	372316	581604	282284	216244	105680	422544	421980	298160	186484	271988	77016	277880	93168	148116	104344	254016	160936	397052	328516	320876	88992	176704	340300	283444	342896	31556	40880	208392	156816	93888	20180	207908	98944	85120	54540	312164	193020	28796	24464	275828	210948	545324	572560	311116	426688	71872	59992	338444	289856	623764	494980	275828	149924	399804	319392	235300	158328	20324	12960	34628	67028	282940	415368	275676	157384	140116	94256	
data	data	Precentral_L	Precentral_R	Frontal_Sup_L	Frontal_Sup_R	Frontal_Sup_Orb_L	Frontal_Sup_Orb_R	Frontal_Mid_L	Frontal_Mid_R	Frontal_Mid_Orb_L	Frontal_Mid_Orb_R	Frontal_Inf_Oper_L	Frontal_Inf_Oper_R	Frontal_Inf_Tri_L	Frontal_Inf_Tri_R	Frontal_Inf_Orb_L	Frontal_Inf_Orb_R	Rolandic_Oper_L	Rolandic_Oper_R	Supp_Motor_Area_L	Supp_Motor_Area_R	Olfactory_L	Olfactory_R	Frontal_Sup_Medial_L	Frontal_Sup_Medial_R	Frontal_Med_Orb_L	Frontal_Med_Orb_R	Rectus_L	Rectus_R	Insula_L	Insula_R	Cingulum_Ant_L	Cingulum_Ant_R	Cingulum_Mid_L	Cingulum_Mid_R	Cingulum_Post_L	Cingulum_Post_R	Hippocampus_L	Hippocampus_R	ParaHippocampal_L	ParaHippocampal_R	Amygdala_L	Amygdala_R	Calcarine_L	Calcarine_R	Cuneus_L	Cuneus_R	Lingual_L	Lingual_R	Occipital_Sup_L	Occipital_Sup_R	Occipital_Mid_L	Occipital_Mid_R	Occipital_Inf_L	Occipital_Inf_R	Fusiform_L	Fusiform_R	Postcentral_L	Postcentral_R	Parietal_Sup_L	Parietal_Sup_R	Parietal_Inf_L	Parietal_Inf_R	SupraMarginal_L	SupraMarginal_R	Angular_L	Angular_R	Precuneus_L	Precuneus_R	Paracentral_Lobule_L	Paracentral_Lobule_R	Caudate_L	Caudate_R	Putamen_L	Putamen_R	Pallidum_L	Pallidum_R	Thalamus_L	Thalamus_R	Heschl_L	Heschl_R	Temporal_Sup_L	Temporal_Sup_R	Temporal_Pole_Sup_L	Temporal_Pole_Sup_R	Temporal_Mid_L	Temporal_Mid_R	Temporal_Pole_Mid_L	Temporal_Pole_Mid_R	Temporal_Inf_L	Temporal_Inf_R	Cerebelum_Crus1_L	Cerebelum_Crus1_R	Cerebelum_Crus2_L	Cerebelum_Crus2_R	Cerebelum_3_L	Cerebelum_3_R	Cerebelum_4_5_L	Cerebelum_4_5_R	Cerebelum_6_L	Cerebelum_6_R	Cerebelum_7b_L	Cerebelum_7b_R	Cerebelum_8_L	Cerebelum_8_R	Cerebelum_9_L	Cerebelum_9_R	Cerebelum_10_L	Cerebelum_10_R	Vermis_1_2	Vermis_3	Vermis_4_5	Vermis_6	Vermis_7	Vermis_8	Vermis_9	Vermis_10	
510920	Precentral_L	0	760	11728	2502	0	0	16346	76	0	0	14222	0	1988	0	0	0	7574	0	8714	11526	90	92	0	0	0	0	0	0	8806	0	0	0	1446	4570	872	480	4282	156	98	0	0	0	70	0	256	0	0	0	0	0	6832	0	828	0	798	0	29958	0	7772	0	12160	0	3800	0	6434	0	4190	92	42964	610	1552	2584	4032	416	278	304	23894	1850	3180	0	2800	0	0	0	886	0	0	0	592	0	0	0	0	0	0	0	0	0	0	0	0	0	0	0	0	0	0	0	0	0	0	0	0	0	0	0	
238408	Precentral_R	760	0	160	8686	0	0	0	11638	0	0	0	8670	166	94	0	0	0	1222	1830	11618	0	0	0	0	0	0	0	0	468	3850	0	0	0	3646	0	912	72	3240	0	168	0	0	0	628	0	620	0	0	0	1870	0	914	0	164	0	776	250	24838	0	252	0	424	0	3200	0	562	74	1564	870	7228	270	210	1190	1658	148	0	256	4344	0	662	82	1620	0	0	0	4466	0	0	0	2864	0	0	0	0	0	0	0	0	0	0	0	0	0	0	0	0	0	0	0	0	0	0	0	0	0	0	
585884	Frontal_Sup_L	11728	160	0	3930	4342	0	54394	72	1106	0	11600	0	8528	610	3040	928	4076	0	50180	6454	0	0	37970	1298	576	0	390	0	20428	0	18398	5206	4134	2208	0	70	3174	0	104	0	0	0	0	0	0	0	0	0	0	0	576	0	320	0	610	0	2132	0	0	0	244	0	90	0	70	0	0	0	6210	0	2418	2742	10538	632	0	156	2296	192	2134	0	2796	0	2240	0	782	0	0	0	660	0	0	0	0	0	0	0	0	0	0	0	0	0	0	0	0	0	0	0	0	0	0	0	0	0	0	0	
664052	Frontal_Sup_R	2502	8686	3930	0	0	2622	2100	22916	0	274	2068	8126	1178	9612	0	5354	332	7132	17268	63186	0	150	8004	30212	0	2912	0	1156	2054	14824	3754	23986	1176	17272	0	0	210	3456	0	1598	0	0	0	0	0	0	0	0	0	206	0	80	0	0	0	2000	268	2048	0	0	0	78	92	384	0	0	0	0	1686	0	468	15458	1450	22228	362	3266	1958	9576	0	330	178	384	0	768	0	86	0	0	0	622	0	0	0	0	0	0	0	0	0	0	0	0	0	0	0	0	0	0	0	0	0	0	0	0	0	0	
64548	Frontal_Sup_Orb_L	0	0	4342	0	0	0	756	0	6370	0	0	0	374	0	4146	0	0	0	0	0	936	0	3408	0	2732	262	2790	0	954	0	3278	168	0	0	0	0	0	0	0	0	0	0	0	0	0	0	0	0	0	0	0	0	0	0	0	0	0	0	0	0	0	0	0	0	0	0	0	0	0	0	0	0	1758	0	0	0	0	0	0	0	0	0	0	0	0	0	0	0	0	0	0	0	0	0	0	0	0	0	0	0	0	0	0	0	0	0	0	0	0	0	0	0	0	0	0	0	
69716	Frontal_Sup_Orb_R	0	0	0	2622	0	0	0	1080	0	5048	0	0	0	0	0	2208	0	0	0	412	138	756	120	2914	84	6094	130	5948	0	248	528	3082	0	0	0	0	0	0	0	0	0	0	0	0	0	0	0	0	0	0	0	0	0	0	0	0	0	0	0	0	0	0	0	0	0	0	0	0	0	0	226	1496	0	1724	0	0	0	0	0	0	0	0	0	0	0	0	0	0	0	0	0	0	0	0	0	0	0	0	0	0	0	0	0	0	0	0	0	0	0	0	0	0	0	0	0	0	
430108	Frontal_Mid_L	16346	0	54394	2100	756	0	0	0	3414	0	11416	0	27796	716	5950	1032	512	0	12078	1564	0	0	14964	108	0	0	0	0	15884	0	7000	1888	1308	1050	0	0	1264	0	0	0	0	0	0	0	0	0	0	0	0	0	1086	0	278	0	198	0	4520	0	1402	0	3584	0	360	0	908	0	454	0	1710	0	5414	4402	5786	602	118	324	164	76	1148	0	392	0	0	0	390	0	0	0	198	0	0	0	0	0	0	0	0	0	0	0	0	0	0	0	0	0	0	0	0	0	0	0	0	0	0	0	
227876	Frontal_Mid_R	76	11638	72	22916	0	1080	0	0	0	2186	0	9786	156	13248	0	6010	0	1942	3770	9706	0	0	396	2438	0	0	0	0	422	6722	96	1980	126	1710	0	0	0	1794	0	368	0	0	0	0	0	0	0	0	0	0	0	0	0	0	0	488	0	1668	0	0	0	92	0	582	0	0	0	0	76	0	224	506	818	6548	0	684	140	3254	0	0	76	0	0	0	0	0	0	0	0	144	0	0	0	0	0	0	0	0	0	0	0	0	0	0	0	0	0	0	0	0	0	0	0	0	0	0	
54024	Frontal_Mid_Orb_L	0	0	1106	0	6370	0	3414	0	0	0	0	0	2464	0	9510	0	0	0	0	0	158	0	90	0	386	0	722	0	1414	0	124	0	0	0	0	0	0	0	0	0	0	0	0	0	0	0	0	0	0	0	0	0	0	0	0	0	0	0	0	0	0	0	0	0	0	0	0	0	0	0	114	0	1140	0	0	0	0	0	0	0	0	0	0	0	0	0	0	0	0	0	0	0	0	0	0	0	0	0	0	0	0	0	0	0	0	0	0	0	0	0	0	0	0	0	0	0	
32220	Frontal_Mid_Orb_R	0	0	0	274	0	5048	0	2186	0	0	0	0	0	0	0	5740	0	0	0	0	0	174	0	0	0	320	0	788	0	240	0	0	0	0	0	0	0	0	0	0	0	0	0	0	0	0	0	0	0	0	0	0	0	0	0	0	0	0	0	0	0	0	0	0	0	0	0	0	0	0	0	238	0	1102	0	0	0	0	0	0	0	0	0	0	0	0	0	0	0	0	0	0	0	0	0	0	0	0	0	0	0	0	0	0	0	0	0	0	0	0	0	0	0	0	0	0	
258444	Frontal_Inf_Oper_L	14222	0	11600	2068	0	0	11416	0	0	0	0	0	15970	160	410	238	7246	0	9172	2170	0	0	436	0	0	0	0	0	18616	0	536	0	76	0	0	0	1382	0	0	0	0	0	0	0	0	0	0	0	0	0	2650	0	0	0	134	0	6728	0	3668	0	5744	0	218	0	2580	0	1594	0	0	0	324	750	1954	76	0	0	284	0	1418	0	2162	0	3140	0	80	0	0	0	0	0	0	0	0	0	0	0	0	0	0	0	0	0	0	0	0	0	0	0	0	0	0	0	0	0	0	0	
188872	Frontal_Inf_Oper_R	0	8670	0	8126	0	0	0	9786	0	0	0	0	0	9568	0	2326	0	7048	2948	6642	0	0	242	1262	0	0	0	0	0	18902	74	432	0	2416	0	0	0	1388	0	246	0	0	0	0	0	0	0	0	0	0	0	0	0	0	0	304	0	5714	0	0	0	162	0	1400	0	104	0	0	0	0	0	0	0	5130	0	0	0	176	0	0	0	200	0	1170	0	0	0	0	0	0	0	0	0	0	0	0	0	0	0	0	0	0	0	0	0	0	0	0	0	0	0	0	0	0	0	0	
241224	Frontal_Inf_Tri_L	1988	166	8528	1178	374	0	27796	156	2464	0	15970	0	0	618	10796	980	1202	0	5574	1314	0	0	770	0	0	0	0	0	22978	0	1162	146	698	84	0	0	216	0	0	0	0	0	0	0	0	0	0	0	0	0	0	0	0	0	0	0	640	0	0	0	0	0	0	0	0	0	0	0	0	0	3872	3328	5898	316	70	102	106	0	218	0	452	0	452	0	0	0	0	0	0	0	0	0	0	0	0	0	0	0	0	0	0	0	0	0	0	0	0	0	0	0	0	0	0	0	0	0	
224716	Frontal_Inf_Tri_R	0	94	610	9612	0	0	716	13248	0	0	160	9568	618	0	134	17198	0	572	3870	9968	0	0	574	2272	0	0	0	0	710	16900	406	2476	274	6596	0	0	0	880	0	422	0	0	0	0	0	0	0	0	0	0	0	0	0	0	0	792	0	98	0	0	0	0	0	0	0	0	0	0	0	0	594	6166	150	6362	0	0	0	192	0	0	0	0	0	0	0	0	0	0	0	126	0	0	0	0	0	0	0	0	0	0	0	0	0	0	0	0	0	0	0	0	0	0	0	0	0	0	
108868	Frontal_Inf_Orb_L	0	0	3040	0	4146	0	5950	0	9510	0	410	0	10796	134	0	192	118	0	568	126	694	0	0	0	0	0	296	0	9430	0	0	0	0	0	0	0	0	0	0	0	0	0	0	0	0	0	0	0	0	0	0	0	0	0	0	0	0	0	0	0	0	0	0	0	0	0	0	0	0	0	1704	332	6028	180	0	0	150	0	0	0	0	0	630	0	0	0	0	0	0	0	0	0	0	0	0	0	0	0	0	0	0	0	0	0	0	0	0	0	0	0	0	0	0	0	0	0	
170616	Frontal_Inf_Orb_R	0	0	928	5354	0	2208	1032	6010	0	5740	238	2326	980	17198	192	0	0	0	2176	4630	130	848	200	920	0	0	0	542	1052	8886	520	3080	468	2652	0	0	0	0	0	0	0	96	0	0	0	0	0	0	0	0	0	0	0	0	0	148	0	0	0	0	0	0	0	0	0	0	0	0	0	0	998	10728	190	4102	0	0	0	490	0	0	0	0	0	246	0	0	0	0	0	0	0	0	0	0	0	0	0	0	0	0	0	0	0	0	0	0	0	0	0	0	0	0	0	0	0	0	
135832	Rolandic_Oper_L	7574	0	4076	332	0	0	512	0	0	0	7246	0	1202	0	118	0	0	0	3810	296	0	0	0	0	0	0	0	0	12758	0	0	0	0	0	0	0	1206	0	0	0	0	0	0	0	142	0	0	0	0	0	1396	0	360	0	534	0	7318	0	418	0	764	0	1834	0	1216	0	312	0	94	0	80	126	444	0	0	0	0	0	2488	0	8090	0	1968	0	846	0	0	0	356	0	0	0	0	0	0	0	0	0	0	0	0	0	0	0	0	0	0	0	0	0	0	0	0	0	0	0	
101908	Rolandic_Oper_R	0	1222	0	7132	0	0	0	1942	0	0	0	7048	0	572	0	0	0	0	1310	4700	0	0	0	312	0	0	0	0	0	11936	0	0	0	172	0	0	0	886	0	0	0	0	0	0	0	0	0	0	0	0	0	0	0	0	0	104	0	3922	0	0	0	262	0	1610	0	130	0	0	0	0	0	0	0	2490	0	0	0	142	0	1430	0	1738	0	1552	0	122	0	0	0	220	0	0	0	0	0	0	0	0	0	0	0	0	0	0	0	0	0	0	0	0	0	0	0	0	0	0	
592220	Supp_Motor_Area_L	8714	1830	50180	17268	0	0	12078	3770	0	0	9172	2948	5574	3870	568	2176	3810	1310	0	41672	0	0	6864	4028	0	0	0	0	17666	4172	6788	6534	10718	20694	766	112	5110	152	246	0	0	0	0	0	0	0	0	92	0	0	294	0	138	0	634	0	948	348	0	0	144	0	80	0	0	0	90	0	12192	96	2388	3860	11380	1426	2102	306	3348	662	1166	0	2338	0	2020	300	376	0	0	0	592	0	0	0	0	0	0	0	0	0	0	0	0	0	0	0	0	0	0	0	0	0	0	0	0	0	0	0	
777768	Supp_Motor_Area_R	11526	11618	6454	63186	0	412	1564	9706	0	0	2170	6642	1314	9968	126	4630	296	4700	41672	0	0	0	2886	9856	0	364	0	0	2566	13212	2792	12626	3746	41018	210	1358	742	3720	0	1316	0	0	0	610	0	562	0	0	0	998	120	226	0	224	0	2394	264	2550	100	0	158	116	92	238	78	156	156	2180	12830	8612	616	24860	3372	15948	1152	2046	4940	22528	144	782	138	2174	0	732	0	1636	0	0	0	2756	0	0	0	0	0	0	0	0	0	0	0	0	0	0	0	0	0	0	0	0	0	0	0	0	0	0	
51836	Olfactory_L	90	0	0	0	936	138	0	0	158	0	0	0	0	0	694	130	0	0	0	0	0	5540	0	0	160	292	1982	896	1584	0	1950	1712	0	0	0	0	0	0	0	0	0	0	0	0	0	0	0	0	0	0	0	0	0	0	0	0	0	0	0	0	0	0	0	0	0	0	0	0	0	0	5436	3184	906	0	0	0	130	0	0	0	0	0	0	0	0	0	0	0	0	0	0	0	0	0	0	0	0	0	0	0	0	0	0	0	0	0	0	0	0	0	0	0	0	0	0	0	
67756	Olfactory_R	92	0	0	150	0	756	0	0	0	174	0	0	0	0	0	848	0	0	0	0	5540	0	0	200	156	688	1660	2184	0	1590	2554	2612	0	0	0	0	0	0	0	0	0	248	0	0	0	0	0	0	0	0	0	0	0	0	0	0	0	0	0	0	0	0	0	0	0	0	0	0	70	0	6744	5554	1070	650	0	204	134	0	0	0	0	0	0	0	0	0	0	0	0	0	0	0	0	0	0	0	0	0	0	0	0	0	0	0	0	0	0	0	0	0	0	0	0	0	0	0	
289136	Frontal_Sup_Medial_L	0	0	37970	8004	3408	120	14964	396	90	0	436	242	770	574	0	200	0	0	6864	2886	0	0	0	13050	1924	914	74	174	848	530	19686	13570	4646	9562	0	0	0	0	0	0	0	0	0	0	0	0	0	0	0	0	0	0	0	0	0	0	0	0	0	0	0	0	0	0	0	0	0	0	0	0	416	584	1214	452	0	0	0	0	0	0	0	0	0	0	0	0	0	0	0	0	0	0	0	0	0	0	0	0	0	0	0	0	0	0	0	0	0	0	0	0	0	0	0	0	0	0	
249800	Frontal_Sup_Medial_R	0	0	1298	30212	0	2914	108	2438	0	0	0	1262	0	2272	0	920	0	312	4028	9856	0	200	13050	0	176	5884	0	1750	0	2584	3504	21856	250	12142	0	0	0	0	0	0	0	0	0	0	0	0	0	0	0	0	0	0	0	0	0	0	0	0	0	0	0	0	0	0	0	0	0	0	0	0	0	3756	0	4128	0	0	0	0	0	0	0	0	0	0	0	0	0	0	0	0	0	0	0	0	0	0	0	0	0	0	0	0	0	0	0	0	0	0	0	0	0	0	0	0	0	0	
29152	Frontal_Med_Orb_L	0	0	576	0	2732	84	0	0	386	0	0	0	0	0	0	0	0	0	0	0	160	156	1924	176	0	966	1426	334	0	0	3996	922	0	0	0	0	0	0	0	0	0	0	0	0	0	0	0	0	0	0	0	0	0	0	0	0	0	0	0	0	0	0	0	0	0	0	0	0	0	0	336	216	186	0	0	0	0	0	0	0	0	0	0	0	0	0	0	0	0	0	0	0	0	0	0	0	0	0	0	0	0	0	0	0	0	0	0	0	0	0	0	0	0	0	0	0	
77392	Frontal_Med_Orb_R	0	0	0	2912	262	6094	0	0	0	320	0	0	0	0	0	0	0	0	0	364	292	688	914	5884	966	0	250	6680	0	0	2750	6996	0	0	0	0	0	0	0	0	0	0	0	0	0	0	0	0	0	0	0	0	0	0	0	0	0	0	0	0	0	0	0	0	0	0	0	0	0	0	94	1906	0	1324	0	0	0	0	0	0	0	0	0	0	0	0	0	0	0	0	0	0	0	0	0	0	0	0	0	0	0	0	0	0	0	0	0	0	0	0	0	0	0	0	0	0	
31816	Rectus_L	0	0	390	0	2790	130	0	0	722	0	0	0	0	0	296	0	0	0	0	0	1982	1660	74	0	1426	250	0	404	168	0	2178	404	0	0	0	0	0	0	0	0	0	0	0	0	0	0	0	0	0	0	0	0	0	0	0	0	0	0	0	0	0	0	0	0	0	0	0	0	0	0	1974	652	408	0	0	0	0	0	0	0	0	0	0	0	0	0	0	0	0	0	0	0	0	0	0	0	0	0	0	0	0	0	0	0	0	0	0	0	0	0	0	0	0	0	0	0	
58188	Rectus_R	0	0	0	1156	0	5948	0	0	0	788	0	0	0	0	0	542	0	0	0	0	896	2184	174	1750	334	6680	404	0	0	572	1198	3606	0	0	0	0	0	0	0	0	0	0	0	0	0	0	0	0	0	0	0	0	0	0	0	0	0	0	0	0	0	0	0	0	0	0	0	0	0	0	1016	1340	174	332	0	0	0	0	0	0	0	0	0	0	0	0	0	0	0	0	0	0	0	0	0	0	0	0	0	0	0	0	0	0	0	0	0	0	0	0	0	0	0	0	0	0	
521248	Insula_L	8806	468	20428	2054	954	0	15884	422	1414	0	18616	0	22978	710	9430	1052	12758	0	17666	2566	1584	0	848	0	0	0	168	0	0	0	544	178	422	138	0	0	20410	0	874	0	1258	0	0	0	0	0	0	0	132	0	2766	0	1432	0	5042	0	3940	0	1132	0	1690	0	628	0	1008	0	414	0	1874	0	9176	2700	25240	910	510	298	4294	234	9646	0	10668	0	6076	0	3600	0	0	0	4584	0	0	0	0	0	0	0	0	0	0	0	0	0	0	0	0	0	0	0	0	0	0	0	0	0	0	0	
309472	Insula_R	0	3850	0	14824	0	248	0	6722	0	240	0	18902	0	16900	0	8886	0	11936	4172	13212	0	1590	530	2584	0	0	0	572	0	0	128	1288	108	5674	0	0	0	6130	0	1738	0	722	0	0	0	0	0	0	0	0	0	0	0	0	0	2164	0	2996	0	0	0	256	0	786	0	224	0	0	0	0	0	810	0	19424	0	136	0	678	0	1002	0	2176	0	1450	0	792	0	0	0	886	0	0	0	0	0	0	0	0	0	0	0	0	0	0	0	0	0	0	0	0	0	0	0	0	0	0	
262908	Cingulum_Ant_L	0	0	18398	3754	3278	528	7000	96	124	0	536	74	1162	406	0	520	0	0	6788	2792	1950	2554	19686	3504	3996	2750	2178	1198	544	128	0	22554	5674	4956	0	0	0	0	0	0	0	0	0	0	0	0	0	0	0	0	0	0	0	0	0	0	0	0	0	0	0	0	0	0	0	0	0	0	0	0	4210	4000	4710	1406	0	0	0	0	0	0	0	0	0	0	0	0	0	0	0	0	0	0	0	0	0	0	0	0	0	0	0	0	0	0	0	0	0	0	0	0	0	0	0	0	0	0	
365192	Cingulum_Ant_R	0	0	5206	23986	168	3082	1888	1980	0	0	0	432	146	2476	0	3080	0	0	6534	12626	1712	2612	13570	21856	922	6996	404	3606	178	1288	22554	0	2786	18556	74	0	0	0	0	0	0	0	0	0	0	0	0	0	0	0	0	0	0	0	0	0	0	0	0	0	0	0	0	0	0	0	0	0	0	0	2164	11872	970	8786	0	0	0	86	0	0	0	0	0	0	0	0	0	0	0	0	0	0	0	0	0	0	0	0	0	0	0	0	0	0	0	0	0	0	0	0	0	0	0	0	0	0	
150360	Cingulum_Mid_L	1446	0	4134	1176	0	0	1308	126	0	0	76	0	698	274	0	468	0	0	10718	3746	0	0	4646	250	0	0	0	0	422	108	5674	2786	0	10262	5324	1614	0	0	0	0	0	0	218	0	576	128	0	0	930	130	2000	0	88	0	0	0	480	0	1464	0	364	0	0	0	458	0	4846	1240	4838	126	130	1386	154	0	0	0	0	0	0	0	0	0	0	0	230	0	0	0	138	0	0	0	0	0	0	0	0	0	0	0	0	0	0	0	0	0	0	0	0	0	0	0	0	0	0	0	
429264	Cingulum_Mid_R	4570	3646	2208	17272	0	0	1050	1710	0	0	0	2416	84	6596	0	2652	0	172	20694	41018	0	0	9562	12142	0	0	0	0	138	5674	4956	18556	10262	0	2088	4132	248	152	0	0	0	0	0	1050	0	3300	0	158	0	3012	0	1584	0	700	0	462	0	4418	0	108	0	0	0	0	0	206	1400	8754	6112	6676	78	512	0	644	0	84	130	0	0	0	0	0	0	0	0	2358	0	0	0	888	0	0	0	0	0	0	0	0	0	0	0	0	0	0	0	0	0	0	0	0	0	0	0	0	0	0	
81812	Cingulum_Post_L	872	0	0	0	0	0	0	0	0	0	0	0	0	0	0	0	0	0	766	210	0	0	0	0	0	0	0	0	0	0	0	74	5324	2088	0	6264	2190	220	758	0	0	0	2394	262	1382	708	878	0	600	110	742	120	454	254	632	282	250	76	132	0	76	0	110	0	142	0	6164	2130	2160	74	0	0	0	0	0	0	372	0	0	0	0	0	0	0	332	0	0	0	102	268	0	0	0	0	0	0	84	0	0	0	0	0	0	0	0	0	0	0	0	0	850	0	0	0	0	0	
126756	Cingulum_Post_R	480	912	70	0	0	0	0	0	0	0	0	0	0	0	0	0	0	0	112	1358	0	0	0	0	0	0	0	0	0	0	0	0	1614	4132	6264	0	2364	1938	1608	586	0	0	152	4906	310	4910	0	744	0	2218	0	342	0	518	110	830	0	716	0	206	0	0	0	0	0	0	1452	15054	188	872	0	0	0	0	0	0	2960	352	0	0	0	92	0	0	0	258	0	0	0	3286	0	0	0	0	0	0	0	106	0	0	0	0	0	0	0	0	0	0	0	0	1358	0	0	0	0	0	
227052	Hippocampus_L	4282	72	3174	210	0	0	1264	0	0	0	1382	0	216	0	0	0	1206	0	5110	742	0	0	0	0	0	0	0	0	20410	0	0	0	0	248	2190	2364	0	954	11508	178	4510	0	720	0	0	0	1994	838	0	0	116	0	0	0	8202	0	530	88	110	0	204	0	108	0	74	0	1796	912	3026	196	368	270	8480	0	252	0	7662	412	4850	0	2974	0	1434	0	682	0	112	0	5866	0	0	0	0	0	0	0	464	0	0	0	0	0	0	0	0	0	0	0	0	72	694	0	0	0	0	0	
245524	Hippocampus_R	156	3240	0	3456	0	0	0	1794	0	0	0	1388	0	880	0	0	0	886	152	3720	0	0	0	0	0	0	0	0	0	6130	0	0	0	152	220	1938	954	0	824	25600	0	7738	0	0	0	0	0	1900	0	0	0	0	0	828	102	24686	134	866	88	130	0	94	0	212	0	78	92	1836	178	258	0	0	0	13082	0	1806	1470	4100	0	330	0	1188	0	2670	0	822	0	496	0	4664	0	92	0	0	0	0	0	746	0	332	0	0	0	0	0	0	0	0	0	0	254	0	0	0	0	0	
111748	ParaHippocampal_L	98	0	104	0	0	0	0	0	0	0	0	0	0	0	0	0	0	0	246	0	0	0	0	0	0	0	0	0	874	0	0	0	0	0	758	1608	11508	824	0	180	978	0	1822	0	0	0	9544	548	0	0	2018	0	2724	0	9276	0	0	0	0	0	0	0	0	0	0	0	1894	492	98	0	0	0	888	0	0	0	3056	98	92	0	226	0	142	0	506	0	100	0	1014	0	92	0	0	0	866	144	1686	0	344	0	0	0	0	0	0	0	0	0	308	316	402	0	0	0	0	0	
188964	ParaHippocampal_R	0	168	0	1598	0	0	0	368	0	0	0	246	0	422	0	0	0	0	0	1316	0	0	0	0	0	0	0	0	0	1738	0	0	0	0	0	586	178	25600	180	0	0	6314	0	218	0	98	0	5102	0	148	0	146	0	990	0	21824	0	0	0	70	0	0	0	0	0	74	0	2548	0	76	0	0	0	8344	0	1646	256	1594	0	190	0	432	0	2794	0	348	0	1454	0	2878	0	360	0	0	0	206	0	2860	0	716	0	0	0	0	0	0	0	0	0	0	396	0	0	0	0	0	
21104	Amygdala_L	0	0	0	0	0	0	0	0	0	0	0	0	0	0	0	0	0	0	0	0	0	0	0	0	0	0	0	0	1258	0	0	0	0	0	0	0	4510	0	978	0	0	0	0	0	0	0	0	0	0	0	0	0	0	0	1698	0	0	0	0	0	0	0	0	0	0	0	0	0	0	0	0	0	558	0	0	0	0	0	0	0	94	0	462	0	0	0	128	0	866	0	0	0	0	0	0	0	0	0	0	0	0	0	0	0	0	0	0	0	0	0	0	0	0	0	0	0	
49256	Amygdala_R	0	0	0	0	0	0	0	0	0	0	0	0	0	0	0	96	0	0	0	0	0	248	0	0	0	0	0	0	0	722	0	0	0	0	0	0	0	7738	0	6314	0	0	0	0	0	0	0	0	0	0	0	0	0	0	0	4058	0	0	0	0	0	0	0	0	0	0	0	0	0	0	0	0	0	788	0	0	0	0	0	0	0	0	0	3490	0	0	0	1174	0	0	0	0	0	0	0	0	0	0	0	0	0	0	0	0	0	0	0	0	0	0	0	0	0	0	0	0	
300272	Calcarine_L	70	0	0	0	0	0	0	0	0	0	0	0	0	0	0	0	0	0	0	0	0	0	0	0	0	0	0	0	0	0	0	0	218	0	2394	152	720	0	1822	0	0	0	0	7954	20132	7660	20058	1668	15478	3450	28230	678	6784	72	4024	126	0	0	1644	0	284	0	514	0	1208	0	17358	1498	138	0	0	0	0	0	0	0	0	0	0	0	112	0	0	0	3756	0	0	0	820	0	78	0	0	0	0	0	266	0	366	0	0	0	0	0	0	0	0	0	0	0	262	142	0	0	0	0	
277828	Calcarine_R	0	628	0	0	0	0	0	0	0	0	0	0	0	0	0	0	0	0	0	610	0	0	0	0	0	0	0	0	0	0	0	0	0	1050	262	4906	0	0	0	218	0	0	7954	0	5592	28514	2200	18204	0	20498	0	12696	0	6954	0	8620	0	428	0	338	0	0	0	0	0	412	764	16190	0	328	0	0	0	0	0	0	0	0	0	0	0	0	0	0	0	154	0	0	0	1102	0	0	0	0	0	0	0	0	0	0	0	0	0	0	0	0	0	0	0	0	216	76	0	0	0	0	
237824	Cuneus_L	256	0	0	0	0	0	0	0	0	0	0	0	0	0	0	0	142	0	0	0	0	0	0	0	0	0	0	0	0	0	0	0	576	0	1382	310	0	0	0	0	0	0	20132	5592	0	12554	1282	452	24818	5168	14450	826	648	0	242	0	254	0	4408	0	682	0	928	0	1278	0	15218	4380	788	0	0	0	0	0	0	0	0	0	0	0	458	0	0	0	1356	0	0	0	332	0	0	0	0	0	0	0	0	0	0	0	0	0	0	0	0	0	0	0	0	0	0	0	0	0	0	0	
340712	Cuneus_R	0	620	0	0	0	0	0	0	0	0	0	0	0	0	0	0	0	0	0	562	0	0	0	0	0	0	0	0	0	0	0	0	128	3300	708	4910	0	0	0	98	0	0	7660	28514	12554	0	234	5162	646	36504	356	17258	0	3788	0	3946	0	790	74	3294	0	104	0	0	0	428	5868	30470	0	390	0	0	0	0	0	0	0	0	0	0	0	0	0	0	0	824	0	0	0	980	0	0	0	0	0	0	0	0	0	0	0	0	0	0	0	0	0	0	0	0	186	0	0	0	0	0	
326780	Lingual_L	0	0	0	0	0	0	0	0	0	0	0	0	0	0	0	0	0	0	0	0	0	0	0	0	0	0	0	0	0	0	0	0	0	0	878	0	1994	0	9544	0	0	0	20058	2200	1282	234	0	5454	2538	222	23588	148	15578	0	22446	1092	0	0	318	0	120	0	274	0	414	0	7344	94	0	0	0	0	0	0	0	0	0	0	0	0	138	0	0	0	2240	0	0	0	1182	0	5236	854	0	220	700	0	11742	1390	13012	1324	0	0	0	0	772	0	0	0	0	0	4714	3620	318	0	0	108	
305276	Lingual_R	0	0	0	0	0	0	0	0	0	0	0	0	0	0	0	0	0	0	92	0	0	0	0	0	0	0	0	0	0	0	0	0	0	158	0	744	838	1900	548	5102	0	0	1668	18204	452	5162	5454	0	0	6004	0	5802	116	6272	1068	22950	0	0	0	0	0	0	0	0	0	276	118	4694	0	0	0	0	356	0	0	0	280	154	0	0	0	0	0	0	0	0	0	0	0	222	1894	2618	250	0	1462	448	7724	12992	7326	6808	96	0	868	0	1734	100	0	0	0	398	12588	6186	124	86	72	230	
204768	Occipital_Sup_L	0	0	0	0	0	0	0	0	0	0	0	0	0	0	0	0	0	0	0	0	0	0	0	0	0	0	0	0	132	0	0	0	930	0	600	0	0	0	0	0	0	0	15478	0	24818	646	2538	0	0	0	28610	0	1202	0	0	0	0	0	6098	0	194	0	0	0	1728	0	14264	876	134	0	0	0	0	0	0	0	0	0	0	0	0	0	0	0	2748	0	0	0	1388	0	0	0	0	0	0	0	0	0	0	0	0	0	0	0	0	0	0	0	0	0	0	0	0	0	0	0	
372316	Occipital_Sup_R	0	1870	0	206	0	0	0	0	0	0	0	0	0	0	0	0	0	0	0	998	0	0	0	0	0	0	0	0	0	0	0	0	130	3012	110	2218	0	0	0	148	0	0	3450	20498	5168	36504	222	6004	0	0	142	33234	0	5698	0	5422	0	5074	0	10526	0	5544	0	204	0	7506	1540	23196	0	1036	0	0	0	0	0	0	0	0	0	162	0	1260	0	0	0	2842	0	0	0	2234	0	0	0	0	0	0	0	0	0	0	0	0	0	0	0	0	0	0	0	0	0	0	0	0	0	0	
581604	Occipital_Mid_L	6832	0	576	0	0	0	1086	0	0	0	2650	0	0	0	0	0	1396	0	294	120	0	0	0	0	0	0	0	0	2766	0	0	0	2000	0	742	0	116	0	2018	0	0	0	28230	0	14450	356	23588	0	28610	142	0	98	24958	0	11578	0	8440	0	22152	0	15586	0	2186	0	23162	0	29310	944	3220	0	0	0	0	0	0	0	0	0	1332	0	1814	0	0	0	22444	0	0	0	6354	0	510	70	0	0	0	0	0	0	466	84	0	0	0	0	0	0	0	0	0	0	0	122	0	0	0	0	
282284	Occipital_Mid_R	0	914	0	80	0	0	0	0	0	0	0	0	0	0	0	0	0	0	0	226	0	0	0	0	0	0	0	0	0	0	0	0	0	1584	120	342	0	0	0	146	0	0	678	12696	826	17258	148	5802	0	33234	98	0	0	8934	0	5854	0	1116	0	3924	0	6444	0	162	0	19020	884	6722	0	380	0	0	0	0	0	0	0	0	0	0	0	1614	0	0	0	9684	0	0	0	2252	0	0	0	0	0	0	0	0	0	0	0	0	0	0	0	0	0	0	0	0	0	0	0	0	0	0	
216244	Occipital_Inf_L	828	0	320	0	0	0	278	0	0	0	0	0	0	0	0	0	360	0	138	0	0	0	0	0	0	0	0	0	1432	0	0	0	88	0	454	0	0	0	2724	0	0	0	6784	0	648	0	15578	116	1202	0	24958	0	0	0	19544	0	246	0	0	0	0	0	0	0	130	0	2246	0	982	0	0	0	0	0	0	0	0	0	1658	0	1772	0	0	0	8726	0	0	0	6616	0	3720	160	0	0	0	0	1830	0	3990	204	0	0	0	0	0	0	0	0	0	0	72	318	0	0	0	0	
105680	Occipital_Inf_R	0	164	0	0	0	0	0	0	0	0	0	0	0	0	0	0	0	0	0	224	0	0	0	0	0	0	0	0	0	0	0	0	0	700	254	518	0	828	0	990	0	0	72	6954	0	3788	0	6272	0	5698	0	8934	0	0	0	11244	0	0	0	146	0	0	0	0	0	182	0	1574	0	0	0	0	0	0	0	0	0	0	0	0	0	72	0	0	0	504	0	0	0	3366	0	0	0	0	0	0	0	144	0	212	0	0	0	0	0	0	0	0	0	0	0	0	0	0	0	0	
422544	Fusiform_L	798	0	610	0	0	0	198	0	0	0	134	0	0	0	0	0	534	0	634	0	0	0	0	0	0	0	0	0	5042	0	0	0	0	0	632	110	8202	102	9276	0	1698	0	4024	0	242	0	22446	1068	0	0	11578	0	19544	0	0	304	112	0	0	0	0	0	114	0	106	0	1592	0	724	0	0	0	1204	0	0	0	406	0	2868	0	4706	0	1754	0	8498	0	1458	0	20648	0	22732	1076	150	188	848	0	15448	478	33270	1270	136	0	298	0	356	0	0	0	0	0	1284	2196	176	0	0	0	
421980	Fusiform_R	0	776	0	2000	0	0	0	488	0	0	0	304	0	792	0	148	0	104	0	2394	0	0	0	0	0	0	0	0	0	2164	0	0	0	462	282	830	0	24686	0	21824	0	4058	126	8620	0	3946	1092	22950	0	5422	0	5854	0	11244	304	0	0	0	0	306	0	0	0	0	0	460	0	1596	0	252	0	0	0	9358	0	818	0	262	0	232	0	1626	0	4808	0	1762	0	2182	0	12972	482	11926	0	132	192	518	1478	12350	1694	17236	0	0	0	116	304	0	0	0	0	74	4410	2574	0	0	0	0	
298160	Postcentral_L	29958	250	2132	268	0	0	4520	0	0	0	6728	0	640	0	0	0	7318	0	948	264	0	0	0	0	0	0	0	0	3940	0	0	0	480	0	250	0	530	134	0	0	0	0	0	0	254	0	0	0	0	0	8440	0	246	0	112	0	0	0	17852	0	22342	0	10560	0	6632	0	8406	0	7990	0	0	312	0	146	0	0	100	144	1632	0	5082	0	0	0	290	0	0	0	180	0	0	0	0	0	0	0	0	0	0	0	0	0	0	0	0	0	0	0	0	0	0	0	0	0	0	0	
186484	Postcentral_R	0	24838	0	2048	0	0	0	1668	0	0	0	5714	0	98	0	0	0	3922	348	2550	0	0	0	0	0	0	0	0	0	2996	0	0	0	4418	76	716	88	866	0	0	0	0	0	428	0	790	0	0	0	5074	0	1116	0	0	0	0	0	0	0	3108	0	3590	0	12520	0	626	0	2732	0	6542	0	0	0	778	0	0	0	86	0	218	0	774	0	0	0	3322	0	0	0	1192	0	0	0	0	0	0	0	0	0	0	0	0	0	0	0	0	0	0	0	0	0	0	0	0	0	0	
271988	Parietal_Sup_L	7772	0	0	0	0	0	1402	0	0	0	3668	0	0	0	0	0	418	0	0	100	0	0	0	0	0	0	0	0	1132	0	0	0	1464	0	132	0	110	88	0	0	0	0	1644	0	4408	74	318	0	6098	0	22152	0	0	0	0	0	17852	0	0	0	22904	0	1392	0	10894	0	25558	1164	4422	0	0	0	0	0	0	0	86	0	128	0	614	0	0	0	0	0	0	0	0	0	0	0	0	0	0	0	0	0	0	0	0	0	0	0	0	0	0	0	0	0	0	0	0	0	0	0	
77016	Parietal_Sup_R	0	252	0	0	0	0	0	0	0	0	0	0	0	0	0	0	0	0	0	0	0	0	0	0	0	0	0	0	0	0	0	0	0	108	0	206	0	130	0	70	0	0	0	338	0	3294	0	0	0	10526	0	3924	0	146	0	306	0	3108	0	0	0	2306	0	0	0	3978	90	8082	0	986	0	0	0	0	0	0	0	0	0	80	0	260	0	0	0	0	0	0	0	318	0	0	0	0	0	0	0	0	0	0	0	0	0	0	0	0	0	0	0	0	0	0	0	0	0	0	
277880	Parietal_Inf_L	12160	0	244	0	0	0	3584	0	0	0	5744	0	0	0	0	0	764	0	144	158	0	0	0	0	0	0	0	0	1690	0	0	0	364	0	76	0	204	0	0	0	0	0	284	0	682	0	120	0	194	0	15586	0	0	0	0	0	22342	0	22904	0	0	0	13498	0	23118	0	8366	120	2942	0	0	148	0	74	0	0	134	0	216	0	1308	0	0	0	1208	0	0	0	564	0	0	0	0	0	0	0	0	0	0	0	0	0	0	0	0	0	0	0	0	0	0	0	0	0	0	0	
93168	Parietal_Inf_R	0	424	0	78	0	0	0	92	0	0	0	162	0	0	0	0	0	262	0	116	0	0	0	0	0	0	0	0	0	256	0	0	0	0	0	0	0	94	0	0	0	0	0	0	0	104	0	0	0	5544	0	6444	0	0	0	0	0	3590	0	2306	0	0	0	6888	0	15596	0	404	0	0	0	0	0	0	0	0	0	0	0	0	0	786	0	0	0	1848	0	0	0	1590	0	0	0	0	0	0	0	0	0	0	0	0	0	0	0	0	0	0	0	0	0	0	0	0	0	0	
148116	SupraMarginal_L	3800	0	90	92	0	0	360	0	0	0	218	0	0	0	0	0	1834	0	80	92	0	0	0	0	0	0	0	0	628	0	0	0	0	0	110	0	108	0	0	0	0	0	514	0	928	0	274	0	0	0	2186	0	0	0	114	0	10560	0	1392	0	13498	0	0	0	17610	0	1670	0	732	0	0	0	0	0	0	0	0	0	214	0	7444	0	0	0	6758	0	0	0	2752	0	0	0	0	0	0	0	0	0	0	0	0	0	0	0	0	0	0	0	0	0	0	0	0	0	0	0	
104344	SupraMarginal_R	0	3200	0	384	0	0	0	582	0	0	0	1400	0	0	0	0	0	1610	0	238	0	0	0	0	0	0	0	0	0	786	0	0	0	0	0	0	0	212	0	0	0	0	0	0	0	0	0	0	0	204	0	162	0	0	0	0	0	12520	0	0	0	6888	0	0	0	7786	0	0	0	0	0	0	0	0	0	0	0	0	0	216	0	3650	0	0	0	6518	0	0	0	5816	0	0	0	0	0	0	0	0	0	0	0	0	0	0	0	0	0	0	0	0	0	0	0	0	0	0	
254016	Angular_L	6434	0	70	0	0	0	908	0	0	0	2580	0	0	0	0	0	1216	0	0	78	0	0	0	0	0	0	0	0	1008	0	0	0	458	0	142	0	74	0	0	0	0	0	1208	0	1278	0	414	0	1728	0	23162	0	130	0	106	0	6632	0	10894	0	23118	0	17610	0	0	0	8462	0	1530	0	0	0	0	0	0	0	0	0	102	0	4162	0	0	0	10886	0	0	0	2618	0	0	0	0	0	0	0	0	0	0	0	0	0	0	0	0	0	0	0	0	0	0	0	0	0	0	0	
160936	Angular_R	0	562	0	0	0	0	0	0	0	0	0	104	0	0	0	0	0	130	0	156	0	0	0	0	0	0	0	0	0	224	0	0	0	206	0	0	0	78	0	74	0	0	0	412	0	428	0	276	0	7506	0	19020	0	182	0	460	0	626	0	3978	0	15596	0	7786	0	0	0	432	0	124	0	0	0	0	0	0	0	0	0	90	0	4736	0	0	0	11252	0	0	0	6030	0	0	0	0	0	0	0	0	0	0	0	0	0	0	0	0	0	0	0	0	0	0	0	0	0	0	
397052	Precuneus_L	4190	74	0	0	0	0	454	0	0	0	1594	0	0	0	0	0	312	0	90	156	0	0	0	0	0	0	0	0	414	0	0	0	4846	1400	6164	1452	1796	92	1894	0	0	0	17358	764	15218	5868	7344	118	14264	1540	29310	884	2246	0	1592	0	8406	0	25558	90	8366	0	1670	0	8462	0	0	10672	5218	80	0	0	0	0	0	0	0	0	0	0	750	0	0	0	5010	0	0	0	2162	92	0	0	0	0	0	0	336	0	0	0	0	0	0	0	0	0	0	0	0	0	220	0	0	0	0	0	
328516	Precuneus_R	92	1564	0	0	0	0	0	0	0	0	0	0	0	0	0	0	0	0	0	2180	0	0	0	0	0	0	0	0	0	0	0	0	1240	8754	2130	15054	912	1836	492	2548	0	0	1498	16190	4380	30470	94	4694	876	23196	944	6722	0	1574	0	1596	0	2732	1164	8082	120	404	0	0	0	432	10672	0	408	3376	0	0	0	0	0	0	602	0	0	130	0	438	0	0	0	846	0	0	0	3630	0	0	0	0	0	0	0	860	0	0	0	0	0	0	0	0	0	0	0	0	1326	0	0	0	0	0	
320876	Paracentral_Lobule_L	42964	870	6210	1686	0	0	1710	76	0	0	0	0	0	0	0	0	94	0	12192	12830	0	70	0	0	0	0	0	0	1874	0	0	0	4838	6112	2160	188	3026	178	98	0	0	0	138	0	788	0	0	0	134	0	3220	0	982	0	724	0	7990	0	4422	0	2942	0	732	0	1530	0	5218	408	0	1808	1298	1864	5522	0	512	0	19408	1334	740	0	264	0	0	0	882	0	0	0	402	0	0	0	0	0	0	0	0	0	0	0	0	0	0	0	0	0	0	0	0	0	0	0	0	0	0	0	
88992	Paracentral_Lobule_R	610	7228	0	0	0	0	0	0	0	0	0	0	0	0	0	0	0	0	96	8612	0	0	0	0	0	0	0	0	0	0	0	0	126	6676	74	872	196	258	0	76	0	0	0	328	0	390	0	0	0	1036	0	380	0	0	0	252	0	6542	0	986	0	0	0	0	0	124	80	3376	1808	0	0	0	0	0	0	0	0	0	0	164	0	450	0	0	0	1950	0	0	0	1806	0	0	0	0	0	0	0	0	0	0	0	0	0	0	0	0	0	0	0	0	0	0	0	0	0	0	
176704	Caudate_L	1552	270	2418	468	0	226	5414	224	114	0	324	0	3872	594	1704	998	80	0	2388	616	5436	6744	416	0	336	94	1974	1016	9176	0	4210	2164	130	78	0	0	368	0	0	0	0	0	0	0	0	0	0	0	0	0	0	0	0	0	0	0	0	0	0	0	0	0	0	0	0	0	0	0	1298	0	0	7988	12136	458	2242	94	10260	246	0	0	72	0	154	0	0	0	0	0	0	0	0	0	0	0	0	0	0	0	0	0	0	0	0	0	0	0	0	0	0	0	0	0	0	0	0	0	
340300	Caudate_R	2584	210	2742	15458	0	1496	4402	506	0	238	750	0	3328	6166	332	10728	126	0	3860	24860	3184	5554	584	3756	216	1906	652	1340	2700	810	4000	11872	1386	512	0	0	270	0	0	0	0	0	0	0	0	0	0	0	0	0	0	0	0	0	0	0	312	0	0	0	148	0	0	0	0	0	0	0	1864	0	7988	0	2510	18120	298	2732	1338	18018	114	0	104	0	76	0	0	0	0	0	0	0	0	0	0	0	0	0	0	0	0	0	0	0	0	0	0	0	0	0	0	0	0	0	0	0	0	0	
283444	Putamen_L	4032	1190	10538	1450	1758	0	5786	818	1140	0	1954	0	5898	150	6028	190	444	0	11380	3372	906	1070	1214	0	186	0	408	174	25240	0	4710	970	154	0	0	0	8480	0	888	0	558	0	0	0	0	0	0	356	0	0	0	0	0	0	1204	0	0	0	0	0	0	0	0	0	0	0	0	0	5522	0	12136	2510	0	1100	5488	366	7376	898	280	0	650	0	1894	0	0	0	0	0	856	0	0	0	0	0	0	0	0	0	0	0	0	0	0	0	0	0	0	0	0	0	0	0	0	0	0	0	
342896	Putamen_R	416	1658	632	22228	0	1724	602	6548	0	1102	76	5130	316	6362	180	4102	0	2490	1426	15948	0	650	452	4128	0	1324	0	332	910	19424	1406	8786	0	644	0	0	0	13082	0	8344	0	788	0	0	0	0	0	0	0	0	0	0	0	0	0	9358	146	778	0	0	74	0	0	0	0	0	0	0	0	0	458	18120	1100	0	0	4902	0	2230	0	72	0	194	0	500	0	352	0	0	0	1786	0	0	0	0	0	0	0	0	0	168	0	0	0	0	0	0	0	0	0	0	0	0	0	0	0	0	
31556	Pallidum_L	278	148	0	362	0	0	118	0	0	0	0	0	70	0	0	0	0	0	2102	1152	0	0	0	0	0	0	0	0	510	0	0	0	0	0	0	0	252	0	0	0	0	0	0	0	0	0	0	0	0	0	0	0	0	0	0	0	0	0	0	0	0	0	0	0	0	0	0	0	512	0	2242	298	5488	0	0	0	1990	256	0	0	0	0	0	0	0	0	0	0	0	0	0	0	0	0	0	0	0	0	0	0	0	0	0	0	0	0	0	0	0	0	0	0	0	0	0	0	
40880	Pallidum_R	304	0	156	3266	0	0	324	684	0	0	0	0	102	0	0	0	0	0	306	2046	0	204	0	0	0	0	0	0	298	136	0	0	0	84	0	0	0	1806	0	1646	0	0	0	0	0	0	0	0	0	0	0	0	0	0	0	818	0	0	0	0	0	0	0	0	0	0	0	0	0	0	94	2732	366	4902	0	0	0	166	0	0	0	0	0	0	0	0	0	0	0	0	0	0	0	0	0	0	0	0	0	0	0	0	0	0	0	0	0	0	0	0	0	0	0	0	0	0	
208392	Thalamus_L	23894	256	2296	1958	0	0	164	140	0	0	284	0	106	0	150	0	0	0	3348	4940	130	134	0	0	0	0	0	0	4294	0	0	0	0	130	372	2960	7662	1470	3056	256	0	0	0	0	0	0	0	280	0	0	0	0	0	0	406	0	100	0	86	0	134	0	0	0	0	0	0	602	19408	0	10260	1338	7376	0	1990	0	0	3330	156	0	122	0	0	0	0	0	0	0	184	0	0	0	0	0	0	0	0	0	0	0	0	0	0	0	0	0	0	0	0	0	424	0	0	0	0	0	
156816	Thalamus_R	1850	4344	192	9576	0	0	76	3254	0	0	0	176	0	192	0	490	0	142	662	22528	0	0	0	0	0	0	0	0	234	678	0	86	0	0	0	352	412	4100	98	1594	0	0	0	0	0	0	0	154	0	0	0	0	0	0	0	262	144	86	0	0	0	0	0	0	0	0	0	0	1334	0	246	18018	898	2230	256	166	3330	0	0	0	0	158	0	0	0	0	0	0	0	90	0	0	0	0	0	0	0	0	0	0	0	0	0	0	0	0	0	0	0	0	0	0	0	0	0	0	
93888	Heschl_L	3180	0	2134	0	0	0	1148	0	0	0	1418	0	218	0	0	0	2488	0	1166	144	0	0	0	0	0	0	0	0	9646	0	0	0	0	0	0	0	4850	0	92	0	0	0	0	0	0	0	0	0	0	0	1332	0	1658	0	2868	0	1632	0	128	0	216	0	214	0	102	0	0	0	740	0	0	114	280	0	0	0	156	0	0	0	5510	0	0	0	2688	0	0	0	2822	0	0	0	0	0	0	0	0	0	0	0	0	0	0	0	0	0	0	0	0	0	0	0	0	0	0	0	
20180	Heschl_R	0	662	0	330	0	0	0	0	0	0	0	0	0	0	0	0	0	1430	0	782	0	0	0	0	0	0	0	0	0	1002	0	0	0	0	0	0	0	330	0	190	0	0	0	0	0	0	0	0	0	162	0	0	0	0	0	232	0	218	0	80	0	0	0	216	0	90	0	130	0	164	0	0	0	72	0	0	0	0	0	0	0	3528	0	0	0	160	0	0	0	312	0	0	0	0	0	0	0	0	0	0	0	0	0	0	0	0	0	0	0	0	0	0	0	0	0	0	
207908	Temporal_Sup_L	2800	82	2796	178	0	0	392	76	0	0	2162	0	452	0	0	0	8090	0	2338	138	0	0	0	0	0	0	0	0	10668	0	0	0	0	0	0	0	2974	0	226	0	94	0	112	0	458	0	138	0	0	0	1814	0	1772	0	4706	0	5082	0	614	0	1308	0	7444	0	4162	0	750	0	264	0	72	104	650	0	0	0	122	0	5510	0	0	0	4842	0	18622	0	0	0	11942	0	0	0	0	0	0	0	0	0	0	0	0	0	0	0	0	0	0	0	0	0	0	0	0	0	0	0	
98944	Temporal_Sup_R	0	1620	0	384	0	0	0	0	0	0	0	200	0	0	0	0	0	1738	0	2174	0	0	0	0	0	0	0	0	0	2176	0	0	0	0	0	92	0	1188	0	432	0	0	0	0	0	0	0	0	0	1260	0	1614	0	72	0	1626	0	774	0	260	0	786	0	3650	0	4736	0	438	0	450	0	0	0	194	0	0	0	158	0	3528	0	0	0	1454	0	12422	0	740	0	5306	0	0	0	0	0	0	0	0	0	0	0	0	0	0	0	0	0	0	0	0	0	0	0	0	0	0	
85120	Temporal_Pole_Sup_L	0	0	2240	0	0	0	0	0	0	0	3140	0	452	0	630	0	1968	0	2020	0	0	0	0	0	0	0	0	0	6076	0	0	0	0	0	0	0	1434	0	142	0	462	0	0	0	0	0	0	0	0	0	0	0	0	0	1754	0	0	0	0	0	0	0	0	0	0	0	0	0	0	0	154	76	1894	0	0	0	0	0	0	0	4842	0	0	0	6436	0	4750	0	4090	0	0	0	0	0	0	0	0	0	0	0	0	0	0	0	0	0	0	0	0	0	0	0	0	0	0	0	
54540	Temporal_Pole_Sup_R	0	0	0	768	0	0	0	0	0	0	0	1170	0	0	0	246	0	1552	300	732	0	0	0	0	0	0	0	0	0	1450	0	0	0	0	0	0	0	2670	0	2794	0	3490	0	0	0	0	0	0	0	0	0	0	0	0	0	4808	0	0	0	0	0	0	0	0	0	0	0	0	0	0	0	0	0	500	0	0	0	0	0	0	0	1454	0	0	0	1446	0	2254	0	1636	0	0	0	0	0	0	0	0	0	0	0	0	0	0	0	0	0	0	0	0	0	0	0	0	0	0	
312164	Temporal_Mid_L	886	0	782	0	0	0	390	0	0	0	80	0	0	0	0	0	846	0	376	0	0	0	0	0	0	0	0	0	3600	0	0	0	230	0	332	0	682	0	506	0	0	0	3756	0	1356	0	2240	0	2748	0	22444	0	8726	0	8498	0	290	0	0	0	1208	0	6758	0	10886	0	5010	0	882	0	0	0	0	0	0	0	0	0	2688	0	18622	0	6436	0	0	0	4236	0	39622	0	870	0	0	0	0	0	0	0	96	0	0	0	0	0	0	0	0	0	0	0	0	0	0	0	0	0	
193020	Temporal_Mid_R	0	4466	0	86	0	0	0	0	0	0	0	0	0	0	0	0	0	122	0	1636	0	0	0	0	0	0	0	0	0	792	0	0	0	2358	0	258	0	822	0	348	0	0	0	154	0	824	0	0	0	2842	0	9684	0	504	0	1762	0	3322	0	0	0	1848	0	6518	0	11252	0	846	0	1950	0	0	0	352	0	0	0	0	0	160	0	12422	0	1446	0	0	0	2464	0	27272	0	0	0	0	0	0	0	0	0	0	0	0	0	0	0	0	0	0	0	0	0	0	0	0	0	0	
28796	Temporal_Pole_Mid_L	0	0	0	0	0	0	0	0	0	0	0	0	0	0	0	0	0	0	0	0	0	0	0	0	0	0	0	0	0	0	0	0	0	0	0	0	112	0	100	0	128	0	0	0	0	0	0	0	0	0	0	0	0	0	1458	0	0	0	0	0	0	0	0	0	0	0	0	0	0	0	0	0	0	0	0	0	0	0	0	0	0	0	4750	0	4236	0	0	0	3614	0	0	0	0	0	0	0	0	0	0	0	0	0	0	0	0	0	0	0	0	0	0	0	0	0	0	0	
24464	Temporal_Pole_Mid_R	0	0	0	0	0	0	0	0	0	0	0	0	0	0	0	0	0	0	0	0	0	0	0	0	0	0	0	0	0	0	0	0	0	0	0	0	0	496	0	1454	0	1174	0	0	0	0	0	0	0	0	0	0	0	0	0	2182	0	0	0	0	0	0	0	0	0	0	0	0	0	0	0	0	0	0	0	0	0	0	0	0	0	740	0	2254	0	2464	0	0	0	1468	0	0	0	0	0	0	0	0	0	0	0	0	0	0	0	0	0	0	0	0	0	0	0	0	0	0	
275828	Temporal_Inf_L	592	0	660	0	0	0	198	0	0	0	0	0	0	0	0	0	356	0	592	0	0	0	0	0	0	0	0	0	4584	0	0	0	138	0	102	0	5866	0	1014	0	866	0	820	0	332	0	1182	0	1388	0	6354	0	6616	0	20648	0	180	0	0	0	564	0	2752	0	2618	0	2162	0	402	0	0	0	856	0	0	0	184	0	2822	0	11942	0	4090	0	39622	0	3614	0	0	0	6244	0	0	0	208	0	2174	0	5172	0	0	0	0	0	0	0	0	0	0	0	0	0	0	0	0	0	
210948	Temporal_Inf_R	0	2864	0	622	0	0	0	144	0	0	0	0	0	126	0	0	0	220	0	2756	0	0	0	0	0	0	0	0	0	886	0	0	0	888	268	3286	0	4664	0	2878	0	0	0	1102	0	980	0	222	0	2234	0	2252	0	3366	0	12972	0	1192	0	318	0	1590	0	5816	0	6030	92	3630	0	1806	0	0	0	1786	0	0	0	90	0	312	0	5306	0	1636	0	27272	0	1468	0	0	0	2684	0	182	0	90	0	170	0	1274	0	0	0	0	0	0	0	0	0	0	0	0	0	0	0	0	
545324	Cerebelum_Crus1_L	0	0	0	0	0	0	0	0	0	0	0	0	0	0	0	0	0	0	0	0	0	0	0	0	0	0	0	0	0	0	0	0	0	0	0	0	0	0	92	0	0	0	78	0	0	0	5236	1894	0	0	510	0	3720	0	22732	482	0	0	0	0	0	0	0	0	0	0	0	0	0	0	0	0	0	0	0	0	0	0	0	0	0	0	0	0	870	0	0	0	6244	0	0	5288	37054	8008	1040	0	16878	1552	67476	2384	23554	912	28608	1458	8010	194	816	0	0	0	3058	11114	9442	2356	1112	490	
572560	Cerebelum_Crus1_R	0	0	0	0	0	0	0	0	0	0	0	0	0	0	0	0	0	0	0	0	0	0	0	0	0	0	0	0	0	0	0	0	0	0	0	0	0	92	0	360	0	0	0	0	0	0	854	2618	0	0	70	0	160	0	1076	11926	0	0	0	0	0	0	0	0	0	0	0	0	0	0	0	0	0	0	0	0	0	0	0	0	0	0	0	0	0	0	0	0	0	2684	5288	0	1524	43462	672	4004	2314	22014	8690	69356	1800	9372	2414	27360	636	6634	0	582	820	3584	8584	22982	13384	3896	5190	1878	
311116	Cerebelum_Crus2_L	0	0	0	0	0	0	0	0	0	0	0	0	0	0	0	0	0	0	0	0	0	0	0	0	0	0	0	0	0	0	0	0	0	0	0	0	0	0	0	0	0	0	0	0	0	0	0	250	0	0	0	0	0	0	150	0	0	0	0	0	0	0	0	0	0	0	0	0	0	0	0	0	0	0	0	0	0	0	0	0	0	0	0	0	0	0	0	0	0	0	37054	1524	0	8478	92	0	1050	250	10238	320	37972	1320	36436	266	8808	0	1030	0	0	0	292	3066	5664	1102	196	0	
426688	Cerebelum_Crus2_R	0	0	0	0	0	0	0	0	0	0	0	0	0	0	0	0	0	0	0	0	0	0	0	0	0	0	0	0	0	0	0	0	0	0	0	0	0	0	0	0	0	0	0	0	0	0	220	0	0	0	0	0	0	0	188	132	0	0	0	0	0	0	0	0	0	0	0	0	0	0	0	0	0	0	0	0	0	0	0	0	0	0	0	0	0	0	0	0	0	182	8008	43462	8478	0	0	310	288	188	9966	14146	4866	23360	7434	37328	1530	4942	0	266	370	570	386	15308	18944	8266	3238	968	
71872	Cerebelum_3_L	0	0	0	0	0	0	0	0	0	0	0	0	0	0	0	0	0	0	0	0	0	0	0	0	0	0	0	0	0	0	0	0	0	0	0	0	0	0	866	0	0	0	0	0	0	0	700	1462	0	0	0	0	0	0	848	192	0	0	0	0	0	0	0	0	0	0	0	0	0	0	0	0	0	0	0	0	0	0	0	0	0	0	0	0	0	0	0	0	208	0	1040	672	92	0	0	88	9820	2134	2940	1038	82	0	138	0	3632	512	0	0	1500	1668	4464	892	94	0	116	738	
59992	Cerebelum_3_R	0	0	0	0	0	0	0	0	0	0	0	0	0	0	0	0	0	0	0	0	0	0	0	0	0	0	0	0	0	0	0	0	0	0	0	0	0	0	144	206	0	0	0	0	0	0	0	448	0	0	0	0	0	0	0	518	0	0	0	0	0	0	0	0	0	0	0	0	0	0	0	0	0	0	0	0	0	0	0	0	0	0	0	0	0	0	0	0	0	90	0	4004	0	310	88	0	196	6144	0	7660	0	0	0	0	0	1252	0	0	746	3644	1400	1120	386	368	898	374	
338444	Cerebelum_4_5_L	0	0	0	0	0	0	0	0	0	0	0	0	0	0	0	0	0	0	0	0	0	0	0	0	0	0	0	0	0	0	0	0	0	0	84	0	464	0	1686	0	0	0	266	0	0	0	11742	7724	0	0	0	0	1830	0	15448	1478	0	0	0	0	0	0	0	0	0	0	336	0	0	0	0	0	0	0	0	0	0	0	0	0	0	0	0	0	0	0	0	0	2174	0	16878	2314	1050	288	9820	196	0	9546	33412	3556	714	0	2776	100	9472	1448	360	0	1232	1708	20644	4828	488	160	894	4106	
289856	Cerebelum_4_5_R	0	0	0	0	0	0	0	0	0	0	0	0	0	0	0	0	0	0	0	0	0	0	0	0	0	0	0	0	0	0	0	0	0	0	0	106	0	746	0	2860	0	0	0	0	0	0	1390	12992	0	0	0	0	0	144	478	12350	0	0	0	0	0	0	0	0	0	0	0	860	0	0	0	0	0	0	0	0	0	0	0	0	0	0	0	0	0	0	0	0	0	170	1552	22014	250	188	2134	6144	9546	0	5026	34092	102	0	858	134	2362	730	0	0	736	3096	19464	2634	268	202	466	834	
623764	Cerebelum_6_L	0	0	0	0	0	0	0	0	0	0	0	0	0	0	0	0	0	0	0	0	0	0	0	0	0	0	0	0	0	0	0	0	0	0	0	0	0	0	344	0	0	0	366	0	0	0	13012	7326	0	0	466	0	3990	0	33270	1694	0	0	0	0	0	0	0	0	0	0	0	0	0	0	0	0	0	0	0	0	0	0	0	0	0	0	0	0	96	0	0	0	5172	0	67476	8690	10238	9966	2940	0	33412	5026	0	5780	9988	2112	18352	5244	10468	724	1020	0	92	142	9470	22706	13252	5524	2424	1100	
494980	Cerebelum_6_R	0	0	0	0	0	0	0	0	0	0	0	0	0	0	0	0	0	0	0	0	0	0	0	0	0	0	0	0	0	0	0	0	0	0	0	0	0	332	0	716	0	0	0	0	0	0	1324	6808	0	0	84	0	204	212	1270	17236	0	0	0	0	0	0	0	0	0	0	0	0	0	0	0	0	0	168	0	0	0	0	0	0	0	0	0	0	0	0	0	0	0	1274	2384	69356	320	14146	1038	7660	3556	34092	5780	0	186	2092	194	9500	806	6514	0	830	1262	4664	13648	21628	7304	3192	5258	2452	
275828	Cerebelum_7b_L	0	0	0	0	0	0	0	0	0	0	0	0	0	0	0	0	0	0	0	0	0	0	0	0	0	0	0	0	0	0	0	0	0	0	0	0	0	0	0	0	0	0	0	0	0	0	0	96	0	0	0	0	0	0	136	0	0	0	0	0	0	0	0	0	0	0	0	0	0	0	0	0	0	0	0	0	0	0	0	0	0	0	0	0	0	0	0	0	0	0	23554	1800	37972	4866	82	0	714	102	9988	186	0	624	37106	1054	7078	0	756	0	0	0	112	3518	5538	2474	158	0	
149924	Cerebelum_7b_R	0	0	0	0	0	0	0	0	0	0	0	0	0	0	0	0	0	0	0	0	0	0	0	0	0	0	0	0	0	0	0	0	0	0	0	0	0	0	0	0	0	0	0	0	0	0	0	0	0	0	0	0	0	0	0	0	0	0	0	0	0	0	0	0	0	0	0	0	0	0	0	0	0	0	0	0	0	0	0	0	0	0	0	0	0	0	0	0	0	0	912	9372	1320	23360	0	0	0	0	2112	2092	624	0	2048	20418	730	1432	0	0	0	0	0	2544	3198	3502	1004	294	
399804	Cerebelum_8_L	0	0	0	0	0	0	0	0	0	0	0	0	0	0	0	0	0	0	0	0	0	0	0	0	0	0	0	0	0	0	0	0	0	0	0	0	0	0	0	0	0	0	0	0	0	0	0	868	0	0	0	0	0	0	298	0	0	0	0	0	0	0	0	0	0	0	0	0	0	0	0	0	0	0	0	0	0	0	0	0	0	0	0	0	0	0	0	0	0	0	28608	2414	36436	7434	138	0	2776	858	18352	194	37106	2048	0	4968	28084	250	2364	0	0	0	960	7230	9216	7384	1718	198	
319392	Cerebelum_8_R	0	0	0	0	0	0	0	0	0	0	0	0	0	0	0	0	0	0	0	0	0	0	0	0	0	0	0	0	0	0	0	0	0	0	0	0	0	0	0	0	0	0	0	0	0	0	0	0	0	0	0	0	0	0	0	116	0	0	0	0	0	0	0	0	0	0	0	0	0	0	0	0	0	0	0	0	0	0	0	0	0	0	0	0	0	0	0	0	0	0	1458	27360	266	37328	0	0	100	134	5244	9500	1054	20418	4968	0	1984	16466	0	764	0	0	130	7622	8152	7950	6660	2022	
235300	Cerebelum_9_L	0	0	0	0	0	0	0	0	0	0	0	0	0	0	0	0	0	0	0	0	0	0	0	0	0	0	0	0	0	0	0	0	0	0	0	0	0	0	0	0	0	0	0	0	0	0	772	1734	0	0	0	0	0	0	356	304	0	0	0	0	0	0	0	0	0	0	0	0	0	0	0	0	0	0	0	0	0	0	0	0	0	0	0	0	0	0	0	0	0	0	8010	636	8808	1530	3632	0	9472	2362	10468	806	7078	730	28084	1984	0	2974	3816	0	224	200	5312	4158	2364	2684	5124	4028	
158328	Cerebelum_9_R	0	0	0	0	0	0	0	0	0	0	0	0	0	0	0	0	0	0	0	0	0	0	0	0	0	0	0	0	0	0	0	0	0	0	0	0	0	0	0	0	0	0	0	0	0	0	0	100	0	0	0	0	0	0	0	0	0	0	0	0	0	0	0	0	0	0	0	0	0	0	0	0	0	0	0	0	0	0	0	0	0	0	0	0	0	0	0	0	0	0	194	6634	0	4942	512	1252	1448	730	724	6514	0	1432	250	16466	2974	0	0	2614	844	1170	2288	6456	1792	1924	10162	7742	
20324	Cerebelum_10_L	0	0	0	0	0	0	0	0	0	0	0	0	0	0	0	0	0	0	0	0	0	0	0	0	0	0	0	0	0	0	0	0	0	0	0	0	0	0	0	0	0	0	0	0	0	0	0	0	0	0	0	0	0	0	0	0	0	0	0	0	0	0	0	0	0	0	0	0	0	0	0	0	0	0	0	0	0	0	0	0	0	0	0	0	0	0	0	0	0	0	816	0	1030	0	0	0	360	0	1020	0	756	0	2364	0	3816	0	0	0	0	0	0	0	0	0	0	0	
12960	Cerebelum_10_R	0	0	0	0	0	0	0	0	0	0	0	0	0	0	0	0	0	0	0	0	0	0	0	0	0	0	0	0	0	0	0	0	0	0	0	0	0	0	0	0	0	0	0	0	0	0	0	0	0	0	0	0	0	0	0	0	0	0	0	0	0	0	0	0	0	0	0	0	0	0	0	0	0	0	0	0	0	0	0	0	0	0	0	0	0	0	0	0	0	0	0	582	0	266	0	0	0	0	0	830	0	0	0	764	0	2614	0	0	0	0	142	576	232	140	226	108	
34628	Vermis_1_2	0	0	0	0	0	0	0	0	0	0	0	0	0	0	0	0	0	0	0	0	0	0	0	0	0	0	0	0	0	0	0	0	0	0	0	0	0	0	308	0	0	0	0	0	0	0	0	0	0	0	0	0	0	0	0	0	0	0	0	0	0	0	0	0	0	0	0	0	0	0	0	0	0	0	0	0	0	0	0	0	0	0	0	0	0	0	0	0	0	0	0	820	0	370	1500	746	1232	736	92	1262	0	0	0	0	224	844	0	0	0	3898	1796	1190	458	518	418	902	
67028	Vermis_3	0	0	0	0	0	0	0	0	0	0	0	0	0	0	0	0	0	0	0	0	0	0	0	0	0	0	0	0	0	0	0	0	0	0	0	0	72	0	316	0	0	0	0	0	0	0	0	398	0	0	0	0	0	0	0	74	0	0	0	0	0	0	0	0	0	0	0	0	0	0	0	0	0	0	0	0	0	0	0	0	0	0	0	0	0	0	0	0	0	0	0	3584	0	570	1668	3644	1708	3096	142	4664	0	0	0	0	200	1170	0	0	3898	0	3928	1554	674	688	730	736	
282940	Vermis_4_5	0	0	0	0	0	0	0	0	0	0	0	0	0	0	0	0	0	0	0	0	0	0	0	0	0	0	0	0	0	0	0	0	0	0	850	1358	694	254	402	396	0	0	262	216	0	186	4714	12588	0	0	0	0	72	0	1284	4410	0	0	0	0	0	0	0	0	0	0	220	1326	0	0	0	0	0	0	0	0	424	0	0	0	0	0	0	0	0	0	0	0	0	0	3058	8584	292	386	4464	1400	20644	19464	9470	13648	112	0	960	130	5312	2288	0	142	1796	3928	0	8540	814	590	986	4806	
415368	Vermis_6	0	0	0	0	0	0	0	0	0	0	0	0	0	0	0	0	0	0	0	0	0	0	0	0	0	0	0	0	0	0	0	0	0	0	0	0	0	0	0	0	0	0	142	76	0	0	3620	6186	0	0	122	0	318	0	2196	2574	0	0	0	0	0	0	0	0	0	0	0	0	0	0	0	0	0	0	0	0	0	0	0	0	0	0	0	0	0	0	0	0	0	0	11114	22982	3066	15308	892	1120	4828	2634	22706	21628	3518	2544	7230	7622	4158	6456	0	576	1190	1554	8540	0	19968	9296	8430	5090	
275676	Vermis_7	0	0	0	0	0	0	0	0	0	0	0	0	0	0	0	0	0	0	0	0	0	0	0	0	0	0	0	0	0	0	0	0	0	0	0	0	0	0	0	0	0	0	0	0	0	0	318	124	0	0	0	0	0	0	176	0	0	0	0	0	0	0	0	0	0	0	0	0	0	0	0	0	0	0	0	0	0	0	0	0	0	0	0	0	0	0	0	0	0	0	9442	13384	5664	18944	94	386	488	268	13252	7304	5538	3198	9216	8152	2364	1792	0	232	458	674	814	19968	0	11010	3722	856	
