data	data	378884	268328	1.03932e+06	903444	155868	110308	562560	301536	131312	37096	328760	221280	356200	160280	215060	73852	225744	96124	771948	721560	99572	100216	376032	388220	65480	90920	108604	96448	716908	406272	300288	418452	129924	548328	143536	179028	259112	408000	102832	313032	37908	60680	298488	299588	257928	272604	326924	364324	150556	245692	324952	234404	84908	65636	406952	531784	242704	222476	98268	87088	198888	122748	78132	171960	117368	136028	294860	376996	182024	81488	443700	476408	371628	382208	48912	34868	113032	123560	42808	18156	118616	89128	91716	104476	155680	189184	16944	26048	196132	239504	606048	599012	393320	394928	151900	169820	484244	441916	628584	570800	321996	157900	441840	373060	222572	191940	14604	58660	93664	183972	357832	308548	375556	249784	165372	42984	
data	data	Precentral_L	Precentral_R	Frontal_Sup_L	Frontal_Sup_R	Frontal_Sup_Orb_L	Frontal_Sup_Orb_R	Frontal_Mid_L	Frontal_Mid_R	Frontal_Mid_Orb_L	Frontal_Mid_Orb_R	Frontal_Inf_Oper_L	Frontal_Inf_Oper_R	Frontal_Inf_Tri_L	Frontal_Inf_Tri_R	Frontal_Inf_Orb_L	Frontal_Inf_Orb_R	Rolandic_Oper_L	Rolandic_Oper_R	Supp_Motor_Area_L	Supp_Motor_Area_R	Olfactory_L	Olfactory_R	Frontal_Sup_Medial_L	Frontal_Sup_Medial_R	Frontal_Med_Orb_L	Frontal_Med_Orb_R	Rectus_L	Rectus_R	Insula_L	Insula_R	Cingulum_Ant_L	Cingulum_Ant_R	Cingulum_Mid_L	Cingulum_Mid_R	Cingulum_Post_L	Cingulum_Post_R	Hippocampus_L	Hippocampus_R	ParaHippocampal_L	ParaHippocampal_R	Amygdala_L	Amygdala_R	Calcarine_L	Calcarine_R	Cuneus_L	Cuneus_R	Lingual_L	Lingual_R	Occipital_Sup_L	Occipital_Sup_R	Occipital_Mid_L	Occipital_Mid_R	Occipital_Inf_L	Occipital_Inf_R	Fusiform_L	Fusiform_R	Postcentral_L	Postcentral_R	Parietal_Sup_L	Parietal_Sup_R	Parietal_Inf_L	Parietal_Inf_R	SupraMarginal_L	SupraMarginal_R	Angular_L	Angular_R	Precuneus_L	Precuneus_R	Paracentral_Lobule_L	Paracentral_Lobule_R	Caudate_L	Caudate_R	Putamen_L	Putamen_R	Pallidum_L	Pallidum_R	Thalamus_L	Thalamus_R	Heschl_L	Heschl_R	Temporal_Sup_L	Temporal_Sup_R	Temporal_Pole_Sup_L	Temporal_Pole_Sup_R	Temporal_Mid_L	Temporal_Mid_R	Temporal_Pole_Mid_L	Temporal_Pole_Mid_R	Temporal_Inf_L	Temporal_Inf_R	Cerebelum_Crus1_L	Cerebelum_Crus1_R	Cerebelum_Crus2_L	Cerebelum_Crus2_R	Cerebelum_3_L	Cerebelum_3_R	Cerebelum_4_5_L	Cerebelum_4_5_R	Cerebelum_6_L	Cerebelum_6_R	Cerebelum_7b_L	Cerebelum_7b_R	Cerebelum_8_L	Cerebelum_8_R	Cerebelum_9_L	Cerebelum_9_R	Cerebelum_10_L	Cerebelum_10_R	Vermis_1_2	Vermis_3	Vermis_4_5	Vermis_6	Vermis_7	Vermis_8	Vermis_9	Vermis_10	
378884	Precentral_L	0	4836	21658	3238	0	0	13684	1782	0	0	10744	1910	1810	302	0	0	9674	218	19394	5720	0	0	0	98	0	0	0	0	8622	1292	132	98	566	3204	464	254	2234	1060	280	316	0	0	1368	0	1350	0	108	0	174	0	1872	0	336	0	1668	370	23270	892	0	0	3136	0	586	110	962	0	600	268	13498	712	7040	2768	2676	1506	1658	0	3234	318	578	0	2568	0	0	646	582	98	0	0	582	318	0	0	0	0	0	0	0	0	0	0	0	0	0	0	0	0	0	0	0	0	0	0	0	0	0	0	
268328	Precentral_R	4836	0	4048	18862	0	0	828	10728	0	0	366	9550	194	246	0	0	784	2772	1888	4432	0	0	0	0	0	0	0	0	818	6298	0	0	0	1132	200	1174	348	6726	0	1334	0	0	180	160	182	300	0	0	0	530	0	524	0	0	294	2250	3322	20388	0	182	126	146	0	3400	80	234	0	1154	426	5218	2124	1240	740	7148	380	840	462	1094	0	166	100	804	0	184	0	816	0	0	0	1406	0	0	0	0	0	0	0	0	0	0	0	0	0	0	0	0	0	0	0	0	0	0	0	0	0	0	
1.03932e+06	Frontal_Sup_L	21658	4048	0	26144	8322	0	76320	3144	5972	0	17188	1000	22420	582	9708	0	9618	822	79312	27628	160	0	45068	12244	2844	0	1540	0	32536	1758	17090	6062	1884	10392	350	242	4946	948	702	110	0	0	318	0	418	0	0	0	222	0	124	0	0	0	942	0	1420	1000	0	0	182	0	0	192	0	0	442	192	3702	268	11030	5148	24516	2614	6470	1044	2886	208	314	0	1192	0	1600	272	0	0	0	0	180	0	0	0	0	0	0	0	0	0	0	0	0	0	0	0	0	0	0	0	0	0	0	0	0	0	0	0	
903444	Frontal_Sup_R	3238	18862	26144	0	408	5080	5476	33380	116	1732	4216	7186	2704	8432	590	2418	1838	3708	31510	68264	172	204	13204	39838	304	3824	494	784	9852	11782	4900	26428	3492	29724	174	0	820	7034	0	1214	0	94	278	0	434	136	0	0	620	240	138	98	0	0	152	1262	592	3208	0	0	82	0	0	798	98	0	448	172	1474	0	9836	18420	5032	18956	506	1658	642	3746	0	0	106	304	242	1154	0	512	0	0	0	738	0	0	0	0	0	0	0	0	0	0	0	0	0	0	0	0	0	0	0	0	0	0	0	0	0	0	
155868	Frontal_Sup_Orb_L	0	0	8322	408	0	0	1908	0	11180	0	0	0	984	0	8144	0	0	0	526	360	2128	202	3760	346	7008	0	12882	156	4382	0	4820	526	0	0	0	0	0	0	0	0	0	0	0	0	0	0	0	0	0	0	0	0	0	0	0	0	0	0	0	0	0	0	0	0	0	0	0	0	0	0	2536	214	6612	0	0	0	0	0	0	0	0	0	530	0	0	0	0	0	0	0	0	0	0	0	0	0	0	0	0	0	0	0	0	0	0	0	0	0	0	0	0	0	0	0	0	0	
110308	Frontal_Sup_Orb_R	0	0	0	5080	0	0	0	744	0	6232	0	0	0	0	0	3854	0	0	0	0	740	1924	0	3084	430	8140	400	9984	0	728	432	1432	0	0	0	0	0	0	0	0	0	0	0	0	0	0	0	0	0	0	0	0	0	0	0	0	0	0	0	0	0	0	0	0	0	0	0	0	0	0	784	6062	348	4756	0	0	0	0	0	0	0	0	0	0	0	0	0	0	0	0	0	0	0	0	0	0	0	0	0	0	0	0	0	0	0	0	0	0	0	0	0	0	0	0	0	0	
562560	Frontal_Mid_L	13684	828	76320	5476	1908	0	0	554	7566	0	18646	184	38004	220	12544	0	2936	0	18304	4296	0	0	16026	4028	298	0	280	0	26210	366	4388	2552	270	3730	0	0	2402	82	196	0	0	0	200	0	208	0	0	0	0	0	0	0	0	0	222	0	1040	80	0	0	328	0	0	0	0	0	190	0	506	0	3356	1488	7186	696	1178	0	700	0	128	0	156	0	1320	0	0	0	0	0	0	0	0	0	0	0	0	0	0	0	0	0	0	0	0	0	0	0	0	0	0	0	0	0	0	0	0	0	
301536	Frontal_Mid_R	1782	10728	3144	33380	0	744	554	0	0	582	2370	9468	904	16164	384	3462	466	998	2916	6358	0	0	578	3506	0	0	0	0	2938	8196	264	2376	124	3266	0	0	250	1214	0	150	0	0	92	0	96	0	0	0	0	0	0	0	0	0	0	224	1102	1568	0	0	0	0	0	180	0	0	0	0	0	0	7666	12662	1304	6656	174	610	108	294	0	0	0	0	238	408	0	0	0	0	0	120	0	0	0	0	0	0	0	0	0	0	0	0	0	0	0	0	0	0	0	0	0	0	0	0	0	0	
131312	Frontal_Mid_Orb_L	0	0	5972	116	11180	0	7566	0	0	0	106	0	2600	0	15340	0	0	0	880	106	288	0	0	0	1788	0	4240	0	7492	0	966	0	0	0	0	0	858	0	0	0	0	0	0	0	0	0	0	0	0	0	0	0	0	0	234	0	0	0	0	0	0	0	0	0	0	0	0	0	0	0	232	0	3978	0	0	0	0	0	0	0	0	0	1462	0	0	0	0	0	252	0	0	0	0	0	0	0	0	0	0	0	0	0	0	0	0	0	0	0	0	0	0	0	0	0	0	0	
37096	Frontal_Mid_Orb_R	0	0	0	1732	0	6232	0	582	0	0	0	0	0	174	0	3928	0	0	0	0	0	108	0	90	0	1376	0	1700	0	0	0	0	0	0	0	0	0	0	0	0	0	0	0	0	0	0	0	0	0	0	0	0	0	0	0	0	0	0	0	0	0	0	0	0	0	0	0	0	0	0	0	1368	0	1258	0	0	0	0	0	0	0	0	0	0	0	0	0	0	0	0	0	0	0	0	0	0	0	0	0	0	0	0	0	0	0	0	0	0	0	0	0	0	0	0	0	0	
328760	Frontal_Inf_Oper_L	10744	366	17188	4216	0	0	18646	2370	106	0	0	398	29422	708	2118	0	9670	0	11058	3918	0	0	1246	536	0	0	0	0	25622	580	1400	736	108	1202	0	0	1202	98	0	0	0	0	250	0	280	0	0	0	0	0	0	0	0	0	0	0	2604	0	0	0	496	0	0	0	0	0	200	0	452	0	8158	2736	1998	354	0	0	182	0	0	0	962	0	1948	102	0	0	0	0	0	0	0	0	0	0	0	0	0	0	0	0	0	0	0	0	0	0	0	0	0	0	0	0	0	0	0	0	
221280	Frontal_Inf_Oper_R	1910	9550	1000	7186	0	0	184	9468	0	0	398	0	122	11122	0	420	360	4134	2730	6052	0	0	0	136	0	0	0	0	1036	17978	0	124	0	1894	0	0	246	1384	0	298	0	0	0	0	0	0	0	0	0	0	0	0	0	0	0	260	1088	5918	0	0	0	0	0	248	0	0	0	0	90	168	3266	6990	626	8902	0	228	0	184	0	0	104	372	0	4248	0	86	0	0	0	130	0	0	0	0	0	0	0	0	0	0	0	0	0	0	0	0	0	0	0	0	0	0	0	0	0	0	
356200	Frontal_Inf_Tri_L	1810	194	22420	2704	984	0	38004	904	2600	0	29422	122	0	356	11478	0	2026	0	8764	2402	0	0	3520	1428	184	0	138	0	30558	260	3952	1744	0	1618	0	0	456	0	0	0	0	0	106	0	108	0	0	0	0	0	0	0	0	0	0	0	414	0	0	0	90	0	0	0	0	0	108	0	0	0	3998	1114	2272	178	0	0	98	0	0	0	164	0	1402	0	0	0	0	0	0	0	0	0	0	0	0	0	0	0	0	0	0	0	0	0	0	0	0	0	0	0	0	0	0	0	0	0	
160280	Frontal_Inf_Tri_R	302	246	582	8432	0	0	220	16164	0	174	708	11122	356	0	80	2350	122	406	978	2756	0	0	248	1720	0	0	0	0	1018	12148	416	2804	0	1686	0	0	0	1210	0	110	0	0	0	0	0	0	0	0	0	0	0	0	0	0	0	0	106	386	0	0	0	0	0	0	0	0	0	0	0	0	1914	5112	362	5566	0	200	0	0	0	0	0	0	0	136	0	0	0	0	0	0	0	0	0	0	0	0	0	0	0	0	0	0	0	0	0	0	0	0	0	0	0	0	0	0	0	0	
215060	Frontal_Inf_Orb_L	0	0	9708	590	8144	0	12544	384	15340	0	2118	0	11478	80	0	0	90	0	1684	516	2630	110	96	0	214	0	2230	0	20582	0	350	0	0	148	0	0	1516	0	548	0	492	0	0	0	0	0	0	0	0	0	0	0	0	0	264	0	0	0	0	0	0	0	0	0	0	0	0	0	0	0	2630	556	8684	0	0	0	0	0	0	0	0	0	3546	0	0	0	0	0	258	0	0	0	0	0	0	0	0	0	0	0	0	0	0	0	0	0	0	0	0	0	0	0	0	0	0	0	
73852	Frontal_Inf_Orb_R	0	0	0	2418	0	3854	0	3462	0	3928	0	420	0	2350	0	0	0	0	0	0	0	1254	0	250	0	172	0	1654	0	5760	144	642	0	94	0	0	0	0	0	0	0	198	0	0	0	0	0	0	0	0	0	0	0	0	0	0	0	0	0	0	0	0	0	0	0	0	0	0	0	0	194	2616	0	4074	0	0	0	0	0	160	0	1146	0	1948	0	96	0	92	0	0	0	0	0	0	0	0	0	0	0	0	0	0	0	0	0	0	0	0	0	0	0	0	0	0	0	0	
225744	Rolandic_Oper_L	9674	784	9618	1838	0	0	2936	466	0	0	9670	360	2026	122	90	0	0	0	7068	2118	0	0	0	120	0	0	0	0	23712	444	0	0	186	818	236	0	3958	0	0	0	0	0	0	0	0	0	0	0	0	0	380	0	0	0	1420	0	8134	0	0	0	1832	0	5282	0	0	0	0	0	902	170	2914	1154	1324	600	0	0	160	0	2508	0	6540	0	1844	148	752	0	0	0	564	0	0	0	0	0	0	0	0	0	0	0	0	0	0	0	0	0	0	0	0	0	0	0	0	0	0	0	
96124	Rolandic_Oper_R	218	2772	822	3708	0	0	0	998	0	0	0	4134	0	406	0	0	0	0	956	2136	0	0	0	0	0	0	0	0	178	10788	0	0	0	1028	0	346	0	656	0	0	0	0	0	0	0	0	0	0	0	0	0	0	0	0	0	80	178	6888	0	0	0	0	0	1760	0	0	0	296	0	0	470	1840	92	1934	0	140	0	0	0	1294	0	1274	0	2670	0	0	0	0	0	0	0	0	0	0	0	0	0	0	0	0	0	0	0	0	0	0	0	0	0	0	0	0	0	0	0	0	
771948	Supp_Motor_Area_L	19394	1888	79312	31510	526	0	18304	2916	880	0	11058	2730	8764	978	1684	0	7068	956	0	51020	0	0	12208	5558	106	0	466	0	15174	3480	12074	9872	5846	25874	494	250	1902	322	126	0	0	0	0	0	88	0	0	0	144	0	210	0	0	0	464	0	926	214	0	0	0	0	0	0	0	0	120	260	15250	216	9960	5682	10280	1166	1006	194	2390	2248	0	0	1106	0	604	706	0	0	0	0	0	0	0	0	0	0	0	0	0	0	0	0	0	0	0	0	0	0	0	0	0	0	0	0	0	0	0	0	
721560	Supp_Motor_Area_R	5720	4432	27628	68264	360	0	4296	6358	106	0	3918	6052	2402	2756	516	0	2118	2136	51020	0	0	0	4880	9638	0	0	398	0	9562	7044	4250	16364	4836	46650	656	836	812	2162	0	532	0	0	258	0	454	250	0	0	748	0	372	152	0	0	1272	748	526	1194	0	0	128	0	0	340	112	0	634	508	7744	7726	8554	11702	4418	4836	182	414	1382	7060	108	0	120	94	212	1172	0	142	0	0	156	360	0	0	0	0	0	0	0	0	0	0	0	0	0	0	0	0	0	0	0	0	0	0	0	0	0	0	
99572	Olfactory_L	0	0	160	172	2128	740	0	0	288	0	0	0	0	0	2630	0	0	0	0	0	0	6304	0	180	468	538	3898	2462	3546	0	3314	2334	0	0	0	0	872	0	874	0	936	0	0	0	0	0	0	0	0	0	0	0	0	0	0	0	0	0	0	0	0	0	0	0	0	0	0	0	0	0	8762	3820	3394	930	0	0	0	0	0	0	0	0	1036	0	0	0	0	0	0	0	0	0	0	0	0	0	0	0	0	0	0	0	0	0	0	0	0	0	0	0	0	0	0	0	0	0	
100216	Olfactory_R	0	0	0	204	202	1924	0	0	0	108	0	0	0	0	110	1254	0	0	0	0	6304	0	0	210	482	1744	2340	5028	94	1576	3188	3782	0	0	0	0	0	236	0	160	0	526	0	0	0	0	0	0	0	0	0	0	0	0	0	0	0	0	0	0	0	0	0	0	0	0	0	0	0	0	7718	7348	3548	1922	100	0	0	0	0	0	0	0	0	0	0	0	0	0	0	0	0	0	0	0	0	0	0	0	0	0	0	0	0	0	0	0	0	0	0	0	0	0	0	0	0	0	
376032	Frontal_Sup_Medial_L	0	0	45068	13204	3760	0	16026	578	0	0	1246	0	3520	248	96	0	0	0	12208	4880	0	0	0	28958	4212	656	922	0	1422	122	15936	15102	3844	14430	0	0	0	0	0	0	0	0	0	0	0	0	0	0	0	0	0	0	0	0	0	0	0	0	0	0	0	0	0	0	0	0	0	0	0	0	512	454	498	114	0	0	0	0	0	0	0	0	0	0	0	0	0	0	0	0	0	0	0	0	0	0	0	0	0	0	0	0	0	0	0	0	0	0	0	0	0	0	0	0	0	0	
388220	Frontal_Sup_Medial_R	98	0	12244	39838	346	3084	4028	3506	0	90	536	136	1428	1720	0	250	120	0	5558	9638	180	210	28958	0	1080	4908	244	938	764	2512	5774	28504	2146	20308	0	0	0	0	0	0	0	0	0	0	0	0	0	0	0	0	0	0	0	0	0	0	0	0	0	0	0	0	0	0	0	0	0	0	0	0	1244	8248	454	5018	0	0	0	0	0	0	0	0	0	0	0	0	0	0	0	0	0	0	0	0	0	0	0	0	0	0	0	0	0	0	0	0	0	0	0	0	0	0	0	0	0	0	
65480	Frontal_Med_Orb_L	0	0	2844	304	7008	430	298	0	1788	0	0	0	184	0	214	0	0	0	106	0	468	482	4212	1080	0	1874	2650	530	418	0	4680	514	0	0	0	0	0	0	0	0	0	0	0	0	0	0	0	0	0	0	0	0	0	0	0	0	0	0	0	0	0	0	0	0	0	0	0	0	0	0	1286	154	1216	0	0	0	0	0	0	0	0	0	0	0	0	0	0	0	0	0	0	0	0	0	0	0	0	0	0	0	0	0	0	0	0	0	0	0	0	0	0	0	0	0	0	0	
90920	Frontal_Med_Orb_R	0	0	0	3824	0	8140	0	0	0	1376	0	0	0	0	0	172	0	0	0	0	538	1744	656	4908	1874	0	464	8480	0	0	1778	4772	0	0	0	0	0	0	0	0	0	0	0	0	0	0	0	0	0	0	0	0	0	0	0	0	0	0	0	0	0	0	0	0	0	0	0	0	0	0	534	3814	208	2178	0	0	0	0	0	0	0	0	0	0	0	0	0	0	0	0	0	0	0	0	0	0	0	0	0	0	0	0	0	0	0	0	0	0	0	0	0	0	0	0	0	0	
108604	Rectus_L	0	0	1540	494	12882	400	280	0	4240	0	0	0	138	0	2230	0	0	0	466	398	3898	2340	922	244	2650	464	0	1914	1026	0	5380	1260	0	0	0	0	0	0	0	0	0	0	0	0	0	0	0	0	0	0	0	0	0	0	0	0	0	0	0	0	0	0	0	0	0	0	0	0	0	0	5992	1110	3718	200	0	0	0	0	0	0	0	0	116	0	0	0	0	0	0	0	0	0	0	0	0	0	0	0	0	0	0	0	0	0	0	0	0	0	0	0	0	0	0	0	0	0	
96448	Rectus_R	0	0	0	784	156	9984	0	0	0	1700	0	0	0	0	0	1654	0	0	0	0	2462	5028	0	938	530	8480	1914	0	0	1024	1310	4312	0	0	0	0	0	0	0	0	0	0	0	0	0	0	0	0	0	0	0	0	0	0	0	0	0	0	0	0	0	0	0	0	0	0	0	0	0	0	2408	3592	800	1148	0	0	0	0	0	0	0	0	0	0	0	0	0	0	0	0	0	0	0	0	0	0	0	0	0	0	0	0	0	0	0	0	0	0	0	0	0	0	0	0	0	0	
716908	Insula_L	8622	818	32536	9852	4382	0	26210	2938	7492	0	25622	1036	30558	1018	20582	0	23712	178	15174	9562	3546	94	1422	764	418	0	1026	0	0	1686	6024	2404	240	3270	226	0	21138	330	1496	214	2482	0	822	0	510	0	98	0	98	0	566	0	0	0	6220	218	4522	0	0	0	1720	0	2878	0	332	0	756	0	1004	124	17246	5428	21498	1848	0	0	1692	0	4948	0	6176	0	6624	448	1994	0	0	0	3426	186	0	0	0	0	0	0	0	0	0	0	0	0	0	0	0	0	0	0	0	0	0	0	0	0	0	0	
406272	Insula_R	1292	6298	1758	11782	0	728	366	8196	0	0	580	17978	260	12148	0	5760	444	10788	3480	7044	0	1576	122	2512	0	0	0	1024	1686	0	272	1996	150	2884	92	124	258	13822	0	4702	0	2562	0	0	0	0	0	156	0	202	0	488	0	0	0	5826	572	4174	0	0	0	0	0	206	0	432	0	100	104	0	4696	13844	966	25320	0	362	178	994	0	2834	102	5316	82	6336	0	3410	0	164	0	3304	0	0	0	0	0	0	0	284	0	0	0	0	0	0	0	0	0	0	0	0	0	0	0	0	0	0	
300288	Cingulum_Ant_L	132	0	17090	4900	4820	432	4388	264	966	0	1400	0	3952	416	350	144	0	0	12074	4250	3314	3188	15936	5774	4680	1778	5380	1310	6024	272	0	17904	5260	3884	310	0	0	0	0	0	0	0	0	0	0	0	0	0	0	0	0	0	0	0	0	0	0	0	0	0	0	0	0	0	0	0	0	0	202	0	9044	4184	5120	916	0	0	86	0	0	0	0	0	0	0	0	0	0	0	0	0	0	0	0	0	0	0	0	0	0	0	0	0	0	0	0	0	0	0	0	0	0	0	0	0	0	0	
418452	Cingulum_Ant_R	98	0	6062	26428	526	1432	2552	2376	0	0	736	124	1744	2804	0	642	0	0	9872	16364	2334	3782	15102	28504	514	4772	1260	4312	2404	1996	17904	0	2164	28232	0	0	0	0	0	0	0	0	0	0	0	0	0	0	0	0	0	0	0	0	0	0	0	0	0	0	0	0	0	0	0	0	0	0	0	0	4766	12608	2232	4580	0	0	0	0	0	0	0	0	0	0	0	0	0	0	0	0	0	0	0	0	0	0	0	0	0	0	0	0	0	0	0	0	0	0	0	0	0	0	0	0	0	0	
129924	Cingulum_Mid_L	566	0	1884	3492	0	0	270	124	0	0	108	0	0	0	0	0	186	0	5846	4836	0	0	3844	2146	0	0	0	0	240	150	5260	2164	0	7824	6944	120	206	0	0	0	0	0	370	0	1328	142	0	0	1640	0	1106	0	84	0	326	0	238	0	340	0	504	0	0	0	454	0	4624	710	2812	0	124	224	356	86	0	0	2920	260	0	0	0	0	0	0	0	0	0	0	104	0	0	0	0	0	0	0	0	0	0	0	0	0	0	0	0	0	0	0	0	0	0	0	0	0	0	0	
548328	Cingulum_Mid_R	3204	1132	10392	29724	0	0	3730	3266	0	0	1202	1894	1618	1686	148	94	818	1028	25874	46650	0	0	14430	20308	0	0	0	0	3270	2884	3884	28232	7824	0	2404	6160	300	246	0	180	0	0	0	1608	0	6340	0	598	0	3480	208	1448	0	150	912	922	0	1846	0	846	0	342	0	904	0	256	1188	11992	4996	5520	2554	2584	778	600	0	0	0	286	0	0	0	0	0	506	0	244	0	0	116	358	0	0	0	0	0	0	0	0	0	0	0	0	0	0	0	0	0	0	0	0	0	0	0	0	0	0	
143536	Cingulum_Post_L	464	200	350	174	0	0	0	0	0	0	0	0	0	0	0	0	236	0	494	656	0	0	0	0	0	0	0	0	226	92	310	0	6944	2404	0	9228	2822	2416	1132	884	0	0	2362	148	2860	356	1448	96	1186	180	1728	292	314	0	5606	1296	820	354	94	0	460	190	102	692	276	208	8718	1976	2022	572	144	106	390	0	0	0	3864	940	0	0	84	0	0	0	264	198	0	0	296	652	316	0	0	0	0	0	560	0	566	0	0	0	0	0	0	0	0	0	0	0	0	0	0	0	0	0	
179028	Cingulum_Post_R	254	1174	242	0	0	0	0	0	0	0	0	0	0	0	0	0	0	346	250	836	0	0	0	0	0	0	0	0	0	124	0	0	120	6160	9228	0	1048	6596	176	4288	0	0	0	2230	104	4302	0	1502	0	2290	0	1398	0	180	640	7720	0	2906	0	714	0	1786	0	4846	0	1094	1164	16124	0	2142	0	0	0	0	0	0	0	960	0	0	0	192	0	0	0	1410	0	0	0	4192	0	0	0	0	0	0	0	144	0	0	0	0	0	0	0	0	0	0	0	0	632	0	0	0	0	0	
259112	Hippocampus_L	2234	348	4946	820	0	0	2402	250	858	0	1202	246	456	0	1516	0	3958	0	1902	812	872	0	0	0	0	0	0	0	21138	258	0	0	206	300	2822	1048	0	1766	10928	866	7084	0	2030	0	624	0	1886	0	160	0	0	0	0	0	12128	326	1270	0	0	0	354	0	440	0	272	0	2672	0	120	0	1880	818	9120	476	1100	0	5470	1696	3498	0	3326	0	2204	0	826	0	0	0	5026	136	494	0	0	0	154	0	916	0	802	0	0	0	0	0	0	0	0	0	0	94	0	0	0	0	0	0	
408000	Hippocampus_R	1060	6726	948	7034	0	0	82	1214	0	0	98	1384	0	1210	0	0	0	656	322	2162	0	236	0	0	0	0	0	0	330	13822	0	0	0	246	2416	6596	1766	0	838	38182	0	10398	0	788	0	766	0	3138	0	560	148	198	0	0	2256	30198	210	830	0	0	0	98	0	466	0	92	96	5144	886	486	224	436	276	18942	0	2740	830	7620	134	246	0	1312	0	1968	0	2840	0	612	218	13272	0	1542	0	616	0	0	0	3244	0	1996	0	0	0	96	0	0	0	0	0	0	750	0	0	0	0	0	
102832	ParaHippocampal_L	280	0	702	0	0	0	196	0	0	0	0	0	0	0	548	0	0	0	126	0	874	0	0	0	0	0	0	0	1496	0	0	0	0	0	1132	176	10928	838	0	450	1356	0	1178	0	90	0	2866	130	0	0	126	0	0	0	7500	108	0	0	0	0	0	0	0	0	0	0	2062	0	0	0	182	0	2062	0	0	0	1814	952	0	0	392	0	700	0	0	0	288	0	614	0	1986	0	80	0	892	130	3832	156	2950	0	0	0	256	0	246	0	0	0	0	186	156	136	162	82	0	0	
313032	ParaHippocampal_R	316	1334	110	1214	0	0	0	150	0	0	0	298	0	110	0	0	0	0	0	532	0	160	0	0	0	0	0	0	214	4702	0	0	0	180	884	4288	866	38182	450	0	0	6498	0	1152	0	746	0	5256	0	588	84	204	0	0	1360	29518	90	272	0	0	0	80	0	370	0	86	0	5586	336	334	0	132	196	4886	0	1214	362	2700	92	156	0	542	0	2174	0	2720	0	1064	96	11138	378	2974	258	1398	0	738	164	6876	474	3882	282	0	656	1104	92	276	0	100	0	100	552	236	968	616	370	0	
37908	Amygdala_L	0	0	0	0	0	0	0	0	0	0	0	0	0	0	492	0	0	0	0	0	936	0	0	0	0	0	0	0	2482	0	0	0	0	0	0	0	7084	0	1356	0	0	0	0	0	0	0	0	0	0	0	0	0	0	0	3310	0	0	0	0	0	0	0	0	0	0	0	0	0	0	0	0	0	164	0	0	0	0	0	0	0	0	0	1216	0	0	0	0	0	1914	0	0	0	0	0	0	0	0	0	0	0	0	0	0	0	0	0	0	0	0	0	0	0	0	0	0	0	
60680	Amygdala_R	0	0	0	94	0	0	0	0	0	0	0	0	0	0	0	198	0	0	0	0	0	526	0	0	0	0	0	0	0	2562	0	0	0	0	0	0	0	10398	0	6498	0	0	0	0	0	0	0	0	0	0	0	0	0	0	0	4302	0	0	0	0	0	0	0	0	0	0	0	0	0	0	0	0	0	1436	0	0	0	0	0	0	0	0	0	2498	0	0	0	700	0	1022	0	0	0	0	0	0	0	106	0	0	0	0	0	0	0	0	0	0	0	0	0	0	0	0	0	0	
298488	Calcarine_L	1368	180	318	278	0	0	200	92	0	0	250	0	106	0	0	0	0	0	0	258	0	0	0	0	0	0	0	0	822	0	0	0	370	0	2362	0	2030	0	1178	0	0	0	0	5710	24960	3880	13584	2670	7624	1436	15648	238	1472	178	2310	428	8798	0	4462	0	5454	0	0	0	870	0	20150	316	2586	0	172	84	1072	0	80	0	592	0	128	0	0	0	0	0	416	0	0	0	390	0	1300	194	148	0	114	0	3354	1242	2810	292	0	0	0	0	0	114	0	0	100	152	3300	342	0	132	130	0	
299588	Calcarine_R	0	160	0	0	0	0	0	0	0	0	0	0	0	0	0	0	0	0	0	0	0	0	0	0	0	0	0	0	0	0	0	0	0	1608	148	2230	0	788	0	1152	0	0	5710	0	5352	23394	1358	23340	210	19226	0	13826	0	4906	0	8912	0	434	0	0	0	0	0	388	0	514	106	24570	0	444	0	0	0	0	0	0	0	0	0	0	0	98	0	0	0	2320	0	0	0	3026	96	952	0	0	0	0	84	590	434	1026	0	0	0	0	0	0	0	0	0	0	960	1336	96	0	0	0	
257928	Cuneus_L	1350	182	418	434	0	0	208	96	0	0	280	0	108	0	0	0	0	0	88	454	0	0	0	0	0	0	0	0	510	0	0	0	1328	0	2860	104	624	0	90	0	0	0	24960	5352	0	6782	3190	374	20558	2236	10936	238	370	0	916	0	7782	0	4326	0	4540	0	0	0	400	0	20426	1306	2382	0	230	124	766	0	0	0	1050	0	0	0	0	0	0	0	304	0	0	0	282	0	0	0	0	0	0	0	0	0	0	0	0	0	0	0	0	0	0	0	0	0	0	0	0	0	0	0	
272604	Cuneus_R	0	300	0	136	0	0	0	0	0	0	0	0	0	0	0	0	0	0	0	250	0	0	0	0	0	0	0	0	0	0	0	0	142	6340	356	4302	0	766	0	746	0	0	3880	23394	6782	0	336	3620	388	28898	0	9014	0	666	0	2264	0	2886	0	2436	0	218	0	2536	0	850	2284	25072	0	1400	0	0	0	0	0	0	0	0	0	0	0	214	0	0	0	4070	0	0	0	1540	0	0	0	0	0	0	0	110	0	0	0	0	0	0	0	0	0	0	0	0	106	0	0	0	0	0	
326924	Lingual_L	108	0	0	0	0	0	0	0	0	0	0	0	0	0	0	0	0	0	0	0	0	0	0	0	0	0	0	0	98	0	0	0	0	0	1448	0	1886	0	2866	0	0	0	13584	1358	3190	336	0	3870	2114	226	10324	94	5034	326	15304	762	1340	0	114	0	398	0	0	0	0	0	9758	0	378	0	0	0	230	0	0	0	326	0	0	0	0	0	0	0	0	0	0	0	252	0	13156	2260	490	342	1240	414	21902	3338	24830	3006	0	0	462	324	282	396	0	0	372	816	7650	4182	1294	500	482	0	
364324	Lingual_R	0	0	0	0	0	0	0	0	0	0	0	0	0	0	0	0	0	0	0	0	0	0	0	0	0	0	0	0	0	156	0	0	0	598	96	1502	0	3138	130	5256	0	0	2670	23340	374	3620	3870	0	0	5110	0	7156	0	6036	256	22018	0	252	0	0	0	0	0	244	0	230	0	14480	0	168	0	0	0	0	0	0	0	616	0	0	0	0	0	0	0	1806	0	0	0	2700	1412	9918	322	1366	758	2528	3888	13098	4438	12962	124	0	948	1034	766	272	0	182	208	518	10402	8510	1912	500	274	0	
150556	Occipital_Sup_L	174	0	222	620	0	0	0	0	0	0	0	0	0	0	0	0	0	0	144	748	0	0	0	0	0	0	0	0	98	0	0	0	1640	0	1186	0	160	0	0	0	0	0	7624	210	20558	388	2114	0	0	0	18888	0	348	0	296	0	0	0	4494	0	662	0	0	0	230	0	10948	334	948	0	258	156	0	0	0	0	1534	86	0	0	0	0	0	0	210	0	0	0	0	0	0	0	0	0	0	0	0	0	0	0	0	0	0	0	0	0	0	0	0	0	0	0	0	0	0	0	
245692	Occipital_Sup_R	0	530	0	240	0	0	0	0	0	0	0	0	0	0	0	0	0	0	0	0	0	0	0	0	0	0	0	0	0	202	0	0	0	3480	180	2290	0	560	0	588	0	0	1436	19226	2236	28898	226	5110	0	0	0	18204	0	828	0	2228	0	3742	0	2790	0	632	0	3908	0	2824	80	13350	0	916	0	0	0	0	0	0	0	0	0	0	0	580	0	0	0	6116	0	0	0	1446	0	0	0	0	0	0	0	0	0	0	0	0	0	0	0	0	0	0	0	0	0	0	0	0	0	0	
324952	Occipital_Mid_L	1872	0	124	138	0	0	0	0	0	0	0	0	0	0	0	0	380	0	210	372	0	0	0	0	0	0	0	0	566	0	0	0	1106	208	1728	0	0	148	126	84	0	0	15648	0	10936	0	10324	0	18888	0	0	0	17090	0	7074	122	2320	0	6884	0	11050	0	292	0	17564	0	9272	0	3342	120	0	0	0	0	0	0	256	0	0	0	266	0	0	0	16116	0	0	0	7248	98	136	0	0	0	0	0	114	0	254	0	0	0	0	0	0	0	0	0	0	0	0	0	0	0	0	0	
234404	Occipital_Mid_R	0	524	0	98	0	0	0	0	0	0	0	0	0	0	0	0	0	0	0	152	0	0	0	0	0	0	0	0	0	488	0	0	0	1448	292	1398	0	198	0	204	0	0	238	13826	238	9014	94	7156	0	18204	0	0	0	2866	0	4728	0	2584	0	1176	0	7848	0	6974	0	16936	96	6496	0	698	0	0	0	0	0	0	0	0	0	0	0	736	0	0	0	8540	0	0	0	2484	0	448	0	0	0	0	0	278	0	462	0	0	0	0	0	0	0	0	0	0	280	0	0	0	0	0	
84908	Occipital_Inf_L	336	0	0	0	0	0	0	0	0	0	0	0	0	0	0	0	0	0	0	0	0	0	0	0	0	0	0	0	0	0	0	0	84	0	314	0	0	0	0	0	0	0	1472	0	370	0	5034	0	348	0	17090	0	0	0	7590	0	100	0	0	0	114	0	0	0	0	0	1430	0	740	0	0	0	0	0	0	0	0	0	0	0	0	0	0	0	1432	0	0	0	4434	0	404	0	0	0	0	0	294	0	868	0	0	0	0	0	0	0	0	0	0	0	0	0	0	0	0	0	
65636	Occipital_Inf_R	0	0	0	0	0	0	0	0	0	0	0	0	0	0	0	0	0	0	0	0	0	0	0	0	0	0	0	0	0	0	0	0	0	150	0	180	0	0	0	0	0	0	178	4906	0	666	326	6036	0	828	0	2866	0	0	0	5798	0	0	0	0	0	0	0	0	0	0	0	1082	0	0	0	0	0	0	0	0	0	0	0	0	0	0	0	0	0	698	0	0	0	2602	94	882	0	80	0	0	204	646	434	1880	0	0	0	0	0	0	0	0	0	0	738	1338	206	0	0	0	
406952	Fusiform_L	1668	294	942	152	0	0	222	0	234	0	0	0	0	0	264	0	1420	0	464	1272	0	0	0	0	0	0	0	0	6220	0	0	0	326	912	5606	640	12128	2256	7500	1360	3310	0	2310	0	916	0	15304	256	296	0	7074	0	7590	0	0	1364	410	0	0	0	666	0	690	0	228	0	5732	0	730	532	496	178	1382	112	0	0	456	386	1392	0	2786	0	1400	0	2344	292	768	0	16832	1072	25764	224	906	84	262	124	17016	312	32840	230	740	0	714	80	548	0	132	0	0	104	1142	730	244	96	0	0	
531784	Fusiform_R	370	2250	0	1262	0	0	0	224	0	0	0	260	0	0	0	0	0	80	0	748	0	0	0	0	0	0	0	0	218	5826	0	0	0	922	1296	7720	326	30198	108	29518	0	4302	428	8912	0	2264	762	22018	0	2228	122	4728	0	5798	1364	0	98	710	0	88	0	316	0	990	0	756	150	9848	454	810	0	0	192	2422	0	314	130	1084	82	206	0	3500	0	3156	0	7918	0	1482	102	28608	466	18486	124	2240	122	234	1088	13654	1328	21088	0	0	120	596	0	122	0	798	0	162	4304	2632	566	94	0	0	
242704	Postcentral_L	23270	3322	1420	592	0	0	1040	1102	0	0	2604	1088	414	106	0	0	8134	178	926	526	0	0	0	0	0	0	0	0	4522	572	0	0	238	0	820	0	1270	210	0	90	0	0	8798	0	7782	0	1340	0	0	0	2320	0	100	0	410	98	0	358	4494	0	15994	0	5276	0	1264	0	5602	0	4254	128	2862	1406	934	726	0	0	676	0	928	0	2122	0	0	360	300	0	0	0	376	0	0	0	0	0	0	0	0	0	0	0	0	0	0	0	0	0	0	0	0	0	0	0	0	0	0	0	
222476	Postcentral_R	892	20388	1000	3208	0	0	80	1568	0	0	0	5918	0	386	0	0	0	6888	214	1194	0	0	0	0	0	0	0	0	0	4174	0	0	0	1846	354	2906	0	830	0	272	0	0	0	434	0	2886	0	252	0	3742	0	2584	0	0	0	710	358	0	0	4920	0	8104	0	17770	0	3212	196	4350	0	2926	128	0	0	1386	0	128	114	340	0	160	0	872	0	0	0	2798	0	0	0	750	0	0	0	0	0	0	0	0	0	0	0	0	0	0	0	0	0	0	0	0	0	0	0	0	0	0	
98268	Parietal_Sup_L	0	0	0	0	0	0	0	0	0	0	0	0	0	0	0	0	0	0	0	0	0	0	0	0	0	0	0	0	0	0	0	0	340	0	94	0	0	0	0	0	0	0	4462	0	4326	0	114	0	4494	0	6884	0	0	0	0	0	4494	0	0	0	8818	0	0	0	2748	0	12088	0	272	0	0	0	0	0	0	0	0	0	0	0	0	0	0	0	0	0	0	0	0	0	0	0	0	0	0	0	0	0	0	0	0	0	0	0	0	0	0	0	0	0	0	0	0	0	0	0	
87088	Parietal_Sup_R	0	182	0	0	0	0	0	0	0	0	0	0	0	0	0	0	0	0	0	0	0	0	0	0	0	0	0	0	0	0	0	0	0	846	0	714	0	0	0	0	0	0	0	0	0	2436	0	0	0	2790	0	1176	0	0	0	88	0	4920	0	0	0	7130	0	3530	0	4462	2166	11772	0	1332	0	0	0	0	0	0	0	0	0	0	0	0	0	0	0	0	0	0	0	0	0	0	0	0	0	0	0	0	0	0	0	0	0	0	0	0	0	0	0	0	0	0	0	0	0	0	
198888	Parietal_Inf_L	3136	126	182	82	0	0	328	0	0	0	496	0	90	0	0	0	1832	0	0	128	0	0	0	0	0	0	0	0	1720	0	0	0	504	0	460	0	354	0	0	0	0	0	5454	0	4540	0	398	0	662	0	11050	0	114	0	666	0	15994	0	8818	0	0	0	11064	0	18036	0	3934	0	1590	0	0	82	306	0	0	0	144	0	476	0	2194	0	0	0	786	0	0	0	3698	0	0	0	0	0	0	0	0	0	0	0	0	0	0	0	0	0	0	0	0	0	0	0	0	0	0	0	
122748	Parietal_Inf_R	0	146	0	0	0	0	0	0	0	0	0	0	0	0	0	0	0	0	0	0	0	0	0	0	0	0	0	0	0	0	0	0	0	342	190	1786	0	98	0	80	0	0	0	0	0	218	0	0	0	632	0	7848	0	0	0	316	0	8104	0	7130	0	0	0	15512	0	17284	0	1096	0	0	0	0	0	0	0	0	0	0	0	0	0	160	0	0	0	136	0	0	0	296	0	0	0	0	0	0	0	0	0	0	0	0	0	0	0	0	0	0	0	0	0	0	0	0	0	0	
78132	SupraMarginal_L	586	0	0	0	0	0	0	0	0	0	0	0	0	0	0	0	5282	0	0	0	0	0	0	0	0	0	0	0	2878	0	0	0	0	0	102	0	440	0	0	0	0	0	0	0	0	0	0	0	0	0	292	0	0	0	690	0	5276	0	0	0	11064	0	0	0	5482	0	0	0	164	0	0	134	0	0	0	0	0	126	598	0	3002	0	0	0	692	0	0	0	2258	0	0	0	0	0	0	0	0	0	0	0	0	0	0	0	0	0	0	0	0	0	0	0	0	0	0	0	
171960	SupraMarginal_R	110	3400	192	798	0	0	0	180	0	0	0	248	0	0	0	0	0	1760	0	340	0	0	0	0	0	0	0	0	0	206	0	0	0	904	692	4846	0	466	0	370	0	0	0	388	0	2536	0	244	0	3908	0	6974	0	0	0	990	0	17770	0	3530	0	15512	0	0	0	8162	190	4066	0	656	112	0	0	0	0	0	82	0	0	0	0	2672	0	0	0	2656	0	0	0	1020	0	0	0	0	0	0	0	0	0	0	0	0	0	0	0	0	0	0	0	0	0	0	0	0	0	0	
117368	Angular_L	962	80	0	98	0	0	0	0	0	0	0	0	0	0	0	0	0	0	0	112	0	0	0	0	0	0	0	0	332	0	0	0	454	0	276	0	272	0	0	0	0	0	870	0	400	0	0	0	230	0	17564	0	0	0	228	0	1264	0	2748	0	18036	0	5482	0	0	0	1324	0	514	0	156	0	286	0	0	0	142	0	94	0	876	0	0	0	4018	0	0	0	1866	0	0	0	0	0	0	0	0	0	0	0	0	0	0	0	0	0	0	0	0	0	0	0	0	0	0	0	
136028	Angular_R	0	234	0	0	0	0	0	0	0	0	0	0	0	0	0	0	0	0	0	0	0	0	0	0	0	0	0	0	0	432	0	0	0	256	208	1094	0	92	0	86	0	0	0	514	0	850	0	230	0	2824	0	16936	0	0	0	756	0	3212	0	4462	0	17284	0	8162	0	0	0	1318	0	202	0	0	0	0	0	0	0	0	0	0	0	2140	0	0	0	6144	0	0	0	578	0	0	0	0	0	0	0	0	0	0	0	0	0	0	0	0	0	0	0	0	0	0	0	0	0	0	
294860	Precuneus_L	600	0	442	448	0	0	190	0	0	0	200	0	108	0	0	0	0	0	120	634	0	0	0	0	0	0	0	0	756	0	0	0	4624	1188	8718	1164	2672	96	2062	0	0	0	20150	106	20426	2284	9758	0	10948	80	9272	96	1430	0	5732	150	5602	196	12088	2166	3934	0	0	190	1324	0	0	6812	2936	234	120	86	1116	0	0	0	1446	0	132	0	0	0	0	0	412	0	0	0	832	0	798	0	0	0	0	0	1224	0	1328	0	0	0	0	0	0	0	0	0	0	0	0	0	0	0	0	0	
376996	Precuneus_R	268	1154	192	172	0	0	0	0	0	0	0	0	0	0	0	0	0	296	260	508	0	0	0	0	0	0	0	0	0	100	0	0	710	11992	1976	16124	0	5144	0	5586	0	0	316	24570	1306	25072	0	14480	334	13350	0	6496	0	1082	0	9848	0	4350	0	11772	0	1096	0	4066	0	1318	6812	0	94	4544	0	0	0	0	0	0	0	804	0	0	0	328	0	0	0	3872	0	0	0	5230	0	316	0	0	0	0	0	1006	0	338	0	0	0	0	0	0	0	0	0	0	1216	0	0	0	0	0	
182024	Paracentral_Lobule_L	13498	426	3702	1474	0	0	506	0	0	0	452	90	0	0	0	0	902	0	15250	7744	0	0	0	0	0	0	0	0	1004	104	202	0	2812	4996	2022	0	120	886	0	336	0	0	2586	0	2382	0	378	0	948	0	3342	0	740	0	730	454	4254	0	272	0	1590	0	164	0	514	0	2936	94	0	836	1390	2012	246	0	176	0	2134	2518	0	0	120	0	0	0	1542	110	0	0	1670	348	0	0	0	0	0	0	0	0	0	0	0	0	0	0	0	0	0	0	0	0	0	0	0	0	0	0	
81488	Paracentral_Lobule_R	712	5218	268	0	0	0	0	0	0	0	0	168	0	0	0	0	170	0	216	7726	0	0	0	0	0	0	0	0	124	0	0	0	0	5520	572	2142	0	486	0	334	0	0	0	444	0	1400	0	168	0	916	120	698	0	0	532	810	128	2926	0	1332	0	0	0	656	0	202	234	4544	836	0	0	0	0	0	0	0	436	0	0	0	0	92	0	0	0	166	0	0	0	448	0	0	0	0	0	0	0	0	0	0	0	0	0	0	0	0	0	0	0	0	0	0	0	0	0	0	
443700	Caudate_L	7040	2124	11030	9836	2536	784	3356	7666	232	0	8158	3266	3998	1914	2630	194	2914	470	9960	8554	8762	7718	512	1244	1286	534	5992	2408	17246	4696	9044	4766	124	2554	144	0	1880	224	182	0	0	0	172	0	230	0	0	0	258	0	0	0	0	0	496	0	2862	128	0	0	0	0	0	112	156	0	120	0	1390	0	0	20540	18904	5856	2132	0	8282	686	114	0	614	0	1024	1560	80	0	0	0	156	0	0	0	0	0	0	0	0	0	0	0	0	0	0	0	0	0	0	0	0	0	0	0	0	0	0	0	
476408	Caudate_R	2768	1240	5148	18420	214	6062	1488	12662	0	1368	2736	6990	1114	5112	556	2616	1154	1840	5682	11702	3820	7348	454	8248	154	3814	1110	3592	5428	13844	4184	12608	224	2584	106	0	818	436	0	132	0	0	84	0	124	0	0	0	156	0	0	0	0	0	178	0	1406	0	0	0	82	0	134	0	0	0	86	0	2012	0	20540	0	5760	24996	182	1758	1146	18084	0	0	206	0	406	3088	0	0	0	0	0	0	0	0	0	0	0	0	0	0	0	0	0	0	0	0	0	0	0	0	0	0	0	0	0	0	0	0	
371628	Putamen_L	2676	740	24516	5032	6612	348	7186	1304	3978	0	1998	626	2272	362	8684	0	1324	92	10280	4418	3394	3548	498	454	1216	208	3718	800	21498	966	5120	2232	356	778	390	0	9120	276	2062	196	164	0	1072	0	766	0	230	0	0	0	0	0	0	0	1382	192	934	0	0	0	306	0	0	0	286	0	1116	0	246	0	18904	5760	0	2118	7034	0	3170	80	0	0	600	0	1416	278	0	0	0	0	320	162	0	0	0	0	0	0	0	0	0	0	0	0	0	0	0	0	0	0	0	0	0	0	0	0	0	0	
382208	Putamen_R	1506	7148	2614	18956	0	4756	696	6656	0	1258	354	8902	178	5566	0	4074	600	1934	1166	4836	930	1922	114	5018	0	2178	200	1148	1848	25320	916	4580	86	600	0	0	476	18942	0	4886	0	1436	0	0	0	0	0	0	0	0	0	0	0	0	112	2422	726	1386	0	0	0	0	0	0	0	0	0	0	0	0	5856	24996	2118	0	0	5454	174	1800	0	0	158	170	120	2520	0	148	0	0	0	448	0	108	0	102	0	0	0	370	0	116	0	0	0	0	0	0	0	0	0	0	0	0	0	0	0	0	
48912	Pallidum_L	1658	380	6470	506	0	0	1178	174	0	0	0	0	0	0	0	0	0	0	1006	182	0	100	0	0	0	0	0	0	0	0	0	0	0	0	0	0	1100	0	0	0	0	0	80	0	0	0	0	0	0	0	0	0	0	0	0	0	0	0	0	0	0	0	0	0	0	0	0	0	176	0	2132	182	7034	0	0	0	2098	0	0	0	0	0	0	0	0	0	0	0	0	0	0	0	0	0	0	0	0	0	0	0	0	0	0	0	0	0	0	0	0	0	0	0	0	0	0	0	
34868	Pallidum_R	0	840	1044	1658	0	0	0	610	0	0	0	228	0	200	0	0	0	140	194	414	0	0	0	0	0	0	0	0	0	362	0	0	0	0	0	0	0	2740	0	1214	0	0	0	0	0	0	0	0	0	0	0	0	0	0	0	314	0	128	0	0	0	0	0	0	0	0	0	0	0	0	0	1758	0	5454	0	0	0	0	0	0	0	0	0	0	0	0	0	0	0	0	0	0	0	0	0	0	0	136	0	0	0	0	0	0	0	0	0	0	0	0	0	0	0	0	0	0	
113032	Thalamus_L	3234	462	2886	642	0	0	700	108	0	0	182	0	98	0	0	0	160	0	2390	1382	0	0	0	0	0	0	0	0	1692	178	86	0	2920	0	3864	0	5470	830	1814	362	0	0	592	0	1050	0	326	0	1534	0	256	0	0	0	456	130	676	114	0	0	144	0	0	82	142	0	1446	0	2134	436	8282	1146	3170	174	2098	0	0	2540	0	0	128	0	0	0	0	0	0	0	0	0	0	0	0	0	0	0	0	0	0	0	0	0	0	0	0	0	0	0	0	0	0	0	0	0	0	0	
123560	Thalamus_R	318	1094	208	3746	0	0	0	294	0	0	0	184	0	0	0	0	0	0	2248	7060	0	0	0	0	0	0	0	0	0	994	0	0	260	286	940	960	1696	7620	952	2700	0	0	0	0	0	0	0	616	86	0	0	0	0	0	386	1084	0	340	0	0	0	0	126	0	0	0	0	804	2518	0	686	18084	80	1800	0	0	2540	0	0	0	0	0	0	0	0	0	0	0	0	278	0	86	0	0	0	0	0	256	0	98	0	0	0	0	0	0	0	0	0	0	352	0	0	0	0	0	
42808	Heschl_L	578	0	314	0	0	0	128	0	0	0	0	0	0	0	0	0	2508	0	0	108	0	0	0	0	0	0	0	0	4948	0	0	0	0	0	0	0	3498	134	0	92	0	0	128	0	0	0	0	0	0	0	0	0	0	0	1392	82	928	0	0	0	476	0	598	0	94	0	132	0	0	0	114	0	0	0	0	0	0	0	0	0	2412	0	0	0	1398	0	0	0	1342	0	0	0	0	0	0	0	0	0	0	0	0	0	0	0	0	0	0	0	0	0	0	0	0	0	0	0	
18156	Heschl_R	0	166	0	0	0	0	0	0	0	0	0	0	0	0	0	160	0	1294	0	0	0	0	0	0	0	0	0	0	0	2834	0	0	0	0	0	0	0	246	0	156	0	0	0	0	0	0	0	0	0	0	0	0	0	0	0	206	0	160	0	0	0	0	0	0	0	0	0	0	0	0	0	0	0	0	0	0	0	0	0	0	0	3320	0	180	0	210	0	0	0	146	0	0	0	0	0	0	0	0	0	0	0	0	0	0	0	0	0	0	0	0	0	0	0	0	0	0	
118616	Temporal_Sup_L	2568	100	1192	106	0	0	156	0	0	0	962	104	164	0	0	0	6540	0	1106	120	0	0	0	0	0	0	0	0	6176	102	0	0	0	0	84	0	3326	0	392	0	0	0	0	0	0	0	0	0	0	0	266	0	0	0	2786	0	2122	0	0	0	2194	0	3002	0	876	0	0	0	120	0	614	206	600	158	0	0	128	0	2412	0	0	0	3582	0	11200	0	0	0	5494	0	0	0	0	0	0	0	192	0	158	0	0	0	0	0	0	0	0	0	0	0	0	0	0	0	0	0	
89128	Temporal_Sup_R	0	804	0	304	0	0	0	0	0	0	0	372	0	0	0	1146	0	1274	0	94	0	0	0	0	0	0	0	0	0	5316	0	0	0	0	0	192	0	1312	0	542	0	0	0	98	0	214	0	0	0	580	0	736	0	0	0	3500	0	872	0	0	0	160	0	2672	0	2140	0	328	0	92	0	0	0	170	0	0	0	0	0	3320	0	0	0	3462	0	10114	0	878	0	3872	0	0	0	0	0	0	0	0	0	0	0	0	0	0	0	0	0	0	0	0	0	0	0	0	0	0	
91716	Temporal_Pole_Sup_L	0	0	1600	242	530	0	1320	238	1462	0	1948	0	1402	0	3546	0	1844	0	604	212	1036	0	0	0	0	0	116	0	6624	82	0	0	0	0	0	0	2204	0	700	0	1216	0	0	0	0	0	0	0	0	0	0	0	0	0	1400	0	0	0	0	0	0	0	0	0	0	0	0	0	0	0	1024	406	1416	120	0	0	0	0	0	0	3582	0	0	0	4712	0	2586	0	3686	0	0	0	0	0	0	0	0	0	0	0	0	0	0	0	0	0	0	0	0	0	0	0	0	0	0	0	
104476	Temporal_Pole_Sup_R	646	184	272	1154	0	0	0	408	0	0	102	4248	0	136	0	1948	148	2670	706	1172	0	0	0	0	0	0	0	0	448	6336	0	0	0	506	0	0	0	1968	0	2174	0	2498	0	0	0	0	0	0	0	0	0	0	0	0	0	3156	360	0	0	0	0	0	0	0	0	0	0	0	0	0	1560	3088	278	2520	0	0	0	0	0	180	0	3462	0	0	0	2902	0	4572	0	2436	0	0	0	0	0	0	0	0	0	0	0	0	0	0	0	0	0	0	0	0	0	0	0	0	0	0	
155680	Temporal_Mid_L	582	0	0	0	0	0	0	0	0	0	0	0	0	0	0	0	752	0	0	0	0	0	0	0	0	0	0	0	1994	0	0	0	0	0	264	0	826	0	0	0	0	0	416	0	304	0	0	0	210	0	16116	0	1432	0	2344	0	300	0	0	0	786	0	692	0	4018	0	412	0	1542	0	80	0	0	0	0	0	0	0	1398	0	11200	0	4712	0	0	0	2466	0	24714	0	174	0	0	0	0	0	0	0	106	0	0	0	0	0	0	0	0	0	0	0	0	0	0	0	0	0	
189184	Temporal_Mid_R	98	816	0	512	0	0	0	0	0	0	0	86	0	0	0	96	0	0	0	142	0	0	0	0	0	0	0	0	0	3410	0	0	0	244	198	1410	0	2840	0	2720	0	0	0	2320	0	4070	0	1806	0	6116	0	8540	0	698	292	7918	0	2798	0	0	0	136	0	2656	0	6144	0	3872	110	166	0	0	0	148	0	0	0	0	0	210	0	10114	0	2902	0	0	0	2122	0	17906	0	0	0	0	0	0	0	492	0	0	0	0	0	0	0	0	0	0	0	0	484	0	0	0	0	0	
16944	Temporal_Pole_Mid_L	0	0	0	0	0	0	0	0	0	0	0	0	0	0	0	0	0	0	0	0	0	0	0	0	0	0	0	0	0	0	0	0	0	0	0	0	0	0	288	0	0	0	0	0	0	0	0	0	0	0	0	0	0	0	768	0	0	0	0	0	0	0	0	0	0	0	0	0	0	0	0	0	0	0	0	0	0	0	0	0	0	0	2586	0	2466	0	0	0	2364	0	0	0	0	0	0	0	0	0	0	0	0	0	0	0	0	0	0	0	0	0	0	0	0	0	0	0	
26048	Temporal_Pole_Mid_R	0	0	0	0	0	0	0	0	0	0	0	0	0	0	0	92	0	0	0	0	0	0	0	0	0	0	0	0	0	164	0	0	0	0	0	0	0	612	0	1064	0	700	0	0	0	0	0	0	0	0	0	0	0	0	0	1482	0	0	0	0	0	0	0	0	0	0	0	0	0	0	0	0	0	0	0	0	0	0	0	0	0	878	0	4572	0	2122	0	0	0	1338	0	0	0	0	0	0	0	0	0	0	0	0	0	0	0	0	0	0	0	0	0	0	0	0	0	0	
196132	Temporal_Inf_L	582	0	180	0	0	0	0	0	252	0	0	0	0	0	258	0	564	0	0	156	0	0	0	0	0	0	0	0	3426	0	0	0	104	116	296	0	5026	218	614	96	1914	0	390	0	282	0	252	0	0	0	7248	0	4434	0	16832	102	376	0	0	0	3698	0	2258	0	1866	0	832	0	1670	0	156	0	320	0	0	0	0	0	1342	0	5494	0	3686	0	24714	0	2364	0	0	84	3486	0	350	0	0	0	432	0	1372	0	224	0	0	0	0	0	0	0	0	0	0	0	0	0	0	0	
239504	Temporal_Inf_R	318	1406	0	738	0	0	0	120	0	0	0	130	0	0	0	0	0	0	0	360	0	0	0	0	0	0	0	0	186	3304	0	0	0	358	652	4192	136	13272	0	11138	0	1022	0	3026	0	1540	0	2700	0	1446	98	2484	0	2602	1072	28608	0	750	0	0	0	296	0	1020	0	578	0	5230	348	448	0	0	162	448	0	0	0	278	0	146	0	3872	0	2436	0	17906	0	1338	84	0	0	1652	0	174	0	0	0	652	0	534	0	0	0	0	0	0	0	0	0	0	492	0	0	0	0	0	
606048	Cerebelum_Crus1_L	0	0	0	0	0	0	0	0	0	0	0	0	0	0	0	0	0	0	0	0	0	0	0	0	0	0	0	0	0	0	0	0	0	0	316	0	494	0	1986	378	0	0	1300	96	0	0	13156	1412	0	0	136	0	404	94	25764	466	0	0	0	0	0	0	0	0	0	0	798	0	0	0	0	0	0	0	0	0	0	0	0	0	0	0	0	0	174	0	0	0	3486	0	0	5844	41132	8630	2654	1182	28528	3012	64794	4670	19686	3482	19512	4938	3176	1138	0	132	1090	1908	6114	11402	14674	3038	1276	552	
599012	Cerebelum_Crus1_R	0	0	0	0	0	0	0	0	0	0	0	0	0	0	0	0	0	0	0	0	0	0	0	0	0	0	0	0	0	0	0	0	0	0	0	0	0	1542	0	2974	0	0	194	952	0	0	2260	9918	0	0	0	448	0	882	224	18486	0	0	0	0	0	0	0	0	0	0	0	316	0	0	0	0	0	108	0	0	0	86	0	0	0	0	0	0	0	0	0	0	0	1652	5844	0	2144	44164	2254	5140	5222	31876	8486	76768	1220	4138	1974	15950	956	2460	0	7306	1382	3334	11514	14422	8840	2306	1562	202	
393320	Cerebelum_Crus2_L	0	0	0	0	0	0	0	0	0	0	0	0	0	0	0	0	0	0	0	0	0	0	0	0	0	0	0	0	0	0	0	0	0	0	0	0	0	0	80	258	0	0	148	0	0	0	490	322	0	0	0	0	0	0	906	124	0	0	0	0	0	0	0	0	0	0	0	0	0	0	0	0	0	0	0	0	0	0	0	0	0	0	0	0	0	0	0	0	350	0	41132	2144	0	8710	320	640	1828	970	7476	1142	48552	4888	40050	5190	9612	248	546	0	196	434	854	3058	11310	4334	348	0	
394928	Cerebelum_Crus2_R	0	0	0	0	0	0	0	0	0	0	0	0	0	0	0	0	0	0	0	0	0	0	0	0	0	0	0	0	0	0	0	0	0	0	0	0	0	616	0	1398	0	0	0	0	0	0	342	1366	0	0	0	0	0	80	84	2240	0	0	0	0	0	0	0	0	0	0	0	0	0	0	0	0	0	102	0	0	0	0	0	0	0	0	0	0	0	0	0	0	0	174	8630	44164	8710	0	614	1868	970	7576	3552	22092	6594	19332	6340	27932	462	2348	0	2506	374	1444	2196	4740	13616	4248	576	178	
151900	Cerebelum_3_L	0	0	0	0	0	0	0	0	0	0	0	0	0	0	0	0	0	0	0	0	0	0	0	0	0	0	0	0	0	0	0	0	0	0	0	0	154	0	892	0	0	0	114	0	0	0	1240	758	0	0	0	0	0	0	262	122	0	0	0	0	0	0	0	0	0	0	0	0	0	0	0	0	0	0	0	0	0	0	0	0	0	0	0	0	0	0	0	0	0	0	2654	2254	320	614	0	2226	10924	2374	5834	2504	228	0	2922	1934	4988	3444	0	0	3288	4916	4894	3712	4086	4046	3698	548	
169820	Cerebelum_3_R	0	0	0	0	0	0	0	0	0	0	0	0	0	0	0	0	0	0	0	0	0	0	0	0	0	0	0	0	0	0	0	0	0	0	0	0	0	0	130	738	0	0	0	0	0	0	414	2528	0	0	0	0	0	0	124	234	0	0	0	0	0	0	0	0	0	0	0	0	0	0	0	0	0	0	0	0	0	0	0	0	0	0	0	0	0	0	0	0	0	0	1182	5140	640	1868	2226	0	3016	11580	2642	7796	682	170	4246	6118	3418	2946	0	1094	878	8104	3400	1718	6442	3440	1798	198	
484244	Cerebelum_4_5_L	0	0	0	0	0	0	0	0	0	0	0	0	0	0	0	0	0	0	0	0	0	0	0	0	0	0	0	0	0	0	0	0	0	0	560	0	916	0	3832	164	0	0	3354	84	0	0	21902	3888	0	0	114	0	294	204	17016	1088	0	0	0	0	0	0	0	0	0	0	1224	0	0	0	0	0	0	0	0	0	0	0	0	0	192	0	0	0	0	0	0	0	432	0	28528	5222	1828	970	10924	3016	0	8484	48392	6836	588	0	4668	2506	5398	4192	0	0	4018	6538	19628	7856	5588	5260	4754	1664	
441916	Cerebelum_4_5_R	0	0	0	0	0	0	0	0	0	0	0	0	0	0	0	0	0	0	0	0	0	0	0	0	0	0	0	0	0	284	0	0	0	0	0	144	0	3244	156	6876	0	106	1242	590	0	110	3338	13098	0	0	0	278	0	646	312	13654	0	0	0	0	0	0	0	0	0	0	0	1006	0	0	0	0	0	370	0	136	0	256	0	0	0	0	0	0	0	492	0	0	0	652	3012	31876	970	7576	2374	11580	8484	0	7964	39880	854	218	4204	6216	2836	1614	0	3670	586	5480	18154	4876	6238	3460	1678	168	
628584	Cerebelum_6_L	0	0	0	0	0	0	0	0	0	0	0	0	0	0	0	0	0	0	0	0	0	0	0	0	0	0	0	0	0	0	0	0	0	0	566	0	802	0	2950	474	0	0	2810	434	0	0	24830	4438	0	0	254	0	868	434	32840	1328	0	0	0	0	0	0	0	0	0	0	1328	0	0	0	0	0	0	0	0	0	0	0	0	0	158	0	0	0	106	0	0	0	1372	0	64794	8486	7476	3552	5834	2642	48392	7964	0	9610	3692	678	8330	3954	4496	2714	112	88	2586	4208	14220	16252	9716	4074	3350	1080	
570800	Cerebelum_6_R	0	0	0	0	0	0	0	0	0	0	0	0	0	0	0	0	0	0	0	0	0	0	0	0	0	0	0	0	0	0	0	0	0	0	0	0	0	1996	0	3882	0	0	292	1026	0	0	3006	12962	0	0	0	462	0	1880	230	21088	0	0	0	0	0	0	0	0	0	0	0	338	0	0	0	0	0	116	0	0	0	98	0	0	0	0	0	0	0	0	0	0	0	534	4670	76768	1142	22092	2504	7796	6836	39880	9610	0	390	746	1220	6460	1028	2016	0	6780	1462	4366	15308	16446	6342	1866	1564	198	
321996	Cerebelum_7b_L	0	0	0	0	0	0	0	0	0	0	0	0	0	0	0	0	0	0	0	0	0	0	0	0	0	0	0	0	0	0	0	0	0	0	0	0	0	0	0	282	0	0	0	0	0	0	0	124	0	0	0	0	0	0	740	0	0	0	0	0	0	0	0	0	0	0	0	0	0	0	0	0	0	0	0	0	0	0	0	0	0	0	0	0	0	0	0	0	224	0	19686	1220	48552	6594	228	682	588	854	3692	390	0	4676	38962	5692	9984	150	792	90	0	320	276	2066	8846	4944	344	0	
157900	Cerebelum_7b_R	0	0	0	0	0	0	0	0	0	0	0	0	0	0	0	0	0	0	0	0	0	0	0	0	0	0	0	0	0	0	0	0	0	0	0	0	0	0	0	0	0	0	0	0	0	0	0	0	0	0	0	0	0	0	0	0	0	0	0	0	0	0	0	0	0	0	0	0	0	0	0	0	0	0	0	0	0	0	0	0	0	0	0	0	0	0	0	0	0	0	3482	4138	4888	19332	0	170	0	218	678	746	4676	0	4622	22536	206	2706	0	272	0	0	0	760	5652	3776	92	0	
441840	Cerebelum_8_L	0	0	0	0	0	0	0	0	0	0	0	0	0	0	0	0	0	0	0	0	0	0	0	0	0	0	0	0	0	0	0	0	0	0	0	0	0	0	256	656	0	0	0	0	0	0	462	948	0	0	0	0	0	0	714	120	0	0	0	0	0	0	0	0	0	0	0	0	0	0	0	0	0	0	0	0	0	0	0	0	0	0	0	0	0	0	0	0	0	0	19512	1974	40050	6340	2922	4246	4668	4204	8330	1220	38962	4622	0	11100	26800	1830	2482	128	924	2862	2048	4316	14588	10450	2988	198	
373060	Cerebelum_8_R	0	0	0	0	0	0	0	0	0	0	0	0	0	0	0	0	0	0	0	0	0	0	0	0	0	0	0	0	0	0	0	0	0	0	0	0	0	96	0	1104	0	0	0	0	0	0	324	1034	0	0	0	0	0	0	80	596	0	0	0	0	0	0	0	0	0	0	0	0	0	0	0	0	0	0	0	0	0	0	0	0	0	0	0	0	0	0	0	0	0	0	4938	15950	5190	27932	1934	6118	2506	6216	3954	6460	5692	22536	11100	0	4264	19072	0	3548	180	2634	2110	2024	14222	10600	3748	368	
222572	Cerebelum_9_L	0	0	0	0	0	0	0	0	0	0	0	0	0	0	0	0	0	0	0	0	0	0	0	0	0	0	0	0	0	0	0	0	0	0	0	0	0	0	246	92	0	0	0	0	0	0	282	766	0	0	0	0	0	0	548	0	0	0	0	0	0	0	0	0	0	0	0	0	0	0	0	0	0	0	0	0	0	0	0	0	0	0	0	0	0	0	0	0	0	0	3176	956	9612	462	4988	3418	5398	2836	4496	1028	9984	206	26800	4264	0	3716	3238	0	1024	2812	2218	3188	5224	4420	4376	1512	
191940	Cerebelum_9_R	0	0	0	0	0	0	0	0	0	0	0	0	0	0	0	0	0	0	0	0	0	0	0	0	0	0	0	0	0	0	0	0	0	0	0	0	0	0	0	276	0	0	114	0	0	0	396	272	0	0	0	0	0	0	0	122	0	0	0	0	0	0	0	0	0	0	0	0	0	0	0	0	0	0	0	0	0	0	0	0	0	0	0	0	0	0	0	0	0	0	1138	2460	248	2348	3444	2946	4192	1614	2714	2016	150	2706	1830	19072	3716	0	0	2002	4354	6368	4376	2376	4472	8792	10054	1402	
14604	Cerebelum_10_L	0	0	0	0	0	0	0	0	0	0	0	0	0	0	0	0	0	0	0	0	0	0	0	0	0	0	0	0	0	0	0	0	0	0	0	0	0	0	0	0	0	0	0	0	0	0	0	0	0	0	0	0	0	0	132	0	0	0	0	0	0	0	0	0	0	0	0	0	0	0	0	0	0	0	0	0	0	0	0	0	0	0	0	0	0	0	0	0	0	0	0	0	546	0	0	0	0	0	112	0	792	0	2482	0	3238	0	0	0	0	0	0	0	0	0	0	0	
58660	Cerebelum_10_R	0	0	0	0	0	0	0	0	0	0	0	0	0	0	0	0	0	0	0	0	0	0	0	0	0	0	0	0	0	0	0	0	0	0	0	0	0	0	0	100	0	0	0	0	0	0	0	182	0	0	0	0	0	0	0	798	0	0	0	0	0	0	0	0	0	0	0	0	0	0	0	0	0	0	0	0	0	0	0	0	0	0	0	0	0	0	0	0	0	0	132	7306	0	2506	0	1094	0	3670	88	6780	90	272	128	3548	0	2002	0	0	0	170	146	132	186	0	0	0	
93664	Vermis_1_2	0	0	0	0	0	0	0	0	0	0	0	0	0	0	0	0	0	0	0	0	0	0	0	0	0	0	0	0	0	0	0	0	0	0	0	0	0	0	0	0	0	0	100	0	0	0	372	208	0	0	0	0	0	0	0	0	0	0	0	0	0	0	0	0	0	0	0	0	0	0	0	0	0	0	0	0	0	0	0	0	0	0	0	0	0	0	0	0	0	0	1090	1382	196	374	3288	878	4018	586	2586	1462	0	0	924	180	1024	4354	0	0	0	6326	4052	2348	2084	4060	4294	646	
