data	data	382336	397336	696732	575472	119140	60940	618444	327008	65232	22568	228396	180024	273472	109860	222768	78680	309096	156016	814896	708936	83068	84704	413356	320740	23324	82364	80084	114964	636860	257176	367940	394416	147320	623016	89864	109328	258208	234648	38916	90492	31572	68896	178184	313276	170904	282900	268464	190132	185828	394084	416344	348836	105924	122576	318296	333560	267660	198916	133508	91188	174488	111576	86776	86548	109108	167704	202680	295836	301292	268068	290032	435512	413044	389832	72308	24156	90904	154204	98844	23448	217960	91408	105712	45504	254836	152860	23804	19436	209928	144852	311812	244116	218988	166328	23540	25852	144176	89636	248320	206492	125344	44904	185092	138540	65316	28084	17008	4524	10980	23828	59272	77632	96252	37192	24888	20212	
data	data	Precentral_L	Precentral_R	Frontal_Sup_L	Frontal_Sup_R	Frontal_Sup_Orb_L	Frontal_Sup_Orb_R	Frontal_Mid_L	Frontal_Mid_R	Frontal_Mid_Orb_L	Frontal_Mid_Orb_R	Frontal_Inf_Oper_L	Frontal_Inf_Oper_R	Frontal_Inf_Tri_L	Frontal_Inf_Tri_R	Frontal_Inf_Orb_L	Frontal_Inf_Orb_R	Rolandic_Oper_L	Rolandic_Oper_R	Supp_Motor_Area_L	Supp_Motor_Area_R	Olfactory_L	Olfactory_R	Frontal_Sup_Medial_L	Frontal_Sup_Medial_R	Frontal_Med_Orb_L	Frontal_Med_Orb_R	Rectus_L	Rectus_R	Insula_L	Insula_R	Cingulum_Ant_L	Cingulum_Ant_R	Cingulum_Mid_L	Cingulum_Mid_R	Cingulum_Post_L	Cingulum_Post_R	Hippocampus_L	Hippocampus_R	ParaHippocampal_L	ParaHippocampal_R	Amygdala_L	Amygdala_R	Calcarine_L	Calcarine_R	Cuneus_L	Cuneus_R	Lingual_L	Lingual_R	Occipital_Sup_L	Occipital_Sup_R	Occipital_Mid_L	Occipital_Mid_R	Occipital_Inf_L	Occipital_Inf_R	Fusiform_L	Fusiform_R	Postcentral_L	Postcentral_R	Parietal_Sup_L	Parietal_Sup_R	Parietal_Inf_L	Parietal_Inf_R	SupraMarginal_L	SupraMarginal_R	Angular_L	Angular_R	Precuneus_L	Precuneus_R	Paracentral_Lobule_L	Paracentral_Lobule_R	Caudate_L	Caudate_R	Putamen_L	Putamen_R	Pallidum_L	Pallidum_R	Thalamus_L	Thalamus_R	Heschl_L	Heschl_R	Temporal_Sup_L	Temporal_Sup_R	Temporal_Pole_Sup_L	Temporal_Pole_Sup_R	Temporal_Mid_L	Temporal_Mid_R	Temporal_Pole_Mid_L	Temporal_Pole_Mid_R	Temporal_Inf_L	Temporal_Inf_R	Cerebelum_Crus1_L	Cerebelum_Crus1_R	Cerebelum_Crus2_L	Cerebelum_Crus2_R	Cerebelum_3_L	Cerebelum_3_R	Cerebelum_4_5_L	Cerebelum_4_5_R	Cerebelum_6_L	Cerebelum_6_R	Cerebelum_7b_L	Cerebelum_7b_R	Cerebelum_8_L	Cerebelum_8_R	Cerebelum_9_L	Cerebelum_9_R	Cerebelum_10_L	Cerebelum_10_R	Vermis_1_2	Vermis_3	Vermis_4_5	Vermis_6	Vermis_7	Vermis_8	Vermis_9	Vermis_10	
382336	Precentral_L	0	104	12298	0	0	0	20506	0	0	0	16896	0	4890	0	96	0	16274	0	6488	140	0	0	0	0	0	0	0	0	20136	0	0	0	0	0	0	0	9258	0	256	0	0	0	0	0	0	0	144	0	294	0	2366	0	184	0	666	0	31776	0	748	0	4812	0	462	0	712	0	792	0	7418	178	2572	414	13434	0	6010	0	1874	0	3420	0	3356	0	556	0	910	0	0	0	728	0	0	0	0	0	0	0	0	0	0	0	0	0	0	0	0	0	0	0	0	0	0	0	0	0	0	0	
397336	Precentral_R	104	0	314	10400	0	0	108	28148	0	0	0	5626	0	0	0	0	0	3148	2724	16880	0	110	0	0	0	0	0	0	0	4260	0	0	1130	4226	96	430	0	11672	0	1218	0	90	0	378	0	792	0	494	0	4964	0	3084	0	2168	0	3150	184	14564	0	314	0	1278	0	2432	0	734	0	1384	3636	23502	194	7616	0	4944	0	452	204	23558	0	568	0	2416	0	0	0	940	0	0	0	4034	0	0	0	0	0	0	0	0	0	0	0	0	0	0	0	0	0	0	0	0	0	0	0	0	0	0	
696732	Frontal_Sup_L	12298	314	0	2394	11032	0	87682	308	3886	0	8446	152	10070	0	7842	0	8152	0	45204	1548	1276	0	43132	7062	1204	100	3064	0	16390	0	22634	5282	6560	6288	0	0	1416	0	128	0	88	0	0	0	0	0	0	0	0	0	0	0	0	0	110	0	2168	0	0	0	0	0	0	0	0	0	0	0	312	0	6866	4210	14370	202	1376	0	0	0	718	0	3070	0	1012	0	0	0	0	0	0	0	0	0	0	0	0	0	0	0	0	0	0	0	0	0	0	0	0	0	0	0	0	0	0	0	0	0	
575472	Frontal_Sup_R	0	10400	2394	0	0	3714	728	36328	0	388	0	7616	0	2974	0	1326	0	5066	11908	42678	0	752	10362	37394	0	6474	0	6028	0	4598	6156	25064	630	20370	0	0	0	2944	0	216	0	0	0	0	0	0	0	0	0	220	0	104	0	0	0	196	0	1702	0	0	0	0	0	276	0	130	0	224	220	0	280	17048	90	17902	0	1576	0	1004	0	0	0	0	0	256	0	0	0	0	0	0	0	0	0	0	0	0	0	0	0	0	0	0	0	0	0	0	0	0	0	0	0	0	0	0	0	0	
119140	Frontal_Sup_Orb_L	0	0	11032	0	0	0	1902	0	7686	0	0	0	0	0	6414	0	0	0	134	0	3850	206	5274	0	2748	0	6368	0	2718	0	7840	292	0	0	0	0	0	0	320	0	0	0	0	0	0	0	0	0	0	0	0	0	0	0	0	0	0	0	0	0	0	0	0	0	0	0	0	0	0	0	732	118	1774	0	0	0	0	0	0	0	0	0	162	0	0	0	0	0	0	0	0	0	0	0	0	0	0	0	0	0	0	0	0	0	0	0	0	0	0	0	0	0	0	0	0	0	
60940	Frontal_Sup_Orb_R	0	0	0	3714	0	0	0	984	0	3714	0	0	0	0	0	1450	0	0	0	0	0	1168	112	1686	182	6082	0	8544	0	412	0	210	0	0	0	0	0	0	0	0	0	0	0	0	0	0	0	0	0	0	0	0	0	0	0	0	0	0	0	0	0	0	0	0	0	0	0	0	0	0	0	1210	0	1002	0	0	0	0	0	0	0	0	0	0	0	0	0	0	0	0	0	0	0	0	0	0	0	0	0	0	0	0	0	0	0	0	0	0	0	0	0	0	0	0	0	0	
618444	Frontal_Mid_L	20506	108	87682	728	1902	0	0	124	5384	0	15078	92	34052	0	11728	0	11912	0	22564	546	518	0	16416	1898	0	0	312	0	28678	0	10120	2066	2528	3398	0	0	2702	0	0	0	0	0	0	0	0	0	0	0	0	0	0	0	0	0	372	0	2668	0	0	0	96	0	0	0	0	0	0	0	262	0	4050	888	12874	122	928	0	122	0	1170	0	3016	0	1452	0	0	0	0	0	160	0	0	0	0	0	0	0	0	0	0	0	0	0	0	0	0	0	0	0	0	0	0	0	0	0	0	0	
327008	Frontal_Mid_R	0	28148	308	36328	0	984	124	0	0	2008	0	11502	0	12082	0	3054	0	2676	4494	9620	0	132	474	2968	0	0	0	190	0	3940	268	988	186	4620	0	0	0	4892	0	652	0	0	0	194	0	436	0	108	0	3046	0	1416	0	1978	0	2688	0	988	0	120	0	0	0	272	0	118	0	692	0	0	230	4786	0	8700	0	138	0	122	0	340	0	2086	0	138	0	646	0	0	0	3624	0	0	0	0	0	0	0	0	0	0	0	0	0	0	0	0	0	0	0	0	0	0	0	0	0	0	
65232	Frontal_Mid_Orb_L	0	0	3886	0	7686	0	5384	0	0	0	0	0	592	0	10522	0	0	0	980	0	278	0	288	0	178	0	718	0	1714	0	390	0	0	0	0	0	0	0	0	0	0	0	0	0	0	0	0	0	0	0	0	0	0	0	0	0	0	0	0	0	0	0	0	0	0	0	0	0	0	0	0	0	0	0	0	0	0	0	0	0	0	0	0	0	0	0	0	0	0	0	0	0	0	0	0	0	0	0	0	0	0	0	0	0	0	0	0	0	0	0	0	0	0	0	0	0	
22568	Frontal_Mid_Orb_R	0	0	0	388	0	3714	0	2008	0	0	0	0	0	88	0	2764	0	0	0	0	0	0	0	0	0	0	0	464	0	0	0	0	0	0	0	0	0	0	0	0	0	0	0	0	0	0	0	0	0	0	0	0	0	0	0	0	0	0	0	0	0	0	0	0	0	0	0	0	0	0	0	862	0	996	0	0	0	0	0	0	0	0	0	0	0	0	0	0	0	0	0	0	0	0	0	0	0	0	0	0	0	0	0	0	0	0	0	0	0	0	0	0	0	0	0	0	
228396	Frontal_Inf_Oper_L	16896	0	8446	0	0	0	15078	0	0	0	0	0	13082	0	1120	0	15590	0	8220	0	0	0	0	0	0	0	0	0	16248	0	116	0	0	0	0	0	792	0	0	0	0	0	0	0	0	0	0	0	0	0	0	0	0	0	196	0	4956	0	0	0	0	0	0	0	0	0	0	0	274	0	152	276	1164	0	0	0	0	0	518	0	5474	0	5498	0	0	0	0	0	102	0	0	0	0	0	0	0	0	0	0	0	0	0	0	0	0	0	0	0	0	0	0	0	0	0	0	0	
180024	Frontal_Inf_Oper_R	0	5626	152	7616	0	0	92	11502	0	0	0	0	0	9648	0	324	0	7110	4152	10758	0	0	240	428	0	0	0	0	0	15156	604	2390	0	3978	0	0	0	404	0	0	0	0	0	0	0	0	0	0	0	0	0	0	0	0	0	0	0	1476	0	0	0	0	0	0	0	0	0	0	0	0	0	1922	0	5346	0	0	0	0	0	0	0	0	0	1088	0	0	0	0	0	0	0	0	0	0	0	0	0	0	0	0	0	0	0	0	0	0	0	0	0	0	0	0	0	0	0	0	
273472	Frontal_Inf_Tri_L	4890	0	10070	0	0	0	34052	0	592	0	13082	0	0	0	24824	0	2812	0	5226	114	0	0	784	0	0	0	0	0	29548	0	1032	0	178	104	0	0	118	0	0	0	0	0	0	0	0	0	0	0	0	0	0	0	0	0	0	0	1438	0	0	0	0	0	0	0	0	0	0	0	0	0	1652	798	4216	0	0	0	0	0	124	0	160	0	922	0	0	0	0	0	0	0	0	0	0	0	0	0	0	0	0	0	0	0	0	0	0	0	0	0	0	0	0	0	0	0	0	0	
109860	Frontal_Inf_Tri_R	0	0	0	2974	0	0	0	12082	0	88	0	9648	0	0	0	4874	0	486	2456	4976	0	0	0	0	0	0	0	0	0	9294	174	474	0	2702	0	0	0	0	0	0	0	0	0	0	0	0	0	0	0	0	0	0	0	0	0	0	0	0	0	0	0	0	0	0	0	0	0	0	0	0	0	1298	0	3404	0	0	0	0	0	0	0	0	0	0	0	0	0	0	0	0	0	0	0	0	0	0	0	0	0	0	0	0	0	0	0	0	0	0	0	0	0	0	0	0	0	0	
222768	Frontal_Inf_Orb_L	96	0	7842	0	6414	0	11728	0	10522	0	1120	0	24824	0	0	0	0	0	5862	92	2596	138	298	0	0	0	922	0	27400	0	550	0	116	0	0	0	0	0	158	0	0	0	0	0	0	0	0	0	0	0	0	0	0	0	0	0	0	0	0	0	0	0	0	0	0	0	0	0	0	0	1910	794	5488	0	0	0	0	0	0	0	0	0	2514	0	0	0	0	0	0	0	0	0	0	0	0	0	0	0	0	0	0	0	0	0	0	0	0	0	0	0	0	0	0	0	0	0	
78680	Frontal_Inf_Orb_R	0	0	0	1326	0	1450	0	3054	0	2764	0	324	0	4874	0	0	0	0	146	158	0	1118	0	0	0	0	0	602	0	6882	0	0	0	0	0	0	0	920	0	0	0	1610	0	0	0	0	0	0	0	0	0	0	0	0	0	262	0	0	0	0	0	0	0	0	0	0	0	0	0	0	0	6572	0	7076	0	0	0	0	0	0	0	0	0	202	0	0	0	0	0	0	0	0	0	0	0	0	0	0	0	0	0	0	0	0	0	0	0	0	0	0	0	0	0	0	0	0	
309096	Rolandic_Oper_L	16274	0	8152	0	0	0	11912	0	0	0	15590	0	2812	0	0	0	0	0	10552	0	0	0	0	0	0	0	0	0	32308	0	0	0	0	0	154	0	5954	0	218	0	0	0	0	0	0	0	0	0	0	0	1744	0	300	0	1198	0	12818	0	378	0	392	0	2274	0	760	0	0	0	570	0	96	300	898	0	0	0	0	0	7802	0	14646	0	4664	0	1118	0	0	0	664	0	0	0	0	0	0	0	0	0	0	0	0	0	0	0	0	0	0	0	0	0	0	0	0	0	0	0	
156016	Rolandic_Oper_R	0	3148	0	5066	0	0	0	2676	0	0	0	7110	0	486	0	0	0	0	6130	10820	0	0	0	136	0	0	0	0	0	13428	0	556	0	890	0	0	0	1508	0	150	0	0	0	266	0	0	0	0	0	658	0	728	0	0	0	318	0	5080	0	0	0	0	0	6100	0	0	0	0	0	0	0	572	0	3174	0	168	0	0	0	1454	0	5366	0	1088	0	314	0	0	0	618	0	0	0	0	0	0	0	0	0	0	0	0	0	0	0	0	0	0	0	0	0	0	0	0	0	0	
814896	Supp_Motor_Area_L	6488	2724	45204	11908	134	0	22564	4494	980	0	8220	4152	5226	2456	5862	146	10552	6130	0	62650	0	0	8396	3022	0	0	0	0	18616	4702	7084	8266	10126	30652	204	166	3186	782	0	0	0	0	0	0	0	132	0	0	0	332	0	0	0	0	648	0	1968	338	0	0	0	0	0	0	0	0	0	320	21406	1950	17930	18642	26144	9618	3032	852	202	0	858	112	4330	160	2554	460	0	0	0	0	368	0	0	0	0	0	0	0	0	0	0	0	0	0	0	0	0	0	0	0	0	0	0	0	0	0	0	0	
708936	Supp_Motor_Area_R	140	16880	1548	42678	0	0	546	9620	0	0	0	10758	114	4976	92	158	0	10820	62650	0	0	0	2568	7014	0	0	0	0	202	9100	3174	12108	6540	55572	140	886	0	2928	0	244	0	0	0	0	0	106	0	184	0	312	0	112	0	0	0	174	0	3058	0	0	0	0	0	228	0	0	0	690	14074	21630	722	23112	516	12346	0	2826	236	11528	0	198	0	212	0	748	0	0	0	0	0	0	0	0	0	0	0	0	0	0	0	0	0	0	0	0	0	0	0	0	0	0	0	0	0	0	0	0	
83068	Olfactory_L	0	0	1276	0	3850	0	518	0	278	0	0	0	0	0	2596	0	0	0	0	0	0	5298	0	0	0	230	5480	1782	4212	0	2234	1802	0	0	0	0	146	0	612	0	564	0	0	0	0	0	0	0	0	0	0	0	0	0	0	0	0	0	0	0	0	0	0	0	0	0	0	0	0	0	6024	1748	1920	0	0	0	90	0	0	0	0	0	874	0	0	0	0	0	0	0	0	0	0	0	0	0	0	0	0	0	0	0	0	0	0	0	0	0	0	0	0	0	0	0	0	0	
84704	Olfactory_R	0	110	0	752	206	1168	0	132	0	0	0	0	0	0	138	1118	0	0	0	0	5298	0	0	580	0	594	4450	6084	206	1184	1766	2294	0	0	0	0	0	230	0	162	0	972	0	0	0	0	0	0	0	0	0	0	0	0	0	0	0	0	0	0	0	0	0	0	0	0	0	0	0	104	6728	5336	368	2010	0	0	0	158	0	0	0	0	0	204	0	0	0	0	0	0	0	0	0	0	0	0	0	0	0	0	0	0	0	0	0	0	0	0	0	0	0	0	0	0	0	0	
413356	Frontal_Sup_Medial_L	0	0	43132	10362	5274	112	16416	474	288	0	0	240	784	0	298	0	0	0	8396	2568	0	0	0	24992	2258	912	1230	0	884	0	33348	20014	5130	18990	0	0	0	0	0	0	0	0	0	0	0	0	0	0	0	0	0	0	0	0	0	0	0	0	0	0	0	0	0	0	0	0	0	0	0	0	4408	1166	4244	758	0	0	0	0	0	0	0	0	0	0	0	0	0	0	0	0	0	0	0	0	0	0	0	0	0	0	0	0	0	0	0	0	0	0	0	0	0	0	0	0	0	0	
320740	Frontal_Sup_Medial_R	0	0	7062	37394	0	1686	1898	2968	0	0	0	428	0	0	0	0	0	136	3022	7014	0	580	24992	0	394	6810	0	3684	0	0	7436	25090	410	18982	0	0	0	0	0	0	0	0	0	0	0	0	0	0	0	0	0	0	0	0	0	0	0	0	0	0	0	0	0	0	0	0	0	0	0	0	350	5592	286	4156	0	0	0	0	0	0	0	0	0	0	0	0	0	0	0	0	0	0	0	0	0	0	0	0	0	0	0	0	0	0	0	0	0	0	0	0	0	0	0	0	0	0	
23324	Frontal_Med_Orb_L	0	0	1204	0	2748	182	0	0	178	0	0	0	0	0	0	0	0	0	0	0	0	0	2258	394	0	904	740	130	0	0	2690	0	0	0	0	0	0	0	0	0	0	0	0	0	0	0	0	0	0	0	0	0	0	0	0	0	0	0	0	0	0	0	0	0	0	0	0	0	0	0	104	0	130	0	0	0	0	0	0	0	0	0	0	0	0	0	0	0	0	0	0	0	0	0	0	0	0	0	0	0	0	0	0	0	0	0	0	0	0	0	0	0	0	0	0	0	
82364	Frontal_Med_Orb_R	0	0	100	6474	0	6082	0	0	0	0	0	0	0	0	0	0	0	0	0	0	230	594	912	6810	904	0	246	9790	0	0	1006	4230	0	0	0	0	0	0	0	0	0	0	0	0	0	0	0	0	0	0	0	0	0	0	0	0	0	0	0	0	0	0	0	0	0	0	0	0	0	0	96	1958	0	1750	0	0	0	0	0	0	0	0	0	0	0	0	0	0	0	0	0	0	0	0	0	0	0	0	0	0	0	0	0	0	0	0	0	0	0	0	0	0	0	0	0	0	
80084	Rectus_L	0	0	3064	0	6368	0	312	0	718	0	0	0	0	0	922	0	0	0	0	0	5480	4450	1230	0	740	246	0	1820	622	0	5094	1858	0	0	0	0	0	0	0	0	0	0	0	0	0	0	0	0	0	0	0	0	0	0	0	0	0	0	0	0	0	0	0	0	0	0	0	0	0	0	4762	1656	700	0	0	0	0	0	0	0	0	0	0	0	0	0	0	0	0	0	0	0	0	0	0	0	0	0	0	0	0	0	0	0	0	0	0	0	0	0	0	0	0	0	0	0	
114964	Rectus_R	0	0	0	6028	0	8544	0	190	0	464	0	0	0	0	0	602	0	0	0	0	1782	6084	0	3684	130	9790	1820	0	0	376	1974	4962	0	0	0	0	0	0	0	0	0	318	0	0	0	0	0	0	0	0	0	0	0	0	0	0	0	0	0	0	0	0	0	0	0	0	0	0	0	0	2270	5006	0	3458	0	0	0	0	0	0	0	0	0	0	0	0	0	0	0	0	0	0	0	0	0	0	0	0	0	0	0	0	0	0	0	0	0	0	0	0	0	0	0	0	0	0	
636860	Insula_L	20136	0	16390	0	2718	0	28678	0	1714	0	16248	0	29548	0	27400	0	32308	0	18616	202	4212	206	884	0	0	0	622	0	0	0	1174	0	214	158	206	0	22746	0	754	0	3764	0	0	0	0	0	0	0	228	0	2360	0	344	0	3344	0	9796	0	882	0	604	0	1402	0	530	0	590	0	2108	0	2334	1052	27358	0	214	0	790	0	6612	0	15686	0	9082	0	1670	0	0	0	2546	0	0	0	0	0	0	0	0	0	0	0	0	0	0	0	0	0	0	0	0	0	0	0	0	0	0	0	
257176	Insula_R	0	4260	0	4598	0	412	0	3940	0	0	0	15156	0	9294	0	6882	0	13428	4702	9100	0	1184	0	0	0	0	0	376	0	0	258	750	0	1352	0	0	0	8614	0	2634	0	5072	0	0	0	0	0	0	0	126	0	132	0	0	0	3604	0	792	0	0	0	0	0	0	0	274	0	126	0	0	0	5626	0	20578	0	0	0	0	0	1318	0	1348	0	1834	0	424	0	0	0	394	0	0	0	0	0	0	0	0	0	0	0	0	0	0	0	0	0	0	0	0	0	0	0	0	0	0	
367940	Cingulum_Ant_L	0	0	22634	6156	7840	0	10120	268	390	0	116	604	1032	174	550	0	0	0	7084	3174	2234	1766	33348	7436	2690	1006	5094	1974	1174	258	0	23930	5708	10492	94	0	0	0	0	0	0	0	0	0	0	0	0	0	0	0	0	0	0	0	0	0	0	0	0	0	0	0	0	0	0	0	0	0	0	152	13508	2322	9392	1084	0	0	166	0	0	0	0	0	0	0	0	0	0	0	0	0	0	0	0	0	0	0	0	0	0	0	0	0	0	0	0	0	0	0	0	0	0	0	0	0	0	0	
394416	Cingulum_Ant_R	0	0	5282	25064	292	210	2066	988	0	0	0	2390	0	474	0	0	0	556	8266	12108	1802	2294	20014	25090	0	4230	1858	4962	0	750	23930	0	3110	25300	0	0	0	0	0	0	0	0	0	0	0	0	0	0	0	0	0	0	0	0	0	0	0	0	0	0	0	0	0	0	0	0	0	0	0	0	2436	13904	180	9414	0	238	0	0	0	0	0	0	0	0	0	0	0	0	0	0	0	0	0	0	0	0	0	0	0	0	0	0	0	0	0	0	0	0	0	0	0	0	0	0	0	0	
147320	Cingulum_Mid_L	0	1130	6560	630	0	0	2528	186	0	0	0	0	178	0	116	0	0	0	10126	6540	0	0	5130	410	0	0	0	0	214	0	5708	3110	0	11190	6336	436	0	0	0	0	0	0	180	0	964	0	464	0	168	0	640	0	0	0	498	0	214	0	0	0	0	0	0	0	0	0	3548	204	4142	1610	106	120	132	0	0	0	0	0	0	0	0	0	0	0	142	0	0	0	0	0	0	0	0	0	0	0	0	0	0	0	0	0	0	0	0	0	0	0	0	0	0	0	0	0	0	0	
623016	Cingulum_Mid_R	0	4226	6288	20370	0	0	3398	4620	0	0	0	3978	104	2702	0	0	0	890	30652	55572	0	0	18990	18982	0	0	0	0	158	1352	10492	25300	11190	0	1348	8842	0	232	0	0	0	0	0	2514	156	5532	0	1780	0	5120	0	2788	0	710	0	296	370	6362	0	484	0	146	0	0	0	200	1950	13752	13846	18188	556	2434	768	1904	0	0	166	378	0	0	0	0	0	128	0	958	0	0	0	336	0	0	0	0	0	0	0	0	0	0	0	0	0	0	0	0	0	0	0	0	0	0	0	0	0	0	
89864	Cingulum_Post_L	0	96	0	0	0	0	0	0	0	0	0	0	0	0	0	0	154	0	204	140	0	0	0	0	0	0	0	0	206	0	94	0	6336	1348	0	8562	3202	1594	536	0	0	0	1396	0	1672	268	1036	336	0	0	1450	0	254	0	960	0	1322	806	0	0	0	0	0	0	0	0	6088	1114	2532	912	0	0	0	0	0	0	462	826	112	0	172	0	0	0	606	0	0	0	136	0	0	0	0	0	0	0	0	0	0	0	0	0	0	0	0	0	0	0	0	0	0	0	0	0	0	0	
109328	Cingulum_Post_R	0	430	0	0	0	0	0	0	0	0	0	0	0	0	0	0	0	0	166	886	0	0	0	0	0	0	0	0	0	0	0	0	436	8842	8562	0	2000	2748	0	0	0	0	0	1164	0	834	0	3848	0	0	0	480	0	562	0	672	1184	2732	0	0	0	0	0	0	0	0	1052	11062	1858	3300	0	0	0	0	0	0	218	440	0	0	0	0	0	0	0	462	0	0	0	492	0	0	0	0	0	0	0	0	0	0	0	0	0	0	0	0	0	0	0	0	234	0	0	0	0	0	
258208	Hippocampus_L	9258	0	1416	0	0	0	2702	0	0	0	792	0	118	0	0	0	5954	0	3186	0	146	0	0	0	0	0	0	0	22746	0	0	0	0	0	3202	2000	0	1546	3950	0	5190	0	708	0	0	0	1076	0	0	0	400	0	226	0	9578	0	3718	0	0	0	136	0	1266	0	102	0	1380	126	5420	0	694	0	16226	0	1480	0	4184	798	4294	0	6552	0	1490	0	1106	0	0	0	5938	0	0	0	0	0	0	0	0	0	0	0	0	0	0	0	0	0	0	0	0	0	0	0	0	0	0	0	
234648	Hippocampus_R	0	11672	0	2944	0	0	0	4892	0	0	0	404	0	0	0	920	0	1508	782	2928	0	230	0	0	0	0	0	0	0	8614	0	0	0	232	1594	2748	1546	0	0	14634	0	9428	0	0	0	0	0	1156	0	0	0	0	0	0	0	19258	0	718	0	0	0	0	0	740	0	0	0	2120	128	2022	0	1598	0	16164	0	652	590	2496	0	336	0	512	0	620	0	98	0	0	0	2696	0	0	0	0	0	0	0	212	0	0	0	0	0	0	0	0	0	0	0	0	132	0	0	0	0	0	
38916	ParaHippocampal_L	256	0	128	0	320	0	0	0	0	0	0	0	0	0	158	0	218	0	0	0	612	0	0	0	0	0	0	0	754	0	0	0	0	0	536	0	3950	0	0	0	1436	0	536	0	0	0	1740	0	0	0	102	0	196	0	3560	0	548	0	0	0	0	0	0	0	0	0	1082	0	560	0	0	0	410	0	0	0	170	0	210	0	0	0	668	0	0	0	586	0	280	0	0	0	0	0	114	0	140	0	0	0	0	0	0	0	0	0	0	0	94	94	0	0	0	0	0	0	
90492	ParaHippocampal_R	0	1218	0	216	0	0	0	652	0	0	0	0	0	0	0	0	0	150	0	244	0	162	0	0	0	0	0	0	0	2634	0	0	0	0	0	0	0	14634	0	0	0	4158	0	0	0	0	0	874	0	0	0	0	0	90	0	11494	0	0	0	0	0	0	0	0	0	0	0	712	0	198	0	136	0	4076	0	390	0	630	0	206	0	170	0	818	0	0	0	452	0	932	0	0	0	0	0	0	0	0	0	0	0	0	0	0	0	0	0	0	0	0	0	0	0	0	0	0	
31572	Amygdala_L	0	0	88	0	0	0	0	0	0	0	0	0	0	0	0	0	0	0	0	0	564	0	0	0	0	0	0	0	3764	0	0	0	0	0	0	0	5190	0	1436	0	0	0	0	0	0	0	0	0	0	0	0	0	0	0	1520	0	0	0	0	0	0	0	0	0	0	0	0	0	0	0	0	0	1910	0	0	0	0	0	0	0	0	0	896	0	0	0	220	0	198	0	0	0	0	0	0	0	0	0	0	0	0	0	0	0	0	0	0	0	0	0	0	0	0	0	0	0	
68896	Amygdala_R	0	90	0	0	0	0	0	0	0	0	0	0	0	0	0	1610	0	0	0	0	0	972	0	0	0	0	0	318	0	5072	0	0	0	0	0	0	0	9428	0	4158	0	0	0	0	0	0	0	0	0	0	0	0	0	0	0	4640	0	0	0	0	0	0	0	0	0	0	0	0	0	88	0	2648	0	3774	0	0	0	90	0	0	0	0	0	1152	0	0	0	0	0	408	0	0	0	0	0	0	0	0	0	0	0	0	0	0	0	0	0	0	0	0	0	0	0	0	0	0	
178184	Calcarine_L	0	0	0	0	0	0	0	0	0	0	0	0	0	0	0	0	0	0	0	0	0	0	0	0	0	0	0	0	0	0	0	0	180	0	1396	0	708	0	536	0	0	0	0	7922	9856	5536	15362	1562	8322	2956	17968	622	2924	0	2796	0	0	0	100	0	92	0	0	0	0	0	7898	0	0	0	0	0	0	0	0	0	0	0	114	0	0	0	0	0	2022	0	0	0	220	0	0	0	0	0	0	0	0	0	0	0	0	0	0	0	0	0	0	0	0	0	0	0	0	0	0	0	
313276	Calcarine_R	0	378	0	0	0	0	0	194	0	0	0	0	0	0	0	0	0	266	0	0	0	0	0	0	0	0	0	0	0	0	0	0	0	2514	0	1164	0	0	0	0	0	0	7922	0	8792	24688	1220	18742	106	23862	112	20308	0	10656	0	11250	0	792	0	758	0	1194	0	480	0	1924	132	15214	0	252	0	0	0	0	0	0	0	0	0	0	0	134	0	0	0	2320	0	0	0	1142	0	0	0	0	0	0	0	0	0	122	0	0	0	0	0	0	0	0	0	0	0	0	0	0	0	0	
170904	Cuneus_L	0	0	0	0	0	0	0	0	0	0	0	0	0	0	0	0	0	0	0	0	0	0	0	0	0	0	0	0	0	0	0	0	964	156	1672	0	0	0	0	0	0	0	9856	8792	0	9796	1358	530	21266	2214	13026	720	234	0	356	0	90	130	2322	0	120	0	0	0	0	0	11188	400	0	0	0	0	0	0	0	0	0	0	0	0	0	0	0	0	262	0	0	0	0	0	0	0	0	0	0	0	0	0	0	0	0	0	0	0	0	0	0	0	0	0	0	0	0	0	0	0	
282900	Cuneus_R	0	792	0	0	0	0	0	436	0	0	0	0	0	0	0	0	0	0	132	106	0	0	0	0	0	0	0	0	0	0	0	0	0	5532	268	834	0	0	0	0	0	0	5536	24688	9796	0	268	3220	170	36546	0	13808	0	1316	0	1974	0	2524	0	2662	0	816	0	120	0	734	5514	22782	0	512	0	0	0	0	0	0	0	0	0	0	0	0	0	0	0	262	0	0	0	102	0	0	0	0	0	0	0	0	0	0	0	0	0	0	0	0	0	0	0	0	0	0	0	0	0	0	
268464	Lingual_L	144	0	0	0	0	0	0	0	0	0	0	0	0	0	0	0	0	0	0	0	0	0	0	0	0	0	0	0	0	0	0	0	464	0	1036	0	1076	0	1740	0	0	0	15362	1220	1358	268	0	1958	6306	616	24858	270	8792	0	20178	118	222	0	1264	0	1086	0	0	0	660	0	6368	0	158	0	0	0	0	0	0	0	0	0	0	0	96	0	0	0	3028	0	0	0	980	0	8006	500	1426	376	0	0	7998	432	10834	824	90	0	622	140	276	0	0	0	0	0	724	1676	682	0	0	0	
190132	Lingual_R	0	494	0	0	0	0	0	108	0	0	0	0	0	0	0	0	0	0	0	184	0	0	0	0	0	0	0	0	0	0	0	0	0	1780	336	3848	0	1156	0	874	0	0	1562	18742	530	3220	1958	0	0	5446	0	5856	0	4506	410	12622	0	216	0	0	0	0	0	0	0	0	0	12082	0	686	0	0	0	0	0	0	0	508	0	0	0	0	0	0	0	380	0	0	0	1410	1290	2318	0	0	0	0	854	1324	2048	4544	0	0	0	0	0	0	0	0	0	0	1316	2360	98	0	0	0	
185828	Occipital_Sup_L	294	0	0	0	0	0	0	0	0	0	0	0	0	0	0	0	0	0	0	0	0	0	0	0	0	0	0	0	228	0	0	0	168	0	0	0	0	0	0	0	0	0	8322	106	21266	170	6306	0	0	0	28154	0	116	0	1860	0	676	0	9544	0	4536	0	272	0	2152	0	8744	0	0	0	0	0	0	0	0	0	0	0	0	0	0	0	0	0	0	0	0	0	0	0	0	0	0	0	0	0	0	0	0	0	0	0	0	0	0	0	0	0	0	0	0	0	0	0	0	0	
394084	Occipital_Sup_R	0	4964	0	220	0	0	0	3046	0	0	0	0	0	0	0	0	0	658	332	312	0	0	0	0	0	0	0	0	0	126	0	0	0	5120	0	0	0	0	0	0	0	0	2956	23862	2214	36546	616	5446	0	0	0	44958	0	1476	0	2678	0	5326	0	10692	0	6784	0	1620	0	13090	3222	18428	0	1124	0	0	0	0	0	0	0	0	0	234	0	328	0	0	0	506	0	0	0	158	0	0	0	0	0	0	0	0	0	0	0	0	0	0	0	0	0	0	0	0	0	0	0	0	0	0	
416344	Occipital_Mid_L	2366	0	0	0	0	0	0	0	0	0	0	0	0	0	0	0	1744	0	0	0	0	0	0	0	0	0	0	0	2360	0	0	0	640	0	1450	0	400	0	102	0	0	0	17968	112	13026	0	24858	0	28154	0	0	0	17384	0	12766	0	3924	0	11960	0	13790	0	3360	0	17110	0	7194	0	1012	0	0	0	0	0	0	0	0	0	1102	0	1184	0	0	0	18276	0	0	0	5930	0	0	0	0	0	0	0	0	0	0	0	0	0	0	0	0	0	0	0	0	0	0	0	0	0	0	0	
348836	Occipital_Mid_R	0	3084	0	104	0	0	0	1416	0	0	0	0	0	0	0	0	0	728	0	112	0	0	0	0	0	0	0	0	0	132	0	0	0	2788	0	480	0	0	0	0	0	0	622	20308	720	13808	270	5856	0	44958	0	0	0	6310	0	5316	0	4030	0	7576	0	6456	0	1862	0	21186	986	7760	0	896	0	0	0	0	0	0	0	0	0	302	0	1410	0	0	0	12256	0	0	0	2686	0	0	0	0	0	0	0	0	0	0	0	0	0	0	0	0	0	0	0	0	0	0	0	0	0	0	
105924	Occipital_Inf_L	184	0	0	0	0	0	0	0	0	0	0	0	0	0	0	0	300	0	0	0	0	0	0	0	0	0	0	0	344	0	0	0	0	0	254	0	226	0	196	0	0	0	2924	0	234	0	8792	0	116	0	17384	0	0	0	9214	0	504	0	0	0	0	0	0	0	112	0	498	0	436	0	0	0	0	0	0	0	0	0	434	0	150	0	0	0	5748	0	0	0	4912	0	0	0	0	0	0	0	0	0	0	0	0	0	0	0	0	0	0	0	0	0	0	0	0	0	0	0	
122576	Occipital_Inf_R	0	2168	0	0	0	0	0	1978	0	0	0	0	0	0	0	0	0	0	0	0	0	0	0	0	0	0	0	0	0	0	0	0	0	710	0	562	0	0	0	90	0	0	0	10656	0	1316	0	4506	0	1476	0	6310	0	0	0	13900	0	1506	0	0	0	122	0	102	0	224	0	4736	0	1052	0	0	0	0	0	0	0	0	0	0	0	172	0	0	0	2562	0	0	0	6416	0	196	0	0	0	0	0	0	0	438	0	0	0	0	0	0	0	0	0	0	0	90	0	0	0	0	
318296	Fusiform_L	666	0	110	0	0	0	372	0	0	0	196	0	0	0	0	0	1198	0	648	0	0	0	0	0	0	0	0	0	3344	0	0	0	498	0	960	0	9578	0	3560	0	1520	0	2796	0	356	0	20178	410	1860	0	12766	0	9214	0	0	102	936	0	854	0	562	0	456	0	1024	0	2992	0	1006	0	0	0	860	0	0	0	0	0	1678	0	1582	0	1388	0	3664	0	1174	0	12068	0	21014	202	5530	138	0	0	6020	100	20670	486	1204	0	1368	0	0	0	0	0	0	0	156	1322	362	0	0	0	
333560	Fusiform_R	0	3150	0	196	0	0	0	2688	0	0	0	0	0	0	0	262	0	318	0	174	0	0	0	0	0	0	0	0	0	3604	0	0	0	296	0	672	0	19258	0	11494	0	4640	0	11250	0	1974	118	12622	0	2678	0	5316	0	13900	102	0	0	588	0	0	0	0	0	114	0	406	0	4692	0	224	0	752	0	5850	0	266	0	0	0	260	0	314	0	2538	0	872	0	1404	0	11890	580	14532	0	650	0	140	124	3908	936	17036	0	0	0	1008	0	0	0	0	0	0	760	1976	248	0	0	0	
267660	Postcentral_L	31776	184	2168	0	0	0	2668	0	0	0	4956	0	1438	0	0	0	12818	0	1968	0	0	0	0	0	0	0	0	0	9796	0	0	0	214	370	1322	1184	3718	0	548	0	0	0	0	0	90	0	222	0	676	0	3924	0	504	0	936	0	0	586	6700	0	16698	0	5668	0	768	0	2828	0	7194	722	0	0	1938	0	240	0	160	0	4188	0	2590	0	0	0	1462	0	0	0	608	0	0	0	0	0	0	0	0	0	0	0	0	0	0	0	0	0	0	0	0	0	0	0	0	0	0	0	
198916	Postcentral_R	0	14564	0	1702	0	0	0	988	0	0	0	1476	0	0	0	0	0	5080	338	3058	0	0	0	0	0	0	0	0	0	792	0	0	0	6362	806	2732	0	718	0	0	0	0	0	792	130	2524	0	216	0	5326	0	4030	0	1506	0	588	586	0	0	1312	0	5252	0	9404	0	514	162	5286	2122	13584	0	342	0	1232	0	284	176	142	0	218	0	1390	0	0	0	1848	0	0	0	1876	0	0	0	0	0	0	0	0	0	0	0	0	0	0	0	0	0	0	0	0	0	0	0	0	0	0	
133508	Parietal_Sup_L	748	0	0	0	0	0	0	0	0	0	0	0	0	0	0	0	378	0	0	0	0	0	0	0	0	0	0	0	882	0	0	0	0	0	0	0	0	0	0	0	0	0	100	0	2322	0	1264	0	9544	0	11960	0	0	0	854	0	6700	0	0	0	13796	0	236	0	4846	0	12026	0	204	0	0	0	0	0	0	0	0	0	290	0	0	0	0	0	306	0	0	0	298	0	0	0	0	0	0	0	0	0	0	0	0	0	0	0	0	0	0	0	0	0	0	0	0	0	0	0	
91188	Parietal_Sup_R	0	314	0	0	0	0	0	120	0	0	0	0	0	0	0	0	0	0	0	0	0	0	0	0	0	0	0	0	0	0	0	0	0	484	0	0	0	0	0	0	0	0	0	758	0	2662	0	0	0	10692	0	7576	0	0	0	0	0	1312	0	0	0	5112	0	474	0	7976	1132	6836	0	0	0	0	0	0	0	0	0	0	0	0	0	0	0	0	0	146	0	0	0	0	0	0	0	0	0	0	0	0	0	0	0	0	0	0	0	0	0	0	0	0	0	0	0	0	0	0	
174488	Parietal_Inf_L	4812	0	0	0	0	0	96	0	0	0	0	0	0	0	0	0	392	0	0	0	0	0	0	0	0	0	0	0	604	0	0	0	0	0	0	0	136	0	0	0	0	0	92	0	120	0	1086	0	4536	0	13790	0	0	0	562	0	16698	0	13796	0	0	0	10100	0	10428	0	3838	0	536	0	0	0	108	0	92	0	0	0	180	0	774	0	0	0	2624	0	0	0	1844	0	0	0	0	0	0	0	0	0	0	0	0	0	0	0	0	0	0	0	0	0	0	0	0	0	0	0	
111576	Parietal_Inf_R	0	1278	0	0	0	0	0	0	0	0	0	0	0	0	0	0	0	0	0	0	0	0	0	0	0	0	0	0	0	0	0	0	0	146	0	0	0	0	0	0	0	0	0	1194	0	816	0	0	0	6784	0	6456	0	122	0	0	0	5252	0	5112	0	0	0	7922	0	14390	0	872	0	434	0	0	0	0	0	0	0	0	0	0	0	304	0	0	0	3754	0	0	0	952	0	0	0	0	0	0	0	0	0	0	0	0	0	0	0	0	0	0	0	0	0	0	0	0	0	0	
86776	SupraMarginal_L	462	0	0	0	0	0	0	0	0	0	0	0	0	0	0	0	2274	0	0	0	0	0	0	0	0	0	0	0	1402	0	0	0	0	0	0	0	1266	0	0	0	0	0	0	0	0	0	0	0	272	0	3360	0	0	0	456	0	5668	0	236	0	10100	0	0	0	4488	0	0	0	0	0	0	0	0	0	0	0	0	0	412	0	5038	0	0	0	5420	0	0	0	2534	0	0	0	0	0	0	0	0	0	0	0	0	0	0	0	0	0	0	0	0	0	0	0	0	0	0	0	
86548	SupraMarginal_R	0	2432	0	276	0	0	0	272	0	0	0	0	0	0	0	0	0	6100	0	228	0	0	0	0	0	0	0	0	0	0	0	0	0	0	0	0	0	740	0	0	0	0	0	480	0	120	0	0	0	1620	0	1862	0	102	0	114	0	9404	0	474	0	7922	0	0	0	1926	0	0	0	482	0	0	0	130	0	0	0	0	0	368	0	6286	0	0	0	1066	0	0	0	870	0	0	0	0	0	0	0	0	0	0	0	0	0	0	0	0	0	0	0	0	0	0	0	0	0	0	
109108	Angular_L	712	0	0	0	0	0	0	0	0	0	0	0	0	0	0	0	760	0	0	0	0	0	0	0	0	0	0	0	530	0	0	0	0	0	0	0	102	0	0	0	0	0	0	0	0	0	660	0	2152	0	17110	0	112	0	1024	0	768	0	4846	0	10428	0	4488	0	0	0	112	0	0	0	0	0	0	0	0	0	0	0	738	0	1334	0	0	0	6282	0	0	0	2396	0	0	0	0	0	0	0	0	0	0	0	0	0	0	0	0	0	0	0	0	0	0	0	0	0	0	0	
167704	Angular_R	0	734	0	130	0	0	0	118	0	0	0	0	0	0	0	0	0	0	0	0	0	0	0	0	0	0	0	0	0	274	0	0	0	200	0	0	0	0	0	0	0	0	0	1924	0	734	0	0	0	13090	0	21186	0	224	0	406	0	514	0	7976	0	14390	0	1926	0	0	0	560	0	102	0	0	0	0	0	0	0	0	0	0	0	3344	0	0	0	13352	0	0	0	2668	0	0	0	0	0	0	0	0	0	0	0	0	0	0	0	0	0	0	0	0	0	0	0	0	0	0	
202680	Precuneus_L	792	0	0	0	0	0	0	0	0	0	0	0	0	0	0	0	0	0	0	0	0	0	0	0	0	0	0	0	590	0	0	0	3548	1950	6088	1052	1380	0	1082	0	0	0	7898	132	11188	5514	6368	0	8744	3222	7194	986	498	0	2992	0	2828	162	12026	1132	3838	0	0	0	112	0	0	7904	990	0	0	0	0	0	0	0	0	102	0	0	0	0	0	0	918	0	0	0	110	0	0	0	0	0	0	0	0	0	0	0	0	0	0	0	0	0	0	0	0	0	0	0	0	0	0	0	
295836	Precuneus_R	0	1384	0	224	0	0	0	692	0	0	0	0	0	0	0	0	0	0	320	690	0	0	0	0	0	0	0	0	0	126	0	0	204	13752	1114	11062	126	2120	0	712	0	0	0	15214	400	22782	0	12082	0	18428	0	7760	0	4736	0	4692	0	5286	0	6836	0	872	0	0	0	560	7904	0	0	2410	0	0	0	0	0	0	178	446	0	0	0	0	0	0	0	2134	0	0	0	2096	0	0	0	0	0	0	0	266	0	0	0	0	0	0	0	0	0	0	0	0	310	0	0	0	0	0	
301292	Paracentral_Lobule_L	7418	3636	312	220	0	0	262	0	0	0	274	0	0	0	0	0	570	0	21406	14074	0	0	0	0	0	0	0	0	2108	0	0	0	4142	13846	2532	1858	5420	128	560	0	0	0	0	0	0	0	158	0	0	0	1012	0	436	0	1006	0	7194	2122	204	0	536	0	0	0	0	0	990	0	0	13770	9544	628	13416	0	4192	0	14728	222	0	0	346	0	0	0	878	0	0	0	402	0	0	0	0	0	96	0	0	0	0	0	0	0	0	0	0	0	0	0	0	0	0	0	0	0	0	0	
268068	Paracentral_Lobule_R	178	23502	0	0	0	0	0	0	0	0	0	0	0	0	0	0	0	0	1950	21630	0	104	0	0	0	0	0	0	0	0	152	0	1610	18188	912	3300	0	2022	0	198	0	88	0	252	0	512	0	686	0	1124	0	896	0	1052	0	224	722	13584	0	0	0	434	0	482	0	102	0	2410	13770	0	0	3316	172	0	102	0	532	17292	0	0	0	0	0	0	0	1408	0	0	0	1128	0	0	0	0	0	0	0	0	0	0	0	0	0	0	0	0	0	0	0	0	0	0	0	0	0	0	
290032	Caudate_L	2572	194	6866	280	732	0	4050	230	0	0	152	0	1652	0	1910	0	96	0	17930	722	6024	6728	4408	350	104	96	4762	2270	2334	0	13508	2436	106	556	0	0	694	0	0	0	0	0	0	0	0	0	0	0	0	0	0	0	0	0	0	0	0	0	0	0	0	0	0	0	0	0	0	0	9544	0	0	10708	26656	754	4702	0	10890	0	0	0	0	0	0	0	0	0	0	0	0	0	0	0	0	0	0	0	0	0	0	0	0	0	0	0	0	0	0	0	0	0	0	0	0	0	0	0	
435512	Caudate_R	414	7616	4210	17048	118	1210	888	4786	0	862	276	1922	798	1298	794	6572	300	572	18642	23112	1748	5336	1166	5592	0	1958	1656	5006	1052	5626	2322	13904	120	2434	0	0	0	1598	0	136	0	2648	0	0	0	0	0	0	0	0	0	0	0	0	0	752	0	342	0	0	0	0	0	0	0	0	0	0	628	3316	10708	0	1932	39760	0	2036	150	14144	0	0	100	0	0	148	0	0	0	0	0	0	0	0	0	0	0	0	0	0	0	0	0	0	0	0	0	0	0	0	0	0	0	0	0	0	0	0	
413044	Putamen_L	13434	0	14370	90	1774	0	12874	0	0	0	1164	0	4216	0	5488	0	898	0	26144	516	1920	368	4244	286	130	0	700	0	27358	0	9392	180	132	768	0	0	16226	0	410	0	1910	0	0	0	0	0	0	0	0	0	0	0	0	0	860	0	1938	0	0	0	108	0	0	0	0	0	0	0	13416	172	26656	1932	0	352	9950	0	2884	0	154	0	1266	0	1308	0	0	0	0	0	534	0	0	0	0	0	0	0	0	0	0	0	0	0	0	0	0	0	0	0	0	0	0	0	0	0	0	0	
389832	Putamen_R	0	4944	202	17902	0	1002	122	8700	0	996	0	5346	0	3404	0	7076	0	3174	9618	12346	0	2010	758	4156	0	1750	0	3458	0	20578	1084	9414	0	1904	0	0	0	16164	0	4076	0	3774	0	0	0	0	0	0	0	0	0	0	0	0	0	5850	0	1232	0	0	0	0	0	130	0	0	0	0	0	0	754	39760	352	0	0	2200	0	488	0	0	0	0	0	192	0	0	0	0	0	0	0	0	0	0	0	0	0	0	0	0	0	0	0	0	0	0	0	0	0	0	0	0	0	0	0	0	
72308	Pallidum_L	6010	0	1376	0	0	0	928	0	0	0	0	0	0	0	0	0	0	0	3032	0	0	0	0	0	0	0	0	0	214	0	0	0	0	0	0	0	1480	0	0	0	0	0	0	0	0	0	0	0	0	0	0	0	0	0	0	0	240	0	0	0	92	0	0	0	0	0	0	0	4192	102	4702	0	9950	0	0	0	3836	0	0	0	0	0	0	0	0	0	0	0	0	0	0	0	0	0	0	0	0	0	0	0	0	0	0	0	0	0	0	0	0	0	0	0	0	0	0	0	
24156	Pallidum_R	0	452	0	1576	0	0	0	138	0	0	0	0	0	0	0	0	0	168	852	2826	0	0	0	0	0	0	0	0	0	0	0	238	0	0	0	0	0	652	0	390	0	0	0	0	0	0	0	0	0	0	0	0	0	0	0	266	0	284	0	0	0	0	0	0	0	0	0	0	0	0	0	2036	0	2200	0	0	0	0	0	0	0	0	0	0	0	0	0	0	0	0	0	0	0	0	0	0	0	0	0	0	0	0	0	0	0	0	0	0	0	0	0	0	0	0	0	0	
90904	Thalamus_L	1874	204	0	0	0	0	122	0	0	0	0	0	0	0	0	0	0	0	202	236	90	0	0	0	0	0	0	0	790	0	166	0	0	166	462	218	4184	590	170	0	0	0	0	0	0	0	0	0	0	0	0	0	0	0	0	0	160	176	0	0	0	0	0	0	0	0	0	178	14728	532	10890	150	2884	0	3836	0	0	1730	504	0	120	0	0	0	90	0	0	0	0	0	0	0	0	0	0	0	0	0	0	0	0	0	0	0	0	0	0	0	0	0	0	0	0	0	0	0	
154204	Thalamus_R	0	23558	0	1004	0	0	0	122	0	0	0	0	0	0	0	0	0	0	0	11528	0	158	0	0	0	0	0	0	0	0	0	0	0	378	826	440	798	2496	0	630	0	90	0	0	0	0	0	508	0	0	0	0	0	0	0	0	0	142	0	0	0	0	0	0	0	0	102	446	222	17292	0	14144	0	488	0	0	1730	0	0	0	0	0	0	0	0	0	0	0	0	0	0	0	0	0	0	0	0	0	0	0	0	0	0	0	0	0	0	0	0	0	0	0	0	0	0	0	
98844	Heschl_L	3420	0	718	0	0	0	1170	0	0	0	518	0	124	0	0	0	7802	0	858	0	0	0	0	0	0	0	0	0	6612	0	0	0	0	0	112	0	4294	0	210	0	0	0	114	0	0	0	0	0	0	0	1102	0	434	0	1678	0	4188	0	290	0	180	0	412	0	738	0	0	0	0	0	0	0	154	0	0	0	504	0	0	0	7216	0	0	0	5226	0	0	0	1348	0	0	0	0	0	0	0	0	0	0	0	0	0	0	0	0	0	0	0	0	0	0	0	0	0	0	0	
23448	Heschl_R	0	568	0	0	0	0	0	340	0	0	0	0	0	0	0	0	0	1454	112	198	0	0	0	0	0	0	0	0	0	1318	0	0	0	0	0	0	0	336	0	206	0	0	0	0	0	0	0	0	0	234	0	302	0	0	0	260	0	218	0	0	0	0	0	368	0	0	0	0	0	0	0	0	0	0	0	0	0	0	0	0	0	4954	0	0	0	762	0	0	0	94	0	0	0	0	0	0	0	0	0	0	0	0	0	0	0	0	0	0	0	0	0	0	0	0	0	0	
217960	Temporal_Sup_L	3356	0	3070	0	0	0	3016	0	0	0	5474	0	160	0	0	0	14646	0	4330	0	0	0	0	0	0	0	0	0	15686	0	0	0	0	0	172	0	6552	0	0	0	0	0	0	0	0	0	96	0	0	0	1184	0	150	0	1582	0	2590	0	0	0	774	0	5038	0	1334	0	0	0	346	0	0	100	1266	0	0	0	120	0	7216	0	0	0	3962	0	18832	0	0	0	7928	0	0	0	0	0	0	0	0	0	0	0	0	0	0	0	0	0	0	0	0	0	0	0	0	0	0	0	
91408	Temporal_Sup_R	0	2416	0	0	0	0	0	2086	0	0	0	0	0	0	0	0	0	5366	160	212	0	0	0	0	0	0	0	0	0	1348	0	0	0	0	0	0	0	512	0	170	0	0	0	134	0	0	0	0	0	328	0	1410	0	172	0	314	0	1390	0	0	0	304	0	6286	0	3344	0	0	0	0	0	0	0	0	0	0	0	0	0	4954	0	0	0	1840	0	10240	0	182	0	2536	0	0	0	0	0	0	0	0	0	0	0	0	0	0	0	0	0	0	0	0	0	0	0	0	0	0	
105712	Temporal_Pole_Sup_L	556	0	1012	0	162	0	1452	0	0	0	5498	0	922	0	2514	0	4664	0	2554	0	874	0	0	0	0	0	0	0	9082	0	0	0	0	0	0	0	1490	0	668	0	896	0	0	0	0	0	0	0	0	0	0	0	0	0	1388	0	0	0	0	0	0	0	0	0	0	0	0	0	0	0	0	0	1308	0	0	0	0	0	0	0	3962	0	0	0	4966	0	4280	0	4608	0	0	0	0	0	0	0	0	0	0	0	0	0	0	0	0	0	0	0	0	0	0	0	0	0	0	0	
45504	Temporal_Pole_Sup_R	0	0	0	256	0	0	0	138	0	0	0	1088	0	0	0	202	0	1088	460	748	0	204	0	0	0	0	0	0	0	1834	0	0	0	128	0	0	0	620	0	818	0	1152	0	0	0	0	0	0	0	0	0	0	0	0	0	2538	0	0	0	0	0	0	0	0	0	0	0	0	0	0	0	148	0	192	0	0	0	0	0	0	0	1840	0	0	0	2278	0	4446	0	2574	0	0	0	0	0	0	0	0	0	0	0	0	0	0	0	0	0	0	0	0	0	0	0	0	0	0	
254836	Temporal_Mid_L	910	0	0	0	0	0	0	0	0	0	0	0	0	0	0	0	1118	0	0	0	0	0	0	0	0	0	0	0	1670	0	0	0	142	0	606	0	1106	0	0	0	0	0	2022	0	262	0	3028	0	0	0	18276	0	5748	0	3664	0	1462	0	306	0	2624	0	5420	0	6282	0	918	0	878	0	0	0	0	0	0	0	90	0	5226	0	18832	0	4966	0	0	0	2514	0	39348	0	0	0	0	0	0	0	0	0	0	0	0	0	0	0	0	0	0	0	0	0	0	0	0	0	0	0	
152860	Temporal_Mid_R	0	940	0	0	0	0	0	646	0	0	0	0	0	0	0	0	0	314	0	0	0	0	0	0	0	0	0	0	0	424	0	0	0	958	0	462	0	98	0	0	0	0	0	2320	0	262	0	380	0	506	0	12256	0	2562	0	872	0	1848	0	146	0	3754	0	1066	0	13352	0	2134	0	1408	0	0	0	0	0	0	0	0	0	762	0	10240	0	2278	0	0	0	1210	0	15232	0	0	0	0	0	0	0	0	0	0	0	0	0	0	0	0	0	0	0	0	0	0	0	0	0	0	
23804	Temporal_Pole_Mid_L	0	0	0	0	0	0	0	0	0	0	0	0	0	0	0	0	0	0	0	0	0	0	0	0	0	0	0	0	0	0	0	0	0	0	0	0	0	0	586	0	220	0	0	0	0	0	0	0	0	0	0	0	0	0	1174	0	0	0	0	0	0	0	0	0	0	0	0	0	0	0	0	0	0	0	0	0	0	0	0	0	0	0	4280	0	2514	0	0	0	3128	0	0	0	0	0	0	0	0	0	0	0	0	0	0	0	0	0	0	0	0	0	0	0	0	0	0	0	
19436	Temporal_Pole_Mid_R	0	0	0	0	0	0	0	0	0	0	0	0	0	0	0	0	0	0	0	0	0	0	0	0	0	0	0	0	0	0	0	0	0	0	0	0	0	0	0	452	0	0	0	0	0	0	0	0	0	0	0	0	0	0	0	1404	0	0	0	0	0	0	0	0	0	0	0	0	0	0	0	0	0	0	0	0	0	0	0	0	0	182	0	4446	0	1210	0	0	0	2024	0	0	0	0	0	0	0	0	0	0	0	0	0	0	0	0	0	0	0	0	0	0	0	0	0	0	
209928	Temporal_Inf_L	728	0	0	0	0	0	160	0	0	0	102	0	0	0	0	0	664	0	368	0	0	0	0	0	0	0	0	0	2546	0	0	0	0	0	136	0	5938	0	280	0	198	0	220	0	0	0	980	0	0	0	5930	0	4912	0	12068	0	608	0	298	0	1844	0	2534	0	2396	0	110	0	402	0	0	0	534	0	0	0	0	0	1348	0	7928	0	4608	0	39348	0	3128	0	0	0	2468	0	1570	0	0	0	0	0	0	0	500	0	110	0	0	0	0	0	0	0	0	0	0	0	0	0	
144852	Temporal_Inf_R	0	4034	0	0	0	0	0	3624	0	0	0	0	0	0	0	0	0	618	0	0	0	0	0	0	0	0	0	0	0	394	0	0	0	336	0	492	0	2696	0	932	0	408	0	1142	0	102	0	1410	0	158	0	2686	0	6416	0	11890	0	1876	0	0	0	952	0	870	0	2668	0	2096	0	1128	0	0	0	0	0	0	0	0	0	94	0	2536	0	2574	0	15232	0	2024	0	0	0	1866	0	366	0	0	0	0	0	438	0	0	0	368	0	0	0	0	0	0	0	0	0	0	0	0	
311812	Cerebelum_Crus1_L	0	0	0	0	0	0	0	0	0	0	0	0	0	0	0	0	0	0	0	0	0	0	0	0	0	0	0	0	0	0	0	0	0	0	0	0	0	0	0	0	0	0	0	0	0	0	8006	1290	0	0	0	0	0	0	21014	580	0	0	0	0	0	0	0	0	0	0	0	0	0	0	0	0	0	0	0	0	0	0	0	0	0	0	0	0	0	0	0	0	2468	0	0	1900	33306	2282	644	0	12352	286	38908	1940	8742	240	10888	340	1418	0	450	0	0	0	696	4044	3966	146	0	0	
244116	Cerebelum_Crus1_R	0	0	0	0	0	0	0	0	0	0	0	0	0	0	0	0	0	0	0	0	0	0	0	0	0	0	0	0	0	0	0	0	0	0	0	0	0	0	0	0	0	0	0	0	0	0	500	2318	0	0	0	0	0	196	202	14532	0	0	0	0	0	0	0	0	0	0	0	0	0	0	0	0	0	0	0	0	0	0	0	0	0	0	0	0	0	0	0	0	0	1866	1900	0	502	20680	270	1474	704	8342	2062	34234	0	1654	850	15548	536	860	0	272	0	674	2132	3556	4568	690	446	490	
218988	Cerebelum_Crus2_L	0	0	0	0	0	0	0	0	0	0	0	0	0	0	0	0	0	0	0	0	0	0	0	0	0	0	0	0	0	0	0	0	0	0	0	0	0	0	0	0	0	0	0	0	0	0	1426	0	0	0	0	0	0	0	5530	0	0	0	0	0	0	0	0	0	0	0	0	0	0	0	0	0	0	0	0	0	0	0	0	0	0	0	0	0	0	0	0	0	1570	0	33306	502	0	1352	232	0	3672	0	10984	182	24162	294	21136	240	1400	0	662	0	0	0	176	334	2046	288	0	0	
166328	Cerebelum_Crus2_R	0	0	0	0	0	0	0	0	0	0	0	0	0	0	0	0	0	0	0	0	0	0	0	0	0	0	0	0	0	0	0	0	0	0	0	0	0	0	0	0	0	0	0	0	0	0	376	0	0	0	0	0	0	0	138	650	0	0	0	0	0	0	0	0	0	0	0	0	0	0	0	0	0	0	0	0	0	0	0	0	0	0	0	0	0	0	0	0	0	366	2282	20680	1352	0	568	570	896	1546	1272	4596	278	9634	2828	23170	1490	730	0	212	0	180	240	1210	6138	1144	326	292	
23540	Cerebelum_3_L	0	0	0	0	0	0	0	0	0	0	0	0	0	0	0	0	0	0	0	0	0	0	0	0	0	0	0	0	0	0	0	0	0	0	0	0	0	0	114	0	0	0	0	0	0	0	0	0	0	0	0	0	0	0	0	0	0	0	0	0	0	0	0	0	0	0	0	0	96	0	0	0	0	0	0	0	0	0	0	0	0	0	0	0	0	0	0	0	0	0	644	270	232	568	0	302	3420	92	264	110	0	0	948	486	874	0	0	0	704	894	558	0	1022	172	0	0	
25852	Cerebelum_3_R	0	0	0	0	0	0	0	0	0	0	0	0	0	0	0	0	0	0	0	0	0	0	0	0	0	0	0	0	0	0	0	0	0	0	0	0	0	0	0	0	0	0	0	0	0	0	0	0	0	0	0	0	0	0	0	140	0	0	0	0	0	0	0	0	0	0	0	0	0	0	0	0	0	0	0	0	0	0	0	0	0	0	0	0	0	0	0	0	0	0	0	1474	0	570	302	0	252	2894	0	1946	0	0	186	784	92	562	0	0	456	1564	724	0	334	268	378	0	
144176	Cerebelum_4_5_L	0	0	0	0	0	0	0	0	0	0	0	0	0	0	0	0	0	0	0	0	0	0	0	0	0	0	0	0	0	0	0	0	0	0	0	0	0	0	140	0	0	0	0	0	0	0	7998	854	0	0	0	0	0	0	6020	124	0	0	0	0	0	0	0	0	0	0	0	0	0	0	0	0	0	0	0	0	0	0	0	0	0	0	0	0	0	0	0	0	0	0	12352	704	3672	896	3420	252	0	1286	16296	726	582	92	3336	616	3446	0	0	0	496	624	4392	1438	1600	246	100	380	
89636	Cerebelum_4_5_R	0	0	0	0	0	0	0	0	0	0	0	0	0	0	0	0	0	0	0	0	0	0	0	0	0	0	0	0	0	0	0	0	0	0	0	0	0	212	0	0	0	0	0	0	0	0	432	1324	0	0	0	0	0	0	100	3908	0	0	0	0	0	0	0	0	0	0	0	266	0	0	0	0	0	0	0	0	0	0	0	0	0	0	0	0	0	0	0	0	0	0	286	8342	0	1546	92	2894	1286	0	626	13328	0	0	316	1854	212	192	0	0	0	1008	4596	924	494	248	332	0	
248320	Cerebelum_6_L	0	0	0	0	0	0	0	0	0	0	0	0	0	0	0	0	0	0	0	0	0	0	0	0	0	0	0	0	0	0	0	0	0	0	0	0	0	0	0	0	0	0	0	0	0	0	10834	2048	0	0	0	0	0	0	20670	936	0	0	0	0	0	0	0	0	0	0	0	0	0	0	0	0	0	0	0	0	0	0	0	0	0	0	0	0	0	0	0	0	0	0	38908	2062	10984	1272	264	0	16296	626	0	3322	2014	0	3216	0	282	0	0	0	0	0	1450	6336	2552	0	0	88	
206492	Cerebelum_6_R	0	0	0	0	0	0	0	0	0	0	0	0	0	0	0	0	0	0	0	0	0	0	0	0	0	0	0	0	0	0	0	0	0	0	0	0	0	0	0	0	0	0	0	122	0	0	824	4544	0	0	0	0	0	438	486	17036	0	0	0	0	0	0	0	0	0	0	0	0	0	0	0	0	0	0	0	0	0	0	0	0	0	0	0	0	0	0	0	0	0	438	1940	34234	182	4596	110	1946	726	13328	3322	0	0	160	144	3754	116	446	0	172	0	782	3464	5734	2726	630	424	422	
125344	Cerebelum_7b_L	0	0	0	0	0	0	0	0	0	0	0	0	0	0	0	0	0	0	0	0	0	0	0	0	0	0	0	0	0	0	0	0	0	0	0	0	0	0	0	0	0	0	0	0	0	0	90	0	0	0	0	0	0	0	1204	0	0	0	0	0	0	0	0	0	0	0	0	0	0	0	0	0	0	0	0	0	0	0	0	0	0	0	0	0	0	0	0	0	500	0	8742	0	24162	278	0	0	582	0	2014	0	0	0	21992	0	1742	0	710	0	0	0	0	0	378	278	0	0	
44904	Cerebelum_7b_R	0	0	0	0	0	0	0	0	0	0	0	0	0	0	0	0	0	0	0	0	0	0	0	0	0	0	0	0	0	0	0	0	0	0	0	0	0	0	0	0	0	0	0	0	0	0	0	0	0	0	0	0	0	0	0	0	0	0	0	0	0	0	0	0	0	0	0	0	0	0	0	0	0	0	0	0	0	0	0	0	0	0	0	0	0	0	0	0	0	0	240	1654	294	9634	0	0	92	0	0	160	0	0	362	8950	116	104	0	0	0	0	0	0	628	218	0	0	
185092	Cerebelum_8_L	0	0	0	0	0	0	0	0	0	0	0	0	0	0	0	0	0	0	0	0	0	0	0	0	0	0	0	0	0	0	0	0	0	0	0	0	0	0	0	0	0	0	0	0	0	0	622	0	0	0	0	0	0	0	1368	0	0	0	0	0	0	0	0	0	0	0	0	0	0	0	0	0	0	0	0	0	0	0	0	0	0	0	0	0	0	0	0	0	110	0	10888	850	21136	2828	948	186	3336	316	3216	144	21992	362	0	1770	9794	608	3070	0	0	192	510	148	4714	1992	1034	412	
138540	Cerebelum_8_R	0	0	0	0	0	0	0	0	0	0	0	0	0	0	0	0	0	0	0	0	0	0	0	0	0	0	0	0	0	0	0	0	0	0	0	0	0	0	0	0	0	0	0	0	0	0	140	0	0	0	0	0	0	0	0	1008	0	0	0	0	0	0	0	0	0	0	0	0	0	0	0	0	0	0	0	0	0	0	0	0	0	0	0	0	0	0	0	0	0	368	340	15548	240	23170	486	784	616	1854	0	3754	0	8950	1770	0	1082	4200	0	772	0	264	216	0	2276	980	452	0	
65316	Cerebelum_9_L	0	0	0	0	0	0	0	0	0	0	0	0	0	0	0	0	0	0	0	0	0	0	0	0	0	0	0	0	0	0	0	0	0	0	0	0	0	0	0	0	0	0	0	0	0	0	276	0	0	0	0	0	0	0	0	0	0	0	0	0	0	0	0	0	0	0	0	0	0	0	0	0	0	0	0	0	0	0	0	0	0	0	0	0	0	0	0	0	0	0	1418	536	1400	1490	874	92	3446	212	282	116	1742	116	9794	1082	0	348	3612	0	0	170	440	0	2728	1160	876	448	
28084	Cerebelum_9_R	0	0	0	0	0	0	0	0	0	0	0	0	0	0	0	0	0	0	0	0	0	0	0	0	0	0	0	0	0	0	0	0	0	0	0	0	0	0	0	0	0	0	0	0	0	0	0	0	0	0	0	0	0	0	0	0	0	0	0	0	0	0	0	0	0	0	0	0	0	0	0	0	0	0	0	0	0	0	0	0	0	0	0	0	0	0	0	0	0	0	0	860	0	730	0	562	0	192	0	446	0	104	608	4200	348	0	0	834	156	444	196	138	708	1380	1468	668	
17008	Cerebelum_10_L	0	0	0	0	0	0	0	0	0	0	0	0	0	0	0	0	0	0	0	0	0	0	0	0	0	0	0	0	0	0	0	0	0	0	0	0	0	0	0	0	0	0	0	0	0	0	0	0	0	0	0	0	0	0	0	0	0	0	0	0	0	0	0	0	0	0	0	0	0	0	0	0	0	0	0	0	0	0	0	0	0	0	0	0	0	0	0	0	0	0	450	0	662	0	0	0	0	0	0	0	710	0	3070	0	3612	0	0	0	0	0	0	0	0	0	0	0	
4524	Cerebelum_10_R	0	0	0	0	0	0	0	0	0	0	0	0	0	0	0	0	0	0	0	0	0	0	0	0	0	0	0	0	0	0	0	0	0	0	0	0	0	0	0	0	0	0	0	0	0	0	0	0	0	0	0	0	0	0	0	0	0	0	0	0	0	0	0	0	0	0	0	0	0	0	0	0	0	0	0	0	0	0	0	0	0	0	0	0	0	0	0	0	0	0	0	272	0	212	0	0	0	0	0	172	0	0	0	772	0	834	0	0	0	0	0	0	0	0	0	0	
10980	Vermis_1_2	0	0	0	0	0	0	0	0	0	0	0	0	0	0	0	0	0	0	0	0	0	0	0	0	0	0	0	0	0	0	0	0	0	0	0	0	0	0	94	0	0	0	0	0	0	0	0	0	0	0	0	0	0	0	0	0	0	0	0	0	0	0	0	0	0	0	0	0	0	0	0	0	0	0	0	0	0	0	0	0	0	0	0	0	0	0	0	0	0	0	0	0	0	0	704	456	496	0	0	0	0	0	0	0	0	156	0	0	0	2836	658	0	0	0	90	0	
23828	Vermis_3	0	0	0	0	0	0	0	0	0	0	0	0	0	0	0	0	0	0	0	0	0	0	0	0	0	0	0	0	0	0	0	0	0	0	0	0	0	0	94	0	0	0	0	0	0	0	0	0	0	0	0	0	0	0	0	0	0	0	0	0	0	0	0	0	0	0	0	0	0	0	0	0	0	0	0	0	0	0	0	0	0	0	0	0	0	0	0	0	0	0	0	674	0	180	894	1564	624	1008	0	782	0	0	192	264	170	444	0	0	2836	0	1350	0	302	240	296	0	
59272	Vermis_4_5	0	0	0	0	0	0	0	0	0	0	0	0	0	0	0	0	0	0	0	0	0	0	0	0	0	0	0	0	0	0	0	0	0	0	0	234	0	132	0	0	0	0	0	0	0	0	724	1316	0	0	0	0	0	0	156	760	0	0	0	0	0	0	0	0	0	0	0	310	0	0	0	0	0	0	0	0	0	0	0	0	0	0	0	0	0	0	0	0	0	0	696	2132	176	240	558	724	4392	4596	1450	3464	0	0	510	216	440	196	0	0	658	1350	0	2140	620	318	340	788	
77632	Vermis_6	0	0	0	0	0	0	0	0	0	0	0	0	0	0	0	0	0	0	0	0	0	0	0	0	0	0	0	0	0	0	0	0	0	0	0	0	0	0	0	0	0	0	0	0	0	0	1676	2360	0	0	0	0	0	90	1322	1976	0	0	0	0	0	0	0	0	0	0	0	0	0	0	0	0	0	0	0	0	0	0	0	0	0	0	0	0	0	0	0	0	0	0	4044	3556	334	1210	0	0	1438	924	6336	5734	0	0	148	0	0	138	0	0	0	0	2140	0	2822	620	136	1812	
96252	Vermis_7	0	0	0	0	0	0	0	0	0	0	0	0	0	0	0	0	0	0	0	0	0	0	0	0	0	0	0	0	0	0	0	0	0	0	0	0	0	0	0	0	0	0	0	0	0	0	682	98	0	0	0	0	0	0	362	248	0	0	0	0	0	0	0	0	0	0	0	0	0	0	0	0	0	0	0	0	0	0	0	0	0	0	0	0	0	0	0	0	0	0	3966	4568	2046	6138	1022	334	1600	494	2552	2726	378	628	4714	2276	2728	708	0	0	0	302	620	2822	0	3102	1828	1184	
37192	Vermis_8	0	0	0	0	0	0	0	0	0	0	0	0	0	0	0	0	0	0	0	0	0	0	0	0	0	0	0	0	0	0	0	0	0	0	0	0	0	0	0	0	0	0	0	0	0	0	0	0	0	0	0	0	0	0	0	0	0	0	0	0	0	0	0	0	0	0	0	0	0	0	0	0	0	0	0	0	0	0	0	0	0	0	0	0	0	0	0	0	0	0	146	690	288	1144	172	268	246	248	0	630	278	218	1992	980	1160	1380	0	0	0	240	318	620	3102	0	2636	1840	
24888	Vermis_9	0	0	0	0	0	0	0	0	0	0	0	0	0	0	0	0	0	0	0	0	0	0	0	0	0	0	0	0	0	0	0	0	0	0	0	0	0	0	0	0	0	0	0	0	0	0	0	0	0	0	0	0	0	0	0	0	0	0	0	0	0	0	0	0	0	0	0	0	0	0	0	0	0	0	0	0	0	0	0	0	0	0	0	0	0	0	0	0	0	0	0	446	0	326	0	378	100	332	0	424	0	0	1034	452	876	1468	0	0	90	296	340	136	1828	2636	0	1282	
20212	Vermis_10	0	0	0	0	0	0	0	0	0	0	0	0	0	0	0	0	0	0	0	0	0	0	0	0	0	0	0	0	0	0	0	0	0	0	0	0	0	0	0	0	0	0	0	0	0	0	0	0	0	0	0	0	0	0	0	0	0	0	0	0	0	0	0	0	0	0	0	0	0	0	0	0	0	0	0	0	0	0	0	0	0	0	0	0	0	0	0	0	0	0	0	490	0	292	0	0	380	0	88	422	0	0	412	0	448	668	0	0	0	0	788	1812	1184	1840	1282	0	
