data	data	525628	334936	840232	658164	221324	91564	576020	253884	110208	32492	195528	144740	245228	141488	169772	82360	172452	106584	621688	536436	69504	69692	444436	399352	42136	106980	34312	61724	534728	315136	389472	506972	253816	476984	128796	176052	272324	249500	138020	155804	50604	50840	269612	318944	228252	383544	222956	268400	227756	382016	439132	266960	152204	66744	404160	329440	348144	268288	168764	123416	238268	77512	128348	82004	124412	124564	356840	428720	155456	215492	254536	255024	316816	227908	45252	17528	105172	177580	87616	29956	218236	119092	91772	69696	313512	276928	48520	18032	299068	187612	500580	448992	353692	350556	44912	65728	287448	212760	449516	393012	308724	143760	331520	264500	97460	91296	18136	6072	15664	66764	261924	205396	187860	127420	69260	22780	
data	data	Precentral_L	Precentral_R	Frontal_Sup_L	Frontal_Sup_R	Frontal_Sup_Orb_L	Frontal_Sup_Orb_R	Frontal_Mid_L	Frontal_Mid_R	Frontal_Mid_Orb_L	Frontal_Mid_Orb_R	Frontal_Inf_Oper_L	Frontal_Inf_Oper_R	Frontal_Inf_Tri_L	Frontal_Inf_Tri_R	Frontal_Inf_Orb_L	Frontal_Inf_Orb_R	Rolandic_Oper_L	Rolandic_Oper_R	Supp_Motor_Area_L	Supp_Motor_Area_R	Olfactory_L	Olfactory_R	Frontal_Sup_Medial_L	Frontal_Sup_Medial_R	Frontal_Med_Orb_L	Frontal_Med_Orb_R	Rectus_L	Rectus_R	Insula_L	Insula_R	Cingulum_Ant_L	Cingulum_Ant_R	Cingulum_Mid_L	Cingulum_Mid_R	Cingulum_Post_L	Cingulum_Post_R	Hippocampus_L	Hippocampus_R	ParaHippocampal_L	ParaHippocampal_R	Amygdala_L	Amygdala_R	Calcarine_L	Calcarine_R	Cuneus_L	Cuneus_R	Lingual_L	Lingual_R	Occipital_Sup_L	Occipital_Sup_R	Occipital_Mid_L	Occipital_Mid_R	Occipital_Inf_L	Occipital_Inf_R	Fusiform_L	Fusiform_R	Postcentral_L	Postcentral_R	Parietal_Sup_L	Parietal_Sup_R	Parietal_Inf_L	Parietal_Inf_R	SupraMarginal_L	SupraMarginal_R	Angular_L	Angular_R	Precuneus_L	Precuneus_R	Paracentral_Lobule_L	Paracentral_Lobule_R	Caudate_L	Caudate_R	Putamen_L	Putamen_R	Pallidum_L	Pallidum_R	Thalamus_L	Thalamus_R	Heschl_L	Heschl_R	Temporal_Sup_L	Temporal_Sup_R	Temporal_Pole_Sup_L	Temporal_Pole_Sup_R	Temporal_Mid_L	Temporal_Mid_R	Temporal_Pole_Mid_L	Temporal_Pole_Mid_R	Temporal_Inf_L	Temporal_Inf_R	Cerebelum_Crus1_L	Cerebelum_Crus1_R	Cerebelum_Crus2_L	Cerebelum_Crus2_R	Cerebelum_3_L	Cerebelum_3_R	Cerebelum_4_5_L	Cerebelum_4_5_R	Cerebelum_6_L	Cerebelum_6_R	Cerebelum_7b_L	Cerebelum_7b_R	Cerebelum_8_L	Cerebelum_8_R	Cerebelum_9_L	Cerebelum_9_R	Cerebelum_10_L	Cerebelum_10_R	Vermis_1_2	Vermis_3	Vermis_4_5	Vermis_6	Vermis_7	Vermis_8	Vermis_9	Vermis_10	
525628	Precentral_L	0	2612	11444	7306	136	0	27902	1498	0	0	14008	0	2698	0	0	0	9452	0	11168	14892	0	0	562	0	0	0	0	0	15644	88	2402	1312	982	9158	806	648	10566	534	4878	238	0	0	290	0	114	0	266	194	96	0	280	0	836	0	1988	88	42174	0	276	0	10054	0	4476	0	88	0	238	0	9998	1592	7504	696	5802	176	1408	0	10394	936	4578	0	5284	0	0	0	950	0	0	0	1104	0	0	0	0	0	0	0	0	0	0	0	0	0	0	0	0	0	0	0	0	0	0	0	0	0	0	0	
334936	Precentral_R	2612	0	796	10460	0	0	106	10874	0	0	0	6732	0	92	0	0	0	1602	4074	9544	0	0	0	0	0	0	0	0	0	4460	0	274	1772	6684	2310	5712	1068	4616	226	1214	0	0	0	404	82	1254	0	530	0	1762	0	726	0	652	0	1110	0	24826	0	426	0	1124	0	1834	0	0	254	5042	4608	14452	570	9828	0	2404	0	428	1332	17034	0	328	0	450	0	0	0	266	0	0	0	514	0	0	0	0	0	0	0	0	0	0	0	0	0	0	0	0	0	0	0	0	0	0	0	0	0	0	
840232	Frontal_Sup_L	11444	796	0	8858	15410	0	75540	3684	3474	0	5496	138	18112	0	11326	0	4696	192	61448	12188	0	0	55790	5752	1854	0	104	0	29108	178	28630	5642	14968	7508	0	0	900	0	0	0	0	0	0	0	0	0	0	0	0	0	0	0	0	0	0	0	3190	0	0	0	526	0	1368	0	0	0	0	0	990	0	9070	540	15600	112	1750	0	720	466	448	0	1682	0	266	0	152	0	0	0	0	0	0	0	0	0	0	0	0	0	0	0	0	0	0	0	0	0	0	0	0	0	0	0	0	0	0	0	
658164	Frontal_Sup_R	7306	10460	8858	0	0	6560	7232	32432	0	976	1608	3912	822	10972	0	5558	414	2246	17838	47534	0	272	7652	39456	0	3728	0	1020	1806	7318	3566	32056	1986	15742	234	288	300	1992	0	754	0	0	0	0	0	0	0	0	0	0	0	0	0	0	0	394	204	978	0	0	0	0	0	0	0	0	0	0	1562	0	9366	15216	240	5136	0	1424	566	10200	0	188	262	0	0	226	0	0	0	0	0	0	0	0	0	0	0	0	0	110	0	112	0	0	0	0	0	0	0	0	0	0	0	0	0	0	0	0	
221324	Frontal_Sup_Orb_L	136	0	15410	0	0	0	5066	0	16580	0	238	0	5722	0	16668	0	0	0	1632	0	1676	360	7602	0	5850	118	4220	148	11464	0	5122	252	354	0	0	0	204	0	0	0	194	0	0	0	0	0	0	0	0	0	0	0	0	0	0	0	0	0	0	0	0	0	0	0	0	0	0	0	0	0	754	168	9686	0	0	0	0	0	0	0	0	0	1038	0	0	0	0	0	0	0	0	0	0	0	0	0	0	0	0	0	0	0	0	0	0	0	0	0	0	0	0	0	0	0	0	0	
91564	Frontal_Sup_Orb_R	0	0	0	6560	0	0	0	932	0	5488	0	0	0	1494	0	4880	0	0	0	0	0	680	0	5796	108	7494	0	6802	0	1438	0	2792	0	0	0	0	0	0	0	0	0	0	0	0	0	0	0	0	0	0	0	0	0	0	0	0	0	0	0	0	0	0	0	0	0	0	0	0	0	0	0	824	0	494	0	0	0	0	0	0	0	0	0	0	0	0	0	0	0	0	0	0	0	0	0	0	0	0	0	0	0	0	0	0	0	0	0	0	0	0	0	0	0	0	0	0	
576020	Frontal_Mid_L	27902	106	75540	7232	5066	0	0	2946	4938	0	10938	0	35054	0	9200	0	1314	0	15386	7558	0	0	24068	1640	0	0	0	0	17256	0	11398	2372	6484	4196	0	0	730	0	0	0	0	0	0	0	0	0	92	0	0	0	0	0	0	0	0	0	976	0	0	0	410	0	0	0	0	0	0	0	162	0	9058	630	2842	80	274	0	1138	160	192	0	584	0	88	0	0	0	0	0	0	0	0	0	0	0	0	0	0	0	0	0	0	0	0	0	0	0	0	0	0	0	0	0	0	0	0	0	
253884	Frontal_Mid_R	1498	10874	3684	32432	0	932	2946	0	0	1510	608	6556	244	16548	0	3424	152	378	3750	1966	0	0	462	4664	0	162	0	0	564	5036	906	6014	180	834	0	112	172	1718	0	530	0	0	0	0	0	0	0	0	0	0	0	0	0	0	0	216	134	1866	0	0	0	128	0	150	0	0	0	0	124	0	5346	3660	108	1200	0	358	0	4574	0	0	88	0	0	134	0	0	0	0	0	0	0	0	0	0	0	0	0	0	0	0	0	0	0	0	0	0	0	0	0	0	0	0	0	0	0	0	
110208	Frontal_Mid_Orb_L	0	0	3474	0	16580	0	4938	0	0	0	0	0	3004	0	14790	0	0	0	0	0	462	226	416	0	1636	0	2056	88	2428	0	1130	140	0	0	0	0	0	0	0	0	0	0	0	0	0	0	0	0	0	0	0	0	0	0	0	0	0	0	0	0	0	0	0	0	0	0	0	0	0	0	450	120	2700	0	0	0	0	0	0	0	0	0	466	0	0	0	0	0	0	0	0	0	0	0	0	0	0	0	0	0	0	0	0	0	0	0	0	0	0	0	0	0	0	0	0	0	
32492	Frontal_Mid_Orb_R	0	0	0	976	0	5488	0	1510	0	0	0	0	0	460	0	5384	0	0	0	0	0	0	0	104	0	668	0	1536	0	0	0	120	0	0	0	0	0	0	0	0	0	0	0	0	0	0	0	0	0	0	0	0	0	0	0	0	0	0	0	0	0	0	0	0	0	0	0	0	0	0	0	0	0	0	0	0	0	0	0	0	0	0	0	0	0	0	0	0	0	0	0	0	0	0	0	0	0	0	0	0	0	0	0	0	0	0	0	0	0	0	0	0	0	0	0	0	
195528	Frontal_Inf_Oper_L	14008	0	5496	1608	238	0	10938	608	0	0	0	0	16858	0	110	0	10226	106	1806	932	0	0	272	0	0	0	0	0	12700	148	3486	964	118	232	0	0	396	0	0	0	0	0	0	0	0	0	0	0	0	0	0	0	0	0	0	0	6006	0	0	0	356	0	212	0	0	0	0	0	200	0	2660	940	1104	294	0	0	84	0	966	0	2704	0	780	0	208	0	0	0	0	0	0	0	0	0	0	0	0	0	0	0	0	0	0	0	0	0	0	0	0	0	0	0	0	0	0	0	
144740	Frontal_Inf_Oper_R	0	6732	138	3912	0	0	0	6556	0	0	0	0	0	3176	0	102	0	6686	234	1190	0	0	100	810	0	0	0	0	0	14938	466	7654	0	174	0	108	120	2126	0	700	0	0	0	0	0	0	0	0	0	0	0	0	0	0	0	598	0	3304	0	0	0	168	0	262	0	0	0	0	0	0	192	2746	0	6844	0	490	0	620	0	102	0	156	0	966	0	0	0	0	0	0	0	0	0	0	0	0	0	0	0	0	0	0	0	0	0	0	0	0	0	0	0	0	0	0	0	0	
245228	Frontal_Inf_Tri_L	2698	0	18112	822	5722	0	35054	244	3004	0	16858	0	0	0	10892	0	1362	0	1354	534	0	0	1484	0	0	0	0	0	18268	0	2884	178	534	86	0	0	88	0	0	0	0	0	0	0	0	0	0	0	0	0	0	0	0	0	0	0	124	0	0	0	0	0	0	0	0	0	0	0	0	0	944	148	402	0	0	0	0	0	0	0	230	0	588	0	0	0	0	0	0	0	0	0	0	0	0	0	0	0	0	0	0	0	0	0	0	0	0	0	0	0	0	0	0	0	0	0	
141488	Frontal_Inf_Tri_R	0	92	0	10972	0	1494	0	16548	0	460	0	3176	0	0	0	5720	0	322	0	176	0	0	240	7062	0	354	0	192	0	10938	564	10366	0	576	0	0	0	0	0	0	0	0	0	0	0	0	0	0	0	0	0	0	0	0	0	0	0	0	0	0	0	0	0	0	0	0	0	0	0	0	0	1144	0	348	0	0	0	0	0	0	0	0	0	0	0	0	0	0	0	0	0	0	0	0	0	0	0	0	0	0	0	0	0	0	0	0	0	0	0	0	0	0	0	0	0	0	
169772	Frontal_Inf_Orb_L	0	0	11326	0	16668	0	9200	0	14790	0	110	0	10892	0	0	0	0	0	782	0	1252	0	1258	0	0	0	188	0	11272	0	220	0	162	0	0	0	398	0	238	0	0	0	0	0	0	0	0	0	0	0	0	0	0	0	288	0	0	0	0	0	0	0	0	0	0	0	0	0	0	0	0	0	2984	0	0	0	0	0	0	0	222	0	2374	0	0	0	0	0	262	0	0	0	0	0	0	0	0	0	0	0	0	0	0	0	0	0	0	0	0	0	0	0	0	0	0	0	
82360	Frontal_Inf_Orb_R	0	0	0	5558	0	4880	0	3424	0	5384	0	102	0	5720	0	0	0	0	0	0	0	320	0	3896	0	2642	0	1074	0	3308	0	2490	0	148	0	0	0	0	0	0	0	278	0	0	0	0	0	0	0	0	0	0	0	0	0	438	0	0	0	0	0	0	0	0	0	0	0	0	0	0	0	144	0	226	0	0	0	0	0	0	0	0	0	856	0	120	0	0	0	172	0	0	0	0	0	0	0	0	0	0	0	0	0	0	0	0	0	0	0	0	0	0	0	0	0	0	
172452	Rolandic_Oper_L	9452	0	4696	414	0	0	1314	152	0	0	10226	0	1362	0	0	0	0	0	3808	278	0	0	0	0	0	0	0	0	15344	0	392	556	0	120	0	0	566	0	0	0	0	0	0	0	0	0	0	0	0	0	358	0	1058	0	1028	0	8728	0	364	0	1460	0	2912	0	200	0	110	0	110	0	744	400	928	184	0	0	0	0	5454	0	8406	0	764	0	2644	0	0	0	1694	0	0	0	0	0	0	0	0	0	0	0	0	0	0	0	0	0	0	0	0	0	0	0	0	0	0	0	
106584	Rolandic_Oper_R	0	1602	192	2246	0	0	0	378	0	0	106	6686	0	322	0	0	0	0	202	1110	0	0	0	274	0	0	0	0	0	12168	0	1430	0	0	0	0	0	1524	0	634	0	0	0	0	0	96	0	0	0	144	0	0	0	0	0	586	0	5924	0	352	0	280	0	1722	0	0	0	130	0	0	270	1990	0	5606	0	372	0	94	0	1856	0	2918	0	1286	0	486	0	0	0	306	0	0	0	0	0	0	0	0	0	0	0	0	0	0	0	0	0	0	0	0	0	0	0	0	0	0	
621688	Supp_Motor_Area_L	11168	4074	61448	17838	1632	0	15386	3750	0	0	1806	234	1354	0	782	0	3808	202	0	36212	0	0	15210	3786	0	0	0	0	15542	192	14290	7702	14644	16758	196	172	3758	0	78	0	0	0	0	0	0	0	0	0	0	0	0	0	0	0	510	0	4268	0	0	0	1072	0	1984	0	0	0	144	0	5958	298	11172	586	20312	154	5628	0	1398	490	718	0	2738	0	124	0	406	0	0	0	862	0	0	0	0	0	0	0	0	0	0	0	0	0	0	0	0	0	0	0	0	0	0	0	0	0	0	0	
536436	Supp_Motor_Area_R	14892	9544	12188	47534	0	0	7558	1966	0	0	932	1190	534	176	0	0	278	1110	36212	0	0	0	1352	6844	0	0	0	0	1660	768	2090	13202	9188	42926	1710	4620	0	638	0	312	0	0	100	0	138	0	0	0	0	0	0	0	0	0	0	210	92	176	0	0	0	0	0	0	0	0	198	356	12494	13518	6186	9468	82	2898	0	1040	0	1368	0	118	162	0	0	0	0	0	0	0	0	0	0	0	0	0	0	0	0	94	0	96	0	0	0	0	0	0	0	0	0	0	0	0	0	0	0	0	
69504	Olfactory_L	0	0	0	0	1676	0	0	0	462	0	0	0	0	0	1252	0	0	0	0	0	0	4006	212	132	138	662	954	796	2832	108	2692	2280	0	0	0	0	1018	0	1034	0	750	0	0	0	0	0	0	0	0	0	0	0	0	0	608	0	0	0	0	0	0	0	0	0	0	0	0	0	0	0	4732	2940	2832	670	156	0	0	0	0	0	394	0	912	0	0	0	0	0	504	0	0	0	0	0	0	0	0	0	0	0	0	0	0	0	0	0	0	0	0	0	0	0	0	0	0	0	
69692	Olfactory_R	0	0	0	272	360	680	0	0	226	0	0	0	0	0	0	320	0	0	0	0	4006	0	178	1610	90	2866	714	2328	0	2240	1562	2468	0	0	0	0	0	0	0	0	0	644	0	0	0	0	0	0	0	0	0	0	0	0	0	0	0	0	0	0	0	0	0	0	0	0	0	0	0	0	4484	4658	2666	1428	662	0	0	0	0	0	0	0	0	266	0	118	0	0	0	0	0	0	0	0	0	0	0	0	0	0	0	0	0	0	0	0	0	0	0	0	0	0	0	0	0	0	
444436	Frontal_Sup_Medial_L	562	0	55790	7652	7602	0	24068	462	416	0	272	100	1484	240	1258	0	0	0	15210	1352	212	178	0	22526	3770	460	740	106	3714	160	32628	11224	12332	9586	0	0	0	0	0	0	0	0	0	0	0	0	0	0	0	0	0	0	0	0	0	0	0	0	0	0	0	0	0	0	0	0	0	0	0	0	550	136	7428	0	0	0	0	0	0	0	0	0	0	0	0	0	0	0	0	0	0	0	0	0	0	0	0	0	0	0	0	0	0	0	0	0	0	0	0	0	0	0	0	0	0	0	
399352	Frontal_Sup_Medial_R	0	0	5752	39456	0	5796	1640	4664	0	104	0	810	0	7062	0	3896	0	274	3786	6844	132	1610	22526	0	340	9464	0	1862	196	8126	9132	38124	1758	21728	0	0	0	0	0	0	0	286	0	0	0	0	0	0	0	0	0	0	0	0	0	0	0	0	0	0	0	0	0	0	0	0	0	0	0	0	130	954	150	2938	0	0	0	0	0	0	0	0	0	136	0	0	0	0	0	0	0	0	0	0	0	0	0	0	0	0	0	0	0	0	0	0	0	0	0	0	0	0	0	0	0	0	
42136	Frontal_Med_Orb_L	0	0	1854	0	5850	108	0	0	1636	0	0	0	0	0	0	0	0	0	0	0	138	90	3770	340	0	974	2158	170	0	0	3298	176	0	0	0	0	0	0	0	0	0	0	0	0	0	0	0	0	0	0	0	0	0	0	0	0	0	0	0	0	0	0	0	0	0	0	0	0	0	0	238	0	268	0	0	0	0	0	0	0	0	0	0	0	0	0	0	0	0	0	0	0	0	0	0	0	0	0	0	0	0	0	0	0	0	0	0	0	0	0	0	0	0	0	0	0	
106980	Frontal_Med_Orb_R	0	0	0	3728	118	7494	0	162	0	668	0	0	0	354	0	2642	0	0	0	0	662	2866	460	9464	974	0	324	7046	0	3822	820	5020	0	82	0	0	0	0	0	0	0	376	0	0	0	0	0	0	0	0	0	0	0	0	0	0	0	0	0	0	0	0	0	0	0	0	0	0	0	0	462	2280	220	3446	0	0	0	0	0	0	0	0	0	0	0	0	0	0	0	0	0	0	0	0	0	0	0	0	0	0	0	0	0	0	0	0	0	0	0	0	0	0	0	0	0	0	
34312	Rectus_L	0	0	104	0	4220	0	0	0	2056	0	0	0	0	0	188	0	0	0	0	0	954	714	740	0	2158	324	0	428	0	0	2008	332	0	0	0	0	0	0	0	0	0	0	0	0	0	0	0	0	0	0	0	0	0	0	0	0	0	0	0	0	0	0	0	0	0	0	0	0	0	0	1470	270	1190	0	0	0	0	0	0	0	0	0	0	0	0	0	0	0	0	0	0	0	0	0	0	0	0	0	0	0	0	0	0	0	0	0	0	0	0	0	0	0	0	0	0	0	
61724	Rectus_R	0	0	0	1020	148	6802	0	0	88	1536	0	0	0	192	0	1074	0	0	0	0	796	2328	106	1862	170	7046	428	0	0	650	272	2144	0	0	0	0	0	0	0	0	0	0	0	0	0	0	0	0	0	0	0	0	0	0	0	0	0	0	0	0	0	0	0	0	0	0	0	0	0	0	748	2146	378	928	0	0	0	0	0	0	0	0	0	0	0	0	0	0	0	0	0	0	0	0	0	0	0	0	0	0	0	0	0	0	0	0	0	0	0	0	0	0	0	0	0	0	
534728	Insula_L	15644	0	29108	1806	11464	0	17256	564	2428	0	12700	0	18268	0	11272	0	15344	0	15542	1660	2832	0	3714	196	0	0	0	0	0	0	3982	802	616	596	0	0	13870	0	2814	0	3794	0	162	0	0	0	0	0	0	0	576	0	1840	0	5476	0	9920	0	964	0	3242	0	1510	0	164	0	204	0	206	0	2172	378	23116	142	0	0	248	126	8654	0	10146	0	3162	0	2946	0	444	0	5294	0	0	0	0	0	0	0	0	0	0	0	0	0	0	0	0	0	0	0	0	0	0	0	0	0	0	0	
315136	Insula_R	88	4460	178	7318	0	1438	0	5036	0	0	148	14938	0	10938	0	3308	0	12168	192	768	108	2240	160	8126	0	3822	0	650	0	0	584	15498	0	262	252	338	264	6640	156	1936	0	1452	0	0	0	168	0	92	0	186	0	0	0	84	0	3654	0	4162	0	436	0	134	0	180	0	0	150	294	0	0	418	3822	0	19880	0	280	0	582	0	1838	0	6140	0	5096	0	4548	0	0	0	1828	0	0	0	0	0	0	0	0	0	130	0	0	0	0	0	0	0	0	0	0	0	0	0	0	0	0	
389472	Cingulum_Ant_L	2402	0	28630	3566	5122	0	11398	906	1130	0	3486	466	2884	564	220	0	392	0	14290	2090	2692	1562	32628	9132	3298	820	2008	272	3982	584	0	15498	18036	4882	0	0	0	0	0	0	0	0	0	0	0	0	0	0	0	0	0	0	0	0	0	0	0	0	0	0	0	0	0	0	0	0	0	0	0	0	5828	2646	12316	796	0	0	0	0	100	0	110	0	0	0	0	0	0	0	0	0	0	0	0	0	0	0	0	0	0	0	0	0	0	0	0	0	0	0	0	0	0	0	0	0	0	0	
506972	Cingulum_Ant_R	1312	274	5642	32056	252	2792	2372	6014	140	120	964	7654	178	10366	0	2490	556	1430	7702	13202	2280	2468	11224	38124	176	5020	332	2144	802	15498	15498	0	4530	26982	268	174	0	512	0	172	0	0	0	0	0	0	0	0	0	0	0	0	0	0	0	0	116	260	0	0	0	0	0	0	0	0	0	0	0	134	3018	13528	1608	11746	0	168	0	586	0	0	176	0	0	426	0	0	0	0	0	0	0	0	0	0	0	0	0	0	0	0	0	0	0	0	0	0	0	0	0	0	0	0	0	0	0	0	
253816	Cingulum_Mid_L	982	1772	14968	1986	354	0	6484	180	0	0	118	0	534	0	162	0	0	0	14644	9188	0	0	12332	1758	0	0	0	0	616	0	18036	4530	0	14800	4446	934	0	0	0	0	0	0	1250	0	1928	256	96	0	150	226	324	0	0	0	0	0	0	278	112	0	0	0	0	0	0	0	4054	848	5258	2046	306	0	952	0	0	0	0	0	0	0	0	0	0	0	0	0	0	0	0	0	0	0	0	0	0	0	0	0	0	0	0	0	0	0	0	0	0	0	0	0	0	0	0	0	0	0	
476984	Cingulum_Mid_R	9158	6684	7508	15742	0	0	4196	834	0	0	232	174	86	576	0	148	120	0	16758	42926	0	0	9586	21728	0	82	0	0	596	262	4882	26982	14800	0	2426	12544	0	0	0	0	0	0	0	1080	0	1028	0	0	0	172	0	0	0	0	0	0	0	3580	0	90	0	0	0	0	0	0	608	7544	6750	16882	1228	106	0	0	0	0	272	122	0	0	0	0	0	0	0	0	0	0	0	0	0	0	0	0	0	0	0	0	0	0	0	0	0	0	0	0	0	0	0	0	0	0	0	0	0	0	
128796	Cingulum_Post_L	806	2310	0	234	0	0	0	0	0	0	0	0	0	0	0	0	0	0	196	1710	0	0	0	0	0	0	0	0	0	252	0	268	4446	2426	0	7846	5880	3378	2728	1248	0	0	2748	120	1896	86	1816	580	0	0	906	0	378	0	664	342	140	236	0	0	0	0	0	0	0	0	7130	1102	5018	2086	0	0	0	0	0	0	1408	3368	84	90	0	0	0	0	472	0	0	0	0	0	0	0	0	0	0	0	0	0	0	0	0	0	0	0	0	0	0	0	0	0	0	0	0	0	0	0	
176052	Cingulum_Post_R	648	5712	0	288	0	0	0	112	0	0	0	108	0	0	0	0	0	0	172	4620	0	0	0	0	0	0	0	0	0	338	0	174	934	12544	7846	0	3616	6212	1152	3612	0	0	94	2076	0	508	0	2422	0	0	0	0	0	84	200	888	0	3396	0	0	0	0	0	0	0	0	1330	11520	1228	9856	0	0	0	96	0	0	1784	4024	0	128	0	0	0	0	0	0	0	0	0	0	0	0	0	0	0	0	0	0	0	0	0	0	0	0	0	0	0	0	0	0	304	0	0	0	0	0	
272324	Hippocampus_L	10566	1068	900	300	204	0	730	172	0	0	396	120	88	0	398	0	566	0	3758	0	1018	0	0	0	0	0	0	0	13870	264	0	0	0	0	5880	3616	0	3410	19380	1434	7818	0	2562	0	0	0	3770	970	0	0	186	0	370	0	13112	350	2530	0	0	0	510	0	0	0	0	0	4298	218	312	0	94	86	9104	184	392	0	2970	3370	2626	80	1884	0	1076	0	976	0	558	0	6948	0	80	0	0	0	0	0	326	0	0	0	0	0	0	0	0	0	0	0	0	264	0	0	0	0	0	0	
249500	Hippocampus_R	534	4616	0	1992	0	0	0	1718	0	0	0	2126	0	0	0	0	0	1524	0	638	0	0	0	0	0	0	0	0	0	6640	0	512	0	0	3378	6212	3410	0	1102	19974	0	7656	0	1618	0	98	0	5204	0	126	0	86	0	202	194	21488	0	974	0	0	0	0	0	76	0	0	426	4032	0	0	0	264	0	11808	0	282	1462	4986	0	670	0	1686	0	1038	0	462	0	174	0	2798	0	214	0	0	0	154	0	766	0	1008	0	0	0	0	0	0	0	0	0	0	422	0	0	0	0	0	
138020	ParaHippocampal_L	4878	226	0	0	0	0	0	0	0	0	0	0	0	0	238	0	0	0	78	0	1034	0	0	0	0	0	0	0	2814	156	0	0	0	0	2728	1152	19380	1102	0	508	3906	0	1768	0	0	0	3276	540	0	0	124	0	0	0	9616	116	494	0	0	0	162	0	0	0	0	0	2612	0	0	0	340	0	2044	0	0	0	242	790	418	0	336	0	2366	0	436	0	2174	0	1816	0	0	0	0	0	0	0	900	0	112	0	0	0	0	0	0	0	0	0	0	128	0	0	0	0	0	0	
155804	ParaHippocampal_R	238	1214	0	754	0	0	0	530	0	0	0	700	0	0	0	0	0	634	0	312	0	0	0	0	0	0	0	0	0	1936	0	172	0	0	1248	3612	1434	19974	508	0	0	4032	0	1492	0	0	0	5798	0	0	0	0	0	86	106	14372	0	88	0	0	0	0	0	0	0	0	128	3530	0	0	0	96	0	4762	0	270	320	2386	0	0	0	148	0	1672	0	0	0	564	0	346	0	266	0	0	0	356	0	1966	0	1216	0	0	0	0	0	0	0	0	0	0	636	0	0	0	0	0	
50604	Amygdala_L	0	0	0	0	194	0	0	0	0	0	0	0	0	0	0	0	0	0	0	0	750	0	0	0	0	0	0	0	3794	0	0	0	0	0	0	0	7818	0	3906	0	0	0	0	0	0	0	0	0	0	0	0	0	0	0	3566	0	0	0	0	0	0	0	0	0	0	0	0	0	0	0	0	0	1550	0	0	0	0	0	0	0	428	0	1114	0	318	0	638	0	1110	0	0	0	0	0	0	0	116	0	0	0	0	0	0	0	0	0	0	0	0	0	0	0	0	0	0	0	
50840	Amygdala_R	0	0	0	0	0	0	0	0	0	0	0	0	0	0	0	278	0	0	0	0	0	644	0	286	0	376	0	0	0	1452	0	0	0	0	0	0	0	7656	0	4032	0	0	0	0	0	0	0	0	0	0	0	0	0	0	0	7112	0	0	0	0	0	0	0	0	0	0	0	0	0	0	0	0	0	270	0	0	0	0	0	0	0	0	0	2406	0	222	0	294	0	392	0	0	0	0	0	0	0	0	0	0	0	0	0	0	0	0	0	0	0	0	0	0	0	0	0	0	
269612	Calcarine_L	290	0	0	0	0	0	0	0	0	0	0	0	0	0	0	0	0	0	0	100	0	0	0	0	0	0	0	0	162	0	0	0	1250	0	2748	94	2562	0	1768	0	0	0	0	4398	19086	3278	16350	1800	14544	476	23362	96	5522	0	3640	0	4698	0	3220	0	498	0	0	0	144	0	20106	958	776	116	0	0	0	0	0	0	0	0	90	0	76	0	0	0	2146	0	0	0	360	0	0	0	0	0	0	0	0	0	92	0	0	0	0	0	0	0	0	0	0	0	0	0	0	0	0	0	
318944	Calcarine_R	0	404	0	0	0	0	0	0	0	0	0	0	0	0	0	0	0	0	0	0	0	0	0	0	0	0	0	0	0	0	0	0	0	1080	120	2076	0	1618	0	1492	0	0	4398	0	5024	31214	1124	21926	114	18122	0	10620	0	3774	0	4158	0	4514	0	3604	0	0	0	0	0	446	6782	26622	0	3286	0	0	0	0	0	0	0	0	0	0	0	340	0	0	0	4514	0	0	0	1928	0	0	0	0	0	0	0	0	0	0	0	0	0	0	0	0	0	0	0	0	172	0	0	0	0	0	
228252	Cuneus_L	114	82	0	0	0	0	0	0	0	0	0	0	0	0	0	0	0	0	0	138	0	0	0	0	0	0	0	0	0	0	0	0	1928	0	1896	0	0	0	0	0	0	0	19086	5024	0	8164	3076	196	23540	1952	14164	210	1062	0	530	0	554	0	2888	148	268	0	0	0	198	0	25222	988	914	170	0	0	0	0	0	0	0	0	0	0	0	0	0	0	1030	0	0	0	584	0	0	0	0	0	0	0	0	0	0	0	0	0	0	0	0	0	0	0	0	0	0	0	0	0	0	0	
383544	Cuneus_R	0	1254	0	0	0	0	0	0	0	0	0	0	0	0	0	0	0	96	0	0	0	0	0	0	0	0	0	0	0	168	0	0	256	1028	86	508	0	98	0	0	0	0	3278	31214	8164	0	508	4344	0	43566	0	15148	0	1194	0	1210	0	6228	0	7392	0	530	0	460	0	2978	9662	35612	0	3888	0	0	0	0	0	0	0	0	0	108	0	952	0	0	0	7262	0	0	0	4580	0	0	0	0	0	0	0	0	0	0	0	0	0	0	0	0	0	0	0	0	0	0	0	0	0	0	
222956	Lingual_L	266	0	0	0	0	0	92	0	0	0	0	0	0	0	0	0	0	0	0	0	0	0	0	0	0	0	0	0	0	0	0	0	96	0	1816	0	3770	0	3276	0	0	0	16350	1124	3076	508	0	3334	4130	134	13040	0	4454	0	12224	134	180	0	268	0	0	0	0	0	0	0	7094	194	88	0	0	0	0	0	0	0	286	108	0	0	0	0	0	0	196	0	0	0	0	0	7592	186	0	0	0	0	9782	0	12084	384	0	0	0	0	0	0	0	0	0	0	2418	2624	170	0	0	0	
268400	Lingual_R	194	530	0	0	0	0	0	0	0	0	0	0	0	0	0	0	0	0	0	0	0	0	0	0	0	0	0	0	0	92	0	0	0	0	580	2422	970	5204	540	5798	0	0	1800	21926	196	4344	3334	0	78	4816	118	4582	164	2912	2106	12664	0	76	0	0	0	0	0	0	0	0	674	6856	0	0	0	0	80	180	0	0	190	1344	0	0	0	0	0	0	0	2196	0	0	0	338	5322	4882	278	296	260	336	588	4334	8418	7180	0	0	0	0	0	0	0	0	0	132	4180	10372	318	0	0	0	
227756	Occipital_Sup_L	96	0	0	0	0	0	0	0	0	0	0	0	0	0	0	0	0	0	0	0	0	0	0	0	0	0	0	0	0	0	0	0	150	0	0	0	0	0	0	0	0	0	14544	114	23540	0	4130	78	0	0	31868	0	1694	0	1328	0	890	0	10764	0	2244	0	0	0	1752	0	18878	122	0	0	0	0	0	0	0	0	0	0	0	0	0	0	0	0	1006	0	0	0	680	0	0	0	0	0	0	0	0	0	0	0	0	0	0	0	0	0	0	0	0	0	0	0	0	0	0	0	
382016	Occipital_Sup_R	0	1762	0	0	0	0	0	0	0	0	0	0	0	0	0	0	0	144	0	0	0	0	0	0	0	0	0	0	0	186	0	0	226	172	0	0	0	126	0	0	0	0	476	18122	1952	43566	134	4816	0	0	0	30118	0	2134	0	1680	0	5320	0	13510	0	2030	0	1014	0	7800	3230	29978	0	2428	0	0	0	0	0	0	0	0	0	132	0	992	0	0	0	11398	0	0	0	7562	0	0	0	0	0	0	0	0	0	0	0	0	0	0	0	0	0	0	0	0	0	0	0	0	0	0	
439132	Occipital_Mid_L	280	0	0	0	0	0	0	0	0	0	0	0	0	0	0	0	358	0	0	0	0	0	0	0	0	0	0	0	576	0	0	0	324	0	906	0	186	0	124	0	0	0	23362	0	14164	0	13040	118	31868	0	0	0	19870	0	11192	0	5646	0	18212	0	12244	0	218	0	14296	0	22788	0	1612	0	0	0	0	0	0	0	0	0	254	0	948	0	0	0	21324	0	0	0	5326	0	0	0	0	0	0	0	0	0	214	0	0	0	0	0	0	0	0	0	0	0	0	116	0	0	0	0	
266960	Occipital_Mid_R	0	726	0	0	0	0	0	0	0	0	0	0	0	0	0	0	0	0	0	0	0	0	0	0	0	0	0	0	0	0	0	0	0	0	0	0	0	86	0	0	0	0	96	10620	210	15148	0	4582	0	30118	0	0	0	5378	0	2036	0	1630	0	3866	0	3210	0	1116	0	15590	834	10462	0	910	0	0	0	0	0	0	0	0	0	0	0	844	0	0	0	19926	0	0	0	6092	0	0	0	0	0	0	0	0	0	0	0	0	0	0	0	0	0	0	0	0	0	0	0	0	0	0	
152204	Occipital_Inf_L	836	0	0	0	0	0	0	0	0	0	0	0	0	0	0	0	1058	0	0	0	0	0	0	0	0	0	0	0	1840	0	0	0	0	0	378	0	370	0	0	0	0	0	5522	0	1062	0	4454	164	1694	0	19870	0	0	0	15962	0	2152	0	530	0	486	0	196	0	78	0	3812	0	1636	0	0	0	0	0	0	0	0	0	2388	0	456	0	0	0	5304	0	0	0	4716	0	0	0	0	0	0	0	172	0	522	0	0	0	0	0	0	0	0	0	0	0	124	320	0	0	0	0	
66744	Occipital_Inf_R	0	652	0	0	0	0	0	0	0	0	0	0	0	0	0	0	0	0	0	0	0	0	0	0	0	0	0	0	0	84	0	0	0	0	0	84	0	202	0	86	0	0	0	3774	0	1194	0	2912	0	2134	0	5378	0	0	0	4832	0	736	0	162	0	102	0	0	0	94	116	2204	0	374	0	0	0	0	0	0	0	130	0	0	0	116	0	0	0	3292	0	0	0	4714	0	0	0	0	0	0	0	0	0	0	0	0	0	0	0	0	0	0	0	0	0	0	0	0	0	0	
404160	Fusiform_L	1988	0	0	0	0	0	0	0	0	0	0	0	0	0	288	0	1028	0	510	0	608	0	0	0	0	0	0	0	5476	0	0	0	0	0	664	200	13112	194	9616	106	3566	0	3640	0	530	0	12224	2106	1328	0	11192	0	15962	0	0	0	1924	0	908	0	752	0	282	0	830	0	3584	0	630	0	0	0	1764	0	0	0	0	180	2532	0	2056	0	4218	0	5908	0	4244	0	20750	0	20892	150	1158	0	426	0	12408	0	25514	212	542	0	534	0	0	0	0	0	0	0	2480	2678	186	0	0	0	
329440	Fusiform_R	88	1110	0	394	0	0	0	216	0	0	0	598	0	0	0	438	0	586	0	210	0	0	0	0	0	0	0	0	0	3654	0	0	0	0	342	888	350	21488	116	14372	0	7112	0	4158	0	1210	134	12664	0	1680	0	2036	0	4832	0	0	0	686	0	0	0	76	0	0	0	0	138	2694	0	266	0	0	0	5042	0	232	92	822	0	118	0	1848	0	6346	0	3738	0	2288	0	12490	550	13352	0	566	206	1002	322	8112	1700	17458	0	0	0	116	82	0	0	0	0	0	2280	3332	90	0	0	0	
348144	Postcentral_L	42174	0	3190	204	0	0	976	134	0	0	6006	0	124	0	0	0	8728	0	4268	92	0	0	0	0	0	0	0	0	9920	0	0	116	0	0	140	0	2530	0	494	0	0	0	4698	0	554	0	180	0	890	0	5646	0	2152	0	1924	0	0	0	11448	0	25408	0	12838	0	2320	0	4368	0	2454	0	372	90	2502	0	228	0	174	206	4176	0	5678	0	0	0	3720	0	0	0	2950	0	0	0	0	0	0	0	0	0	0	0	0	0	0	0	0	0	0	0	0	0	0	0	0	0	0	0	
268288	Postcentral_R	0	24826	0	978	0	0	0	1866	0	0	0	3304	0	0	0	0	0	5924	0	176	0	0	0	0	0	0	0	0	0	4162	0	260	278	3580	236	3396	0	974	0	88	0	0	0	4514	0	6228	0	76	0	5320	0	1630	0	736	0	686	0	0	0	8606	0	5806	0	12648	0	296	158	14206	102	11690	0	316	0	544	0	0	0	158	0	856	0	2812	0	0	0	3440	0	0	0	3268	0	0	0	0	0	0	0	0	0	0	0	0	0	0	0	0	0	0	0	0	0	0	0	0	0	0	
168764	Parietal_Sup_L	276	0	0	0	0	0	0	0	0	0	0	0	0	0	0	0	364	0	0	0	0	0	0	0	0	0	0	0	964	0	0	0	112	0	0	0	0	0	0	0	0	0	3220	0	2888	0	268	0	10764	0	18212	0	530	0	908	0	11448	0	0	0	10404	0	360	0	4792	0	12622	0	0	0	0	0	0	0	0	0	0	0	0	0	792	0	0	0	2224	0	0	0	3234	0	0	0	0	0	0	0	0	0	0	0	0	0	0	0	0	0	0	0	0	0	0	0	0	0	0	0	
123416	Parietal_Sup_R	0	426	0	0	0	0	0	0	0	0	0	0	0	0	0	0	0	352	0	0	0	0	0	0	0	0	0	0	0	436	0	0	0	90	0	0	0	0	0	0	0	0	0	3604	148	7392	0	0	0	13510	0	3866	0	162	0	0	0	8606	0	0	0	2054	0	1094	0	2000	176	12930	0	1044	0	0	0	0	0	0	0	0	0	0	0	734	0	0	0	1838	0	0	0	1246	0	0	0	0	0	0	0	0	0	0	0	0	0	0	0	0	0	0	0	0	0	0	0	0	0	0	
238268	Parietal_Inf_L	10054	0	526	0	0	0	410	0	0	0	356	0	0	0	0	0	1460	0	1072	0	0	0	0	0	0	0	0	0	3242	0	0	0	0	0	0	0	510	0	162	0	0	0	498	0	268	0	0	0	2244	0	12244	0	486	0	752	0	25408	0	10404	0	0	0	16270	0	15400	0	972	0	0	0	0	0	776	0	0	0	0	0	266	0	5178	0	0	0	6784	0	0	0	3392	0	0	0	0	0	0	0	0	0	0	0	0	0	0	0	0	0	0	0	0	0	0	0	0	0	0	0	
77512	Parietal_Inf_R	0	1124	0	0	0	0	0	128	0	0	0	168	0	0	0	0	0	280	0	0	0	0	0	0	0	0	0	0	0	134	0	0	0	0	0	0	0	0	0	0	0	0	0	0	0	530	0	0	0	2030	0	3210	0	102	0	76	0	5806	0	2054	0	0	0	8886	0	10030	0	414	0	0	0	0	0	0	0	0	0	0	0	106	0	494	0	0	0	2152	0	0	0	1032	0	0	0	0	0	0	0	0	0	0	0	0	0	0	0	0	0	0	0	0	0	0	0	0	0	0	
128348	SupraMarginal_L	4476	0	1368	0	0	0	0	0	0	0	212	0	0	0	0	0	2912	0	1984	0	0	0	0	0	0	0	0	0	1510	0	0	0	0	0	0	0	0	0	0	0	0	0	0	0	0	0	0	0	0	0	218	0	196	0	282	0	12838	0	360	0	16270	0	0	0	4724	0	80	0	0	0	0	0	0	0	0	0	0	0	234	0	8732	0	0	0	5794	0	0	0	1984	0	0	0	0	0	0	0	0	0	0	0	0	0	0	0	0	0	0	0	0	0	0	0	0	0	0	0	
82004	SupraMarginal_R	0	1834	0	0	0	0	0	150	0	0	0	262	0	0	0	0	0	1722	0	0	0	0	0	0	0	0	0	0	0	180	0	0	0	0	0	0	0	76	0	0	0	0	0	0	0	460	0	0	0	1014	0	1116	0	0	0	0	0	12648	0	1094	0	8886	0	0	0	5124	0	440	0	0	0	0	0	0	0	0	0	0	0	130	0	3200	0	0	0	2314	0	0	0	352	0	0	0	0	0	0	0	0	0	0	0	0	0	0	0	0	0	0	0	0	0	0	0	0	0	0	
124412	Angular_L	88	0	0	0	0	0	0	0	0	0	0	0	0	0	0	0	200	0	0	0	0	0	0	0	0	0	0	0	164	0	0	0	0	0	0	0	0	0	0	0	0	0	144	0	198	0	0	0	1752	0	14296	0	78	0	830	0	2320	0	4792	0	15400	0	4724	0	0	0	660	0	0	0	0	0	0	0	0	0	0	0	0	0	3130	0	0	0	8866	0	0	0	4564	0	0	0	0	0	0	0	0	0	0	0	0	0	0	0	0	0	0	0	0	0	0	0	0	0	0	0	
124564	Angular_R	0	0	0	0	0	0	0	0	0	0	0	0	0	0	0	0	0	0	0	0	0	0	0	0	0	0	0	0	0	0	0	0	0	0	0	0	0	0	0	0	0	0	0	446	0	2978	0	0	0	7800	0	15590	0	94	0	0	0	296	0	2000	0	10030	0	5124	0	0	170	2760	0	0	0	0	0	0	0	0	0	0	0	0	0	2540	0	0	0	11350	0	0	0	1104	0	0	0	0	0	0	0	0	0	0	0	0	0	0	0	0	0	0	0	0	0	0	0	0	0	0	
356840	Precuneus_L	238	254	0	0	0	0	0	0	0	0	0	0	0	0	0	0	110	0	144	198	0	0	0	0	0	0	0	0	204	150	0	0	4054	608	7130	1330	4298	426	2612	128	0	0	20106	6782	25222	9662	7094	674	18878	3230	22788	834	3812	116	3584	138	4368	158	12622	176	972	0	80	0	660	170	0	6124	2426	848	0	0	0	0	0	0	0	0	92	0	200	0	0	0	2314	246	0	0	2008	152	0	0	0	0	0	0	0	0	0	0	0	0	0	0	0	0	0	0	0	0	0	0	0	0	0	0	
428720	Precuneus_R	0	5042	0	0	0	0	0	0	0	0	0	0	0	0	0	0	0	130	0	356	0	0	0	0	0	0	0	0	0	294	0	0	848	7544	1102	11520	218	4032	0	3530	0	0	958	26622	988	35612	194	6856	122	29978	0	10462	0	2204	0	2694	0	14206	0	12930	0	414	0	440	0	2760	6124	0	220	12576	0	0	0	118	0	0	100	434	0	182	0	1584	0	0	0	6076	0	0	0	4450	0	0	0	0	0	0	0	0	0	0	0	0	0	0	0	0	0	0	0	0	440	0	0	0	0	0	
155456	Paracentral_Lobule_L	9998	4608	990	1562	0	0	162	124	0	0	200	0	0	0	0	0	110	0	5958	12494	0	0	0	0	0	0	0	0	206	0	0	0	5258	6750	5018	1228	312	0	0	0	0	0	776	0	914	0	88	0	0	0	1612	0	1636	0	630	0	2454	102	0	0	0	0	0	0	0	0	2426	220	0	7740	492	0	232	0	800	0	1546	0	0	0	84	0	0	0	508	0	0	0	490	0	0	0	0	0	0	0	0	0	0	0	0	0	0	0	0	0	0	0	0	0	0	0	0	0	0	0	
215492	Paracentral_Lobule_R	1592	14452	0	0	0	0	0	0	0	0	0	0	0	0	0	0	0	0	298	13518	0	0	0	0	0	0	0	0	0	0	0	134	2046	16882	2086	9856	0	0	0	0	0	0	116	3286	170	3888	0	0	0	2428	0	910	0	374	0	266	0	11690	0	1044	0	0	0	0	0	0	848	12576	7740	0	298	84	0	0	0	0	648	120	0	0	0	0	0	0	0	146	0	0	0	250	0	0	0	0	0	0	0	0	0	0	0	0	0	0	0	0	0	0	0	0	0	0	0	0	0	0	
254536	Caudate_L	7504	570	9070	9366	754	0	9058	5346	450	0	2660	192	944	0	0	0	744	270	11172	6186	4732	4484	550	130	238	462	1470	748	2172	418	5828	3018	306	1228	0	0	94	0	340	0	0	0	0	0	0	0	0	0	0	0	0	0	0	0	0	0	372	0	0	0	0	0	0	0	0	0	0	0	492	298	0	9376	8956	2460	2010	106	10386	1968	0	0	340	0	0	0	0	0	0	0	0	0	0	0	0	0	0	0	0	0	0	0	0	0	0	0	0	0	0	0	0	0	0	0	0	0	0	0	
255024	Caudate_R	696	9828	540	15216	168	824	630	3660	120	0	940	2746	148	1144	0	144	400	1990	586	9468	2940	4658	136	954	0	2280	270	2146	378	3822	2646	13528	0	106	0	0	86	264	0	96	0	0	0	0	0	0	0	0	0	0	0	0	0	0	0	0	90	316	0	0	0	0	0	0	0	0	0	0	0	84	9376	0	3260	11338	806	1182	1760	15658	0	0	0	0	0	84	0	0	0	0	0	0	0	0	0	0	0	0	0	0	0	0	0	0	0	0	0	0	0	0	0	0	0	0	0	0	0	0	
316816	Putamen_L	5802	0	15600	240	9686	0	2842	108	2700	0	1104	0	402	0	2984	0	928	0	20312	82	2832	2666	7428	150	268	220	1190	378	23116	0	12316	1608	952	0	0	0	9104	0	2044	0	1550	0	0	0	0	0	0	80	0	0	0	0	0	0	1764	0	2502	0	0	0	776	0	0	0	0	0	0	0	232	0	8956	3260	0	1208	6150	0	976	338	126	0	978	0	674	0	232	0	0	0	1544	0	0	0	0	0	0	0	0	0	0	0	0	0	0	0	0	0	0	0	0	0	0	0	0	0	0	0	
227908	Putamen_R	176	2404	112	5136	0	494	80	1200	0	0	294	6844	0	348	0	226	184	5606	154	2898	670	1428	0	2938	0	3446	0	928	142	19880	796	11746	0	0	0	96	184	11808	0	4762	0	270	0	0	0	0	0	180	0	0	0	0	0	0	0	5042	0	544	0	0	0	0	0	0	0	0	0	118	0	0	2460	11338	1208	0	382	2132	0	534	0	374	0	970	0	906	0	658	0	0	0	804	0	0	0	0	0	150	0	368	0	536	0	0	0	0	0	0	0	0	0	0	0	0	0	0	0	0	
45252	Pallidum_L	1408	0	1750	0	0	0	274	0	0	0	0	0	0	0	0	0	0	0	5628	0	156	662	0	0	0	0	0	0	0	0	0	0	0	0	0	0	392	0	0	0	0	0	0	0	0	0	0	0	0	0	0	0	0	0	0	0	228	0	0	0	0	0	0	0	0	0	0	0	800	0	2010	806	6150	382	0	0	1980	0	0	0	0	0	0	0	0	0	0	0	0	0	0	0	0	0	0	0	0	0	0	0	0	0	0	0	0	0	0	0	0	0	0	0	0	0	0	0	
17528	Pallidum_R	0	428	0	1424	0	0	0	358	0	0	0	490	0	0	0	0	0	372	0	1040	0	0	0	0	0	0	0	0	0	280	0	168	0	0	0	0	0	282	0	270	0	0	0	0	0	0	0	0	0	0	0	0	0	0	0	232	0	0	0	0	0	0	0	0	0	0	0	0	0	0	106	1182	0	2132	0	0	0	0	0	0	0	0	0	0	0	0	0	0	0	0	0	0	0	0	0	0	0	0	0	0	0	0	0	0	0	0	0	0	0	0	0	0	0	0	0	0	
105172	Thalamus_L	10394	1332	720	566	0	0	1138	0	0	0	84	0	0	0	0	0	0	0	1398	0	0	0	0	0	0	0	0	0	248	0	0	0	0	272	1408	1784	2970	1462	242	320	0	0	0	0	0	0	286	190	0	0	0	0	0	0	0	92	174	0	0	0	0	0	0	0	0	0	0	100	1546	648	10386	1760	976	0	1980	0	0	10110	0	0	0	0	0	0	0	0	0	0	0	0	0	0	0	0	0	0	0	0	0	0	0	0	0	0	0	0	0	0	0	0	0	0	0	0	0	0	
177580	Thalamus_R	936	17034	466	10200	0	0	160	4574	0	0	0	620	0	0	0	0	0	94	490	1368	0	0	0	0	0	0	0	0	126	582	0	586	0	122	3368	4024	3370	4986	790	2386	0	0	0	0	0	0	108	1344	0	0	0	0	0	130	180	822	206	158	0	0	0	0	0	0	0	0	0	434	0	120	1968	15658	338	534	0	0	10110	0	0	0	0	82	0	0	0	124	0	0	0	192	0	0	0	0	0	0	0	0	0	0	0	0	0	0	0	0	0	0	0	0	0	0	0	0	0	0	
87616	Heschl_L	4578	0	448	0	0	0	192	0	0	0	966	0	0	0	0	0	5454	0	718	0	0	0	0	0	0	0	0	0	8654	0	100	0	0	0	84	0	2626	0	418	0	0	0	90	0	0	0	0	0	0	0	254	0	2388	0	2532	0	4176	0	0	0	266	0	234	0	0	0	92	0	0	0	0	0	126	0	0	0	0	0	0	0	4250	0	0	0	2774	0	0	0	2388	0	0	0	0	0	0	0	0	0	0	0	0	0	0	0	0	0	0	0	0	0	0	0	0	0	0	0	
29956	Heschl_R	0	328	0	188	0	0	0	0	0	0	0	102	0	0	0	0	0	1856	0	118	0	0	0	0	0	0	0	0	0	1838	0	0	0	0	90	128	80	670	0	0	0	0	0	0	0	108	0	0	0	132	0	0	0	0	0	118	0	856	0	0	0	106	0	130	0	0	0	182	0	0	0	0	0	374	0	0	0	0	0	0	0	5944	0	0	0	1370	0	0	0	260	0	0	0	0	0	0	0	0	0	0	0	0	0	0	0	0	0	0	0	0	0	0	0	0	0	0	
218236	Temporal_Sup_L	5284	0	1682	262	0	0	584	88	0	0	2704	0	230	0	222	0	8406	0	2738	162	394	0	0	0	0	0	0	0	10146	0	110	176	0	0	0	0	1884	0	336	0	428	0	76	0	0	0	0	0	0	0	948	0	456	0	2056	0	5678	0	792	0	5178	0	8732	0	3130	0	200	0	84	0	340	0	978	0	0	0	0	0	4250	0	0	0	4218	0	24412	0	140	0	11614	0	0	0	0	0	0	0	0	0	0	0	0	0	0	0	0	0	0	0	0	0	0	0	0	0	0	0	
119092	Temporal_Sup_R	0	450	0	0	0	0	0	0	0	0	0	156	0	0	0	0	0	2918	0	0	0	0	0	0	0	0	0	0	0	6140	0	0	0	0	0	0	0	1686	0	148	0	0	0	340	0	952	0	0	0	992	0	844	0	116	0	1848	0	2812	0	734	0	494	0	3200	0	2540	0	1584	0	0	0	0	0	970	0	0	0	82	0	5944	0	0	0	3280	0	17136	0	358	0	3822	0	0	0	0	0	0	0	0	0	0	0	0	0	0	0	0	0	0	0	0	0	0	0	0	0	0	
91772	Temporal_Pole_Sup_L	0	0	266	0	1038	0	88	0	466	0	780	0	588	0	2374	0	764	0	124	0	912	0	0	0	0	0	0	0	3162	0	0	0	0	0	0	0	1076	0	2366	0	1114	0	0	0	0	0	0	0	0	0	0	0	0	0	4218	0	0	0	0	0	0	0	0	0	0	0	0	0	0	0	0	0	674	0	0	0	0	0	0	0	4218	0	0	0	7892	0	6596	0	7170	0	0	0	0	0	0	0	0	0	0	0	0	0	0	0	0	0	0	0	0	0	0	0	0	0	0	0	
69696	Temporal_Pole_Sup_R	0	0	0	226	0	0	0	134	0	0	0	966	0	0	0	856	0	1286	0	0	0	266	0	136	0	0	0	0	0	5096	0	426	0	0	0	0	0	1038	0	1672	0	2406	0	0	0	0	0	0	0	0	0	0	0	0	0	6346	0	0	0	0	0	0	0	0	0	0	0	0	0	0	0	84	0	906	0	0	0	0	0	0	0	3280	0	0	0	4718	0	2202	0	2804	0	0	0	0	0	0	0	0	0	0	0	0	0	0	0	0	0	0	0	0	0	0	0	0	0	0	
313512	Temporal_Mid_L	950	0	152	0	0	0	0	0	0	0	208	0	0	0	0	0	2644	0	406	0	0	0	0	0	0	0	0	0	2946	0	0	0	0	0	472	0	976	0	436	0	318	0	2146	0	1030	0	196	0	1006	0	21324	0	5304	0	5908	0	3720	0	2224	0	6784	0	5794	0	8866	0	2314	0	508	0	0	0	232	0	0	0	0	0	2774	0	24412	0	7892	0	0	0	4316	0	40498	0	0	0	0	0	0	0	0	0	0	0	0	0	0	0	0	0	0	0	0	0	0	0	0	0	0	0	
276928	Temporal_Mid_R	0	266	0	0	0	0	0	0	0	0	0	0	0	0	0	120	0	486	0	0	0	118	0	0	0	0	0	0	0	4548	0	0	0	0	0	0	0	462	0	0	0	222	0	4514	0	7262	0	2196	0	11398	0	19926	0	3292	0	3738	0	3440	0	1838	0	2152	0	2314	0	11350	246	6076	0	146	0	0	0	658	0	0	0	124	0	1370	0	17136	0	4718	0	0	0	1378	0	26970	0	0	0	0	0	0	0	0	0	0	0	0	0	0	0	0	0	0	0	0	0	0	0	0	0	0	
48520	Temporal_Pole_Mid_L	0	0	0	0	0	0	0	0	0	0	0	0	0	0	0	0	0	0	0	0	0	0	0	0	0	0	0	0	444	0	0	0	0	0	0	0	558	0	2174	0	638	0	0	0	0	0	0	0	0	0	0	0	0	0	4244	0	0	0	0	0	0	0	0	0	0	0	0	0	0	0	0	0	0	0	0	0	0	0	0	0	140	0	6596	0	4316	0	0	0	5150	0	0	0	0	0	0	0	0	0	0	0	0	0	0	0	0	0	0	0	0	0	0	0	0	0	0	0	
18032	Temporal_Pole_Mid_R	0	0	0	0	0	0	0	0	0	0	0	0	0	0	0	0	0	0	0	0	0	0	0	0	0	0	0	0	0	0	0	0	0	0	0	0	0	174	0	564	0	294	0	0	0	0	0	0	0	0	0	0	0	0	0	2288	0	0	0	0	0	0	0	0	0	0	0	0	0	0	0	0	0	0	0	0	0	0	0	0	0	358	0	2202	0	1378	0	0	0	1758	0	0	0	0	0	0	0	0	0	0	0	0	0	0	0	0	0	0	0	0	0	0	0	0	0	0	
299068	Temporal_Inf_L	1104	0	0	0	0	0	0	0	0	0	0	0	0	0	262	0	1694	0	862	0	504	0	0	0	0	0	0	0	5294	0	0	0	0	0	0	0	6948	0	1816	0	1110	0	360	0	584	0	0	0	680	0	5326	0	4716	0	20750	0	2950	0	3234	0	3392	0	1984	0	4564	0	2008	0	490	0	0	0	1544	0	0	0	0	0	2388	0	11614	0	7170	0	40498	0	5150	0	0	0	5428	0	1820	0	0	0	560	0	1930	0	526	0	274	0	0	0	0	0	0	0	0	0	0	0	0	0	
187612	Temporal_Inf_R	0	514	0	0	0	0	0	0	0	0	0	0	0	0	0	172	0	306	0	0	0	0	0	0	0	0	0	0	0	1828	0	0	0	0	0	0	0	2798	0	346	0	392	0	1928	0	4580	0	338	0	7562	0	6092	0	4714	0	12490	0	3268	0	1246	0	1032	0	352	0	1104	152	4450	0	250	0	0	0	804	0	0	0	192	0	260	0	3822	0	2804	0	26970	0	1758	0	0	0	1102	0	0	0	0	0	0	0	180	0	0	0	0	0	0	0	0	0	0	0	0	0	0	0	0	
500580	Cerebelum_Crus1_L	0	0	0	0	0	0	0	0	0	0	0	0	0	0	0	0	0	0	0	0	0	0	0	0	0	0	0	0	0	0	0	0	0	0	0	0	80	0	0	0	0	0	0	0	0	0	7592	5322	0	0	0	0	0	0	20892	550	0	0	0	0	0	0	0	0	0	0	0	0	0	0	0	0	0	0	0	0	0	0	0	0	0	0	0	0	0	0	0	0	5428	0	0	5360	36384	3486	1472	0	30950	692	62298	5142	15548	186	17174	660	796	100	102	0	0	234	11556	10934	5782	850	448	272	
448992	Cerebelum_Crus1_R	0	0	0	0	0	0	0	0	0	0	0	0	0	0	0	0	0	0	0	0	0	0	0	0	0	0	0	0	0	0	0	0	0	0	0	0	0	214	0	266	0	0	0	0	0	0	186	4882	0	0	0	0	0	0	150	13352	0	0	0	0	0	0	0	0	0	0	0	0	0	0	0	0	0	0	0	0	0	0	0	0	0	0	0	0	0	0	0	0	0	1102	5360	0	4178	39384	542	3072	1798	23894	6262	60566	1212	4648	758	14140	516	1084	0	262	106	2128	13058	12582	7568	774	326	126	
353692	Cerebelum_Crus2_L	0	0	0	0	0	0	0	0	0	0	0	0	0	0	0	0	0	0	0	0	0	0	0	0	0	0	0	0	0	0	0	0	0	0	0	0	0	0	0	0	0	0	0	0	0	0	0	278	0	0	0	0	0	0	1158	0	0	0	0	0	0	0	0	0	0	0	0	0	0	0	0	0	0	0	0	0	0	0	0	0	0	0	0	0	0	0	0	0	1820	0	36384	4178	0	13718	118	0	658	0	3550	766	44540	3408	38720	2306	4242	0	908	0	0	0	218	1438	14924	2980	376	158	
350556	Cerebelum_Crus2_R	0	0	0	0	0	0	0	0	0	0	0	0	0	0	0	0	0	0	0	0	0	0	0	0	0	0	0	0	0	0	0	0	0	0	0	0	0	0	0	0	0	0	0	0	0	0	0	296	0	0	0	0	0	0	0	566	0	0	0	0	0	0	0	0	0	0	0	0	0	0	0	0	0	0	0	0	0	0	0	0	0	0	0	0	0	0	0	0	0	0	3486	39384	13718	0	130	1162	452	1582	1378	12228	8548	23016	5416	33336	208	3284	0	164	128	1260	1290	2486	16814	4048	810	88	
44912	Cerebelum_3_L	0	0	0	0	0	0	0	0	0	0	0	0	0	0	0	0	0	0	0	0	0	0	0	0	0	0	0	0	0	0	0	0	0	0	0	0	0	0	0	0	0	0	0	0	0	0	0	260	0	0	0	0	0	0	426	206	0	0	0	0	0	0	0	0	0	0	0	0	0	0	0	0	0	0	0	0	0	0	0	0	0	0	0	0	0	0	0	0	0	0	1472	542	118	130	0	0	6884	88	3042	606	312	0	1124	156	1470	0	0	0	810	1108	1482	898	592	482	158	90	
65728	Cerebelum_3_R	0	0	0	0	0	0	0	0	0	0	0	0	0	0	0	0	0	0	0	0	0	0	0	0	0	0	0	0	0	0	0	0	0	0	0	0	0	154	0	356	0	0	0	0	0	0	0	336	0	0	0	0	0	0	0	1002	0	0	0	0	0	0	0	0	0	0	0	0	0	0	0	0	0	150	0	0	0	0	0	0	0	0	0	0	0	0	0	0	0	0	0	3072	0	1162	0	0	86	6848	0	5474	290	214	440	2098	0	794	0	0	576	5446	1458	78	394	1340	1096	0	
287448	Cerebelum_4_5_L	0	0	0	0	0	0	0	0	0	0	0	0	0	0	0	0	0	0	0	0	0	0	0	0	0	0	0	0	0	0	0	0	0	0	0	0	326	0	900	0	116	0	0	0	0	0	9782	588	0	0	0	0	172	0	12408	322	0	0	0	0	0	0	0	0	0	0	0	0	0	0	0	0	0	0	0	0	0	0	0	0	0	0	0	0	0	0	0	0	560	0	30950	1798	658	452	6884	86	0	856	42682	1972	912	0	2050	452	4072	126	582	0	98	722	17724	2188	1258	1064	466	498	
212760	Cerebelum_4_5_R	0	0	0	110	0	0	0	0	0	0	0	0	0	0	0	0	0	0	0	94	0	0	0	0	0	0	0	0	0	0	0	0	0	0	0	0	0	766	0	1966	0	0	0	0	0	0	0	4334	0	0	0	0	0	0	0	8112	0	0	0	0	0	0	0	0	0	0	0	0	0	0	0	0	0	368	0	0	0	0	0	0	0	0	0	0	0	0	0	0	0	0	692	23894	0	1582	88	6848	856	0	1114	32374	204	238	268	2234	0	182	0	0	162	3712	13434	914	376	884	574	0	
449516	Cerebelum_6_L	0	0	0	0	0	0	0	0	0	0	0	0	0	0	0	0	0	0	0	0	0	0	0	0	0	0	0	0	0	0	0	0	0	0	0	0	0	0	112	0	0	0	92	0	0	0	12084	8418	0	0	214	0	522	0	25514	1700	0	0	0	0	0	0	0	0	0	0	0	0	0	0	0	0	0	0	0	0	0	0	0	0	0	0	0	0	0	0	0	0	1930	0	62298	6262	3550	1378	3042	0	42682	1114	0	7898	2732	0	2310	318	1602	126	0	0	0	352	17514	17414	2530	516	280	254	
393012	Cerebelum_6_R	0	0	0	112	0	0	0	0	0	0	0	0	0	0	0	0	0	0	0	96	0	0	0	0	0	0	0	0	0	130	0	0	0	0	0	0	0	1008	0	1216	0	0	0	0	0	0	384	7180	0	0	0	0	0	0	212	17458	0	0	0	0	0	0	0	0	0	0	0	0	0	0	0	0	0	536	0	0	0	0	0	0	0	0	0	0	0	0	0	0	0	180	5142	60566	766	12228	606	5474	1972	32374	7898	0	0	576	118	3008	526	540	0	318	94	2126	15464	14666	2854	430	154	94	
308724	Cerebelum_7b_L	0	0	0	0	0	0	0	0	0	0	0	0	0	0	0	0	0	0	0	0	0	0	0	0	0	0	0	0	0	0	0	0	0	0	0	0	0	0	0	0	0	0	0	0	0	0	0	0	0	0	0	0	0	0	542	0	0	0	0	0	0	0	0	0	0	0	0	0	0	0	0	0	0	0	0	0	0	0	0	0	0	0	0	0	0	0	0	0	526	0	15548	1212	44540	8548	312	290	912	204	2732	0	0	3788	45300	4436	6812	558	1106	0	0	370	350	90	9252	5818	1002	114	
143760	Cerebelum_7b_R	0	0	0	0	0	0	0	0	0	0	0	0	0	0	0	0	0	0	0	0	0	0	0	0	0	0	0	0	0	0	0	0	0	0	0	0	0	0	0	0	0	0	0	0	0	0	0	0	0	0	0	0	0	0	0	0	0	0	0	0	0	0	0	0	0	0	0	0	0	0	0	0	0	0	0	0	0	0	0	0	0	0	0	0	0	0	0	0	0	0	186	4648	3408	23016	0	214	0	238	0	576	3788	0	2808	23330	98	3222	0	0	0	212	166	92	3132	2586	160	0	
331520	Cerebelum_8_L	0	0	0	0	0	0	0	0	0	0	0	0	0	0	0	0	0	0	0	0	0	0	0	0	0	0	0	0	0	0	0	0	0	0	0	0	0	0	0	0	0	0	0	0	0	0	0	0	0	0	0	0	0	0	534	0	0	0	0	0	0	0	0	0	0	0	0	0	0	0	0	0	0	0	0	0	0	0	0	0	0	0	0	0	0	0	0	0	274	0	17174	758	38720	5416	1124	440	2050	268	2310	118	45300	2808	0	6650	15202	1428	2212	0	108	610	812	330	8268	9800	2744	302	
264500	Cerebelum_8_R	0	0	0	0	0	0	0	0	0	0	0	0	0	0	0	0	0	0	0	0	0	0	0	0	0	0	0	0	0	0	0	0	0	0	0	0	0	0	0	0	0	0	0	0	0	0	0	0	0	0	0	0	0	0	0	116	0	0	0	0	0	0	0	0	0	0	0	0	0	0	0	0	0	0	0	0	0	0	0	0	0	0	0	0	0	0	0	0	0	0	660	14140	2306	33336	156	2098	452	2234	318	3008	4436	23330	6650	0	806	16122	0	1296	282	2352	1744	228	4094	8000	4086	0	
97460	Cerebelum_9_L	0	0	0	0	0	0	0	0	0	0	0	0	0	0	0	0	0	0	0	0	0	0	0	0	0	0	0	0	0	0	0	0	0	0	0	0	0	0	0	0	0	0	0	0	0	0	0	0	0	0	0	0	0	0	0	82	0	0	0	0	0	0	0	0	0	0	0	0	0	0	0	0	0	0	0	0	0	0	0	0	0	0	0	0	0	0	0	0	0	0	796	516	4242	208	1470	0	4072	0	1602	526	6812	98	15202	806	0	1120	4070	0	98	114	1430	1198	692	1534	1674	368	
91296	Cerebelum_9_R	0	0	0	0	0	0	0	0	0	0	0	0	0	0	0	0	0	0	0	0	0	0	0	0	0	0	0	0	0	0	0	0	0	0	0	0	0	0	0	0	0	0	0	0	0	0	0	0	0	0	0	0	0	0	0	0	0	0	0	0	0	0	0	0	0	0	0	0	0	0	0	0	0	0	0	0	0	0	0	0	0	0	0	0	0	0	0	0	0	0	100	1084	0	3284	0	794	126	182	126	540	558	3222	1428	16122	1120	0	0	996	312	1168	1442	1398	932	3554	5626	1534	
18136	Cerebelum_10_L	0	0	0	0	0	0	0	0	0	0	0	0	0	0	0	0	0	0	0	0	0	0	0	0	0	0	0	0	0	0	0	0	0	0	0	0	0	0	0	0	0	0	0	0	0	0	0	0	0	0	0	0	0	0	0	0	0	0	0	0	0	0	0	0	0	0	0	0	0	0	0	0	0	0	0	0	0	0	0	0	0	0	0	0	0	0	0	0	0	0	102	0	908	0	0	0	582	0	0	0	1106	0	2212	0	4070	0	0	0	0	0	0	0	0	0	88	0	
6072	Cerebelum_10_R	0	0	0	0	0	0	0	0	0	0	0	0	0	0	0	0	0	0	0	0	0	0	0	0	0	0	0	0	0	0	0	0	0	0	0	0	0	0	0	0	0	0	0	0	0	0	0	0	0	0	0	0	0	0	0	0	0	0	0	0	0	0	0	0	0	0	0	0	0	0	0	0	0	0	0	0	0	0	0	0	0	0	0	0	0	0	0	0	0	0	0	262	0	164	0	0	0	0	0	318	0	0	0	1296	0	996	0	0	0	0	0	0	0	0	0	0	
15664	Vermis_1_2	0	0	0	0	0	0	0	0	0	0	0	0	0	0	0	0	0	0	0	0	0	0	0	0	0	0	0	0	0	0	0	0	0	0	0	0	0	0	0	0	0	0	0	0	0	0	0	0	0	0	0	0	0	0	0	0	0	0	0	0	0	0	0	0	0	0	0	0	0	0	0	0	0	0	0	0	0	0	0	0	0	0	0	0	0	0	0	0	0	0	0	106	0	128	810	576	98	162	0	94	0	0	108	282	98	312	0	0	0	3506	686	0	120	374	372	0	
66764	Vermis_3	0	0	0	0	0	0	0	0	0	0	0	0	0	0	0	0	0	0	0	0	0	0	0	0	0	0	0	0	0	0	0	0	0	0	0	0	264	0	128	0	0	0	0	0	0	0	0	132	0	0	0	0	0	0	0	0	0	0	0	0	0	0	0	0	0	0	0	0	0	0	0	0	0	0	0	0	0	0	0	0	0	0	0	0	0	0	0	0	0	0	234	2128	0	1260	1108	5446	722	3712	352	2126	370	212	610	2352	114	1168	0	0	3506	0	3236	222	614	1778	1588	0	
261924	Vermis_4_5	0	0	0	0	0	0	0	0	0	0	0	0	0	0	0	0	0	0	0	0	0	0	0	0	0	0	0	0	0	0	0	0	0	0	0	304	0	422	0	636	0	0	0	172	0	0	2418	4180	0	0	0	0	124	0	2480	2280	0	0	0	0	0	0	0	0	0	0	0	440	0	0	0	0	0	0	0	0	0	0	0	0	0	0	0	0	0	0	0	0	0	0	11556	13058	218	1290	1482	1458	17724	13434	17514	15464	350	166	812	1744	1430	1442	0	0	686	3236	0	6844	1064	2384	2146	2004	
205396	Vermis_6	0	0	0	0	0	0	0	0	0	0	0	0	0	0	0	0	0	0	0	0	0	0	0	0	0	0	0	0	0	0	0	0	0	0	0	0	0	0	0	0	0	0	0	0	0	0	2624	10372	0	0	116	0	320	0	2678	3332	0	0	0	0	0	0	0	0	0	0	0	0	0	0	0	0	0	0	0	0	0	0	0	0	0	0	0	0	0	0	0	0	0	0	10934	12582	1438	2486	898	78	2188	914	17414	14666	90	92	330	228	1198	1398	0	0	0	222	6844	0	3818	1526	1750	2162	
187860	Vermis_7	0	0	0	0	0	0	0	0	0	0	0	0	0	0	0	0	0	0	0	0	0	0	0	0	0	0	0	0	0	0	0	0	0	0	0	0	0	0	0	0	0	0	0	0	0	0	170	318	0	0	0	0	0	0	186	90	0	0	0	0	0	0	0	0	0	0	0	0	0	0	0	0	0	0	0	0	0	0	0	0	0	0	0	0	0	0	0	0	0	0	5782	7568	14924	16814	592	394	1258	376	2530	2854	9252	3132	8268	4094	692	932	0	0	120	614	1064	3818	0	6296	1524	268	
127420	Vermis_8	0	0	0	0	0	0	0	0	0	0	0	0	0	0	0	0	0	0	0	0	0	0	0	0	0	0	0	0	0	0	0	0	0	0	0	0	0	0	0	0	0	0	0	0	0	0	0	0	0	0	0	0	0	0	0	0	0	0	0	0	0	0	0	0	0	0	0	0	0	0	0	0	0	0	0	0	0	0	0	0	0	0	0	0	0	0	0	0	0	0	850	774	2980	4048	482	1340	1064	884	516	430	5818	2586	9800	8000	1534	3554	0	0	374	1778	2384	1526	6296	0	5408	1284	
