data	data	515112	432076	937300	740628	133576	73232	452996	228504	53996	45056	236332	205036	347288	186396	202000	130924	154504	133308	716468	840472	79604	91792	286132	301184	35636	84492	86508	75348	550224	435988	262692	520976	107372	458320	154668	168880	272948	461708	74892	288924	31448	75844	222356	311988	200648	224236	188820	241116	220052	216336	550272	241516	275044	166856	494416	605304	294100	179480	219856	78576	215456	131032	102744	139936	143024	117472	318564	368396	135588	301668	314220	443360	347176	395932	55568	50580	129348	171832	48248	25328	206468	114148	85064	53004	296948	254656	20952	33260	302364	365944	441732	373408	356696	305988	59848	66124	255828	217460	393388	357228	221096	132552	336068	333760	149824	159252	26416	27536	24252	70784	191664	172636	219608	151508	129844	25928	
data	data	Precentral_L	Precentral_R	Frontal_Sup_L	Frontal_Sup_R	Frontal_Sup_Orb_L	Frontal_Sup_Orb_R	Frontal_Mid_L	Frontal_Mid_R	Frontal_Mid_Orb_L	Frontal_Mid_Orb_R	Frontal_Inf_Oper_L	Frontal_Inf_Oper_R	Frontal_Inf_Tri_L	Frontal_Inf_Tri_R	Frontal_Inf_Orb_L	Frontal_Inf_Orb_R	Rolandic_Oper_L	Rolandic_Oper_R	Supp_Motor_Area_L	Supp_Motor_Area_R	Olfactory_L	Olfactory_R	Frontal_Sup_Medial_L	Frontal_Sup_Medial_R	Frontal_Med_Orb_L	Frontal_Med_Orb_R	Rectus_L	Rectus_R	Insula_L	Insula_R	Cingulum_Ant_L	Cingulum_Ant_R	Cingulum_Mid_L	Cingulum_Mid_R	Cingulum_Post_L	Cingulum_Post_R	Hippocampus_L	Hippocampus_R	ParaHippocampal_L	ParaHippocampal_R	Amygdala_L	Amygdala_R	Calcarine_L	Calcarine_R	Cuneus_L	Cuneus_R	Lingual_L	Lingual_R	Occipital_Sup_L	Occipital_Sup_R	Occipital_Mid_L	Occipital_Mid_R	Occipital_Inf_L	Occipital_Inf_R	Fusiform_L	Fusiform_R	Postcentral_L	Postcentral_R	Parietal_Sup_L	Parietal_Sup_R	Parietal_Inf_L	Parietal_Inf_R	SupraMarginal_L	SupraMarginal_R	Angular_L	Angular_R	Precuneus_L	Precuneus_R	Paracentral_Lobule_L	Paracentral_Lobule_R	Caudate_L	Caudate_R	Putamen_L	Putamen_R	Pallidum_L	Pallidum_R	Thalamus_L	Thalamus_R	Heschl_L	Heschl_R	Temporal_Sup_L	Temporal_Sup_R	Temporal_Pole_Sup_L	Temporal_Pole_Sup_R	Temporal_Mid_L	Temporal_Mid_R	Temporal_Pole_Mid_L	Temporal_Pole_Mid_R	Temporal_Inf_L	Temporal_Inf_R	Cerebelum_Crus1_L	Cerebelum_Crus1_R	Cerebelum_Crus2_L	Cerebelum_Crus2_R	Cerebelum_3_L	Cerebelum_3_R	Cerebelum_4_5_L	Cerebelum_4_5_R	Cerebelum_6_L	Cerebelum_6_R	Cerebelum_7b_L	Cerebelum_7b_R	Cerebelum_8_L	Cerebelum_8_R	Cerebelum_9_L	Cerebelum_9_R	Cerebelum_10_L	Cerebelum_10_R	Vermis_1_2	Vermis_3	Vermis_4_5	Vermis_6	Vermis_7	Vermis_8	Vermis_9	Vermis_10	
515112	Precentral_L	0	3800	39556	216	0	0	24930	328	0	0	6496	142	2966	0	128	0	10388	0	25052	10990	0	0	306	0	0	0	0	0	19138	90	456	0	522	2412	1650	802	11402	908	324	400	0	0	232	0	540	0	226	0	0	0	3560	0	1864	210	2904	500	27626	0	942	0	2654	0	308	0	268	0	1474	0	11254	4410	5008	236	13854	98	2630	0	4312	530	3468	0	2026	0	212	0	1254	0	0	0	1062	492	0	0	0	0	0	0	0	0	0	0	0	0	0	0	0	0	0	0	0	0	0	0	0	0	0	0	
432076	Precentral_R	3800	0	2908	7882	0	0	284	9724	0	0	0	7866	372	214	166	0	0	4716	4818	37656	0	0	0	0	0	0	0	0	1554	3256	196	450	974	12770	2326	2086	1678	3726	0	1708	0	0	0	254	0	0	0	238	0	238	338	550	424	820	494	3276	1142	18612	0	1518	0	1904	0	2216	0	326	274	4838	4796	19710	6148	5466	4342	2822	4462	242	9380	6220	0	0	0	284	0	0	256	890	0	0	246	2182	0	0	0	0	0	0	0	0	0	0	0	0	0	0	0	0	0	0	0	0	0	0	0	0	0	0	
937300	Frontal_Sup_L	39556	2908	0	5056	9640	0	70542	388	1190	0	18114	854	20302	216	8000	284	10898	0	89930	13432	660	0	39390	2928	2884	0	564	0	35082	834	13264	4374	4460	2588	0	0	6524	116	146	0	410	0	0	0	0	0	0	0	0	0	120	0	0	0	984	0	4146	0	0	0	314	0	150	0	0	0	90	0	1976	404	10010	1374	29902	188	2636	92	3522	212	526	0	3226	0	2416	0	90	0	0	0	738	0	0	0	0	0	0	0	0	0	0	0	0	0	0	0	0	0	0	0	0	0	0	0	0	0	0	0	
740628	Frontal_Sup_R	216	7882	5056	0	0	2364	302	32890	0	1258	936	15206	2098	15676	1542	5614	0	6184	15414	53380	0	236	6344	30058	112	3894	0	496	1164	25238	4340	38522	962	14916	0	0	158	6700	0	5126	0	112	0	108	0	0	0	0	0	0	0	0	0	108	0	6146	0	2820	0	126	0	424	0	1274	0	90	0	134	192	218	3604	21414	506	18854	678	1370	768	5302	0	394	0	314	0	134	0	118	0	0	0	822	0	0	0	0	0	0	0	0	0	0	0	0	0	0	0	0	0	0	0	0	0	0	0	0	0	0	
133576	Frontal_Sup_Orb_L	0	0	9640	0	0	0	2110	0	8010	0	132	0	1094	0	7512	0	0	0	816	0	2548	614	3904	340	2442	128	7572	248	3130	0	3962	764	0	0	0	0	0	0	0	0	0	0	0	0	0	0	0	0	0	0	0	0	0	0	0	0	0	0	0	0	0	0	0	0	0	0	0	0	0	0	3874	560	7388	0	0	0	0	0	0	0	0	0	0	0	0	0	0	0	0	0	0	0	0	0	0	0	0	0	0	0	0	0	0	0	0	0	0	0	0	0	0	0	0	0	0	0	
73232	Frontal_Sup_Orb_R	0	0	0	2364	0	0	0	896	0	4258	0	0	0	254	0	3684	0	0	0	0	124	1800	200	2742	150	6480	0	7900	0	1720	158	860	0	0	0	0	0	108	0	0	0	162	0	0	0	0	0	0	0	0	0	0	0	0	0	0	0	0	0	0	0	0	0	0	0	0	0	0	0	0	0	1304	0	1452	0	0	0	0	0	0	0	0	0	0	0	0	0	0	0	0	0	0	0	0	0	0	0	0	0	0	0	0	0	0	0	0	0	0	0	0	0	0	0	0	0	0	
452996	Frontal_Mid_L	24930	284	70542	302	2110	0	0	132	2084	0	11958	126	28304	0	6050	0	3956	0	15796	288	0	0	15312	352	0	0	0	0	19674	158	2998	542	2422	0	0	0	4514	0	0	0	0	0	0	0	0	0	0	0	0	0	0	0	0	0	524	0	1358	0	0	0	238	0	0	0	0	0	0	0	0	0	988	178	4774	0	666	0	2556	126	268	0	1158	0	484	0	0	0	0	0	346	0	0	0	0	0	0	0	0	0	0	0	0	0	0	0	0	0	0	0	0	0	0	0	0	0	0	0	
228504	Frontal_Mid_R	328	9724	388	32890	0	896	132	0	0	2614	0	6530	102	10610	0	3636	0	2742	428	1970	0	0	162	1608	0	168	0	0	460	6398	130	2296	0	506	0	0	0	4002	0	2828	0	0	0	0	0	0	0	0	0	0	0	0	0	0	0	3554	0	2392	0	0	0	138	0	874	0	0	0	102	0	0	944	2772	490	9362	0	858	0	524	0	0	0	164	0	0	0	0	0	0	0	530	0	0	0	0	0	0	0	0	0	0	0	0	0	0	0	0	0	0	0	0	0	0	0	0	0	0	
53996	Frontal_Mid_Orb_L	0	0	1190	0	8010	0	2084	0	0	0	0	0	1298	0	8826	0	0	0	0	0	0	0	92	0	104	0	2436	0	248	0	650	0	0	0	0	0	0	0	0	0	0	0	0	0	0	0	0	0	0	0	0	0	0	0	0	0	0	0	0	0	0	0	0	0	0	0	0	0	0	0	584	0	1476	0	0	0	0	0	0	0	0	0	0	0	0	0	0	0	0	0	0	0	0	0	0	0	0	0	0	0	0	0	0	0	0	0	0	0	0	0	0	0	0	0	0	0	
45056	Frontal_Mid_Orb_R	0	0	0	1258	0	4258	0	2614	0	0	0	0	0	1014	0	7916	0	0	90	206	136	482	0	100	0	226	0	1674	0	1270	0	92	0	178	0	0	0	0	0	0	0	0	0	0	0	0	0	0	0	0	0	0	0	0	0	0	0	0	0	0	0	0	0	0	0	0	0	0	0	0	100	268	0	646	0	0	0	0	0	0	0	0	0	0	0	0	0	0	0	0	0	0	0	0	0	0	0	0	0	0	0	0	0	0	0	0	0	0	0	0	0	0	0	0	0	0	
236332	Frontal_Inf_Oper_L	6496	0	18114	936	132	0	11958	0	0	0	0	874	22258	296	1574	754	5362	0	12584	404	0	0	1016	484	0	0	0	0	14794	948	2854	1076	0	0	0	0	122	0	0	0	0	0	0	0	0	0	0	0	0	0	0	0	0	0	0	0	1408	0	0	0	0	0	0	0	0	0	0	0	0	0	4748	1190	1016	0	0	0	100	0	0	0	2386	0	4282	0	0	0	0	0	0	0	0	0	0	0	0	0	0	0	0	0	0	0	0	0	0	0	0	0	0	0	0	0	0	0	0	0	
205036	Frontal_Inf_Oper_R	142	7866	854	15206	0	0	126	6530	0	0	874	0	982	8034	390	130	0	6282	4214	11672	0	0	192	482	0	0	0	0	754	19616	428	5296	0	1328	0	0	0	548	0	426	0	0	0	0	0	0	0	0	0	0	0	0	0	0	0	530	0	2954	0	0	0	0	0	0	0	0	0	0	0	0	1730	1654	192	2426	0	0	0	190	0	0	0	226	0	244	0	0	0	0	0	0	0	0	0	0	0	0	0	0	0	0	0	0	0	0	0	0	0	0	0	0	0	0	0	0	0	0	
347288	Frontal_Inf_Tri_L	2966	372	20302	2098	1094	0	28304	102	1298	0	22258	982	0	244	24116	586	1098	104	12546	2140	0	0	2732	418	0	0	0	0	26098	1064	3788	1826	310	330	0	0	0	0	0	0	0	0	0	0	0	0	0	0	0	0	0	0	0	0	0	0	0	0	0	0	0	0	0	0	0	0	0	0	0	0	8916	1656	3870	0	0	0	202	0	0	0	712	0	1112	0	0	0	0	0	0	0	0	0	0	0	0	0	0	0	0	0	0	0	0	0	0	0	0	0	0	0	0	0	0	0	0	0	
186396	Frontal_Inf_Tri_R	0	214	216	15676	0	254	0	10610	0	1014	296	8034	244	0	0	9164	0	220	782	5078	0	0	862	4388	0	322	0	0	188	19344	564	11318	0	1046	0	0	0	220	0	210	0	0	0	0	0	0	0	0	0	0	0	0	0	0	0	220	0	0	0	0	0	0	0	0	0	0	0	0	0	0	310	800	0	1604	0	0	0	0	0	0	0	0	0	0	0	0	0	0	0	0	0	0	0	0	0	0	0	0	0	0	0	0	0	0	0	0	0	0	0	0	0	0	0	0	0	0	
202000	Frontal_Inf_Orb_L	128	166	8000	1542	7512	0	6050	0	8826	0	1574	390	24116	0	0	0	0	0	4590	1804	1540	98	1372	180	0	0	1338	0	14598	422	714	998	0	298	0	0	98	0	0	0	90	0	0	0	0	0	0	0	0	0	0	0	0	0	0	0	0	0	0	0	0	0	0	0	0	0	0	0	0	0	4378	932	7998	0	0	0	0	0	0	0	0	0	1248	0	0	0	0	0	0	0	0	0	0	0	0	0	0	0	0	0	0	0	0	0	0	0	0	0	0	0	0	0	0	0	0	0	
130924	Frontal_Inf_Orb_R	0	0	284	5614	0	3684	0	3636	0	7916	754	130	586	9164	0	0	0	0	534	1084	0	2230	430	2386	0	344	0	1696	518	13788	182	2536	0	438	0	0	0	292	0	206	0	370	0	0	0	0	0	0	0	0	0	0	0	0	0	130	0	0	0	0	0	0	0	0	0	0	0	0	0	0	884	2186	0	1938	0	0	0	0	0	0	0	412	0	866	0	244	0	0	0	0	0	0	0	0	0	0	0	0	0	0	0	0	0	0	0	0	0	0	0	0	0	0	0	0	0	0	
154504	Rolandic_Oper_L	10388	0	10898	0	0	0	3956	0	0	0	5362	0	1098	0	0	0	0	0	6462	0	0	0	0	0	0	0	0	0	12008	0	94	0	0	0	0	0	304	0	154	0	0	0	190	0	0	0	0	0	110	0	1070	0	328	0	1980	0	5526	0	198	0	0	0	1758	0	0	0	452	0	0	0	366	0	270	0	0	0	0	0	2200	0	6690	0	3186	0	1088	0	0	0	1116	0	0	0	0	0	0	0	0	0	0	0	0	0	0	0	0	0	0	0	0	0	0	0	0	0	0	0	
133308	Rolandic_Oper_R	0	4716	0	6184	0	0	0	2742	0	0	0	6282	104	220	0	0	0	0	782	5122	0	0	0	156	0	0	0	0	0	10742	108	1944	0	934	0	0	0	2514	0	1688	0	0	0	0	0	0	0	0	0	0	0	0	0	0	0	2350	0	3152	0	0	0	0	0	1162	0	0	0	0	0	0	110	3850	0	5808	0	0	442	300	0	1342	0	2842	0	404	0	284	0	0	0	370	0	0	0	0	0	0	0	0	0	0	0	0	0	0	0	0	0	0	0	0	0	0	0	0	0	0	
716468	Supp_Motor_Area_L	25052	4818	89930	15414	816	0	15796	428	0	90	12584	4214	12546	782	4590	534	6462	782	0	37506	612	0	7780	3044	0	0	256	0	21626	4194	6410	7058	6562	15014	476	0	2014	118	0	0	410	0	0	0	0	0	0	0	0	0	0	0	0	0	438	0	3262	0	0	0	0	0	142	0	0	0	138	0	6676	540	8026	3364	19610	296	1814	0	1228	0	290	0	2324	0	1786	0	0	0	0	0	382	0	0	0	0	0	0	0	0	0	0	0	0	0	0	0	0	0	0	0	0	0	0	0	0	0	0	0	
840472	Supp_Motor_Area_R	10990	37656	13432	53380	0	0	288	1970	0	206	404	11672	2140	5078	1804	1084	0	5122	37506	0	0	0	1390	6996	0	108	0	0	1046	12690	3520	19796	4670	50292	3490	5534	1412	2372	0	1562	0	0	0	574	0	312	0	250	0	204	384	430	570	1076	688	3748	1796	5628	0	1168	0	708	0	1420	0	406	298	6830	8864	35636	4670	20338	2682	4172	2948	878	6042	3892	0	454	108	560	0	98	482	1096	0	0	632	2584	0	0	0	0	0	0	0	0	0	0	0	0	0	0	0	0	0	0	0	0	0	0	0	0	0	0	
79604	Olfactory_L	0	0	660	0	2548	124	0	0	0	136	0	0	0	0	1540	0	0	0	612	0	0	5216	0	0	290	350	6064	1884	2008	0	2544	2030	0	0	0	0	146	0	188	0	250	0	0	0	0	0	0	0	0	0	0	0	0	0	0	0	0	0	0	0	0	0	0	0	0	0	0	0	0	0	6736	3942	1206	1210	0	0	0	0	0	0	0	0	118	0	0	0	0	0	0	0	0	0	0	0	0	0	0	0	0	0	0	0	0	0	0	0	0	0	0	0	0	0	0	0	0	0	
91792	Olfactory_R	0	0	0	236	614	1800	0	0	0	482	0	0	0	0	98	2230	0	0	0	0	5216	0	0	952	266	840	4066	4324	0	2792	2546	2624	0	0	0	0	0	482	0	208	0	978	0	0	0	0	0	0	0	0	0	0	0	0	0	98	0	0	0	0	0	0	0	0	0	0	0	0	0	0	5966	6072	500	2130	0	0	0	0	0	0	0	0	0	376	0	0	0	0	0	0	0	0	0	0	0	0	0	0	0	0	0	0	0	0	0	0	0	0	0	0	0	0	0	0	0	0	
286132	Frontal_Sup_Medial_L	306	0	39390	6344	3904	200	15312	162	92	0	1016	192	2732	862	1372	430	0	0	7780	1390	0	0	0	14662	3672	824	154	104	1790	1192	13606	11696	2822	5966	0	0	0	0	0	0	0	0	0	0	0	0	0	0	0	0	0	0	0	0	0	0	0	0	0	0	0	0	0	0	0	0	0	0	0	0	1034	602	3298	160	0	0	0	0	0	0	0	0	0	0	0	0	0	0	0	0	0	0	0	0	0	0	0	0	0	0	0	0	0	0	0	0	0	0	0	0	0	0	0	0	0	0	
301184	Frontal_Sup_Medial_R	0	0	2928	30058	340	2742	352	1608	0	100	484	482	418	4388	180	2386	0	156	3044	6996	0	952	14662	0	668	6572	0	1022	508	6412	4222	28004	0	9884	0	0	0	702	0	648	0	324	0	0	0	0	0	0	0	0	0	0	0	0	0	698	0	0	0	0	0	0	0	0	0	0	0	0	0	0	1566	9048	90	7948	0	0	0	0	0	0	0	0	0	0	0	0	0	0	0	0	0	0	0	0	0	0	0	0	0	0	0	0	0	0	0	0	0	0	0	0	0	0	0	0	0	0	
35636	Frontal_Med_Orb_L	0	0	2884	112	2442	150	0	0	104	0	0	0	0	0	0	0	0	0	0	0	290	266	3672	668	0	954	774	482	0	0	3584	694	0	0	0	0	0	0	0	0	0	0	0	0	0	0	0	0	0	0	0	0	0	0	0	0	0	0	0	0	0	0	0	0	0	0	0	0	0	0	358	162	222	0	0	0	0	0	0	0	0	0	0	0	0	0	0	0	0	0	0	0	0	0	0	0	0	0	0	0	0	0	0	0	0	0	0	0	0	0	0	0	0	0	0	0	
84492	Frontal_Med_Orb_R	0	0	0	3894	128	6480	0	168	0	226	0	0	0	322	0	344	0	0	0	108	350	840	824	6572	954	0	536	5796	0	428	1156	5188	0	96	0	0	0	0	0	0	0	0	0	0	0	0	0	0	0	0	0	0	0	0	0	0	0	0	0	0	0	0	0	0	0	0	0	0	0	0	314	3590	0	3932	0	0	0	0	0	0	0	0	0	0	0	0	0	0	0	0	0	0	0	0	0	0	0	0	0	0	0	0	0	0	0	0	0	0	0	0	0	0	0	0	0	0	
86508	Rectus_L	0	0	564	0	7572	0	0	0	2436	0	0	0	0	0	1338	0	0	0	256	0	6064	4066	154	0	774	536	0	1816	810	0	3896	1770	0	0	0	0	0	0	0	0	0	0	0	0	0	0	0	0	0	0	0	0	0	0	0	0	0	0	0	0	0	0	0	0	0	0	0	0	0	0	6230	2976	1032	964	0	0	0	0	0	0	0	0	0	0	0	0	0	0	0	0	0	0	0	0	0	0	0	0	0	0	0	0	0	0	0	0	0	0	0	0	0	0	0	0	0	0	
75348	Rectus_R	0	0	0	496	248	7900	0	0	0	1674	0	0	0	0	0	1696	0	0	0	0	1884	4324	104	1022	482	5796	1816	0	0	1426	954	2810	0	0	0	0	0	0	0	0	0	0	0	0	0	0	0	0	0	0	0	0	0	0	0	0	0	0	0	0	0	0	0	0	0	0	0	0	0	0	1470	2308	0	1264	0	0	0	0	0	0	0	0	0	0	0	0	0	0	0	0	0	0	0	0	0	0	0	0	0	0	0	0	0	0	0	0	0	0	0	0	0	0	0	0	0	0	
550224	Insula_L	19138	1554	35082	1164	3130	0	19674	460	248	0	14794	754	26098	188	14598	518	12008	0	21626	1046	2008	0	1790	508	0	0	810	0	0	630	2478	1062	158	0	1080	660	15276	600	484	224	966	0	262	0	166	0	174	0	0	0	816	0	344	130	4766	316	7040	0	214	0	646	0	294	0	220	0	526	0	602	0	9434	1280	21106	0	0	0	4428	300	4464	0	6410	0	6418	0	764	0	244	0	2622	312	0	0	0	0	0	0	0	0	0	0	0	0	0	0	0	0	0	0	0	0	0	0	0	0	0	0	
435988	Insula_R	90	3256	834	25238	0	1720	158	6398	0	1270	948	19616	1064	19344	422	13788	0	10742	4194	12690	0	2792	1192	6412	0	428	0	1426	630	0	732	12260	0	1802	122	164	0	10276	0	3748	0	2244	0	424	0	0	0	106	0	0	0	0	0	262	0	8496	0	872	0	0	0	90	0	112	0	0	0	446	0	98	1536	3698	0	18826	0	132	0	496	0	2282	0	5402	0	1402	0	1806	0	0	0	5508	0	0	0	0	0	0	0	0	0	0	0	0	0	0	0	0	0	0	0	0	0	0	0	0	0	0	
262692	Cingulum_Ant_L	456	196	13264	4340	3962	158	2998	130	650	0	2854	428	3788	564	714	182	94	108	6410	3520	2544	2546	13606	4222	3584	1156	3896	954	2478	732	0	18438	4282	2662	0	0	0	102	0	94	0	0	0	0	0	0	0	0	0	0	0	0	0	0	0	102	0	0	0	0	0	0	0	0	0	0	0	0	0	0	9318	8080	4320	2980	0	0	0	306	0	0	128	0	0	0	0	0	0	0	0	0	0	0	0	0	0	0	0	0	0	0	0	0	0	0	0	0	0	0	0	0	0	0	0	0	0	0	
520976	Cingulum_Ant_R	0	450	4374	38522	764	860	542	2296	0	92	1076	5296	1826	11318	998	2536	0	1944	7058	19796	2030	2624	11696	28004	694	5188	1770	2810	1062	12260	18438	0	2096	18938	0	0	0	1360	0	1246	0	0	0	0	0	0	0	0	0	0	0	0	0	0	0	1346	0	0	0	0	0	0	0	0	0	0	0	0	0	0	6702	27584	284	14152	0	0	0	456	0	0	0	0	0	0	0	0	0	0	0	0	0	0	0	0	0	0	0	0	0	0	0	0	0	0	0	0	0	0	0	0	0	0	0	0	0	0	
107372	Cingulum_Mid_L	522	974	4460	962	0	0	2422	0	0	0	0	0	310	0	0	0	0	0	6562	4670	0	0	2822	0	0	0	0	0	158	0	4282	2096	0	6906	2562	122	0	0	0	0	0	0	0	0	920	116	0	0	104	0	0	0	0	0	0	0	280	0	120	0	0	0	0	0	0	0	3548	572	7316	660	0	0	220	0	0	0	0	0	0	0	0	0	0	0	0	0	0	0	0	0	0	0	0	0	0	0	0	0	0	0	0	0	0	0	0	0	0	0	0	0	0	0	0	0	0	0	
458320	Cingulum_Mid_R	2412	12770	2588	14916	0	0	0	506	0	178	0	1328	330	1046	298	438	0	934	15014	50292	0	0	5966	9884	0	96	0	0	0	1802	2662	18938	6906	0	2720	5942	0	726	0	476	0	0	0	2072	0	2910	0	536	0	1356	378	1864	564	1936	674	1718	1436	5514	0	708	0	166	0	118	0	322	506	14602	2100	22520	244	590	0	448	0	0	0	0	0	0	0	464	0	0	480	2950	0	0	622	2194	0	0	0	0	0	0	0	0	0	0	0	0	0	0	0	0	0	0	0	0	0	0	0	0	0	0	
154668	Cingulum_Post_L	1650	2326	0	0	0	0	0	0	0	0	0	0	0	0	0	0	0	0	476	3490	0	0	0	0	0	0	0	0	1080	122	0	0	2562	2720	0	10760	5202	6482	1834	1758	0	0	3626	190	1586	0	1160	482	0	0	636	0	824	448	2166	1974	2250	160	106	0	0	0	0	0	0	0	6482	1404	2434	2464	0	220	0	190	0	164	606	3874	400	0	142	0	0	0	682	0	0	0	948	1254	0	0	0	0	0	0	0	0	0	0	0	0	0	0	0	0	0	0	0	0	0	0	0	0	0	0	
168880	Cingulum_Post_R	802	2086	0	0	0	0	0	0	0	0	0	0	0	0	0	0	0	0	0	5534	0	0	0	0	0	0	0	0	660	164	0	0	122	5942	10760	0	4412	10356	1252	3806	0	0	0	1732	192	636	0	3030	0	0	0	0	0	806	328	4200	276	628	0	0	0	0	0	0	0	0	1092	9460	148	5096	0	224	0	194	0	164	940	4072	372	0	0	0	0	0	114	380	0	0	142	3966	0	0	0	0	0	0	0	0	0	0	0	0	0	0	0	0	0	0	0	0	352	0	0	0	0	0	
272948	Hippocampus_L	11402	1678	6524	158	0	0	4514	0	0	0	122	0	0	0	98	0	304	0	2014	1412	146	0	0	0	0	0	0	0	15276	0	0	0	0	0	5202	4412	0	4824	8188	592	5516	0	880	0	132	0	2276	238	0	0	272	0	184	0	12006	334	2126	0	144	0	458	0	0	0	104	0	3098	700	102	0	412	0	9624	0	792	0	9050	3518	2520	0	2206	0	2752	0	1810	0	372	0	7794	0	94	0	0	0	0	0	0	0	94	0	0	0	0	0	0	0	0	0	0	0	0	0	0	0	0	0	
461708	Hippocampus_R	908	3726	116	6700	0	108	0	4002	0	0	0	548	0	220	0	292	0	2514	118	2372	0	482	0	702	0	0	0	0	600	10276	102	1360	0	726	6482	10356	4824	0	1952	33594	0	10850	0	2566	0	0	0	5586	0	0	0	0	120	1856	430	44440	376	442	0	0	0	818	0	964	0	0	418	7862	172	1306	0	3950	0	19428	0	1778	808	9070	340	558	0	736	0	2116	152	1684	0	596	160	17332	0	0	0	0	0	0	0	404	0	0	0	0	0	0	0	0	0	0	0	0	456	0	0	0	0	0	
74892	ParaHippocampal_L	324	0	146	0	0	0	0	0	0	0	0	0	0	0	0	0	154	0	0	0	188	0	0	0	0	0	0	0	484	0	0	0	0	0	1834	1252	8188	1952	0	202	1732	0	968	0	166	0	3552	0	0	0	452	0	280	0	7578	0	390	0	108	0	0	0	0	0	0	0	2084	288	0	0	0	0	612	0	0	0	624	1402	526	0	284	0	278	0	362	0	0	0	924	0	0	0	0	0	0	0	112	0	0	0	0	0	0	0	0	0	0	0	0	0	0	0	0	0	0	0	
288924	ParaHippocampal_R	400	1708	0	5126	0	0	0	2828	0	0	0	426	0	210	0	206	0	1688	0	1562	0	208	0	648	0	0	0	0	224	3748	94	1246	0	476	1758	3806	592	33594	202	0	0	7022	0	1226	0	0	0	2558	0	0	0	0	0	1270	96	31446	186	228	0	0	0	224	0	268	0	0	0	3184	148	814	0	2184	0	14474	0	828	0	3510	0	164	0	212	0	3192	0	224	0	1924	0	6246	0	124	0	0	0	322	0	642	0	232	0	0	0	164	0	434	0	166	0	0	0	0	0	0	0	0	
31448	Amygdala_L	0	0	410	0	0	0	0	0	0	0	0	0	0	0	90	0	0	0	410	0	250	0	0	0	0	0	0	0	966	0	0	0	0	0	0	0	5516	0	1732	0	0	0	0	0	0	0	0	0	0	0	0	0	0	0	2534	0	0	0	0	0	0	0	0	0	0	0	0	0	0	0	0	0	594	0	0	0	106	0	0	0	0	0	1102	0	218	0	276	0	1520	0	0	0	0	0	0	0	0	0	0	0	0	0	0	0	0	0	0	0	0	0	0	0	0	0	0	0	
75844	Amygdala_R	0	0	0	112	0	162	0	0	0	0	0	0	0	0	0	370	0	0	0	0	0	978	0	324	0	0	0	0	0	2244	0	0	0	0	0	0	0	10850	0	7022	0	0	0	0	0	0	0	0	0	0	0	0	0	0	0	6766	0	0	0	0	0	0	0	0	0	0	0	0	0	0	0	0	0	2948	0	0	0	0	0	0	0	0	0	2448	0	648	0	936	0	2114	0	0	0	0	0	0	0	0	0	0	0	0	0	0	0	0	0	0	0	0	0	0	0	0	0	0	
222356	Calcarine_L	232	0	0	0	0	0	0	0	0	0	0	0	0	0	0	0	190	0	0	0	0	0	0	0	0	0	0	0	262	0	0	0	0	0	3626	0	880	0	968	0	0	0	0	3488	12428	2654	9652	1210	10362	1414	18162	140	9514	0	10760	0	1662	0	1308	0	524	0	0	0	0	0	12576	0	1222	0	0	0	0	0	0	0	0	0	280	0	452	0	0	0	1262	0	0	0	5950	0	0	0	0	0	0	0	0	0	0	0	0	0	0	0	0	0	0	0	0	0	0	0	0	0	0	0	
311988	Calcarine_R	0	254	0	108	0	0	0	0	0	0	0	0	0	0	0	0	0	0	0	574	0	0	0	0	0	0	0	0	0	424	0	0	0	2072	190	1732	0	2566	0	1226	0	0	3488	0	3276	24264	308	20346	140	20792	128	14282	0	8756	0	15460	0	120	0	218	0	134	0	156	0	0	0	17628	0	626	0	0	0	0	0	0	0	0	0	320	0	510	0	0	0	6420	0	0	0	9476	0	0	0	0	0	0	0	0	0	0	0	0	0	0	0	0	0	0	0	0	0	0	0	0	0	0	
200648	Cuneus_L	540	0	0	0	0	0	0	0	0	0	0	0	0	0	0	0	0	0	0	0	0	0	0	0	0	0	0	0	166	0	0	0	920	0	1586	192	132	0	166	0	0	0	12428	3276	0	5756	1414	220	20102	2496	15368	386	3372	0	2006	0	2014	0	7042	0	846	0	324	0	452	0	15286	974	1562	0	0	0	0	0	0	0	0	0	0	0	236	0	0	0	510	0	0	0	552	0	0	0	0	0	0	0	0	0	0	0	0	0	0	0	0	0	0	0	0	0	0	0	0	0	0	0	
224236	Cuneus_R	0	0	0	0	0	0	0	0	0	0	0	0	0	0	0	0	0	0	0	312	0	0	0	0	0	0	0	0	0	0	0	0	116	2910	0	636	0	0	0	0	0	0	2654	24264	5756	0	0	4220	142	28290	136	11784	0	5200	0	1426	0	0	0	462	0	0	0	0	0	0	3504	15052	0	310	0	0	0	0	0	0	0	0	0	0	0	0	0	0	0	2460	0	0	0	2484	0	0	0	0	0	0	0	0	0	0	0	0	0	0	0	0	0	0	0	0	0	0	0	0	0	0	
188820	Lingual_L	226	0	0	0	0	0	0	0	0	0	0	0	0	0	0	0	0	0	0	0	0	0	0	0	0	0	0	0	174	0	0	0	0	0	1160	0	2276	0	3552	0	0	0	9652	308	1414	0	0	494	4412	0	6414	0	3334	0	14618	0	286	0	132	0	0	0	0	0	0	0	5040	118	0	0	0	0	0	0	0	0	272	0	244	0	140	0	0	0	246	0	0	0	920	0	6154	626	1204	0	424	94	9806	638	10106	934	196	0	242	0	1108	478	0	0	126	264	3270	1830	128	334	538	478	
241116	Lingual_R	0	238	0	0	0	0	0	0	0	0	0	0	0	0	0	0	0	0	0	250	0	0	0	0	0	0	0	0	0	106	0	0	0	536	482	3030	238	5586	0	2558	0	0	1210	20346	220	4220	494	0	0	5792	0	5020	0	3312	0	17722	0	120	0	0	0	0	0	0	0	0	264	12498	0	398	0	132	0	0	0	0	0	706	0	0	0	0	0	0	0	598	0	0	0	1634	130	6810	0	1406	0	516	0	3804	238	8996	0	0	0	94	0	148	0	0	0	814	3874	4522	1158	114	224	0	
220052	Occipital_Sup_L	0	0	0	0	0	0	0	0	0	0	0	0	0	0	0	0	110	0	0	0	0	0	0	0	0	0	0	0	0	0	0	0	104	0	0	0	0	0	0	0	0	0	10362	140	20102	142	4412	0	0	0	32950	0	7442	0	2368	0	732	0	14620	0	1550	0	292	0	620	0	12408	0	216	0	0	0	0	0	0	0	0	0	0	0	340	0	0	0	396	0	0	0	720	0	0	0	0	0	0	0	0	0	0	0	0	0	0	0	0	0	0	0	0	0	0	0	0	0	0	0	
216336	Occipital_Sup_R	0	238	0	0	0	0	0	0	0	0	0	0	0	0	0	0	0	0	0	204	0	0	0	0	0	0	0	0	0	0	0	0	0	1356	0	0	0	0	0	0	0	0	1414	20792	2496	28290	0	5792	0	0	0	23326	0	5492	0	1718	0	262	0	3818	0	914	0	0	0	2476	620	4792	0	328	0	0	0	0	0	0	0	0	0	0	0	0	0	0	0	1788	0	0	0	2052	0	0	0	0	0	0	0	0	0	0	0	0	0	0	0	0	0	0	0	0	0	0	0	0	0	0	
550272	Occipital_Mid_L	3560	338	120	0	0	0	0	0	0	0	0	0	0	0	0	0	1070	0	0	384	0	0	0	0	0	0	0	0	816	0	0	0	0	378	636	0	272	0	452	0	0	0	18162	128	15368	136	6414	0	32950	0	0	0	43794	0	25028	0	10092	0	21182	0	16750	0	2216	0	20670	0	17862	0	510	382	124	0	0	0	0	0	0	0	152	0	2964	0	0	0	22934	0	0	0	9292	0	0	0	0	0	0	0	0	0	0	0	0	0	0	0	0	0	0	0	0	0	0	0	0	0	0	0	
241516	Occipital_Mid_R	0	550	0	0	0	0	0	0	0	0	0	0	0	0	0	0	0	0	0	430	0	0	0	0	0	0	0	0	0	0	0	0	0	1864	0	0	0	0	0	0	0	0	140	14282	386	11784	0	5020	0	23326	0	0	0	7996	0	2570	0	808	0	1720	0	4444	0	146	0	16700	180	6206	0	1566	0	0	0	0	0	0	0	0	0	0	0	186	0	0	0	14604	0	0	0	5850	0	0	0	0	0	0	0	0	0	0	0	0	0	0	0	0	0	0	0	0	0	0	0	0	0	0	
275044	Occipital_Inf_L	1864	424	0	0	0	0	0	0	0	0	0	0	0	0	0	0	328	0	0	570	0	0	0	0	0	0	0	0	344	0	0	0	0	564	824	0	184	120	280	0	0	0	9514	0	3372	0	3334	0	7442	0	43794	0	0	0	28266	118	6356	0	3538	0	2398	0	0	0	208	0	3768	0	474	564	0	0	0	0	0	0	0	0	90	0	356	0	0	0	10556	0	0	0	7754	118	0	0	0	0	0	0	0	0	0	0	0	0	0	0	0	0	0	0	0	0	0	0	0	0	0	0	
166856	Occipital_Inf_R	210	820	0	108	0	0	0	0	0	0	0	0	0	0	0	0	0	0	0	1076	0	0	0	0	0	0	0	0	130	262	0	0	0	1936	448	806	0	1856	0	1270	0	0	0	8756	0	5200	0	3312	0	5492	0	7996	0	0	0	13478	174	562	0	0	0	194	0	208	0	590	196	5722	0	1284	0	0	0	0	0	0	0	0	0	0	0	322	0	0	0	7244	0	0	0	12926	0	146	0	0	0	0	0	0	0	430	0	0	0	0	0	0	0	0	0	0	0	274	0	0	0	0	
494416	Fusiform_L	2904	494	984	0	0	0	524	0	0	0	0	0	0	0	0	0	1980	0	438	688	0	0	0	0	0	0	0	0	4766	0	0	0	0	674	2166	328	12006	430	7578	96	2534	0	10760	0	2006	0	14618	0	2368	0	25028	0	28266	0	0	156	5854	0	2186	0	1478	0	532	0	468	0	6390	0	326	632	0	0	1452	0	0	0	744	282	2382	0	4892	0	1612	0	10832	0	936	0	29596	138	20046	0	4728	0	0	0	6294	0	21524	0	428	0	994	0	172	0	0	0	0	0	206	292	0	0	0	0	
605304	Fusiform_R	500	3276	0	6146	0	0	0	3554	0	0	0	530	0	220	0	130	0	2350	0	3748	0	98	0	698	0	0	0	0	316	8496	102	1346	0	1718	1974	4200	334	44440	0	31446	0	6766	0	15460	0	1426	0	17722	0	1718	0	2570	118	13478	156	0	312	1686	0	206	0	2458	0	2770	0	1032	242	10762	174	3080	0	2102	0	16308	0	636	0	2360	0	566	0	3266	0	3252	98	5868	0	2150	0	34064	0	11954	0	266	0	288	0	5254	0	13546	0	0	0	154	0	0	0	0	0	194	1630	938	0	0	0	0	
294100	Postcentral_L	27626	1142	4146	0	0	0	1358	0	0	0	1408	0	0	0	0	0	5526	0	3262	1796	0	0	0	0	0	0	0	0	7040	0	0	0	280	1436	2250	276	2126	376	390	186	0	0	1662	0	2014	0	286	0	732	0	10092	0	6356	174	5854	312	0	0	8740	0	17518	0	7462	0	1072	0	5208	0	3756	1454	1078	0	906	0	146	0	728	92	1912	0	2692	0	0	0	3824	0	0	0	2054	302	0	0	0	0	0	0	0	0	0	0	0	0	0	0	0	0	0	0	0	0	0	0	0	0	0	0	
179480	Postcentral_R	0	18612	0	2820	0	0	0	2392	0	0	0	2954	0	0	0	0	0	3152	0	5628	0	0	0	0	0	0	0	0	0	872	0	0	0	5514	160	628	0	442	0	228	0	0	0	120	0	0	0	120	0	262	0	808	0	562	0	1686	0	0	0	4072	0	4468	0	8690	0	380	216	6664	0	12054	0	884	0	370	0	104	782	590	0	0	0	1064	0	0	0	1588	0	0	0	854	0	0	0	0	0	0	0	0	0	0	0	0	0	0	0	0	0	0	0	0	0	0	0	0	0	0	
219856	Parietal_Sup_L	942	0	0	0	0	0	0	0	0	0	0	0	0	0	0	0	198	0	0	0	0	0	0	0	0	0	0	0	214	0	0	0	120	0	106	0	144	0	108	0	0	0	1308	0	7042	0	132	0	14620	0	21182	0	3538	0	2186	0	8740	0	0	0	13246	0	1304	0	4318	0	23462	0	1058	0	0	0	0	0	0	0	0	0	0	0	1542	0	0	0	1596	0	0	0	2822	0	0	0	0	0	0	0	0	0	0	0	0	0	0	0	0	0	0	0	0	0	0	0	0	0	0	0	
78576	Parietal_Sup_R	0	1518	0	126	0	0	0	0	0	0	0	0	0	0	0	0	0	0	0	1168	0	0	0	0	0	0	0	0	0	0	0	0	0	708	0	0	0	0	0	0	0	0	0	218	0	462	0	0	0	3818	0	1720	0	0	0	206	0	4072	0	0	0	7600	0	4756	0	3724	318	4728	0	2910	0	114	0	0	0	0	0	0	0	252	0	350	0	0	0	242	0	0	0	278	0	0	0	0	0	0	0	0	0	0	0	0	0	0	0	0	0	0	0	0	0	0	0	0	0	0	
215456	Parietal_Inf_L	2654	0	314	0	0	0	238	0	0	0	0	0	0	0	0	0	0	0	0	0	0	0	0	0	0	0	0	0	646	0	0	0	0	0	0	0	458	0	0	0	0	0	524	0	846	0	0	0	1550	0	16750	0	2398	0	1478	0	17518	0	13246	0	0	0	13578	0	18806	0	4570	0	310	0	222	0	140	0	0	0	0	0	0	0	3040	0	0	0	6316	0	0	0	2126	0	0	0	0	0	0	0	0	0	0	0	0	0	0	0	0	0	0	0	0	0	0	0	0	0	0	0	
131032	Parietal_Inf_R	0	1904	0	424	0	0	0	138	0	0	0	0	0	0	0	0	0	0	0	708	0	0	0	0	0	0	0	0	0	90	0	0	0	166	0	0	0	818	0	224	0	0	0	134	0	0	0	0	0	914	0	4444	0	194	0	2458	0	4468	0	7600	0	0	0	21222	0	10314	0	1258	0	448	0	260	0	0	0	0	0	0	0	428	0	1920	0	0	0	2374	0	0	0	2608	0	0	0	0	0	0	0	0	0	0	0	0	0	0	0	0	0	0	0	0	0	0	0	0	0	0	
102744	SupraMarginal_L	308	0	150	0	0	0	0	0	0	0	0	0	0	0	0	0	1758	0	142	0	0	0	0	0	0	0	0	0	294	0	0	0	0	0	0	0	0	0	0	0	0	0	0	0	324	0	0	0	292	0	2216	0	0	0	532	0	7462	0	1304	0	13578	0	0	0	5040	0	1624	0	0	0	110	0	0	0	0	0	0	0	0	0	8120	0	0	0	6694	0	0	0	1424	0	0	0	0	0	0	0	0	0	0	0	0	0	0	0	0	0	0	0	0	0	0	0	0	0	0	0	
139936	SupraMarginal_R	0	2216	0	1274	0	0	0	874	0	0	0	0	0	0	0	0	0	1162	0	1420	0	0	0	0	0	0	0	0	0	112	0	0	0	118	0	0	0	964	0	268	0	0	0	156	0	0	0	0	0	0	0	146	0	208	0	2770	0	8690	0	4756	0	21222	0	0	0	5558	438	1102	0	350	0	674	0	0	0	0	0	542	0	452	0	6774	0	0	0	4042	0	0	0	3680	0	0	0	0	0	0	0	0	0	0	0	0	0	0	0	0	0	0	0	0	0	0	0	0	0	0	
143024	Angular_L	268	0	0	0	0	0	0	0	0	0	0	0	0	0	0	0	0	0	0	0	0	0	0	0	0	0	0	0	220	0	0	0	0	0	0	0	104	0	0	0	0	0	0	0	452	0	0	0	620	0	20670	0	208	0	468	0	1072	0	4318	0	18806	0	5040	0	0	0	3110	0	0	0	0	0	0	0	0	0	0	0	0	0	3654	0	0	0	9920	0	0	0	2582	0	0	0	0	0	0	0	0	0	0	0	0	0	0	0	0	0	0	0	0	0	0	0	0	0	0	0	
117472	Angular_R	0	326	0	90	0	0	0	0	0	0	0	0	0	0	0	0	0	0	0	406	0	0	0	0	0	0	0	0	0	0	0	0	0	322	0	0	0	0	0	0	0	0	0	0	0	0	0	0	0	2476	0	16700	0	590	0	1032	0	380	0	3724	0	10314	0	5558	0	0	0	1252	0	722	0	0	0	0	0	0	0	0	0	244	0	3274	0	0	0	9520	0	0	0	1806	0	0	0	0	0	0	0	0	0	0	0	0	0	0	0	0	0	0	0	0	0	0	0	0	0	0	
318564	Precuneus_L	1474	274	90	0	0	0	0	0	0	0	0	0	0	0	0	0	452	0	138	298	0	0	0	0	0	0	0	0	526	0	0	0	3548	506	6482	1092	3098	418	2084	0	0	0	12576	0	15286	3504	5040	264	12408	620	17862	180	3768	196	6390	242	5208	216	23462	318	4570	0	1624	438	3110	0	0	8488	3602	420	0	0	0	0	0	0	0	0	126	0	1846	284	0	0	1922	126	0	0	4308	398	0	0	0	0	0	0	0	0	0	0	0	0	0	0	0	0	0	0	0	0	0	0	0	0	0	0	
368396	Precuneus_R	0	4838	0	134	0	0	0	102	0	0	0	0	0	0	0	0	0	0	0	6830	0	0	0	0	0	0	0	0	0	446	0	0	572	14602	1404	9460	700	7862	288	3184	0	0	0	17628	974	15052	118	12498	0	4792	0	6206	0	5722	0	10762	0	6664	0	4728	0	1258	0	1102	0	1252	8488	0	0	14318	0	0	0	0	0	0	0	240	0	174	0	1536	0	0	0	8514	0	0	0	10932	0	0	0	0	0	0	0	262	0	0	0	0	0	0	0	0	0	0	0	0	556	0	0	0	0	0	
135588	Paracentral_Lobule_L	11254	4796	1976	192	0	0	0	0	0	0	0	0	0	0	0	0	0	0	6676	8864	0	0	0	0	0	0	0	0	602	0	0	0	7316	2100	2434	148	102	172	0	148	0	0	1222	0	1562	0	0	0	216	0	510	0	474	0	326	174	3756	0	1058	0	310	0	0	0	0	0	3602	0	0	5876	416	0	674	0	346	0	110	0	0	0	0	0	0	0	94	0	0	0	120	168	0	0	0	0	0	0	0	0	0	0	0	0	0	0	0	0	0	0	0	0	0	0	0	0	0	0	
301668	Paracentral_Lobule_R	4410	19710	404	218	0	0	0	0	0	0	0	0	0	0	0	0	0	0	540	35636	0	0	0	0	0	0	0	0	0	98	0	0	660	22520	2464	5096	0	1306	0	814	0	0	0	626	0	310	0	398	0	328	382	1566	564	1284	632	3080	1454	12054	0	2910	0	448	0	350	0	722	420	14318	5876	0	456	0	370	0	270	0	274	0	0	0	0	680	0	0	436	3516	0	0	520	2714	0	0	0	0	0	0	0	0	0	0	0	0	0	0	0	0	0	0	0	0	0	0	0	0	0	0	
314220	Caudate_L	5008	6148	10010	3604	3874	0	988	944	584	100	4748	1730	8916	310	4378	884	366	110	8026	4670	6736	5966	1034	1566	358	314	6230	1470	9434	1536	9318	6702	0	244	0	0	412	0	0	0	0	0	0	0	0	0	0	0	0	0	124	0	0	0	0	0	1078	0	0	0	222	0	110	0	0	0	0	0	416	456	0	14544	14798	1884	1158	0	5032	162	0	0	208	0	200	0	0	0	0	0	0	0	0	0	0	0	0	0	0	0	0	0	0	0	0	0	0	0	0	0	0	0	0	0	0	0	0	0	
443360	Caudate_R	236	5466	1374	21414	560	1304	178	2772	0	268	1190	1654	1656	800	932	2186	0	3850	3364	20338	3942	6072	602	9048	162	3590	2976	2308	1280	3698	8080	27584	0	590	220	224	0	3950	0	2184	0	0	0	0	0	0	0	132	0	0	0	0	0	0	0	2102	0	884	0	114	0	260	0	674	0	0	0	0	0	0	14544	0	1138	25318	0	7792	142	22232	0	176	0	0	0	0	0	0	0	0	0	120	0	0	0	0	0	0	0	0	0	0	0	0	0	0	0	0	0	0	0	0	0	0	0	0	0	0	
347176	Putamen_L	13854	4342	29902	506	7388	0	4774	490	1476	0	1016	192	3870	0	7998	0	270	0	19610	2682	1206	500	3298	90	222	0	1032	0	21106	0	4320	284	220	0	0	0	9624	0	612	0	594	0	0	0	0	0	0	0	0	0	0	0	0	0	1452	0	906	0	0	0	140	0	0	0	0	0	0	0	674	370	14798	1138	0	248	6846	0	3426	90	0	0	716	0	628	0	0	0	0	0	678	0	0	0	0	0	0	0	0	0	0	0	0	0	0	0	0	0	0	0	0	0	0	0	0	0	0	0	
395932	Putamen_R	98	2822	188	18854	0	1452	0	9362	0	646	0	2426	0	1604	0	1938	0	5808	296	4172	1210	2130	160	7948	0	3932	964	1264	0	18826	2980	14152	0	448	190	194	0	19428	0	14474	0	2948	0	0	0	0	0	0	0	0	0	0	0	0	0	16308	0	370	0	0	0	0	0	0	0	0	0	0	0	0	1884	25318	248	0	0	5278	0	4894	0	214	0	484	0	124	0	420	0	0	0	1510	0	0	0	0	0	0	0	0	0	0	0	0	0	0	0	0	0	0	0	0	0	0	0	0	0	0	
55568	Pallidum_L	2630	4462	2636	678	0	0	666	0	0	0	0	0	0	0	0	0	0	0	1814	2948	0	0	0	0	0	0	0	0	0	0	0	0	0	0	0	0	792	0	0	0	0	0	0	0	0	0	0	0	0	0	0	0	0	0	0	0	146	0	0	0	0	0	0	0	0	0	0	0	346	270	1158	0	6846	0	0	0	2392	0	0	0	0	0	0	0	0	0	0	0	0	0	0	0	0	0	0	0	0	0	0	0	0	0	0	0	0	0	0	0	0	0	0	0	0	0	0	0	
50580	Pallidum_R	0	242	92	1370	0	0	0	858	0	0	0	0	0	0	0	0	0	0	0	878	0	0	0	0	0	0	0	0	0	132	0	0	0	0	164	164	0	1778	0	828	0	0	0	0	0	0	0	0	0	0	0	0	0	0	0	636	0	104	0	0	0	0	0	0	0	0	0	0	0	0	0	7792	0	5278	0	0	0	4974	0	0	0	0	0	0	0	0	0	0	0	0	0	0	0	0	0	0	0	0	0	0	0	0	0	0	0	0	0	0	0	0	0	0	0	0	0	0	
129348	Thalamus_L	4312	9380	3522	768	0	0	2556	0	0	0	100	0	202	0	0	0	0	442	1228	6042	0	0	0	0	0	0	0	0	4428	0	0	0	0	0	606	940	9050	808	624	0	106	0	0	0	0	0	272	0	0	0	0	0	0	0	744	0	728	782	0	0	0	0	0	0	0	0	0	0	110	274	5032	142	3426	0	2392	0	0	3636	218	0	312	0	0	0	374	0	0	0	1118	0	0	0	0	0	0	0	0	0	0	0	0	0	0	0	0	0	0	0	0	0	0	0	0	0	0	0	
171832	Thalamus_R	530	6220	212	5302	0	0	126	524	0	0	0	190	0	0	0	0	0	300	0	3892	0	0	0	0	0	0	0	0	300	496	306	456	0	0	3874	4072	3518	9070	1402	3510	0	0	0	0	0	0	0	706	0	0	0	0	0	0	282	2360	92	590	0	0	0	0	0	542	0	0	0	240	0	0	162	22232	90	4894	0	4974	3636	0	340	0	0	0	0	0	0	0	0	0	116	360	0	0	0	0	0	0	0	0	0	0	0	0	0	0	0	0	0	0	0	0	0	0	0	0	0	0	
48248	Heschl_L	3468	0	526	0	0	0	268	0	0	0	0	0	0	0	0	0	2200	0	290	0	0	0	0	0	0	0	0	0	4464	0	0	0	0	0	400	372	2520	340	526	0	0	0	280	0	0	0	244	0	0	0	152	0	90	0	2382	0	1912	0	0	0	0	0	0	0	0	0	126	0	0	0	0	0	0	0	0	0	218	340	0	0	2002	0	0	0	196	0	0	0	808	0	0	0	0	0	0	0	0	0	0	0	0	0	0	0	0	0	0	0	0	0	0	0	0	0	0	0	
25328	Heschl_R	0	0	0	394	0	0	0	0	0	0	0	0	0	0	0	0	0	1342	0	454	0	0	0	0	0	0	0	0	0	2282	0	0	0	0	0	0	0	558	0	164	0	0	0	320	0	0	0	0	0	0	0	0	0	0	0	566	0	0	0	252	0	428	0	452	0	244	0	174	0	0	0	176	0	214	0	0	0	0	0	0	0	3582	0	0	0	618	0	0	0	444	0	0	0	0	0	0	0	0	0	0	0	0	0	0	0	0	0	0	0	0	0	0	0	0	0	0	
206468	Temporal_Sup_L	2026	0	3226	0	0	0	1158	0	0	0	2386	0	712	0	0	0	6690	0	2324	108	0	0	0	0	0	0	0	0	6410	0	128	0	0	0	142	0	2206	0	284	0	0	0	452	0	236	0	140	0	340	0	2964	0	356	0	4892	0	2692	0	1542	0	3040	0	8120	0	3654	0	1846	0	0	0	208	0	716	0	0	0	312	0	2002	0	0	0	3528	0	23382	0	0	0	15012	0	0	0	0	0	0	0	0	0	0	0	0	0	0	0	0	0	0	0	0	0	0	0	0	0	0	0	
114148	Temporal_Sup_R	0	284	0	314	0	0	0	164	0	0	0	226	0	0	0	412	0	2842	0	560	0	0	0	0	0	0	0	0	0	5402	0	0	0	464	0	0	0	736	0	212	0	0	0	510	0	0	0	0	0	0	0	186	0	322	0	3266	0	1064	0	350	0	1920	0	6774	0	3274	284	1536	0	680	0	0	0	484	0	0	0	0	0	3582	0	0	0	2270	0	13378	0	0	0	5578	0	0	0	0	0	0	0	0	0	0	0	0	0	0	0	0	0	0	0	0	0	0	0	0	0	0	
85064	Temporal_Pole_Sup_L	212	0	2416	0	0	0	484	0	0	0	4282	0	1112	0	1248	0	3186	0	1786	0	118	0	0	0	0	0	0	0	6418	0	0	0	0	0	0	0	2752	0	278	0	1102	0	0	0	0	0	0	0	0	0	0	0	0	0	1612	0	0	0	0	0	0	0	0	0	0	0	0	0	0	0	200	0	628	0	0	0	0	0	0	0	3528	0	0	0	4474	0	3010	0	3686	0	0	0	0	0	0	0	0	0	0	0	0	0	0	0	0	0	0	0	0	0	0	0	0	0	0	0	
53004	Temporal_Pole_Sup_R	0	0	0	134	0	0	0	0	0	0	0	244	0	0	0	866	0	404	0	98	0	376	0	0	0	0	0	0	0	1402	0	0	0	0	0	0	0	2116	0	3192	0	2448	0	0	0	0	0	0	0	0	0	0	0	0	0	3252	0	0	0	0	0	0	0	0	0	0	0	0	0	0	0	0	0	124	0	0	0	0	0	0	0	2270	0	0	0	1628	0	4984	0	2964	0	0	0	0	0	0	0	0	0	0	0	0	0	0	0	0	0	0	0	0	0	0	0	0	0	0	
296948	Temporal_Mid_L	1254	256	90	0	0	0	0	0	0	0	0	0	0	0	0	0	1088	0	0	482	0	0	0	0	0	0	0	0	764	0	0	0	0	480	682	114	1810	152	362	0	218	0	1262	0	510	0	246	0	396	0	22934	0	10556	0	10832	98	3824	0	1596	0	6316	0	6694	0	9920	0	1922	0	94	436	0	0	0	0	0	0	374	0	196	0	23382	0	4474	0	0	0	2562	0	31994	0	104	0	0	0	0	0	0	0	0	0	0	0	0	0	0	0	0	0	0	0	0	0	0	0	0	0	
254656	Temporal_Mid_R	0	890	0	118	0	0	0	0	0	0	0	0	0	0	0	244	0	284	0	1096	0	0	0	0	0	0	0	0	0	1806	0	0	0	2950	0	380	0	1684	0	224	0	648	0	6420	0	2460	0	598	0	1788	0	14604	0	7244	0	5868	0	1588	0	242	0	2374	0	4042	0	9520	126	8514	0	3516	0	0	0	420	0	0	0	0	0	618	0	13378	0	1628	0	0	0	2566	0	29490	0	0	0	0	0	0	0	0	0	0	0	0	0	0	0	0	0	0	0	0	0	0	0	0	0	0	
20952	Temporal_Pole_Mid_L	0	0	0	0	0	0	0	0	0	0	0	0	0	0	0	0	0	0	0	0	0	0	0	0	0	0	0	0	244	0	0	0	0	0	0	0	372	0	0	0	276	0	0	0	0	0	0	0	0	0	0	0	0	0	936	0	0	0	0	0	0	0	0	0	0	0	0	0	0	0	0	0	0	0	0	0	0	0	0	0	0	0	3010	0	2562	0	0	0	3076	0	0	0	0	0	0	0	0	0	0	0	0	0	0	0	0	0	0	0	0	0	0	0	0	0	0	0	
33260	Temporal_Pole_Mid_R	0	0	0	0	0	0	0	0	0	0	0	0	0	0	0	0	0	0	0	0	0	0	0	0	0	0	0	0	0	0	0	0	0	0	0	0	0	596	0	1924	0	936	0	0	0	0	0	0	0	0	0	0	0	0	0	2150	0	0	0	0	0	0	0	0	0	0	0	0	0	0	0	0	0	0	0	0	0	0	0	0	0	0	0	4984	0	2566	0	0	0	3474	0	0	0	0	0	0	0	0	0	0	0	0	0	0	0	0	0	0	0	0	0	0	0	0	0	0	
302364	Temporal_Inf_L	1062	246	738	0	0	0	346	0	0	0	0	0	0	0	0	0	1116	0	382	632	0	0	0	0	0	0	0	0	2622	0	0	0	0	622	948	142	7794	160	924	0	1520	0	5950	0	552	0	920	0	720	0	9292	0	7754	0	29596	0	2054	0	2822	0	2126	0	1424	0	2582	0	4308	0	120	520	0	0	678	0	0	0	1118	116	808	0	15012	0	3686	0	31994	0	3076	0	0	0	2688	0	504	0	0	0	0	0	1210	0	142	0	156	0	0	0	0	0	0	0	0	0	0	0	0	0	
365944	Temporal_Inf_R	492	2182	0	822	0	0	0	530	0	0	0	0	0	0	0	0	0	370	0	2584	0	0	0	0	0	0	0	0	312	5508	0	0	0	2194	1254	3966	0	17332	0	6246	0	2114	0	9476	0	2484	0	1634	0	2052	0	5850	118	12926	138	34064	302	854	0	278	0	2608	0	3680	0	1806	398	10932	168	2714	0	120	0	1510	0	0	0	360	0	444	0	5578	0	2964	0	29490	0	3474	0	0	0	644	0	0	0	0	0	0	0	0	0	0	0	0	0	0	0	0	0	0	0	0	0	0	0	0	
441732	Cerebelum_Crus1_L	0	0	0	0	0	0	0	0	0	0	0	0	0	0	0	0	0	0	0	0	0	0	0	0	0	0	0	0	0	0	0	0	0	0	0	0	94	0	0	0	0	0	0	0	0	0	6154	130	0	0	0	0	0	0	20046	0	0	0	0	0	0	0	0	0	0	0	0	0	0	0	0	0	0	0	0	0	0	0	0	0	0	0	0	0	104	0	0	0	2688	0	0	596	40964	4910	1542	106	21128	398	58640	948	15006	1542	23448	4214	3782	402	762	162	0	202	1634	4018	6408	470	368	0	
373408	Cerebelum_Crus1_R	0	0	0	0	0	0	0	0	0	0	0	0	0	0	0	0	0	0	0	0	0	0	0	0	0	0	0	0	0	0	0	0	0	0	0	0	0	0	0	124	0	0	0	0	0	0	626	6810	0	0	0	0	0	146	0	11954	0	0	0	0	0	0	0	0	0	0	0	0	0	0	0	0	0	0	0	0	0	0	0	0	0	0	0	0	0	0	0	0	0	644	596	0	228	28630	0	2906	726	23638	824	52662	0	4488	214	20810	122	2550	0	238	98	1842	13410	5880	5162	580	796	0	
356696	Cerebelum_Crus2_L	0	0	0	0	0	0	0	0	0	0	0	0	0	0	0	0	0	0	0	0	0	0	0	0	0	0	0	0	0	0	0	0	0	0	0	0	0	0	0	0	0	0	0	0	0	0	1204	0	0	0	0	0	0	0	4728	0	0	0	0	0	0	0	0	0	0	0	0	0	0	0	0	0	0	0	0	0	0	0	0	0	0	0	0	0	0	0	0	0	504	0	40964	228	0	6174	584	0	7000	92	19622	234	37602	3948	36924	4310	2452	0	746	0	0	104	750	1662	6538	1848	130	0	
305988	Cerebelum_Crus2_R	0	0	0	0	0	0	0	0	0	0	0	0	0	0	0	0	0	0	0	0	0	0	0	0	0	0	0	0	0	0	0	0	0	0	0	0	0	0	0	0	0	0	0	0	0	0	0	1406	0	0	0	0	0	0	0	266	0	0	0	0	0	0	0	0	0	0	0	0	0	0	0	0	0	0	0	0	0	0	0	0	0	0	0	0	0	0	0	0	0	0	4910	28630	6174	0	228	460	728	2596	1222	8734	2202	21374	4946	38694	2798	3724	324	584	0	336	1108	3098	14236	2690	1378	148	
59848	Cerebelum_3_L	0	0	0	0	0	0	0	0	0	0	0	0	0	0	0	0	0	0	0	0	0	0	0	0	0	0	0	0	0	0	0	0	0	0	0	0	0	0	0	0	0	0	0	0	0	0	424	0	0	0	0	0	0	0	0	0	0	0	0	0	0	0	0	0	0	0	0	0	0	0	0	0	0	0	0	0	0	0	0	0	0	0	0	0	0	0	0	0	0	0	1542	0	584	228	0	412	7410	196	3654	256	208	0	792	364	3174	1410	268	176	1050	1238	702	1650	1160	1422	1444	160	
66124	Cerebelum_3_R	0	0	0	0	0	0	0	0	0	0	0	0	0	0	0	0	0	0	0	0	0	0	0	0	0	0	0	0	0	0	0	0	0	0	0	0	0	0	0	322	0	0	0	0	0	0	94	516	0	0	0	0	0	0	0	288	0	0	0	0	0	0	0	0	0	0	0	0	0	0	0	0	0	0	0	0	0	0	0	0	0	0	0	0	0	0	0	0	0	0	106	2906	0	460	412	0	772	4888	596	5254	0	0	92	1106	316	1368	0	0	764	4528	2212	1558	1604	1058	1642	200	
255828	Cerebelum_4_5_L	0	0	0	0	0	0	0	0	0	0	0	0	0	0	0	0	0	0	0	0	0	0	0	0	0	0	0	0	0	0	0	0	0	0	0	0	0	0	112	0	0	0	0	0	0	0	9806	0	0	0	0	0	0	0	6294	0	0	0	0	0	0	0	0	0	0	0	0	0	0	0	0	0	0	0	0	0	0	0	0	0	0	0	0	0	0	0	0	0	0	0	21128	726	7000	728	7410	772	0	684	31430	1314	2150	164	5340	1068	6504	2574	438	276	580	1306	6766	4728	2080	2554	2844	1138	
217460	Cerebelum_4_5_R	0	0	0	0	0	0	0	0	0	0	0	0	0	0	0	0	0	0	0	0	0	0	0	0	0	0	0	0	0	0	0	0	0	0	0	0	0	404	0	642	0	0	0	0	0	0	638	3804	0	0	0	0	0	0	0	5254	0	0	0	0	0	0	0	0	0	0	0	262	0	0	0	0	0	0	0	0	0	0	0	0	0	0	0	0	0	0	0	0	0	0	398	23638	92	2596	196	4888	684	0	678	32470	0	250	0	3128	306	1908	0	796	130	2284	14972	2310	2622	1344	2036	0	
393388	Cerebelum_6_L	0	0	0	0	0	0	0	0	0	0	0	0	0	0	0	0	0	0	0	0	0	0	0	0	0	0	0	0	0	0	0	0	0	0	0	0	94	0	0	0	0	0	0	0	0	0	10106	238	0	0	0	0	0	0	21524	0	0	0	0	0	0	0	0	0	0	0	0	0	0	0	0	0	0	0	0	0	0	0	0	0	0	0	0	0	0	0	0	0	1210	0	58640	824	19622	1222	3654	596	31430	678	0	1566	5650	166	10390	1198	4340	2000	276	312	310	930	4468	7398	3084	2042	2216	510	
357228	Cerebelum_6_R	0	0	0	0	0	0	0	0	0	0	0	0	0	0	0	0	0	0	0	0	0	0	0	0	0	0	0	0	0	0	0	0	0	0	0	0	0	0	0	232	0	0	0	0	0	0	934	8996	0	0	0	0	0	430	0	13546	0	0	0	0	0	0	0	0	0	0	0	0	0	0	0	0	0	0	0	0	0	0	0	0	0	0	0	0	0	0	0	0	0	0	948	52662	234	8734	256	5254	1314	32470	1566	0	0	902	286	7432	446	2472	0	1012	158	3270	17280	8158	5448	1520	2654	0	
221096	Cerebelum_7b_L	0	0	0	0	0	0	0	0	0	0	0	0	0	0	0	0	0	0	0	0	0	0	0	0	0	0	0	0	0	0	0	0	0	0	0	0	0	0	0	0	0	0	0	0	0	0	196	0	0	0	0	0	0	0	428	0	0	0	0	0	0	0	0	0	0	0	0	0	0	0	0	0	0	0	0	0	0	0	0	0	0	0	0	0	0	0	0	0	142	0	15006	0	37602	2202	208	0	2150	0	5650	0	0	2260	33150	2578	2062	0	950	0	0	0	310	306	2754	2488	106	0	
132552	Cerebelum_7b_R	0	0	0	0	0	0	0	0	0	0	0	0	0	0	0	0	0	0	0	0	0	0	0	0	0	0	0	0	0	0	0	0	0	0	0	0	0	0	0	0	0	0	0	0	0	0	0	0	0	0	0	0	0	0	0	0	0	0	0	0	0	0	0	0	0	0	0	0	0	0	0	0	0	0	0	0	0	0	0	0	0	0	0	0	0	0	0	0	0	0	1542	4488	3948	21374	0	0	164	250	166	902	2260	0	2550	19768	634	624	0	0	0	0	0	0	5170	2312	124	0	
336068	Cerebelum_8_L	0	0	0	0	0	0	0	0	0	0	0	0	0	0	0	0	0	0	0	0	0	0	0	0	0	0	0	0	0	0	0	0	0	0	0	0	0	0	0	0	0	0	0	0	0	0	242	0	0	0	0	0	0	0	994	0	0	0	0	0	0	0	0	0	0	0	0	0	0	0	0	0	0	0	0	0	0	0	0	0	0	0	0	0	0	0	0	0	156	0	23448	214	36924	4946	792	92	5340	0	10390	286	33150	2550	0	8860	16228	1900	3226	250	0	182	810	882	5978	7832	2198	164	
333760	Cerebelum_8_R	0	0	0	0	0	0	0	0	0	0	0	0	0	0	0	0	0	0	0	0	0	0	0	0	0	0	0	0	0	0	0	0	0	0	0	0	0	0	0	164	0	0	0	0	0	0	0	94	0	0	0	0	0	0	0	154	0	0	0	0	0	0	0	0	0	0	0	0	0	0	0	0	0	0	0	0	0	0	0	0	0	0	0	0	0	0	0	0	0	0	4214	20810	4310	38694	364	1106	1068	3128	1198	7432	2578	19768	8860	0	4346	17326	300	1124	114	672	868	1684	13152	8718	4308	326	
149824	Cerebelum_9_L	0	0	0	0	0	0	0	0	0	0	0	0	0	0	0	0	0	0	0	0	0	0	0	0	0	0	0	0	0	0	0	0	0	0	0	0	0	0	0	0	0	0	0	0	0	0	1108	0	0	0	0	0	0	0	172	0	0	0	0	0	0	0	0	0	0	0	0	0	0	0	0	0	0	0	0	0	0	0	0	0	0	0	0	0	0	0	0	0	0	0	3782	122	2452	2798	3174	316	6504	306	4340	446	2062	634	16228	4346	0	3054	5530	564	292	422	1144	2188	4040	4262	3782	844	
159252	Cerebelum_9_R	0	0	0	0	0	0	0	0	0	0	0	0	0	0	0	0	0	0	0	0	0	0	0	0	0	0	0	0	0	0	0	0	0	0	0	0	0	0	0	434	0	0	0	0	0	0	478	148	0	0	0	0	0	0	0	0	0	0	0	0	0	0	0	0	0	0	0	0	0	0	0	0	0	0	0	0	0	0	0	0	0	0	0	0	0	0	0	0	0	0	402	2550	0	3724	1410	1368	2574	1908	2000	2472	0	624	1900	17326	3054	0	0	3208	792	1394	1804	4986	5002	8554	9964	1550	
26416	Cerebelum_10_L	0	0	0	0	0	0	0	0	0	0	0	0	0	0	0	0	0	0	0	0	0	0	0	0	0	0	0	0	0	0	0	0	0	0	0	0	0	0	0	0	0	0	0	0	0	0	0	0	0	0	0	0	0	0	0	0	0	0	0	0	0	0	0	0	0	0	0	0	0	0	0	0	0	0	0	0	0	0	0	0	0	0	0	0	0	0	0	0	0	0	762	0	746	324	268	0	438	0	276	0	950	0	3226	300	5530	0	0	0	0	0	0	0	388	0	0	0	
27536	Cerebelum_10_R	0	0	0	0	0	0	0	0	0	0	0	0	0	0	0	0	0	0	0	0	0	0	0	0	0	0	0	0	0	0	0	0	0	0	0	0	0	0	0	166	0	0	0	0	0	0	0	0	0	0	0	0	0	0	0	0	0	0	0	0	0	0	0	0	0	0	0	0	0	0	0	0	0	0	0	0	0	0	0	0	0	0	0	0	0	0	0	0	0	0	162	238	0	584	176	0	276	796	312	1012	0	0	250	1124	564	3208	0	0	0	0	108	644	1284	1246	1618	0	
24252	Vermis_1_2	0	0	0	0	0	0	0	0	0	0	0	0	0	0	0	0	0	0	0	0	0	0	0	0	0	0	0	0	0	0	0	0	0	0	0	0	0	0	0	0	0	0	0	0	0	0	126	0	0	0	0	0	0	0	0	0	0	0	0	0	0	0	0	0	0	0	0	0	0	0	0	0	0	0	0	0	0	0	0	0	0	0	0	0	0	0	0	0	0	0	0	98	0	0	1050	764	580	130	310	158	0	0	0	114	292	792	0	0	0	4202	904	754	290	552	702	308	
70784	Vermis_3	0	0	0	0	0	0	0	0	0	0	0	0	0	0	0	0	0	0	0	0	0	0	0	0	0	0	0	0	0	0	0	0	0	0	0	0	0	0	0	0	0	0	0	0	0	0	264	814	0	0	0	0	0	0	0	194	0	0	0	0	0	0	0	0	0	0	0	0	0	0	0	0	0	0	0	0	0	0	0	0	0	0	0	0	0	0	0	0	0	0	202	1842	104	336	1238	4528	1306	2284	930	3270	0	0	182	672	422	1394	0	0	4202	0	3806	2524	1586	1178	1838	276	
191664	Vermis_4_5	0	0	0	0	0	0	0	0	0	0	0	0	0	0	0	0	0	0	0	0	0	0	0	0	0	0	0	0	0	0	0	0	0	0	0	352	0	456	0	0	0	0	0	0	0	0	3270	3874	0	0	0	0	0	0	206	1630	0	0	0	0	0	0	0	0	0	0	0	556	0	0	0	0	0	0	0	0	0	0	0	0	0	0	0	0	0	0	0	0	0	0	1634	13410	750	1108	702	2212	6766	14972	4468	17280	310	0	810	868	1144	1804	0	108	904	3806	0	6160	1370	1192	2244	1466	
172636	Vermis_6	0	0	0	0	0	0	0	0	0	0	0	0	0	0	0	0	0	0	0	0	0	0	0	0	0	0	0	0	0	0	0	0	0	0	0	0	0	0	0	0	0	0	0	0	0	0	1830	4522	0	0	0	0	0	274	292	938	0	0	0	0	0	0	0	0	0	0	0	0	0	0	0	0	0	0	0	0	0	0	0	0	0	0	0	0	0	0	0	0	0	0	4018	5880	1662	3098	1650	1558	4728	2310	7398	8158	306	0	882	1684	2188	4986	0	644	754	2524	6160	0	6248	4118	5564	1944	
