data	data	647896	285384	1.3015e+06	1.13968e+06	155484	131276	757344	489900	133896	27692	280828	259480	273872	210492	203960	70428	239864	97864	684520	825468	54032	72368	690640	575760	42160	100196	69260	65456	706312	385280	529832	783964	143956	643148	85680	103512	237216	213060	47536	102336	37876	46832	143832	199768	104252	252068	173172	136968	186576	249556	512736	166644	183296	77336	264728	260052	364208	184912	172644	98580	294500	80788	143588	80800	245252	85608	309040	303560	327960	110244	441384	548868	383744	346876	61556	19980	254352	210672	114196	23032	236516	75944	93992	51828	347584	172052	23448	16092	321392	156096	397744	304528	230612	249748	29408	63160	237312	165040	370544	306280	184720	104584	182168	168060	54416	84928	7820	1428	39468	55208	163200	182652	167872	68704	58112	39824	
data	data	Precentral_L	Precentral_R	Frontal_Sup_L	Frontal_Sup_R	Frontal_Sup_Orb_L	Frontal_Sup_Orb_R	Frontal_Mid_L	Frontal_Mid_R	Frontal_Mid_Orb_L	Frontal_Mid_Orb_R	Frontal_Inf_Oper_L	Frontal_Inf_Oper_R	Frontal_Inf_Tri_L	Frontal_Inf_Tri_R	Frontal_Inf_Orb_L	Frontal_Inf_Orb_R	Rolandic_Oper_L	Rolandic_Oper_R	Supp_Motor_Area_L	Supp_Motor_Area_R	Olfactory_L	Olfactory_R	Frontal_Sup_Medial_L	Frontal_Sup_Medial_R	Frontal_Med_Orb_L	Frontal_Med_Orb_R	Rectus_L	Rectus_R	Insula_L	Insula_R	Cingulum_Ant_L	Cingulum_Ant_R	Cingulum_Mid_L	Cingulum_Mid_R	Cingulum_Post_L	Cingulum_Post_R	Hippocampus_L	Hippocampus_R	ParaHippocampal_L	ParaHippocampal_R	Amygdala_L	Amygdala_R	Calcarine_L	Calcarine_R	Cuneus_L	Cuneus_R	Lingual_L	Lingual_R	Occipital_Sup_L	Occipital_Sup_R	Occipital_Mid_L	Occipital_Mid_R	Occipital_Inf_L	Occipital_Inf_R	Fusiform_L	Fusiform_R	Postcentral_L	Postcentral_R	Parietal_Sup_L	Parietal_Sup_R	Parietal_Inf_L	Parietal_Inf_R	SupraMarginal_L	SupraMarginal_R	Angular_L	Angular_R	Precuneus_L	Precuneus_R	Paracentral_Lobule_L	Paracentral_Lobule_R	Caudate_L	Caudate_R	Putamen_L	Putamen_R	Pallidum_L	Pallidum_R	Thalamus_L	Thalamus_R	Heschl_L	Heschl_R	Temporal_Sup_L	Temporal_Sup_R	Temporal_Pole_Sup_L	Temporal_Pole_Sup_R	Temporal_Mid_L	Temporal_Mid_R	Temporal_Pole_Mid_L	Temporal_Pole_Mid_R	Temporal_Inf_L	Temporal_Inf_R	Cerebelum_Crus1_L	Cerebelum_Crus1_R	Cerebelum_Crus2_L	Cerebelum_Crus2_R	Cerebelum_3_L	Cerebelum_3_R	Cerebelum_4_5_L	Cerebelum_4_5_R	Cerebelum_6_L	Cerebelum_6_R	Cerebelum_7b_L	Cerebelum_7b_R	Cerebelum_8_L	Cerebelum_8_R	Cerebelum_9_L	Cerebelum_9_R	Cerebelum_10_L	Cerebelum_10_R	Vermis_1_2	Vermis_3	Vermis_4_5	Vermis_6	Vermis_7	Vermis_8	Vermis_9	Vermis_10	
647896	Precentral_L	0	718	31758	3468	0	0	35468	444	0	0	17460	0	3510	0	960	0	17652	0	13806	11438	0	0	1042	136	0	0	0	0	24376	0	1280	594	570	3722	2802	1362	11010	1016	826	0	0	0	0	0	0	0	466	146	0	0	3446	0	784	0	142	0	25030	0	482	0	6598	0	1712	0	5104	0	3924	0	35324	0	6564	854	6034	0	1316	0	20654	932	6404	0	4360	0	978	0	3754	0	0	0	3348	0	0	0	0	0	0	0	0	0	0	0	0	0	0	0	0	0	0	0	0	174	0	0	0	0	0	0	
285384	Precentral_R	718	0	2154	28588	0	0	136	9594	0	0	0	8916	0	732	0	0	0	7772	2134	1414	0	0	0	0	0	0	0	0	0	4370	0	104	0	0	276	302	200	4922	0	136	0	0	0	1162	0	1220	0	488	0	702	0	438	0	750	0	678	0	10992	0	0	0	0	0	440	0	0	0	3734	418	2890	862	14880	488	6096	0	1946	208	19096	0	500	0	1024	0	0	0	504	0	0	0	708	0	0	0	0	0	0	0	0	0	0	0	0	0	0	0	0	0	0	0	0	0	0	0	0	0	0	
1.3015e+06	Frontal_Sup_L	31758	2154	0	32834	11826	0	98412	8446	4970	0	5648	658	15296	634	11682	0	2992	0	82598	35222	0	0	68640	16210	2056	0	2712	0	30514	848	35028	18858	5810	22404	0	0	3452	0	148	0	0	0	0	0	0	0	132	144	0	0	136	0	0	0	324	0	2174	122	0	0	1342	0	0	0	332	0	252	0	7064	0	25592	7946	24422	762	3894	0	21214	498	538	0	1082	0	430	0	0	0	0	0	370	0	0	0	0	0	0	0	0	0	0	0	0	0	0	0	0	0	0	0	0	170	0	0	0	0	0	0	
1.13968e+06	Frontal_Sup_R	3468	28588	32834	0	0	12020	11944	55566	0	564	1642	10706	1084	12948	0	2766	434	280	25420	70252	0	162	22086	48682	0	3928	0	1900	2470	17796	11492	44778	2474	35084	254	258	746	4168	0	0	0	0	0	408	0	580	0	292	0	494	0	342	0	328	0	346	388	1196	0	0	346	0	0	0	0	0	0	650	1210	0	19380	36710	4598	11444	1154	300	3832	17802	168	116	0	400	0	0	0	264	0	0	0	296	0	0	0	0	0	0	0	0	0	0	0	0	0	0	0	0	0	0	0	0	0	0	0	0	0	0	
155484	Frontal_Sup_Orb_L	0	0	11826	0	0	0	1008	0	14192	0	0	0	1438	0	10016	0	0	0	0	0	1746	122	4668	448	5234	0	7486	0	7204	0	5480	530	0	0	0	0	152	0	164	0	200	0	0	0	0	0	0	0	0	0	0	0	0	0	0	0	0	0	0	0	0	0	0	0	0	0	0	0	0	0	410	0	4428	0	0	0	0	0	0	0	0	0	990	0	0	0	0	0	0	0	0	0	0	0	0	0	0	0	0	0	0	0	0	0	0	0	0	0	0	0	0	0	0	0	0	0	
131276	Frontal_Sup_Orb_R	0	0	0	12020	0	0	0	3340	0	4694	0	686	0	1306	0	2050	0	0	0	0	0	460	162	6024	0	6528	0	6632	0	4090	152	6254	0	0	0	0	0	0	0	0	0	0	0	0	0	0	0	0	0	0	0	0	0	0	0	0	0	0	0	0	0	0	0	0	0	0	0	0	0	0	0	3202	0	8038	0	0	0	0	0	0	0	0	0	0	0	0	0	0	0	0	0	0	0	0	0	0	0	0	0	0	0	0	0	0	0	0	0	0	0	0	0	0	0	0	0	0	
757344	Frontal_Mid_L	35468	136	98412	11944	1008	0	0	2618	4454	0	22900	0	33492	0	8788	0	10024	0	12214	8666	0	0	25036	5146	0	0	0	0	29454	0	10328	8866	1064	8250	0	0	1334	0	0	0	0	0	0	0	0	0	0	106	0	0	0	0	0	0	0	0	1252	0	0	0	112	0	0	0	0	0	0	0	378	0	13258	4998	1698	234	1172	0	13600	0	0	0	1236	0	1026	0	0	0	0	0	0	0	0	0	0	0	0	0	0	0	0	0	0	0	0	0	0	0	0	0	0	0	0	0	0	0	0	0	
489900	Frontal_Mid_R	444	9594	8446	55566	0	3340	2618	0	0	2024	536	15512	210	18618	0	6888	156	3994	6564	6992	0	0	5304	10454	0	364	0	122	932	18574	4554	14814	142	5594	150	144	184	1900	0	0	0	0	0	0	0	0	0	0	0	0	0	0	0	0	0	0	140	322	0	0	120	0	0	0	0	0	0	0	0	0	6660	13676	2512	13246	0	280	250	2644	0	0	0	172	0	194	0	0	0	0	0	0	0	0	0	0	0	0	0	0	0	0	0	0	0	0	0	0	0	0	0	0	0	0	0	0	0	0	
133896	Frontal_Mid_Orb_L	0	0	4970	0	14192	0	4454	0	0	0	0	0	2584	0	22262	0	0	0	140	0	1232	0	0	0	402	0	2990	0	7612	0	426	0	0	0	0	0	468	0	260	0	660	0	0	0	0	0	0	0	0	0	0	0	0	0	136	0	0	0	0	0	0	0	0	0	0	0	0	0	0	0	194	0	2694	0	0	0	0	0	0	0	0	0	1272	0	0	0	0	0	0	0	0	0	0	0	0	0	0	0	0	0	0	0	0	0	0	0	0	0	0	0	0	0	0	0	0	0	
27692	Frontal_Mid_Orb_R	0	0	0	564	0	4694	0	2024	0	0	0	0	0	216	0	2988	0	0	0	0	0	0	0	0	0	522	0	650	0	930	0	0	0	0	0	0	0	0	0	0	0	0	0	0	0	0	0	0	0	0	0	0	0	0	0	0	0	0	0	0	0	0	0	0	0	0	0	0	0	0	0	0	0	1258	0	0	0	0	0	0	0	0	0	0	0	0	0	0	0	0	0	0	0	0	0	0	0	0	0	0	0	0	0	0	0	0	0	0	0	0	0	0	0	0	0	0	
280828	Frontal_Inf_Oper_L	17460	0	5648	1642	0	0	22900	536	0	0	0	0	17578	0	1438	0	15998	0	824	1256	0	0	2306	0	0	0	0	0	28948	0	2388	536	0	1176	0	0	960	0	0	0	0	0	0	0	0	0	0	0	0	0	0	0	0	0	0	0	4456	0	0	0	506	0	0	0	0	0	0	0	0	0	1146	108	2154	0	310	0	1748	0	338	0	3640	0	4040	0	182	0	0	0	192	0	0	0	0	0	0	0	0	0	0	0	0	0	0	0	0	0	0	0	0	0	0	0	0	0	0	0	
259480	Frontal_Inf_Oper_R	0	8916	658	10706	0	686	0	15512	0	0	0	0	0	22424	0	454	0	9710	578	4106	0	0	758	1572	0	572	0	114	0	26036	1144	4530	0	456	0	0	0	1326	0	0	0	0	0	0	0	0	0	0	0	0	0	0	0	0	0	0	0	1138	0	0	0	0	0	108	0	0	0	0	0	0	506	6888	388	8582	0	276	0	276	0	258	0	378	0	684	0	0	0	0	0	0	0	0	0	0	0	0	0	0	0	0	0	0	0	0	0	0	0	0	0	0	0	0	0	0	0	0	
273872	Frontal_Inf_Tri_L	3510	0	15296	1084	1438	0	33492	210	2584	0	17578	0	0	0	13082	0	2354	0	1224	922	0	0	4318	292	0	0	264	0	29406	0	3552	986	0	860	0	0	0	0	0	0	0	0	0	0	0	0	0	0	0	0	0	0	0	0	0	0	932	0	0	0	0	0	0	0	0	0	0	0	0	0	180	104	424	0	0	0	130	0	0	0	870	0	1734	0	110	0	0	0	0	0	0	0	0	0	0	0	0	0	0	0	0	0	0	0	0	0	0	0	0	0	0	0	0	0	0	0	
210492	Frontal_Inf_Tri_R	0	732	634	12948	0	1306	0	18618	0	216	0	22424	0	0	0	3828	0	452	732	4492	0	0	598	2804	0	0	0	0	0	21164	468	3666	0	1372	0	0	0	796	0	0	0	0	0	0	0	0	0	0	0	0	0	0	0	0	0	0	0	140	0	0	0	0	0	0	0	0	0	0	0	0	386	2634	210	4224	0	0	0	124	0	0	0	0	0	278	0	0	0	0	0	0	0	0	0	0	0	0	0	0	0	0	0	0	0	0	0	0	0	0	0	0	0	0	0	0	0	0	
203960	Frontal_Inf_Orb_L	960	0	11682	0	10016	0	8788	0	22262	0	1438	0	13082	0	0	0	188	0	1370	0	1846	122	718	0	0	0	1420	0	18962	0	296	0	0	0	0	0	486	0	330	0	662	0	0	0	0	0	0	0	0	0	0	0	0	0	136	0	234	0	0	0	0	0	0	0	0	0	0	0	0	0	448	0	3928	0	0	0	0	0	0	0	0	0	2606	0	0	0	0	0	0	0	0	0	0	0	0	0	0	0	0	0	0	0	0	0	0	0	0	0	0	0	0	0	0	0	0	0	
70428	Frontal_Inf_Orb_R	0	0	0	2766	0	2050	0	6888	0	2988	0	454	0	3828	0	0	0	0	0	692	0	804	164	1078	0	0	0	520	0	9012	0	802	0	660	0	0	0	0	0	0	0	156	0	0	0	0	0	0	0	0	0	0	0	0	0	0	0	0	0	0	0	0	0	0	0	0	0	0	0	0	0	604	0	1548	0	0	0	0	0	0	0	0	0	200	0	0	0	0	0	0	0	0	0	0	0	0	0	0	0	0	0	0	0	0	0	0	0	0	0	0	0	0	0	0	0	0	
239864	Rolandic_Oper_L	17652	0	2992	434	0	0	10024	156	0	0	15998	0	2354	0	188	0	0	0	1900	594	0	0	464	0	0	0	0	0	26498	0	452	152	0	296	0	0	786	0	0	0	0	0	0	0	0	0	0	0	0	0	1540	0	606	0	112	0	8160	0	186	0	1148	0	2242	0	868	0	424	0	0	0	1098	0	1624	0	442	0	2188	0	2672	0	8602	0	3006	0	2142	0	0	0	1932	0	0	0	0	0	0	0	0	0	0	0	0	0	0	0	0	0	0	0	0	0	0	0	0	0	0	0	
97864	Rolandic_Oper_R	0	7772	0	280	0	0	0	3994	0	0	0	9710	0	452	0	0	0	0	0	176	0	0	0	0	0	0	0	0	0	10708	0	334	0	0	0	0	0	1184	0	0	0	0	0	0	0	0	0	0	0	0	0	0	0	0	0	0	0	3712	0	0	0	0	0	2414	0	0	0	0	0	0	0	400	0	2198	0	104	0	1132	0	1102	0	2496	0	450	0	166	0	0	0	148	0	0	0	0	0	0	0	0	0	0	0	0	0	0	0	0	0	0	0	0	0	0	0	0	0	0	
684520	Supp_Motor_Area_L	13806	2134	82598	25420	0	0	12214	6564	140	0	824	578	1224	732	1370	0	1900	0	0	47822	0	0	15150	6900	0	0	0	0	7002	818	6982	11150	9908	28174	986	188	1846	0	0	0	0	0	0	0	0	0	0	0	0	0	0	0	0	0	296	0	374	120	0	0	0	0	0	0	0	0	0	0	9548	0	15728	5052	15986	576	2924	0	3062	492	348	0	848	0	158	0	0	0	0	0	318	0	0	0	0	0	0	0	0	0	0	0	0	0	0	0	0	0	0	0	0	0	0	0	0	0	0	0	
825468	Supp_Motor_Area_R	11438	1414	35222	70252	0	0	8666	6992	0	0	1256	4106	922	4492	0	692	594	176	47822	0	0	0	6518	15786	0	110	0	0	2118	6116	3454	20232	7492	57704	354	8118	626	742	0	0	0	0	0	718	0	360	0	0	0	0	0	0	0	488	0	264	284	490	0	0	228	0	0	0	0	0	0	5888	14666	9130	17038	21318	3066	2694	1778	364	4210	5582	146	0	136	0	0	0	0	154	0	0	0	318	0	0	0	0	0	0	0	0	0	0	0	0	0	0	0	0	0	0	0	0	0	0	0	0	0	0	
54032	Olfactory_L	0	0	0	0	1746	0	0	0	1232	0	0	0	0	0	1846	0	0	0	0	0	0	4404	0	190	0	344	2016	1046	1762	0	1700	1646	0	0	0	0	120	0	182	0	190	0	0	0	0	0	0	0	0	0	0	0	0	0	0	0	0	0	0	0	0	0	0	0	0	0	0	0	0	0	4420	1424	2236	192	0	0	0	0	0	0	0	0	320	0	0	0	0	0	0	0	0	0	0	0	0	0	0	0	0	0	0	0	0	0	0	0	0	0	0	0	0	0	0	0	0	0	
72368	Olfactory_R	0	0	0	162	122	460	0	0	0	0	0	0	0	0	122	804	0	0	0	0	4404	0	0	312	0	576	1600	2536	0	2008	2314	2798	0	0	0	0	0	0	0	116	0	498	0	0	0	0	0	0	0	0	0	0	0	0	0	0	0	0	0	0	0	0	0	0	0	0	0	0	0	0	7084	4486	4420	1362	0	0	0	0	0	0	0	0	0	0	0	0	0	0	0	0	0	0	0	0	0	0	0	0	0	0	0	0	0	0	0	0	0	0	0	0	0	0	0	0	0	0	
690640	Frontal_Sup_Medial_L	1042	0	68640	22086	4668	162	25036	5304	0	0	2306	758	4318	598	718	164	464	0	15150	6518	0	0	0	40910	3048	1374	1510	0	11340	854	48306	36288	5440	23336	0	0	146	0	0	0	0	0	0	0	0	0	0	0	0	0	0	0	0	0	0	0	0	0	0	0	0	0	0	0	0	0	0	0	0	0	2254	4114	6062	1042	122	0	724	0	0	0	120	0	398	0	0	0	0	0	0	0	0	0	0	0	0	0	0	0	0	0	0	0	0	0	0	0	0	0	0	0	0	0	0	0	0	0	
575760	Frontal_Sup_Medial_R	136	0	16210	48682	448	6024	5146	10454	0	0	0	1572	292	2804	0	1078	0	0	6900	15786	190	312	40910	0	694	10482	0	2758	1162	4510	15502	47024	1396	31288	0	0	0	0	0	0	0	0	0	0	0	0	0	0	0	0	0	0	0	0	0	0	0	0	0	0	0	0	0	0	0	0	0	0	0	0	754	8224	750	6392	0	0	0	0	0	0	0	0	0	0	0	0	0	0	0	0	0	0	0	0	0	0	0	0	0	0	0	0	0	0	0	0	0	0	0	0	0	0	0	0	0	0	
42160	Frontal_Med_Orb_L	0	0	2056	0	5234	0	0	0	402	0	0	0	0	0	0	0	0	0	0	0	0	0	3048	694	0	1374	3006	0	0	0	4608	300	0	0	0	0	0	0	0	0	0	0	0	0	0	0	0	0	0	0	0	0	0	0	0	0	0	0	0	0	0	0	0	0	0	0	0	0	0	0	126	0	232	0	0	0	0	0	0	0	0	0	0	0	0	0	0	0	0	0	0	0	0	0	0	0	0	0	0	0	0	0	0	0	0	0	0	0	0	0	0	0	0	0	0	0	
100196	Frontal_Med_Orb_R	0	0	0	3928	0	6528	0	364	0	522	0	572	0	0	0	0	0	0	0	110	344	576	1374	10482	1374	0	0	7142	0	720	2266	6164	0	118	0	0	0	0	0	0	0	0	0	0	0	0	0	0	0	0	0	0	0	0	0	0	0	0	0	0	0	0	0	0	0	0	0	0	0	0	512	3428	450	3124	0	0	0	0	0	0	0	0	0	0	0	0	0	0	0	0	0	0	0	0	0	0	0	0	0	0	0	0	0	0	0	0	0	0	0	0	0	0	0	0	0	0	
69260	Rectus_L	0	0	2712	0	7486	0	0	0	2990	0	0	0	264	0	1420	0	0	0	0	0	2016	1600	1510	0	3006	0	0	136	992	0	5296	1074	0	0	0	0	0	0	0	0	0	0	0	0	0	0	0	0	0	0	0	0	0	0	0	0	0	0	0	0	0	0	0	0	0	0	0	0	0	0	2440	178	1402	0	0	0	0	0	0	0	0	0	108	0	0	0	0	0	0	0	0	0	0	0	0	0	0	0	0	0	0	0	0	0	0	0	0	0	0	0	0	0	0	0	0	0	
65456	Rectus_R	0	0	0	1900	0	6632	0	122	0	650	0	114	0	0	0	520	0	0	0	0	1046	2536	0	2758	0	7142	136	0	0	1122	290	2236	0	0	0	0	0	0	0	0	0	122	0	0	0	0	0	0	0	0	0	0	0	0	0	0	0	0	0	0	0	0	0	0	0	0	0	0	0	0	1290	1750	942	1420	0	0	0	0	0	0	0	0	0	0	0	0	0	0	0	0	0	0	0	0	0	0	0	0	0	0	0	0	0	0	0	0	0	0	0	0	0	0	0	0	0	0	
706312	Insula_L	24376	0	30514	2470	7204	0	29454	932	7612	0	28948	0	29406	0	18962	0	26498	0	7002	2118	1762	0	11340	1162	0	0	992	0	0	0	10710	2010	0	1386	338	0	15480	0	1358	0	2478	0	0	0	0	0	0	0	0	0	1554	0	274	0	3392	0	5526	0	0	0	1494	0	2052	0	1512	0	898	0	118	0	3644	630	19428	140	562	0	4628	0	8754	0	13350	0	7956	0	4846	0	0	0	7886	0	0	0	0	0	0	0	0	0	0	0	0	0	0	0	0	0	0	0	0	0	0	0	0	0	0	0	
385280	Insula_R	0	4370	848	17796	0	4090	0	18574	0	930	0	26036	0	21164	0	9012	0	10708	818	6116	0	2008	854	4510	0	720	0	1122	0	0	950	7158	0	1456	0	0	0	6356	0	726	0	584	0	0	0	0	0	144	0	0	0	0	0	0	0	1088	0	1358	0	0	0	0	0	126	0	0	0	0	0	0	574	9482	492	23458	0	164	0	360	0	2308	0	3206	0	2572	0	144	0	0	0	258	0	0	0	0	0	0	0	0	0	0	0	0	0	0	0	0	0	0	0	0	0	0	0	0	0	0	
529832	Cingulum_Ant_L	1280	0	35028	11492	5480	152	10328	4554	426	0	2388	1144	3552	468	296	0	452	0	6982	3454	1700	2314	48306	15502	4608	2266	5296	290	10710	950	0	39116	7362	10262	924	0	110	0	0	0	0	0	0	0	0	0	0	0	0	0	0	0	0	0	0	0	0	0	0	0	0	0	0	0	0	0	0	0	0	0	6480	7790	10658	1762	0	0	760	0	0	0	0	0	274	0	0	0	0	0	0	0	0	0	0	0	0	0	0	0	0	0	0	0	0	0	0	0	0	0	0	0	0	0	0	0	0	0	
783964	Cingulum_Ant_R	594	104	18858	44778	530	6254	8866	14814	0	0	536	4530	986	3666	0	802	152	334	11150	20232	1646	2798	36288	47024	300	6164	1074	2236	2010	7158	39116	0	3998	39082	0	114	0	114	0	0	0	0	0	0	0	0	0	0	0	0	0	0	0	0	0	0	0	0	0	0	0	0	0	0	0	0	0	0	0	0	10094	34050	3926	16876	0	0	242	306	0	0	0	0	0	180	0	0	0	0	0	0	0	0	0	0	0	0	0	0	0	0	0	0	0	0	0	0	0	0	0	0	0	0	0	0	0	0	
143956	Cingulum_Mid_L	570	0	5810	2474	0	0	1064	142	0	0	0	0	0	0	0	0	0	0	9908	7492	0	0	5440	1396	0	0	0	0	0	0	7362	3998	0	15746	4230	966	0	0	0	0	0	0	0	0	0	0	0	0	0	0	0	0	0	0	0	0	374	0	0	0	0	0	0	0	0	0	1282	182	3542	0	0	0	0	0	0	0	0	0	0	0	0	0	0	0	0	0	0	0	0	0	0	0	0	0	0	0	0	0	0	0	0	0	0	0	0	0	0	0	0	0	0	0	0	0	0	0	
643148	Cingulum_Mid_R	3722	0	22404	35084	0	0	8250	5594	0	0	1176	456	860	1372	0	660	296	0	28174	57704	0	0	23336	31288	0	118	0	0	1386	1456	10262	39082	15746	0	390	7188	234	0	0	0	0	0	0	104	0	194	0	0	0	0	0	0	0	0	0	0	210	348	0	0	200	0	0	0	0	0	192	6168	4916	6870	1776	2888	458	618	0	0	290	104	0	0	0	0	0	0	0	0	0	0	0	0	0	0	0	0	0	0	0	0	0	0	0	0	0	0	0	0	0	0	0	0	0	0	0	0	0	0	
85680	Cingulum_Post_L	2802	276	0	254	0	0	0	150	0	0	0	0	0	0	0	0	0	0	986	354	0	0	0	0	0	0	0	0	338	0	924	0	4230	390	0	4894	4642	2790	152	0	0	0	2710	0	0	0	226	0	0	0	408	0	406	0	0	0	778	0	0	0	0	0	0	0	0	0	4784	190	5232	0	0	0	112	0	0	0	1570	1888	204	0	0	0	0	0	604	0	0	0	546	0	0	0	0	0	0	0	0	0	0	0	0	0	0	0	0	0	0	0	0	0	0	0	0	0	0	0	
103512	Cingulum_Post_R	1362	302	0	258	0	0	0	144	0	0	0	0	0	0	0	0	0	0	188	8118	0	0	0	0	0	0	0	0	0	0	0	114	966	7188	4894	0	1572	4776	0	0	0	0	0	1212	0	0	0	1278	0	0	0	0	0	100	0	0	0	154	0	0	0	0	0	0	0	0	0	7052	4186	2900	0	0	0	0	0	0	2098	2580	0	0	0	0	0	0	0	0	0	0	0	0	0	0	0	0	0	0	0	0	0	0	0	0	0	0	0	0	0	0	0	0	314	0	0	0	0	0	
237216	Hippocampus_L	11010	200	3452	746	152	0	1334	184	468	0	960	0	0	0	486	0	786	0	1846	626	120	0	146	0	0	0	0	0	15480	0	110	0	0	234	4642	1572	0	1532	8672	0	6824	0	1584	0	0	0	1188	326	0	0	0	0	0	0	11720	0	2352	0	0	0	0	0	0	0	0	0	3704	0	2344	0	1090	0	10958	0	692	0	4442	1278	3208	0	2368	0	1956	0	250	0	0	0	6746	0	0	0	0	0	154	0	0	0	130	0	0	0	0	0	0	0	0	0	0	536	0	0	0	0	0	0	
213060	Hippocampus_R	1016	4922	0	4168	0	0	0	1900	0	0	0	1326	0	796	0	0	0	1184	0	742	0	0	0	0	0	0	0	0	0	6356	0	114	0	0	2790	4776	1532	0	0	16102	0	8892	0	322	0	0	0	2950	0	0	0	0	0	106	0	16850	0	1036	0	0	0	0	0	0	0	0	0	2232	1006	0	0	846	0	12674	0	366	1804	4448	0	520	0	1246	0	642	0	326	0	118	0	1490	0	0	0	0	0	0	0	514	0	132	0	0	0	0	0	0	0	0	0	0	286	0	0	0	0	0	
47536	ParaHippocampal_L	826	0	148	0	164	0	0	0	260	0	0	0	0	0	330	0	0	0	0	0	182	0	0	0	0	0	0	0	1358	0	0	0	0	0	152	0	8672	0	0	0	2328	0	0	0	0	0	1156	160	0	0	0	0	0	0	3500	0	192	0	0	0	0	0	0	0	0	0	182	0	106	0	0	0	2018	0	278	0	0	0	0	0	128	0	592	0	0	0	226	0	490	0	0	0	0	0	168	0	0	0	0	0	0	0	0	0	0	0	0	0	0	152	0	0	0	0	0	0	
102336	ParaHippocampal_R	0	136	0	0	0	0	0	0	0	0	0	0	0	0	0	0	0	0	0	0	0	116	0	0	0	0	0	0	0	726	0	0	0	0	0	0	0	16102	0	0	0	6490	0	128	0	0	0	2620	0	0	0	0	0	0	0	15364	0	150	0	0	0	0	0	0	0	0	0	372	0	0	0	0	0	1296	0	0	0	202	0	0	0	0	0	2788	0	0	0	992	0	786	0	372	0	122	0	0	0	1752	0	654	0	0	0	0	0	0	0	0	0	0	0	0	0	0	0	0	
37876	Amygdala_L	0	0	0	0	200	0	0	0	660	0	0	0	0	0	662	0	0	0	0	0	190	0	0	0	0	0	0	0	2478	0	0	0	0	0	0	0	6824	0	2328	0	0	0	0	0	0	0	0	0	0	0	0	0	0	0	3520	0	0	0	0	0	0	0	0	0	0	0	0	0	0	0	322	0	560	0	0	0	0	0	0	0	0	0	882	0	0	0	0	0	312	0	0	0	0	0	0	0	0	0	0	0	0	0	0	0	0	0	0	0	0	0	0	0	0	0	0	0	
46832	Amygdala_R	0	0	0	0	0	0	0	0	0	0	0	0	0	0	0	156	0	0	0	0	0	498	0	0	0	0	0	122	0	584	0	0	0	0	0	0	0	8892	0	6490	0	0	0	0	0	0	0	0	0	0	0	0	0	0	0	4192	0	0	0	0	0	0	0	0	0	0	0	0	0	0	0	114	0	180	0	0	0	146	0	0	0	0	0	1920	0	0	0	122	0	0	0	0	0	0	0	0	0	0	0	0	0	0	0	0	0	0	0	0	0	0	0	0	0	0	0	0	
143832	Calcarine_L	0	0	0	0	0	0	0	0	0	0	0	0	0	0	0	0	0	0	0	0	0	0	0	0	0	0	0	0	0	0	0	0	0	0	2710	0	1584	0	0	0	0	0	0	4212	5054	3456	8968	1006	5470	322	18046	0	9458	0	1264	0	206	0	0	0	0	0	0	0	0	0	7554	1142	174	0	0	0	0	0	0	0	0	0	0	0	0	0	0	0	910	0	0	0	380	0	0	0	0	0	0	0	0	0	0	0	0	0	0	0	0	0	0	0	0	0	0	0	0	0	0	0	
199768	Calcarine_R	0	1162	0	408	0	0	0	0	0	0	0	0	0	0	0	0	0	0	0	718	0	0	0	0	0	0	0	0	0	0	0	0	0	104	0	1212	0	322	0	128	0	0	4212	0	1314	22664	184	8942	0	14012	0	10378	0	6468	0	6420	0	1238	0	558	0	0	0	0	0	0	152	15532	0	1456	0	0	0	116	0	0	0	0	0	122	0	284	0	0	0	1362	0	0	0	416	0	0	0	0	0	0	0	0	0	0	0	0	0	0	0	0	0	0	0	0	0	0	0	0	0	0	
104252	Cuneus_L	0	0	0	0	0	0	0	0	0	0	0	0	0	0	0	0	0	0	0	0	0	0	0	0	0	0	0	0	0	0	0	0	0	0	0	0	0	0	0	0	0	0	5054	1314	0	2018	1072	0	15640	320	14216	0	672	0	0	0	2646	0	486	0	0	0	0	0	0	0	5308	104	2554	0	0	0	0	0	0	0	0	0	0	0	0	0	0	0	450	0	0	0	272	0	0	0	0	0	0	0	0	0	0	0	0	0	0	0	0	0	0	0	0	0	0	0	0	0	0	0	
252068	Cuneus_R	0	1220	0	580	0	0	0	0	0	0	0	0	0	0	0	0	0	0	0	360	0	0	0	0	0	0	0	0	0	0	0	0	0	194	0	0	0	0	0	0	0	0	3456	22664	2018	0	0	1894	0	35280	0	12102	0	2434	0	1236	0	3538	0	2356	0	902	0	1156	0	390	1448	24772	0	3204	0	0	0	0	0	0	0	808	0	0	0	156	0	0	0	2180	0	0	0	1686	0	0	0	0	0	0	0	0	0	0	0	0	0	0	0	0	0	0	0	0	0	0	0	0	0	0	
173172	Lingual_L	466	0	132	0	0	0	0	0	0	0	0	0	0	0	0	0	0	0	0	0	0	0	0	0	0	0	0	0	0	0	0	0	0	0	226	0	1188	0	1156	0	0	0	8968	184	1072	0	0	592	2044	0	17390	0	15244	0	8796	0	238	0	290	0	216	0	0	0	150	0	3090	0	452	0	0	0	186	0	0	0	534	0	0	0	0	0	0	0	616	0	0	0	270	0	5080	178	0	0	112	0	6496	0	8006	214	0	0	0	0	0	0	0	0	0	140	1232	1380	248	0	0	0	
136968	Lingual_R	146	488	144	292	0	0	106	0	0	0	0	0	0	0	0	0	0	0	0	0	0	0	0	0	0	0	0	0	0	144	0	0	0	0	0	1278	326	2950	160	2620	0	0	1006	8942	0	1894	592	0	0	1866	0	2984	0	2380	468	11554	0	216	0	0	0	0	0	0	0	0	0	3034	0	0	0	0	144	1168	0	0	192	1452	0	0	0	0	0	0	0	0	0	0	0	194	874	3682	0	0	0	0	436	3672	1228	5398	0	0	0	0	0	0	0	0	0	0	3292	2614	548	0	0	0	
186576	Occipital_Sup_L	0	0	0	0	0	0	0	0	0	0	0	0	0	0	0	0	0	0	0	0	0	0	0	0	0	0	0	0	0	0	0	0	0	0	0	0	0	0	0	0	0	0	5470	0	15640	0	2044	0	0	0	29478	0	1660	0	0	0	5294	0	12798	0	2434	0	0	0	204	0	12496	0	4912	0	0	0	0	0	0	0	0	0	0	0	144	0	0	0	412	0	0	0	302	0	0	0	0	0	0	0	0	0	0	0	0	0	0	0	0	0	0	0	0	0	0	0	0	0	0	0	
249556	Occipital_Sup_R	0	702	0	494	0	0	0	0	0	0	0	0	0	0	0	0	0	0	0	0	0	0	0	0	0	0	0	0	0	0	0	0	0	0	0	0	0	0	0	0	0	0	322	14012	320	35280	0	1866	0	0	0	16390	0	2628	0	1680	0	4896	0	6976	0	1836	0	1350	0	4220	1186	19362	0	1600	0	0	0	0	0	0	0	1208	0	0	0	166	0	0	0	4172	0	0	0	4112	0	0	0	0	0	0	0	0	0	0	0	0	0	0	0	0	0	0	0	0	0	0	0	0	0	0	
512736	Occipital_Mid_L	3446	0	136	0	0	0	0	0	0	0	0	0	0	0	0	0	1540	0	0	0	0	0	0	0	0	0	0	0	1554	0	0	0	0	0	408	0	0	0	0	0	0	0	18046	0	14216	0	17390	0	29478	0	0	0	30732	0	5022	0	11878	0	17116	0	15064	0	1632	0	19070	0	24004	0	7206	0	0	0	0	0	0	0	0	0	2404	0	3238	0	0	0	22674	0	0	0	10114	0	0	0	0	0	0	0	0	0	0	0	0	0	0	0	0	0	0	0	0	0	0	0	0	0	0	0	
166644	Occipital_Mid_R	0	438	0	342	0	0	0	0	0	0	0	0	0	0	0	0	0	0	0	0	0	0	0	0	0	0	0	0	0	0	0	0	0	0	0	0	0	0	0	0	0	0	0	10378	0	12102	0	2984	0	16390	0	0	0	6172	0	4020	0	452	0	794	0	2106	0	180	0	6098	378	4760	0	474	0	0	0	0	0	0	0	0	0	0	0	644	0	0	0	11312	0	0	0	3298	0	0	0	0	0	0	0	0	0	0	0	0	0	0	0	0	0	0	0	0	0	0	0	0	0	0	
183296	Occipital_Inf_L	784	0	0	0	0	0	0	0	0	0	0	0	0	0	0	0	606	0	0	0	0	0	0	0	0	0	0	0	274	0	0	0	0	0	406	0	0	0	0	0	0	0	9458	0	672	0	15244	0	1660	0	30732	0	0	0	7404	0	950	0	922	0	756	0	210	0	694	0	3436	0	1752	0	0	0	0	0	0	0	0	0	442	0	694	0	0	0	7408	0	0	0	6336	0	178	0	0	0	0	0	224	0	406	0	0	0	0	0	0	0	0	0	0	0	0	0	0	0	0	0	
77336	Occipital_Inf_R	0	750	0	328	0	0	0	0	0	0	0	0	0	0	0	0	0	0	0	488	0	0	0	0	0	0	0	0	0	0	0	0	0	0	0	100	0	106	0	0	0	0	0	6468	0	2434	0	2380	0	2628	0	6172	0	0	0	6790	0	930	0	0	0	0	0	0	0	0	0	2590	0	506	0	0	0	0	0	0	0	0	0	218	0	416	0	0	0	1544	0	0	0	3820	0	0	0	0	0	0	0	0	0	0	0	0	0	0	0	0	0	0	0	0	0	0	0	0	0	0	
264728	Fusiform_L	142	0	324	0	0	0	0	0	136	0	0	0	0	0	136	0	112	0	296	0	0	0	0	0	0	0	0	0	3392	0	0	0	0	0	0	0	11720	0	3500	0	3520	0	1264	0	0	0	8796	468	0	0	5022	0	7404	0	0	104	0	0	0	0	0	0	0	0	0	0	998	0	0	0	0	0	1376	0	0	0	0	0	152	0	1498	0	1998	0	2224	0	1646	0	11130	0	21354	276	744	0	116	0	11524	0	24892	370	496	0	584	0	0	0	0	0	0	0	1698	2542	410	0	0	0	
260052	Fusiform_R	0	678	0	346	0	0	0	0	0	0	0	0	0	0	0	0	0	0	0	264	0	0	0	0	0	0	0	0	0	1088	0	0	0	0	0	0	0	16850	0	15364	0	4192	0	6420	0	1236	0	11554	0	1680	0	4020	0	6790	104	0	0	654	0	0	0	0	0	0	0	0	0	1174	0	128	0	0	0	736	0	0	0	0	0	460	0	508	0	5670	0	2622	0	2762	0	13340	340	9370	0	614	0	0	346	4934	376	11306	0	0	0	300	0	0	0	0	0	0	2240	1362	198	0	0	0	
364208	Postcentral_L	25030	0	2174	388	0	0	1252	140	0	0	4456	0	932	0	234	0	8160	0	374	284	0	0	0	0	0	0	0	0	5526	0	0	0	374	210	778	0	2352	0	192	0	0	0	206	0	2646	0	238	0	5294	0	11878	0	950	0	0	0	0	0	11078	0	27548	0	13902	0	10174	0	13652	0	15860	0	364	0	1786	0	528	0	2174	0	2570	0	4020	0	0	0	2760	0	0	0	1620	0	0	0	0	0	0	0	0	0	0	0	0	0	0	0	0	0	0	0	0	0	0	0	0	0	0	0	
184912	Postcentral_R	0	10992	122	1196	0	0	0	322	0	0	0	1138	0	140	0	0	0	3712	120	490	0	0	0	0	0	0	0	0	0	1358	0	0	0	348	0	154	0	1036	0	150	0	0	0	1238	0	3538	0	216	0	4896	0	452	0	930	0	654	0	0	0	10130	0	6562	0	9632	0	984	156	11476	0	5606	0	372	0	2694	0	208	0	6070	0	0	0	798	0	0	0	2120	0	0	0	2446	0	0	0	0	0	0	0	0	0	0	0	0	0	0	0	0	0	0	0	0	0	0	0	0	0	0	
172644	Parietal_Sup_L	482	0	0	0	0	0	0	0	0	0	0	0	0	0	0	0	186	0	0	0	0	0	0	0	0	0	0	0	0	0	0	0	0	0	0	0	0	0	0	0	0	0	0	0	486	0	290	0	12798	0	17116	0	922	0	0	0	11078	0	0	0	12722	0	192	0	5470	0	17076	0	5268	0	0	0	0	0	0	0	0	0	0	0	304	0	0	0	1056	0	0	0	876	0	0	0	0	0	0	0	0	0	0	0	0	0	0	0	0	0	0	0	0	0	0	0	0	0	0	0	
98580	Parietal_Sup_R	0	0	0	0	0	0	0	0	0	0	0	0	0	0	0	0	0	0	0	0	0	0	0	0	0	0	0	0	0	0	0	0	0	0	0	0	0	0	0	0	0	0	0	558	0	2356	0	0	0	6976	0	794	0	0	0	0	0	10130	0	0	0	8386	0	1594	0	5658	124	7922	0	412	0	0	0	0	0	0	0	1866	0	0	0	0	0	0	0	1306	0	0	0	1208	0	0	0	0	0	0	0	0	0	0	0	0	0	0	0	0	0	0	0	0	0	0	0	0	0	0	
294500	Parietal_Inf_L	6598	0	1342	346	0	0	112	120	0	0	506	0	0	0	0	0	1148	0	0	228	0	0	0	0	0	0	0	0	1494	0	0	0	0	200	0	0	0	0	0	0	0	0	0	0	0	0	216	0	2434	0	15064	0	756	0	0	0	27548	0	12722	0	0	0	18694	0	26220	0	7712	0	5218	0	214	0	0	0	0	0	0	0	2024	0	2968	0	0	0	8194	0	0	0	5172	0	0	0	0	0	0	0	0	0	0	0	0	0	0	0	0	0	0	0	0	0	0	0	0	0	0	0	
80788	Parietal_Inf_R	0	0	0	0	0	0	0	0	0	0	0	0	0	0	0	0	0	0	0	0	0	0	0	0	0	0	0	0	0	0	0	0	0	0	0	0	0	0	0	0	0	0	0	0	0	902	0	0	0	1836	0	2106	0	0	0	0	0	6562	0	8386	0	0	0	8096	0	8566	0	470	0	0	0	0	0	0	0	0	0	906	0	0	0	0	0	0	0	1436	0	0	0	1128	0	0	0	0	0	0	0	0	0	0	0	0	0	0	0	0	0	0	0	0	0	0	0	0	0	0	
143588	SupraMarginal_L	1712	0	0	0	0	0	0	0	0	0	0	0	0	0	0	0	2242	0	0	0	0	0	0	0	0	0	0	0	2052	0	0	0	0	0	0	0	0	0	0	0	0	0	0	0	0	0	0	0	0	0	1632	0	210	0	0	0	13902	0	192	0	18694	0	0	0	10124	0	1370	0	0	0	0	0	104	0	0	0	128	0	1310	0	9668	0	0	0	5984	0	0	0	2470	0	0	0	0	0	0	0	0	0	0	0	0	0	0	0	0	0	0	0	0	0	0	0	0	0	0	0	
80800	SupraMarginal_R	0	440	0	0	0	0	0	0	0	0	0	108	0	0	0	0	0	2414	0	0	0	0	0	0	0	0	0	0	0	126	0	0	0	0	0	0	0	0	0	0	0	0	0	0	0	1156	0	0	0	1350	0	180	0	0	0	0	0	9632	0	1594	0	8096	0	0	0	4632	0	898	0	0	0	0	0	150	0	0	0	822	0	0	0	2160	0	0	0	4452	0	0	0	2190	0	0	0	0	0	0	0	0	0	0	0	0	0	0	0	0	0	0	0	0	0	0	0	0	0	0	
245252	Angular_L	5104	0	332	0	0	0	0	0	0	0	0	0	0	0	0	0	868	0	0	0	0	0	0	0	0	0	0	0	1512	0	0	0	0	0	0	0	0	0	0	0	0	0	0	0	0	0	150	0	204	0	19070	0	694	0	0	0	10174	0	5470	0	26220	0	10124	0	0	0	12624	0	3674	0	0	0	0	0	0	0	0	0	3426	0	3636	0	0	0	11502	0	0	0	7842	0	0	0	0	0	0	0	0	0	0	0	0	0	0	0	0	0	0	0	0	0	0	0	0	0	0	0	
85608	Angular_R	0	0	0	0	0	0	0	0	0	0	0	0	0	0	0	0	0	0	0	0	0	0	0	0	0	0	0	0	0	0	0	0	0	0	0	0	0	0	0	0	0	0	0	0	0	390	0	0	0	4220	0	6098	0	0	0	0	0	984	0	5658	0	8566	0	4632	0	0	0	254	0	0	0	0	0	0	0	0	0	0	0	0	0	3230	0	0	0	7070	0	0	0	1702	0	0	0	0	0	0	0	0	0	0	0	0	0	0	0	0	0	0	0	0	0	0	0	0	0	0	
309040	Precuneus_L	3924	0	252	0	0	0	0	0	0	0	0	0	0	0	0	0	424	0	0	0	0	0	0	0	0	0	0	0	898	0	0	0	1282	192	4784	0	3704	0	182	0	0	0	7554	152	5308	1448	3090	0	12496	1186	24004	378	3436	0	998	0	13652	156	17076	124	7712	0	1370	0	12624	0	0	4014	11614	992	0	0	0	0	0	0	0	110	970	0	688	0	0	0	4326	0	0	0	3400	0	0	0	0	0	0	0	0	0	0	0	0	0	0	0	0	0	0	0	0	0	0	0	0	0	0	0	
303560	Precuneus_R	0	3734	0	650	0	0	0	0	0	0	0	0	0	0	0	0	0	0	0	5888	0	0	0	0	0	0	0	0	0	0	0	0	182	6168	190	7052	0	2232	0	372	0	0	1142	15532	104	24772	0	3034	0	19362	0	4760	0	2590	0	1174	0	11476	0	7922	0	470	0	898	0	254	4014	0	914	15444	0	0	0	142	0	0	222	1712	0	0	0	454	0	0	0	4654	0	0	0	3922	0	0	0	0	0	0	0	0	0	0	0	0	0	0	0	0	0	0	0	0	344	0	0	0	0	0	
327960	Paracentral_Lobule_L	35324	418	7064	1210	0	0	378	0	0	0	0	0	0	0	0	0	0	0	9548	14666	0	0	0	0	0	0	0	0	118	0	0	0	3542	4916	5232	4186	2344	1006	106	0	0	0	174	0	2554	0	452	0	4912	0	7206	0	1752	0	0	0	15860	0	5268	0	5218	0	0	0	3674	0	11614	914	0	1930	722	156	0	0	0	0	4442	898	0	0	104	0	0	0	3290	0	0	0	2782	0	0	0	0	0	0	0	0	0	0	0	0	0	0	0	0	0	0	0	0	0	0	0	0	0	0	0	
110244	Paracentral_Lobule_R	0	2890	0	0	0	0	0	0	0	0	0	0	0	0	0	0	0	0	0	9130	0	0	0	0	0	0	0	0	0	0	0	0	0	6870	0	2900	0	0	0	0	0	0	0	1456	0	3204	0	0	0	1600	0	474	0	506	0	128	0	5606	0	412	0	0	0	0	0	0	992	15444	1930	0	0	0	0	0	0	0	0	0	0	0	0	0	0	0	0	896	0	0	0	684	0	0	0	0	0	0	0	0	0	0	0	0	0	0	0	0	0	0	0	0	0	0	0	0	0	0	
441384	Caudate_L	6564	862	25592	19380	410	0	13258	6660	194	0	1146	506	180	386	448	0	1098	0	15728	17038	4420	7084	2254	754	126	512	2440	1290	3644	574	6480	10094	0	1776	0	0	1090	0	0	0	322	0	0	0	0	0	0	0	0	0	0	0	0	0	0	0	364	0	0	0	214	0	0	0	0	0	0	0	722	0	0	22134	20324	3830	3928	176	15714	728	144	0	0	0	104	0	0	0	0	0	0	0	0	0	0	0	0	0	0	0	0	0	0	0	0	0	0	0	0	0	0	0	0	0	0	0	0	0	
548868	Caudate_R	854	14880	7946	36710	0	3202	4998	13676	0	0	108	6888	104	2634	0	604	0	400	5052	21318	1424	4486	4114	8224	0	3428	178	1750	630	9482	7790	34050	0	2888	0	0	0	846	0	0	0	114	0	0	0	0	0	0	0	0	0	0	0	0	0	0	0	372	0	0	0	0	0	0	0	0	0	0	156	0	22134	0	9054	21458	522	1584	1394	18772	0	0	0	0	0	210	0	0	0	0	0	0	0	0	0	0	0	0	0	0	0	0	0	0	0	0	0	0	0	0	0	0	0	0	0	0	0	0	
383744	Putamen_L	6034	488	24422	4598	4428	0	1698	2512	2694	0	2154	388	424	210	3928	0	1624	0	15986	3066	2236	4420	6062	750	232	450	1402	942	19428	492	10658	3926	0	458	112	0	10958	0	2018	0	560	0	0	0	0	0	186	144	0	0	0	0	0	0	1376	0	1786	0	0	0	0	0	104	0	0	0	0	0	0	0	20324	9054	0	2484	7382	0	5590	276	186	0	1290	0	774	0	0	0	0	0	846	0	0	0	0	0	0	0	0	0	0	0	0	0	0	0	0	0	0	0	0	312	0	0	0	0	0	0	
346876	Putamen_R	0	6096	762	11444	0	8038	234	13246	0	1258	0	8582	0	4224	0	1548	0	2198	576	2694	192	1362	1042	6392	0	3124	0	1420	140	23458	1762	16876	0	618	0	0	0	12674	0	1296	0	180	0	116	0	0	0	1168	0	0	0	0	0	0	0	736	0	2694	0	0	0	0	0	150	0	0	0	142	0	0	3830	21458	2484	0	0	3604	0	3774	0	0	0	698	0	1148	0	0	0	0	0	0	0	0	0	0	0	0	0	0	0	0	0	0	0	0	0	0	0	0	0	0	0	0	0	0	0	0	
61556	Pallidum_L	1316	0	3894	1154	0	0	1172	0	0	0	310	0	0	0	0	0	442	0	2924	1778	0	0	122	0	0	0	0	0	562	0	0	0	0	0	0	0	692	0	278	0	0	0	0	0	0	0	0	0	0	0	0	0	0	0	0	0	528	0	0	0	0	0	0	0	0	0	0	0	0	0	3928	522	7382	0	0	0	3774	0	0	0	0	0	0	0	0	0	0	0	0	0	0	0	0	0	0	0	0	0	0	0	0	0	0	0	0	0	0	0	0	0	0	0	0	0	0	0	
19980	Pallidum_R	0	1946	0	300	0	0	0	280	0	0	0	276	0	0	0	0	0	104	0	364	0	0	0	0	0	0	0	0	0	164	0	0	0	0	0	0	0	366	0	0	0	0	0	0	0	0	0	0	0	0	0	0	0	0	0	0	0	208	0	0	0	0	0	0	0	0	0	0	0	0	176	1584	0	3604	0	0	0	618	0	0	0	0	0	0	0	0	0	0	0	0	0	0	0	0	0	0	0	0	0	0	0	0	0	0	0	0	0	0	0	0	0	0	0	0	0	0	
254352	Thalamus_L	20654	208	21214	3832	0	0	13600	250	0	0	1748	0	130	0	0	0	2188	0	3062	4210	0	0	724	0	0	0	0	0	4628	0	760	242	0	290	1570	2098	4442	1804	0	0	0	0	0	0	0	0	534	192	0	0	0	0	0	0	0	0	2174	0	0	0	0	0	128	0	0	0	0	222	4442	0	15714	1394	5590	0	3774	0	0	4744	0	0	146	0	282	0	0	0	0	0	0	0	0	0	0	0	0	0	0	0	0	0	0	0	0	0	0	0	0	0	0	186	0	0	0	0	0	0	
210672	Thalamus_R	932	19096	498	17802	0	0	0	2644	0	0	0	276	0	124	0	0	0	1132	492	5582	0	0	0	0	0	0	0	0	0	360	0	306	0	104	1888	2580	1278	4448	0	202	0	146	0	0	0	808	0	1452	0	1208	0	0	0	0	0	0	0	6070	0	1866	0	906	0	822	0	0	110	1712	898	0	728	18772	276	3774	0	618	4744	0	0	0	0	208	0	0	0	222	0	0	0	252	0	0	0	0	0	0	0	0	0	0	0	0	0	0	0	0	0	0	0	0	0	0	0	0	0	0	
114196	Heschl_L	6404	0	538	168	0	0	0	0	0	0	338	0	0	0	0	0	2672	0	348	146	0	0	0	0	0	0	0	0	8754	0	0	0	0	0	204	0	3208	0	0	0	0	0	0	0	0	0	0	0	0	0	2404	0	442	0	152	0	2570	0	0	0	2024	0	1310	0	3426	0	970	0	0	0	144	0	186	0	0	0	0	0	0	0	4334	0	0	0	8532	0	0	0	7824	0	0	0	0	0	0	0	0	0	0	0	0	0	0	0	0	0	0	0	0	0	0	0	0	0	0	0	
23032	Heschl_R	0	500	0	116	0	0	0	0	0	0	0	258	0	0	0	0	0	1102	0	0	0	0	0	0	0	0	0	0	0	2308	0	0	0	0	0	0	0	520	0	0	0	0	0	122	0	0	0	0	0	0	0	0	0	218	0	460	0	0	0	0	0	0	0	0	0	0	0	0	0	0	0	0	0	0	0	0	0	0	0	0	0	4960	0	0	0	506	0	0	0	446	0	0	0	0	0	0	0	0	0	0	0	0	0	0	0	0	0	0	0	0	0	0	0	0	0	0	
236516	Temporal_Sup_L	4360	0	1082	0	0	0	1236	0	0	0	3640	0	870	0	0	0	8602	0	848	136	0	0	120	0	0	0	0	0	13350	0	0	0	0	0	0	0	2368	0	128	0	0	0	0	0	0	0	0	0	144	0	3238	0	694	0	1498	0	4020	0	304	0	2968	0	9668	0	3636	0	688	0	104	0	0	0	1290	0	0	0	146	0	4334	0	0	0	2608	0	26546	0	0	0	19632	0	0	0	0	0	0	0	0	0	0	0	0	0	0	0	0	0	0	0	0	0	0	0	0	0	0	0	
75944	Temporal_Sup_R	0	1024	0	400	0	0	0	172	0	0	0	378	0	0	0	0	0	2496	0	0	0	0	0	0	0	0	0	0	0	3206	0	0	0	0	0	0	0	1246	0	0	0	0	0	284	0	156	0	0	0	166	0	644	0	416	0	508	0	798	0	0	0	0	0	2160	0	3230	0	454	0	0	0	0	0	698	0	0	0	208	0	4960	0	0	0	3782	0	8134	0	0	0	2452	0	0	0	0	0	0	0	0	0	0	0	0	0	0	0	0	0	0	0	0	0	0	0	0	0	0	
93992	Temporal_Pole_Sup_L	978	0	430	0	990	0	1026	0	1272	0	4040	0	1734	0	2606	0	3006	0	158	0	320	0	398	0	0	0	108	0	7956	0	274	0	0	0	0	0	1956	0	592	0	882	0	0	0	0	0	0	0	0	0	0	0	0	0	1998	0	0	0	0	0	0	0	0	0	0	0	0	0	0	0	104	0	774	0	0	0	282	0	0	0	2608	0	0	0	4582	0	3890	0	4032	0	0	0	0	0	0	0	0	0	0	0	0	0	0	0	0	0	0	0	0	0	0	0	0	0	0	0	
51828	Temporal_Pole_Sup_R	0	0	0	0	0	0	0	194	0	0	0	684	0	278	0	200	0	450	0	0	0	0	0	0	0	0	0	0	0	2572	0	180	0	0	0	0	0	642	0	2788	0	1920	0	0	0	0	0	0	0	0	0	0	0	0	0	5670	0	0	0	0	0	0	0	0	0	0	0	0	0	0	0	210	0	1148	0	0	0	0	0	0	0	3782	0	0	0	1046	0	2636	0	1514	0	0	0	0	0	0	0	0	0	0	0	0	0	0	0	0	0	0	0	0	0	0	0	0	0	0	
347584	Temporal_Mid_L	3754	0	0	0	0	0	0	0	0	0	182	0	110	0	0	0	2142	0	0	0	0	0	0	0	0	0	0	0	4846	0	0	0	0	0	604	0	250	0	0	0	0	0	910	0	450	0	616	0	412	0	22674	0	7408	0	2224	0	2760	0	1056	0	8194	0	5984	0	11502	0	4326	0	3290	0	0	0	0	0	0	0	0	0	8532	0	26546	0	4582	0	0	0	3048	0	47390	0	0	0	0	0	0	0	0	0	0	0	0	0	0	0	0	0	0	0	0	0	0	0	0	0	0	0	
172052	Temporal_Mid_R	0	504	0	264	0	0	0	0	0	0	0	0	0	0	0	0	0	166	0	154	0	0	0	0	0	0	0	0	0	144	0	0	0	0	0	0	0	326	0	0	0	0	0	1362	0	2180	0	0	0	4172	0	11312	0	1544	0	2622	0	2120	0	1306	0	1436	0	4452	0	7070	0	4654	0	896	0	0	0	0	0	0	0	222	0	506	0	8134	0	1046	0	0	0	1078	0	28356	0	0	0	0	0	0	0	0	0	0	0	0	0	0	0	0	0	0	0	0	0	0	0	0	0	0	
23448	Temporal_Pole_Mid_L	0	0	0	0	0	0	0	0	0	0	0	0	0	0	0	0	0	0	0	0	0	0	0	0	0	0	0	0	0	0	0	0	0	0	0	0	0	0	226	0	0	0	0	0	0	0	0	0	0	0	0	0	0	0	1646	0	0	0	0	0	0	0	0	0	0	0	0	0	0	0	0	0	0	0	0	0	0	0	0	0	0	0	3890	0	3048	0	0	0	2914	0	0	0	0	0	0	0	0	0	0	0	0	0	0	0	0	0	0	0	0	0	0	0	0	0	0	0	
16092	Temporal_Pole_Mid_R	0	0	0	0	0	0	0	0	0	0	0	0	0	0	0	0	0	0	0	0	0	0	0	0	0	0	0	0	0	0	0	0	0	0	0	0	0	118	0	992	0	122	0	0	0	0	0	0	0	0	0	0	0	0	0	2762	0	0	0	0	0	0	0	0	0	0	0	0	0	0	0	0	0	0	0	0	0	0	0	0	0	0	0	2636	0	1078	0	0	0	338	0	0	0	0	0	0	0	0	0	0	0	0	0	0	0	0	0	0	0	0	0	0	0	0	0	0	
321392	Temporal_Inf_L	3348	0	370	0	0	0	0	0	0	0	192	0	0	0	0	0	1932	0	318	0	0	0	0	0	0	0	0	0	7886	0	0	0	0	0	546	0	6746	0	490	0	312	0	380	0	272	0	270	0	302	0	10114	0	6336	0	11130	0	1620	0	876	0	5172	0	2470	0	7842	0	3400	0	2782	0	0	0	846	0	0	0	0	0	7824	0	19632	0	4032	0	47390	0	2914	0	0	0	2628	0	112	0	0	0	0	0	212	0	0	0	0	0	0	0	0	0	0	0	0	0	0	0	0	0	
156096	Temporal_Inf_R	0	708	0	296	0	0	0	0	0	0	0	0	0	0	0	0	0	148	0	318	0	0	0	0	0	0	0	0	0	258	0	0	0	0	0	0	0	1490	0	786	0	0	0	416	0	1686	0	194	0	4112	0	3298	0	3820	0	13340	0	2446	0	1208	0	1128	0	2190	0	1702	0	3922	0	684	0	0	0	0	0	0	0	252	0	446	0	2452	0	1514	0	28356	0	338	0	0	0	396	0	0	0	0	0	0	0	144	0	0	0	0	0	0	0	0	0	0	0	0	0	0	0	0	
397744	Cerebelum_Crus1_L	0	0	0	0	0	0	0	0	0	0	0	0	0	0	0	0	0	0	0	0	0	0	0	0	0	0	0	0	0	0	0	0	0	0	0	0	0	0	0	0	0	0	0	0	0	0	5080	874	0	0	0	0	178	0	21354	340	0	0	0	0	0	0	0	0	0	0	0	0	0	0	0	0	0	0	0	0	0	0	0	0	0	0	0	0	0	0	0	0	2628	0	0	1168	33330	4306	424	500	19366	732	50694	2310	15128	890	13528	3028	938	566	124	0	322	446	2348	6884	8560	1458	1046	322	
304528	Cerebelum_Crus1_R	0	0	0	0	0	0	0	0	0	0	0	0	0	0	0	0	0	0	0	0	0	0	0	0	0	0	0	0	0	0	0	0	0	0	0	0	0	0	0	372	0	0	0	0	0	0	178	3682	0	0	0	0	0	0	276	9370	0	0	0	0	0	0	0	0	0	0	0	0	0	0	0	0	0	0	0	0	0	0	0	0	0	0	0	0	0	0	0	0	0	396	1168	0	132	29632	0	2306	398	15730	1334	49450	0	6066	0	11564	0	612	0	0	0	0	4532	8434	5968	364	300	0	
230612	Cerebelum_Crus2_L	0	0	0	0	0	0	0	0	0	0	0	0	0	0	0	0	0	0	0	0	0	0	0	0	0	0	0	0	0	0	0	0	0	0	0	0	0	0	0	0	0	0	0	0	0	0	0	0	0	0	0	0	0	0	744	0	0	0	0	0	0	0	0	0	0	0	0	0	0	0	0	0	0	0	0	0	0	0	0	0	0	0	0	0	0	0	0	0	112	0	33330	132	0	9752	0	190	592	320	5606	280	26460	2972	19374	2768	1038	0	138	0	0	0	0	148	10092	1156	102	0	
249748	Cerebelum_Crus2_R	0	0	0	0	0	0	0	0	0	0	0	0	0	0	0	0	0	0	0	0	0	0	0	0	0	0	0	0	0	0	0	0	0	0	0	0	0	0	0	122	0	0	0	0	0	0	0	0	0	0	0	0	0	0	0	614	0	0	0	0	0	0	0	0	0	0	0	0	0	0	0	0	0	0	0	0	0	0	0	0	0	0	0	0	0	0	0	0	0	0	4306	29632	9752	0	0	708	0	1868	330	10246	6374	17830	3682	21854	0	720	0	0	0	0	226	724	13088	2588	210	0	
29408	Cerebelum_3_L	0	0	0	0	0	0	0	0	0	0	0	0	0	0	0	0	0	0	0	0	0	0	0	0	0	0	0	0	0	0	0	0	0	0	0	0	154	0	168	0	0	0	0	0	0	0	112	0	0	0	0	0	0	0	116	0	0	0	0	0	0	0	0	0	0	0	0	0	0	0	0	0	0	0	0	0	0	0	0	0	0	0	0	0	0	0	0	0	0	0	424	0	0	0	0	204	4818	0	2002	0	0	0	128	0	768	364	206	0	1072	1218	1146	932	0	0	296	576	
63160	Cerebelum_3_R	0	0	0	0	0	0	0	0	0	0	0	0	0	0	0	0	0	0	0	0	0	0	0	0	0	0	0	0	0	0	0	0	0	0	0	0	0	0	0	0	0	0	0	0	0	0	0	0	0	0	0	0	0	0	0	0	0	0	0	0	0	0	0	0	0	0	0	0	0	0	0	0	0	0	0	0	0	0	0	0	0	0	0	0	0	0	0	0	0	0	500	2306	190	708	204	0	600	5338	1106	5444	102	0	166	782	346	1996	0	0	1772	3038	848	1712	944	978	1568	932	
237312	Cerebelum_4_5_L	0	0	0	0	0	0	0	0	0	0	0	0	0	0	0	0	0	0	0	0	0	0	0	0	0	0	0	0	0	0	0	0	0	0	0	0	0	0	0	0	0	0	0	0	0	0	6496	436	0	0	0	0	224	0	11524	346	0	0	0	0	0	0	0	0	0	0	0	0	0	0	0	0	0	0	0	0	0	0	0	0	0	0	0	0	0	0	0	0	0	0	19366	398	592	0	4818	600	0	2230	36718	2026	916	0	708	0	2690	1898	326	0	1502	2594	12856	5896	0	0	936	2560	
165040	Cerebelum_4_5_R	0	0	0	0	0	0	0	0	0	0	0	0	0	0	0	0	0	0	0	0	0	0	0	0	0	0	0	0	0	0	0	0	0	0	0	0	0	514	0	1752	0	0	0	0	0	0	0	3672	0	0	0	0	0	0	0	4934	0	0	0	0	0	0	0	0	0	0	0	0	0	0	0	0	0	0	0	0	0	0	0	0	0	0	0	0	0	0	0	0	0	0	732	15730	320	1868	0	5338	2230	0	1388	27908	232	0	238	1130	0	890	0	116	0	464	10028	1354	1040	398	244	0	
370544	Cerebelum_6_L	0	0	0	0	0	0	0	0	0	0	0	0	0	0	0	0	0	0	0	0	0	0	0	0	0	0	0	0	0	0	0	0	0	0	0	0	130	0	0	0	0	0	0	0	0	0	8006	1228	0	0	0	0	406	0	24892	376	0	0	0	0	0	0	0	0	0	0	0	0	0	0	0	0	0	0	0	0	0	0	0	0	0	0	0	0	0	0	0	0	212	0	50694	1334	5606	330	2002	1106	36718	1388	0	3038	3098	0	2658	134	2364	2686	110	0	1284	1866	10534	13584	3188	1418	2448	2434	
306280	Cerebelum_6_R	0	0	0	0	0	0	0	0	0	0	0	0	0	0	0	0	0	0	0	0	0	0	0	0	0	0	0	0	0	0	0	0	0	0	0	0	0	132	0	654	0	0	0	0	0	0	214	5398	0	0	0	0	0	0	370	11306	0	0	0	0	0	0	0	0	0	0	0	0	0	0	0	0	0	0	0	0	0	0	0	0	0	0	0	0	0	0	0	0	0	144	2310	49450	280	10246	0	5444	2026	27908	3038	0	248	282	262	2850	0	730	0	0	112	484	10334	11116	5994	878	930	0	
184720	Cerebelum_7b_L	0	0	0	0	0	0	0	0	0	0	0	0	0	0	0	0	0	0	0	0	0	0	0	0	0	0	0	0	0	0	0	0	0	0	0	0	0	0	0	0	0	0	0	0	0	0	0	0	0	0	0	0	0	0	496	0	0	0	0	0	0	0	0	0	0	0	0	0	0	0	0	0	0	0	0	0	0	0	0	0	0	0	0	0	0	0	0	0	0	0	15128	0	26460	6374	0	102	916	232	3098	248	0	2394	22780	2530	2096	102	296	0	0	0	0	162	6796	2014	136	0	
104584	Cerebelum_7b_R	0	0	0	0	0	0	0	0	0	0	0	0	0	0	0	0	0	0	0	0	0	0	0	0	0	0	0	0	0	0	0	0	0	0	0	0	0	0	0	0	0	0	0	0	0	0	0	0	0	0	0	0	0	0	0	0	0	0	0	0	0	0	0	0	0	0	0	0	0	0	0	0	0	0	0	0	0	0	0	0	0	0	0	0	0	0	0	0	0	0	890	6066	2972	17830	0	0	0	0	0	282	2394	0	1462	14702	0	1846	0	0	0	0	0	0	2658	1190	0	0	
182168	Cerebelum_8_L	0	0	0	0	0	0	0	0	0	0	0	0	0	0	0	0	0	0	0	0	0	0	0	0	0	0	0	0	0	0	0	0	0	0	0	0	0	0	0	0	0	0	0	0	0	0	0	0	0	0	0	0	0	0	584	0	0	0	0	0	0	0	0	0	0	0	0	0	0	0	0	0	0	0	0	0	0	0	0	0	0	0	0	0	0	0	0	0	0	0	13528	0	19374	3682	128	166	708	238	2658	262	22780	1462	0	3780	8438	786	1048	0	0	0	106	620	5232	4508	996	0	
168060	Cerebelum_8_R	0	0	0	0	0	0	0	0	0	0	0	0	0	0	0	0	0	0	0	0	0	0	0	0	0	0	0	0	0	0	0	0	0	0	0	0	0	0	0	0	0	0	0	0	0	0	0	0	0	0	0	0	0	0	0	300	0	0	0	0	0	0	0	0	0	0	0	0	0	0	0	0	0	0	0	0	0	0	0	0	0	0	0	0	0	0	0	0	0	0	3028	11564	2768	21854	0	782	0	1130	134	2850	2530	14702	3780	0	146	8490	0	116	0	144	0	118	5892	2826	876	0	
54416	Cerebelum_9_L	0	0	0	0	0	0	0	0	0	0	0	0	0	0	0	0	0	0	0	0	0	0	0	0	0	0	0	0	0	0	0	0	0	0	0	0	0	0	0	0	0	0	0	0	0	0	0	0	0	0	0	0	0	0	0	0	0	0	0	0	0	0	0	0	0	0	0	0	0	0	0	0	0	0	0	0	0	0	0	0	0	0	0	0	0	0	0	0	0	0	938	0	1038	0	768	346	2690	0	2364	0	2096	0	8438	146	0	772	1550	0	372	396	1190	1730	336	394	896	748	
84928	Cerebelum_9_R	0	0	0	0	0	0	0	0	0	0	0	0	0	0	0	0	0	0	0	0	0	0	0	0	0	0	0	0	0	0	0	0	0	0	0	0	0	0	0	0	0	0	0	0	0	0	0	0	0	0	0	0	0	0	0	0	0	0	0	0	0	0	0	0	0	0	0	0	0	0	0	0	0	0	0	0	0	0	0	0	0	0	0	0	0	0	0	0	0	0	566	612	0	720	364	1996	1898	890	2686	730	102	1846	786	8490	772	0	0	482	1308	1410	1854	4446	1252	2558	4258	2438	
7820	Cerebelum_10_L	0	0	0	0	0	0	0	0	0	0	0	0	0	0	0	0	0	0	0	0	0	0	0	0	0	0	0	0	0	0	0	0	0	0	0	0	0	0	0	0	0	0	0	0	0	0	0	0	0	0	0	0	0	0	0	0	0	0	0	0	0	0	0	0	0	0	0	0	0	0	0	0	0	0	0	0	0	0	0	0	0	0	0	0	0	0	0	0	0	0	124	0	138	0	206	0	326	0	110	0	296	0	1048	0	1550	0	0	0	0	0	112	0	0	0	0	0	
1428	Cerebelum_10_R	0	0	0	0	0	0	0	0	0	0	0	0	0	0	0	0	0	0	0	0	0	0	0	0	0	0	0	0	0	0	0	0	0	0	0	0	0	0	0	0	0	0	0	0	0	0	0	0	0	0	0	0	0	0	0	0	0	0	0	0	0	0	0	0	0	0	0	0	0	0	0	0	0	0	0	0	0	0	0	0	0	0	0	0	0	0	0	0	0	0	0	0	0	0	0	0	0	116	0	0	0	0	0	116	0	482	0	0	0	0	0	0	0	0	0	0	
39468	Vermis_1_2	0	0	0	0	0	0	0	0	0	0	0	0	0	0	0	0	0	0	0	0	0	0	0	0	0	0	0	0	0	0	0	0	0	0	0	0	0	0	0	0	0	0	0	0	0	0	0	0	0	0	0	0	0	0	0	0	0	0	0	0	0	0	0	0	0	0	0	0	0	0	0	0	0	0	0	0	0	0	0	0	0	0	0	0	0	0	0	0	0	0	322	0	0	0	1072	1772	1502	0	1284	112	0	0	0	0	372	1308	0	0	0	5572	2184	1326	114	628	1112	1054	
55208	Vermis_3	174	0	170	0	0	0	0	0	0	0	0	0	0	0	0	0	0	0	0	0	0	0	0	0	0	0	0	0	0	0	0	0	0	0	0	0	536	0	152	0	0	0	0	0	0	0	140	0	0	0	0	0	0	0	0	0	0	0	0	0	0	0	0	0	0	0	0	0	0	0	0	0	312	0	0	0	186	0	0	0	0	0	0	0	0	0	0	0	0	0	446	0	0	0	1218	3038	2594	464	1866	484	0	0	0	144	396	1410	0	0	5572	0	3384	1618	260	606	1176	1258	
163200	Vermis_4_5	0	0	0	0	0	0	0	0	0	0	0	0	0	0	0	0	0	0	0	0	0	0	0	0	0	0	0	0	0	0	0	0	0	0	0	314	0	286	0	0	0	0	0	0	0	0	1232	3292	0	0	0	0	0	0	1698	2240	0	0	0	0	0	0	0	0	0	0	0	344	0	0	0	0	0	0	0	0	0	0	0	0	0	0	0	0	0	0	0	0	0	0	2348	4532	0	226	1146	848	12856	10028	10534	10334	0	0	106	0	1190	1854	112	0	2184	3384	0	7326	0	0	754	2432	
182652	Vermis_6	0	0	0	0	0	0	0	0	0	0	0	0	0	0	0	0	0	0	0	0	0	0	0	0	0	0	0	0	0	0	0	0	0	0	0	0	0	0	0	0	0	0	0	0	0	0	1380	2614	0	0	0	0	0	0	2542	1362	0	0	0	0	0	0	0	0	0	0	0	0	0	0	0	0	0	0	0	0	0	0	0	0	0	0	0	0	0	0	0	0	0	0	6884	8434	148	724	932	1712	5896	1354	13584	11116	162	0	620	118	1730	4446	0	0	1326	1618	7326	0	5250	2630	4222	3196	
167872	Vermis_7	0	0	0	0	0	0	0	0	0	0	0	0	0	0	0	0	0	0	0	0	0	0	0	0	0	0	0	0	0	0	0	0	0	0	0	0	0	0	0	0	0	0	0	0	0	0	248	548	0	0	0	0	0	0	410	198	0	0	0	0	0	0	0	0	0	0	0	0	0	0	0	0	0	0	0	0	0	0	0	0	0	0	0	0	0	0	0	0	0	0	8560	5968	10092	13088	0	944	0	1040	3188	5994	6796	2658	5232	5892	336	1252	0	0	114	260	0	5250	0	4172	1696	0	
68704	Vermis_8	0	0	0	0	0	0	0	0	0	0	0	0	0	0	0	0	0	0	0	0	0	0	0	0	0	0	0	0	0	0	0	0	0	0	0	0	0	0	0	0	0	0	0	0	0	0	0	0	0	0	0	0	0	0	0	0	0	0	0	0	0	0	0	0	0	0	0	0	0	0	0	0	0	0	0	0	0	0	0	0	0	0	0	0	0	0	0	0	0	0	1458	364	1156	2588	0	978	0	398	1418	878	2014	1190	4508	2826	394	2558	0	0	628	606	0	2630	4172	0	3240	348	
58112	Vermis_9	0	0	0	0	0	0	0	0	0	0	0	0	0	0	0	0	0	0	0	0	0	0	0	0	0	0	0	0	0	0	0	0	0	0	0	0	0	0	0	0	0	0	0	0	0	0	0	0	0	0	0	0	0	0	0	0	0	0	0	0	0	0	0	0	0	0	0	0	0	0	0	0	0	0	0	0	0	0	0	0	0	0	0	0	0	0	0	0	0	0	1046	300	102	210	296	1568	936	244	2448	930	136	0	996	876	896	4258	0	0	1112	1176	754	4222	1696	3240	0	1614	
39824	Vermis_10	0	0	0	0	0	0	0	0	0	0	0	0	0	0	0	0	0	0	0	0	0	0	0	0	0	0	0	0	0	0	0	0	0	0	0	0	0	0	0	0	0	0	0	0	0	0	0	0	0	0	0	0	0	0	0	0	0	0	0	0	0	0	0	0	0	0	0	0	0	0	0	0	0	0	0	0	0	0	0	0	0	0	0	0	0	0	0	0	0	0	322	0	0	0	576	932	2560	0	2434	0	0	0	0	0	748	2438	0	0	1054	1258	2432	3196	0	348	1614	0	
