data	data	538008	317760	1.12143e+06	711292	150764	81252	609360	216968	61484	20684	389676	221484	292892	143316	183692	90880	264716	119912	804452	868812	103000	100788	438820	397720	51172	90240	64004	62384	591528	342516	414096	521344	228664	512592	146364	188092	254000	426932	99048	325272	32784	66936	176540	429560	178156	349172	235228	408500	319804	441016	444684	381148	134072	173528	376324	609636	406876	253804	186492	142232	413400	156504	90672	134972	333460	113632	428032	527616	331584	188736	365572	406904	324752	320872	51216	24080	261796	187936	90036	48324	149908	140604	71008	40600	244072	228672	22344	20516	260844	228616	506804	509676	317976	308348	66816	102552	350664	211124	489904	494896	279312	132276	307684	287128	139856	197188	21872	9848	42224	107376	236944	256292	214444	153536	138368	40764	
data	data	Precentral_L	Precentral_R	Frontal_Sup_L	Frontal_Sup_R	Frontal_Sup_Orb_L	Frontal_Sup_Orb_R	Frontal_Mid_L	Frontal_Mid_R	Frontal_Mid_Orb_L	Frontal_Mid_Orb_R	Frontal_Inf_Oper_L	Frontal_Inf_Oper_R	Frontal_Inf_Tri_L	Frontal_Inf_Tri_R	Frontal_Inf_Orb_L	Frontal_Inf_Orb_R	Rolandic_Oper_L	Rolandic_Oper_R	Supp_Motor_Area_L	Supp_Motor_Area_R	Olfactory_L	Olfactory_R	Frontal_Sup_Medial_L	Frontal_Sup_Medial_R	Frontal_Med_Orb_L	Frontal_Med_Orb_R	Rectus_L	Rectus_R	Insula_L	Insula_R	Cingulum_Ant_L	Cingulum_Ant_R	Cingulum_Mid_L	Cingulum_Mid_R	Cingulum_Post_L	Cingulum_Post_R	Hippocampus_L	Hippocampus_R	ParaHippocampal_L	ParaHippocampal_R	Amygdala_L	Amygdala_R	Calcarine_L	Calcarine_R	Cuneus_L	Cuneus_R	Lingual_L	Lingual_R	Occipital_Sup_L	Occipital_Sup_R	Occipital_Mid_L	Occipital_Mid_R	Occipital_Inf_L	Occipital_Inf_R	Fusiform_L	Fusiform_R	Postcentral_L	Postcentral_R	Parietal_Sup_L	Parietal_Sup_R	Parietal_Inf_L	Parietal_Inf_R	SupraMarginal_L	SupraMarginal_R	Angular_L	Angular_R	Precuneus_L	Precuneus_R	Paracentral_Lobule_L	Paracentral_Lobule_R	Caudate_L	Caudate_R	Putamen_L	Putamen_R	Pallidum_L	Pallidum_R	Thalamus_L	Thalamus_R	Heschl_L	Heschl_R	Temporal_Sup_L	Temporal_Sup_R	Temporal_Pole_Sup_L	Temporal_Pole_Sup_R	Temporal_Mid_L	Temporal_Mid_R	Temporal_Pole_Mid_L	Temporal_Pole_Mid_R	Temporal_Inf_L	Temporal_Inf_R	Cerebelum_Crus1_L	Cerebelum_Crus1_R	Cerebelum_Crus2_L	Cerebelum_Crus2_R	Cerebelum_3_L	Cerebelum_3_R	Cerebelum_4_5_L	Cerebelum_4_5_R	Cerebelum_6_L	Cerebelum_6_R	Cerebelum_7b_L	Cerebelum_7b_R	Cerebelum_8_L	Cerebelum_8_R	Cerebelum_9_L	Cerebelum_9_R	Cerebelum_10_L	Cerebelum_10_R	Vermis_1_2	Vermis_3	Vermis_4_5	Vermis_6	Vermis_7	Vermis_8	Vermis_9	Vermis_10	
538008	Precentral_L	0	210	28392	232	0	0	19128	260	0	0	26784	0	2318	0	0	0	14788	0	29458	6914	0	0	130	0	0	0	0	0	11568	0	0	0	368	2988	698	674	6340	418	332	400	0	0	300	0	92	0	202	354	1016	0	3016	0	424	0	1560	350	32106	0	2722	0	12282	0	1940	0	2662	0	1182	0	19792	628	4610	226	4930	0	2700	0	16428	0	2626	0	2552	0	0	0	636	0	0	0	1268	0	0	0	0	0	0	0	0	0	0	0	0	0	0	0	0	0	0	0	0	0	0	0	0	0	0	0	
317760	Precentral_R	210	0	4624	2940	0	0	1518	12030	0	0	108	18608	0	512	0	0	104	1838	3574	9456	0	0	90	0	0	0	0	0	100	5180	110	114	0	6874	228	2796	96	5824	0	1502	0	0	0	4104	0	944	0	2638	0	1828	0	1952	0	928	0	3916	92	18494	0	546	0	2098	0	6416	0	468	0	9338	4476	10148	3524	316	336	2426	314	404	476	896	0	562	0	678	0	0	0	1186	0	0	0	940	0	0	0	0	0	0	0	0	0	0	0	0	0	0	0	0	0	0	0	0	0	0	0	0	0	0	
1.12143e+06	Frontal_Sup_L	28392	4624	0	11496	7222	0	83312	4050	1626	0	24560	652	21704	150	5440	0	15524	332	86102	23996	0	0	54162	7042	718	110	132	0	30172	450	25432	8250	11858	6714	182	226	4822	480	126	178	0	0	0	0	0	0	0	112	0	0	710	0	140	0	612	178	8024	746	482	0	1326	0	1872	326	648	0	0	174	7288	460	19352	4822	20234	1092	5874	822	8698	298	1882	0	2330	0	688	0	184	0	0	0	1106	0	0	0	0	0	0	0	0	0	0	0	0	0	0	0	0	0	0	0	0	0	0	0	0	0	0	0	
711292	Frontal_Sup_R	232	2940	11496	0	432	2814	3646	26698	0	0	1918	10002	1012	11440	650	1552	464	3758	15270	71254	0	0	10218	36954	242	2046	0	0	2890	12506	9182	29496	3476	18900	120	412	0	6506	0	2762	0	0	0	0	0	0	0	260	138	0	0	0	0	0	0	2114	192	1306	0	0	146	0	0	440	0	0	102	288	272	670	6670	13974	740	13246	0	406	880	11184	0	224	0	614	212	0	0	0	0	0	120	160	0	0	0	0	0	0	0	0	0	0	0	0	0	0	0	0	0	0	0	0	0	0	0	0	0	0	
150764	Frontal_Sup_Orb_L	0	0	7222	432	0	276	1430	0	8714	0	648	0	1168	0	10910	202	0	0	406	398	2776	1226	3618	228	3032	0	6136	442	9596	156	3134	338	0	0	0	0	0	0	178	0	386	96	0	0	0	0	0	0	0	0	0	0	0	0	0	0	0	0	0	0	0	0	0	0	0	0	0	0	0	0	3538	826	7120	0	0	0	0	0	0	0	0	0	750	0	0	0	0	0	0	0	0	0	0	0	0	0	0	0	0	0	0	0	0	0	0	0	0	0	0	0	0	0	0	0	0	0	
81252	Frontal_Sup_Orb_R	0	0	0	2814	276	0	0	0	0	1440	0	0	0	0	182	3244	0	0	0	0	674	1446	0	2416	376	7996	488	6598	132	2148	0	444	0	0	0	0	0	0	0	0	0	584	0	0	0	0	0	0	0	0	0	0	0	0	0	0	0	0	0	0	0	0	0	0	0	0	0	0	0	0	662	3620	176	4910	0	0	0	0	0	0	0	0	0	0	0	0	0	0	0	0	0	0	0	0	0	0	0	0	0	0	0	0	0	0	0	0	0	0	0	0	0	0	0	0	0	0	
609360	Frontal_Mid_L	19128	1518	83312	3646	1430	0	0	1548	2424	0	30080	328	37600	0	6074	0	12534	0	15902	5188	96	0	16498	368	0	0	0	0	27402	92	8354	420	3626	474	266	400	2106	378	254	260	0	0	0	0	0	0	0	218	256	0	516	0	0	0	186	250	1890	162	374	0	948	0	188	0	418	0	116	172	130	0	6558	1286	3908	256	220	758	1570	168	820	0	1140	0	262	0	0	0	0	0	204	0	0	0	0	0	0	0	0	0	0	0	0	0	0	0	0	0	0	0	0	0	0	0	0	0	0	0	
216968	Frontal_Mid_R	260	12030	4050	26698	0	0	1548	0	0	110	530	7728	850	8826	846	3716	492	196	3450	7026	0	0	1064	3888	0	0	0	0	620	3586	804	2442	540	4238	0	0	88	834	0	298	0	0	0	410	0	0	0	0	0	0	0	116	0	0	0	314	144	852	0	0	0	338	0	804	0	0	0	698	0	0	4274	272	336	1972	230	0	276	376	0	0	0	104	120	0	0	90	0	0	0	0	0	0	0	0	0	0	0	0	0	0	0	0	0	0	0	0	0	0	0	0	0	0	0	0	0	0	
61484	Frontal_Mid_Orb_L	0	0	1626	0	8714	0	2424	0	0	0	118	0	1738	0	10060	0	0	0	0	0	0	0	180	0	0	0	1728	0	2050	0	184	0	0	0	0	0	0	0	0	0	0	0	0	0	0	0	0	0	0	0	0	0	0	0	0	0	0	0	0	0	0	0	0	0	0	0	0	0	0	0	98	0	1686	0	0	0	0	0	0	0	0	0	136	0	0	0	0	0	0	0	0	0	0	0	0	0	0	0	0	0	0	0	0	0	0	0	0	0	0	0	0	0	0	0	0	0	
20684	Frontal_Mid_Orb_R	0	0	0	0	0	1440	0	110	0	0	0	212	0	886	0	4828	0	0	0	0	0	102	0	0	0	0	0	194	0	1510	0	0	0	0	0	0	0	0	0	0	0	0	0	0	0	0	0	0	0	0	0	0	0	0	0	0	0	0	0	0	0	0	0	0	0	0	0	0	0	0	0	150	0	910	0	0	0	0	0	0	0	0	0	0	0	0	0	0	0	0	0	0	0	0	0	0	0	0	0	0	0	0	0	0	0	0	0	0	0	0	0	0	0	0	0	0	
389676	Frontal_Inf_Oper_L	26784	108	24560	1918	648	0	30080	530	118	0	0	0	20854	0	586	0	16488	0	6468	1702	0	0	1414	812	0	0	0	0	27772	0	1542	924	124	0	172	268	1884	212	190	188	0	0	0	0	0	0	0	160	0	0	716	0	90	0	920	148	7404	0	486	0	2692	0	956	0	596	0	0	0	0	0	2206	1298	2770	0	276	0	796	0	1842	0	1910	0	2302	0	156	0	0	0	768	0	0	0	0	0	0	0	0	0	0	0	0	0	0	0	0	0	0	0	0	0	0	0	0	0	0	0	
221484	Frontal_Inf_Oper_R	0	18608	652	10002	0	0	328	7728	0	212	0	0	0	9498	0	650	0	4690	730	7364	0	0	98	2162	0	0	0	0	0	14216	180	2812	0	488	0	0	0	2578	0	816	0	0	0	1658	0	546	0	120	0	338	0	688	0	174	0	870	0	3834	0	0	0	1204	0	2486	0	90	0	3110	0	0	1534	2792	0	4274	0	520	0	604	0	404	0	712	0	158	0	476	0	0	0	338	0	0	0	0	0	0	0	0	0	0	0	0	0	0	0	0	0	0	0	0	0	0	0	0	0	0	
292892	Frontal_Inf_Tri_L	2318	0	21704	1012	1168	0	37600	850	1738	0	20854	0	0	0	14864	0	890	0	5714	668	94	0	2448	362	0	0	0	0	22218	0	2332	462	462	0	0	0	126	0	0	0	0	0	0	0	0	0	0	0	0	0	0	0	0	0	0	0	272	0	0	0	0	0	0	0	0	0	0	0	0	0	3582	1246	2390	88	0	0	0	0	0	0	0	0	984	0	0	0	0	0	0	0	0	0	0	0	0	0	0	0	0	0	0	0	0	0	0	0	0	0	0	0	0	0	0	0	0	0	
143316	Frontal_Inf_Tri_R	0	512	150	11440	0	0	0	8826	0	886	0	9498	0	0	0	5340	0	672	450	6904	0	0	298	3532	0	0	0	0	0	12688	388	3618	132	2064	0	0	0	340	0	176	0	0	0	0	0	0	0	0	0	0	0	0	0	0	0	144	0	98	0	0	0	0	0	0	0	0	0	0	0	0	0	1494	0	1756	0	0	0	140	0	0	0	112	0	0	0	0	0	0	0	0	0	0	0	0	0	0	0	0	0	0	0	0	0	0	0	0	0	0	0	0	0	0	0	0	0	0	
183692	Frontal_Inf_Orb_L	0	0	5440	650	10910	182	6074	846	10060	0	586	0	14864	0	0	128	92	0	1934	334	3428	884	192	138	380	0	1980	324	16066	146	544	252	98	0	0	0	0	0	238	0	332	0	0	0	0	0	0	0	0	0	0	0	0	0	0	0	0	0	0	0	0	0	0	0	0	0	0	0	0	0	5506	1200	6174	0	0	0	0	0	0	0	0	0	1864	0	0	0	0	0	0	0	0	0	0	0	0	0	0	0	0	0	0	0	0	0	0	0	0	0	0	0	0	0	0	0	0	0	
90880	Frontal_Inf_Orb_R	0	0	0	1552	202	3244	0	3716	0	4828	0	650	0	5340	128	0	0	348	0	124	482	1266	0	636	0	0	334	1966	88	11590	0	216	0	0	0	0	0	0	0	0	0	320	0	0	0	0	0	0	0	0	0	0	0	0	0	0	0	0	0	0	0	0	0	0	0	0	0	0	0	0	476	1548	118	3716	0	0	0	0	0	252	0	1080	0	1220	0	0	0	0	0	0	0	0	0	0	0	0	0	0	0	0	0	0	0	0	0	0	0	0	0	0	0	0	0	0	0	0	
264716	Rolandic_Oper_L	14788	104	15524	464	0	0	12534	492	0	0	16488	0	890	0	92	0	0	0	6172	286	0	0	312	198	0	0	0	0	26910	0	196	240	160	0	150	156	1280	116	136	100	0	0	0	0	0	0	130	0	0	0	840	0	530	0	744	0	10222	0	120	0	654	0	2474	0	246	0	0	0	0	0	1540	320	2562	0	122	0	496	0	4620	0	7000	0	504	0	662	0	0	0	784	0	0	0	0	0	0	0	0	0	0	0	0	0	0	0	0	0	0	0	0	0	0	0	0	0	0	0	
119912	Rolandic_Oper_R	0	1838	332	3758	0	0	0	196	0	0	0	4690	0	672	0	348	0	0	268	3096	0	0	290	686	0	0	0	0	0	11484	734	2058	0	104	0	226	0	4286	0	1418	0	0	0	130	0	0	0	0	0	134	0	230	0	0	0	1248	0	3574	0	0	0	0	0	1800	0	0	0	466	0	0	172	3516	0	7026	0	302	0	0	0	1820	0	2346	0	224	0	364	0	0	0	120	0	0	0	0	0	0	0	0	0	0	0	0	0	0	0	0	0	0	0	0	0	0	0	0	0	0	
804452	Supp_Motor_Area_L	29458	3574	86102	15270	406	0	15902	3450	0	0	6468	730	5714	450	1934	0	6172	268	0	50684	0	0	10522	3832	0	0	0	0	8752	742	9374	11930	14992	27182	1112	928	2890	260	0	0	0	0	148	0	538	0	0	0	0	0	228	0	0	0	350	0	6492	570	156	0	288	0	342	200	232	0	1360	0	22486	2550	11484	2910	13408	766	3638	0	11550	138	1130	0	1350	0	0	0	0	0	0	0	814	0	0	0	0	0	0	0	0	0	0	0	0	0	0	0	0	0	0	0	0	0	0	0	0	0	0	0	
868812	Supp_Motor_Area_R	6914	9456	23996	71254	398	0	5188	7026	0	0	1702	7364	668	6904	334	124	286	3096	50684	0	0	0	2784	12384	0	0	0	0	2526	6350	5730	20414	7658	53680	570	3882	0	4786	0	2230	0	234	0	576	0	0	0	2624	178	158	0	192	0	0	0	2012	242	2532	0	0	212	0	0	518	114	0	378	3700	17932	15122	7406	23778	842	6614	0	324	1718	27326	0	240	92	544	160	0	0	0	0	0	126	124	0	0	0	0	0	0	0	0	0	0	0	0	0	0	0	0	0	0	0	0	0	0	0	0	0	0	
103000	Olfactory_L	0	0	0	0	2776	674	96	0	0	0	0	0	94	0	3428	482	0	0	0	0	0	6860	0	0	780	420	3370	1068	3728	362	2686	2094	0	0	0	0	392	0	856	0	1110	420	0	0	0	0	0	0	0	0	0	0	0	0	124	0	0	0	0	0	0	0	0	0	0	0	0	0	0	0	8828	4576	4120	1130	0	0	0	0	0	0	0	0	1026	0	0	0	0	0	0	0	0	0	0	0	0	0	0	0	0	0	0	0	0	0	0	0	0	0	0	0	0	0	0	0	0	0	
100788	Olfactory_R	0	0	0	0	1226	1446	0	0	0	102	0	0	0	0	884	1266	0	0	0	0	6860	0	0	0	306	1124	2384	2584	626	1052	2402	3008	0	0	0	0	0	0	0	0	0	1114	0	0	0	0	0	0	0	0	0	0	0	0	0	0	0	0	0	0	0	0	0	0	0	0	0	0	0	0	8618	8274	4662	1860	184	310	0	0	0	0	0	0	0	102	0	0	0	0	0	0	0	0	0	0	0	0	0	0	0	0	0	0	0	0	0	0	0	0	0	0	0	0	0	0	0	0	
438820	Frontal_Sup_Medial_L	130	90	54162	10218	3618	0	16498	1064	180	0	1414	98	2448	298	192	0	312	290	10522	2784	0	0	0	25070	3448	1064	474	0	1898	346	35732	18758	6758	11480	0	0	0	0	0	0	0	0	0	0	0	0	0	0	0	0	0	0	0	0	0	0	0	0	0	0	0	0	0	0	0	0	0	0	0	0	1286	2092	5808	878	0	0	0	0	0	0	0	0	0	0	0	0	0	0	0	0	0	0	0	0	0	0	0	0	0	0	0	0	0	0	0	0	0	0	0	0	0	0	0	0	0	0	
397720	Frontal_Sup_Medial_R	0	0	7042	36954	228	2416	368	3888	0	0	812	2162	362	3532	138	636	198	686	3832	12384	0	0	25070	0	2346	7264	0	532	990	5672	9412	37884	1434	14828	0	0	0	238	0	154	0	0	0	0	0	0	0	0	0	0	0	0	0	0	0	114	0	0	0	0	0	0	0	0	0	0	0	0	0	0	712	11086	302	5184	0	0	0	0	0	0	0	0	0	0	0	0	0	0	0	0	0	0	0	0	0	0	0	0	0	0	0	0	0	0	0	0	0	0	0	0	0	0	0	0	0	0	
51172	Frontal_Med_Orb_L	0	0	718	242	3032	376	0	0	0	0	0	0	0	0	380	0	0	0	0	0	780	306	3448	2346	0	2694	2178	0	296	0	4880	556	0	0	0	0	0	0	0	0	0	0	0	0	0	0	0	0	0	0	0	0	0	0	0	0	0	0	0	0	0	0	0	0	0	0	0	0	0	0	1612	218	1412	112	0	0	0	0	0	0	0	0	0	0	0	0	0	0	0	0	0	0	0	0	0	0	0	0	0	0	0	0	0	0	0	0	0	0	0	0	0	0	0	0	0	0	
90240	Frontal_Med_Orb_R	0	0	110	2046	0	7996	0	0	0	0	0	0	0	0	0	0	0	0	0	0	420	1124	1064	7264	2694	0	100	6104	0	128	1468	5622	0	0	0	0	0	0	0	0	0	154	0	0	0	0	0	0	0	0	0	0	0	0	0	0	0	0	0	0	0	0	0	0	0	0	0	0	0	0	216	4820	202	3588	0	0	0	0	0	0	0	0	0	0	0	0	0	0	0	0	0	0	0	0	0	0	0	0	0	0	0	0	0	0	0	0	0	0	0	0	0	0	0	0	0	0	
64004	Rectus_L	0	0	132	0	6136	488	0	0	1728	0	0	0	0	0	1980	334	0	0	0	0	3370	2384	474	0	2178	100	0	786	1290	236	2112	650	0	0	0	0	0	0	0	0	0	230	0	0	0	0	0	0	0	0	0	0	0	0	0	0	0	0	0	0	0	0	0	0	0	0	0	0	0	0	4222	938	2068	166	0	0	0	0	0	0	0	0	0	0	0	0	0	0	0	0	0	0	0	0	0	0	0	0	0	0	0	0	0	0	0	0	0	0	0	0	0	0	0	0	0	0	
62384	Rectus_R	0	0	0	0	442	6598	0	0	0	194	0	0	0	0	324	1966	0	0	0	0	1068	2584	0	532	0	6104	786	0	232	1292	196	1796	0	0	0	0	0	0	0	0	0	808	0	0	0	0	0	0	0	0	0	0	0	0	0	0	0	0	0	0	0	0	0	0	0	0	0	0	0	0	1034	3344	318	1574	0	0	0	0	0	0	0	0	0	0	0	0	0	0	0	0	0	0	0	0	0	0	0	0	0	0	0	0	0	0	0	0	0	0	0	0	0	0	0	0	0	0	
591528	Insula_L	11568	100	30172	2890	9596	132	27402	620	2050	0	27772	0	22218	0	16066	88	26910	0	8752	2526	3728	626	1898	990	296	0	1290	232	0	122	2634	1124	1358	0	378	462	11198	344	1910	316	2754	0	120	0	0	0	388	228	0	0	1676	0	1136	0	6706	224	3494	0	142	0	1144	0	1110	0	500	0	146	0	0	0	4984	1934	16298	0	230	0	1274	0	9088	0	8530	0	5850	0	1942	0	0	0	8098	0	0	0	0	0	0	0	0	0	0	0	0	0	0	0	0	0	0	0	0	0	0	0	0	0	0	0	
342516	Insula_R	0	5180	450	12506	156	2148	92	3586	0	1510	0	14216	0	12688	146	11590	0	11484	742	6350	362	1052	346	5672	0	128	236	1292	122	0	778	6366	0	622	90	470	0	13314	0	6708	0	684	0	382	0	98	0	500	0	0	0	168	0	128	0	7700	0	410	0	0	0	0	0	0	0	0	0	856	0	136	636	6588	88	19460	0	348	0	826	0	3768	0	4770	0	972	0	1132	0	98	0	1108	0	0	0	0	0	0	0	0	0	0	0	0	0	0	0	0	0	0	0	0	0	0	0	0	0	0	
414096	Cingulum_Ant_L	0	110	25432	9182	3134	0	8354	804	184	0	1542	180	2332	388	544	0	196	734	9374	5730	2686	2402	35732	9412	4880	1468	2112	196	2634	778	0	26886	11754	8604	2490	0	0	0	0	0	0	0	0	0	0	0	0	0	0	0	0	0	0	0	0	0	0	0	0	0	0	0	0	0	0	0	382	0	0	114	7166	6870	8704	3452	0	0	0	106	0	0	0	0	0	0	0	0	0	0	0	0	0	0	0	0	0	0	0	0	0	0	0	0	0	0	0	0	0	0	0	0	0	0	0	0	0	0	
521344	Cingulum_Ant_R	0	114	8250	29496	338	444	420	2442	0	0	924	2812	462	3618	252	216	240	2058	11930	20414	2094	3008	18758	37884	556	5622	650	1796	1124	6366	26886	0	5294	22838	0	202	0	472	0	330	0	144	0	0	0	0	0	0	0	0	0	0	0	0	0	230	0	0	0	0	0	0	0	0	0	0	0	0	0	212	3614	25430	1122	11244	0	168	0	198	0	0	0	0	0	0	0	0	0	0	0	0	0	0	0	0	0	0	0	0	0	0	0	0	0	0	0	0	0	0	0	0	0	0	0	0	0	0	
228664	Cingulum_Mid_L	368	0	11858	3476	0	0	3626	540	0	0	124	0	462	132	98	0	160	0	14992	7658	0	0	6758	1434	0	0	0	0	1358	0	11754	5294	0	14502	5426	472	440	0	0	0	0	0	494	0	3090	146	0	0	2112	0	324	0	0	0	174	0	422	0	372	0	326	0	302	0	256	0	6368	894	3686	670	1024	0	1422	0	500	0	0	0	232	0	0	0	0	0	0	0	0	0	586	0	0	0	0	0	0	0	0	0	0	0	0	0	0	0	0	0	0	0	0	0	0	0	0	0	0	0	
512592	Cingulum_Mid_R	2988	6874	6714	18900	0	0	474	4238	0	0	0	488	0	2064	0	0	0	104	27182	53680	0	0	11480	14828	0	0	0	0	0	622	8604	22838	14502	0	994	7782	0	552	0	296	0	0	0	500	0	862	0	1524	0	588	0	450	0	198	0	746	0	2518	0	0	0	0	0	0	0	0	880	6792	15574	15312	1106	644	0	446	0	0	702	1100	0	0	0	0	0	0	0	0	0	0	0	150	0	0	0	0	0	0	0	0	0	0	0	0	0	0	0	0	0	0	0	0	0	0	0	0	0	0	
146364	Cingulum_Post_L	698	228	182	120	0	0	266	0	0	0	172	0	0	0	0	0	150	0	1112	570	0	0	0	0	0	0	0	0	378	90	2490	0	5426	994	0	7758	5534	2722	2596	2328	0	0	2554	328	1616	0	1516	1118	1872	190	612	244	0	0	632	1228	4080	138	230	0	1874	0	0	0	1002	0	7894	1146	6298	308	178	0	0	0	0	0	3056	796	326	0	0	0	0	0	0	0	0	0	132	0	0	0	0	0	0	0	0	0	0	0	0	0	0	0	0	0	0	0	0	0	0	0	0	0	0	0	
188092	Cingulum_Post_R	674	2796	226	412	0	0	400	0	0	0	268	0	0	0	0	0	156	226	928	3882	0	0	0	0	0	0	0	0	462	470	0	202	472	7782	7758	0	4040	7722	734	5660	0	0	0	1452	0	102	180	7480	1814	406	640	442	0	172	452	5458	2550	1480	234	0	2442	0	0	0	1380	0	1132	8626	1686	3506	0	0	0	98	0	0	3756	2116	378	154	0	128	0	0	0	0	0	0	0	0	0	0	0	0	0	0	0	228	0	0	0	0	0	0	0	0	0	0	0	0	284	0	0	0	0	0	
254000	Hippocampus_L	6340	96	4822	0	0	0	2106	88	0	0	1884	0	126	0	0	0	1280	0	2890	0	392	0	0	0	0	0	0	0	11198	0	0	0	440	0	5534	4040	0	3090	11936	3088	5762	0	1924	0	0	0	4324	1946	1000	0	532	0	106	0	10830	1658	2716	0	296	0	1850	0	0	0	872	0	3484	572	1462	0	108	0	6500	0	1154	0	6720	438	3520	0	1312	0	1828	0	184	0	0	0	6296	0	0	0	0	0	0	0	126	130	0	0	0	0	0	0	0	0	0	0	0	0	0	0	0	0	0	0	
426932	Hippocampus_R	418	5824	480	6506	0	0	378	834	0	0	212	2578	0	340	0	0	116	4286	260	4786	0	0	0	238	0	0	0	0	344	13314	0	472	0	552	2722	7722	3090	0	858	37364	0	7842	0	1302	0	112	296	8248	1606	360	458	686	0	258	366	37748	1932	698	0	0	1842	0	0	124	1210	0	548	5964	106	620	210	676	98	15026	0	666	3970	6774	194	2510	0	2416	0	750	0	2288	0	198	0	10028	0	118	0	0	0	224	0	774	0	248	0	0	0	0	0	0	0	0	0	0	278	0	0	0	0	0	
99048	ParaHippocampal_L	332	0	126	0	178	0	254	0	0	0	190	0	0	0	238	0	136	0	0	0	856	0	0	0	0	0	0	0	1910	0	0	0	0	0	2596	734	11936	858	0	890	1628	0	1796	0	0	0	4900	614	0	0	0	0	162	0	6824	366	112	0	0	0	0	0	0	0	0	0	2786	350	0	0	0	0	832	0	0	0	1458	0	0	0	280	0	894	0	0	0	320	0	1230	0	716	0	0	0	574	0	1378	0	934	0	0	0	0	0	0	0	0	0	0	136	0	0	0	0	0	0	
325272	ParaHippocampal_R	400	1502	178	2762	0	0	260	298	0	0	188	816	0	176	0	0	100	1418	0	2230	0	0	0	154	0	0	0	0	316	6708	0	330	0	296	2328	5660	3088	37364	890	0	0	6392	0	960	0	0	250	9126	1232	240	424	244	0	136	372	32546	1560	428	0	0	1468	0	0	0	1038	0	382	3882	0	314	0	522	0	10052	0	510	3120	3768	190	1594	0	1798	0	2254	0	1186	0	606	0	5488	0	258	0	0	0	408	0	1676	0	504	0	0	0	0	0	0	0	0	0	0	246	0	0	0	0	0	
32784	Amygdala_L	0	0	0	0	386	0	0	0	0	0	0	0	0	0	332	0	0	0	0	0	1110	0	0	0	0	0	0	0	2754	0	0	0	0	0	0	0	5762	0	1628	0	0	0	0	0	0	0	0	0	0	0	0	0	0	0	2214	0	0	0	0	0	0	0	0	0	0	0	0	0	0	0	0	0	116	0	0	0	148	0	0	0	0	0	946	0	0	0	0	0	996	0	0	0	0	0	0	0	0	0	0	0	0	0	0	0	0	0	0	0	0	0	0	0	0	0	0	0	
66936	Amygdala_R	0	0	0	0	96	584	0	0	0	0	0	0	0	0	0	320	0	0	0	234	420	1114	0	0	0	154	230	808	0	684	0	144	0	0	0	0	0	7842	0	6392	0	0	0	0	0	0	0	0	0	0	0	0	0	0	0	6968	0	0	0	0	0	0	0	0	0	0	0	0	0	0	416	1258	248	386	0	0	0	354	0	0	0	0	0	2340	0	0	0	248	0	2228	0	0	0	0	0	0	0	0	0	0	0	0	0	0	0	0	0	0	0	0	0	0	0	0	0	0	
176540	Calcarine_L	300	0	0	0	0	0	0	0	0	0	0	0	0	0	0	0	0	0	148	0	0	0	0	0	0	0	0	0	120	0	0	0	494	0	2554	0	1924	0	1796	0	0	0	0	4948	14754	4244	9762	1150	7020	900	6992	88	3094	0	2590	0	2962	0	0	0	918	0	0	0	838	0	15060	608	3080	0	0	0	0	0	0	0	304	0	0	0	0	0	0	0	782	0	0	0	840	0	0	0	0	0	0	0	0	0	0	0	0	0	0	0	0	0	0	0	0	0	0	0	0	0	0	0	
429560	Calcarine_R	0	4104	0	0	0	0	0	410	0	0	0	1658	0	0	0	0	0	130	0	576	0	0	0	0	0	0	0	0	0	382	0	0	0	500	328	1452	0	1302	0	960	0	0	4948	0	3318	30840	668	24468	0	32670	0	21536	0	13202	0	12574	0	5302	0	1036	0	984	0	826	0	172	8190	31956	0	3082	0	0	0	126	0	0	0	272	0	108	0	428	0	0	0	2404	0	0	0	3530	0	0	0	0	0	0	0	0	0	226	0	0	0	0	0	0	0	0	0	0	0	112	0	0	0	0	
178156	Cuneus_L	92	0	0	0	0	0	0	0	0	0	0	0	0	0	0	0	0	0	538	0	0	0	0	0	0	0	0	0	0	0	0	0	3090	0	1616	0	0	0	0	0	0	0	14754	3318	0	5420	1638	188	21022	674	7464	0	870	0	812	0	2204	0	540	0	830	0	0	0	568	0	17520	1424	3188	0	0	0	0	0	0	0	544	0	0	0	0	0	0	0	764	0	0	0	0	0	0	0	0	0	0	0	0	0	0	0	0	0	0	0	0	0	0	0	0	0	0	0	0	0	0	0	
349172	Cuneus_R	0	944	0	0	0	0	0	0	0	0	0	546	0	0	0	0	0	0	0	0	0	0	0	0	0	0	0	0	0	98	0	0	146	862	0	102	0	112	0	0	0	0	4244	30840	5420	0	184	8458	220	39984	0	20832	0	3776	0	3418	0	2280	0	5500	0	1174	0	596	0	110	11136	29990	0	1368	0	0	0	0	0	0	0	0	0	0	0	218	0	0	0	980	0	0	0	770	0	0	0	0	0	0	0	0	0	186	0	0	0	0	0	0	0	0	0	0	0	92	0	0	0	0	
235228	Lingual_L	202	0	0	0	0	0	0	0	0	0	0	0	0	0	0	0	130	0	0	0	0	0	0	0	0	0	0	0	388	0	0	0	0	0	1516	180	4324	296	4900	250	0	0	9762	668	1638	184	0	2734	2842	180	16722	0	7058	256	19232	990	394	0	0	0	0	0	0	0	0	0	4710	184	340	0	0	0	0	0	0	0	300	0	248	0	0	0	0	0	108	0	0	0	382	0	5052	1412	0	0	144	248	9226	678	11400	2530	148	0	0	0	0	0	0	0	0	130	1796	3370	362	0	0	0	
408500	Lingual_R	354	2638	112	260	0	0	218	0	0	0	160	120	0	0	0	0	0	0	0	2624	0	0	0	0	0	0	0	0	228	500	0	0	0	1524	1118	7480	1946	8248	614	9126	0	0	1150	24468	188	8458	2734	0	690	11258	274	6506	0	5866	1136	26890	798	1632	0	0	726	0	0	0	570	0	2420	18952	0	4434	0	122	0	246	0	0	2130	2202	148	226	0	250	0	0	0	524	0	0	0	1074	2110	4868	168	504	0	1398	1016	4580	3990	10120	0	0	0	0	0	0	0	0	0	122	3820	7250	962	0	0	0	
319804	Occipital_Sup_L	1016	0	0	138	0	0	256	0	0	0	0	0	0	0	0	0	0	0	0	178	0	0	0	0	0	0	0	0	0	0	0	0	2112	0	1872	1814	1000	1606	0	1232	0	0	7020	0	21022	220	2842	690	0	0	32720	0	3076	0	790	664	10526	0	13982	0	11774	0	0	0	8804	0	24674	128	940	0	0	0	0	0	0	0	4854	1134	0	0	0	0	0	0	2278	0	0	0	540	0	0	0	0	0	0	0	0	0	0	0	0	0	0	0	0	0	0	0	0	0	0	0	0	0	0	0	
441016	Occipital_Sup_R	0	1828	0	0	0	0	0	0	0	0	0	338	0	0	0	0	0	134	0	158	0	0	0	0	0	0	0	0	0	0	0	0	0	588	190	406	0	360	0	240	0	0	900	32670	674	39984	180	11258	0	0	0	40732	0	6662	0	7576	0	6366	0	11824	0	9198	0	2798	0	6224	6382	25480	0	1012	0	0	0	0	0	0	0	98	0	0	0	696	0	0	0	3372	0	0	0	1926	0	0	0	0	0	0	0	0	0	156	0	0	0	0	0	0	0	0	0	0	0	98	0	0	0	0	
444684	Occipital_Mid_L	3016	0	710	0	0	0	516	0	0	0	716	0	0	0	0	0	840	0	228	0	0	0	0	0	0	0	0	0	1676	0	0	0	324	0	612	640	532	458	0	424	0	0	6992	0	7464	0	16722	274	32720	0	0	0	19270	0	7736	210	8330	0	20368	0	23524	0	308	0	28648	0	17402	0	1542	0	0	0	0	0	0	0	1090	308	878	0	292	0	0	0	14002	0	0	0	3194	0	0	0	0	0	0	0	138	0	238	0	0	0	0	0	0	0	0	0	0	0	0	0	0	0	0	0	
381148	Occipital_Mid_R	0	1952	0	0	0	0	0	116	0	0	0	688	0	0	0	0	0	230	0	192	0	0	0	0	0	0	0	0	0	168	0	0	0	450	244	442	0	686	0	244	0	0	88	21536	0	20832	0	6506	0	40732	0	0	0	10162	0	5274	0	4092	0	6172	0	6562	0	3066	0	10284	2020	18964	0	624	0	0	0	0	0	0	0	186	0	184	0	2688	0	0	0	20584	0	0	0	4606	0	0	0	0	0	0	0	0	0	0	0	0	0	0	0	0	0	0	0	0	0	0	0	0	0	0	
134072	Occipital_Inf_L	424	0	140	0	0	0	0	0	0	0	90	0	0	0	0	0	530	0	0	0	0	0	0	0	0	0	0	0	1136	0	0	0	0	0	0	0	106	0	162	0	0	0	3094	0	870	0	7058	0	3076	0	19270	0	0	0	10116	0	500	0	0	0	762	0	944	0	1786	0	1486	0	416	0	0	0	0	0	0	0	0	0	872	0	656	0	0	0	5024	0	0	0	7598	0	230	0	0	0	0	0	246	0	444	0	0	0	0	0	0	0	0	0	0	0	0	0	0	0	0	0	
173528	Occipital_Inf_R	0	928	0	0	0	0	0	0	0	0	0	174	0	0	0	0	0	0	0	0	0	0	0	0	0	0	0	0	0	128	0	0	0	198	0	172	0	258	0	136	0	0	0	13202	0	3776	256	5866	0	6662	0	10162	0	0	174	12908	0	630	0	242	0	240	0	424	0	0	1828	4844	0	284	0	0	0	0	0	0	0	0	0	0	0	514	0	0	0	5852	0	0	0	11624	452	430	0	0	0	0	0	114	836	1694	0	0	0	0	0	0	0	0	0	0	310	1242	204	0	0	0	
376324	Fusiform_L	1560	0	612	0	0	0	186	0	0	0	920	0	0	0	0	0	744	0	350	0	124	0	0	0	0	0	0	0	6706	0	0	0	174	0	632	452	10830	366	6824	372	2214	0	2590	0	812	0	19232	1136	790	0	7736	0	10116	174	0	822	1078	0	0	0	1146	0	570	0	1330	0	2284	114	746	0	0	0	1038	0	0	0	748	0	3964	0	5240	0	1488	0	6150	0	1182	0	19146	0	18414	1096	516	0	170	0	13598	0	25660	1874	308	0	480	0	0	0	0	0	0	0	496	2498	354	0	0	0	
609636	Fusiform_R	350	3916	178	2114	0	0	250	314	0	0	148	870	0	144	0	0	0	1248	0	2012	0	0	0	114	0	0	0	0	224	7700	0	230	0	746	1228	5458	1658	37748	366	32546	0	6968	0	12574	0	3418	990	26890	664	7576	210	5274	0	12908	822	0	772	1366	0	326	690	530	0	2874	522	484	2076	9806	0	816	88	310	0	7500	0	220	2112	1774	138	2114	0	3710	0	3104	0	6140	0	1306	0	26868	1454	12506	132	452	0	488	682	6540	2584	17406	0	0	0	152	0	0	0	0	0	0	3402	5078	440	0	0	0	
406876	Postcentral_L	32106	92	8024	192	0	0	1890	144	0	0	7404	0	272	0	0	0	10222	0	6492	242	0	0	0	0	0	0	0	0	3494	0	0	0	422	0	4080	2550	2716	1932	112	1560	0	0	2962	0	2204	0	394	798	10526	0	8330	0	500	0	1078	772	0	0	8008	0	30574	0	4944	0	10850	0	9126	0	12896	0	1272	92	1472	0	146	0	6078	1222	1448	0	2260	0	0	0	842	0	0	0	698	0	0	0	0	0	0	0	0	0	0	0	0	0	0	0	0	0	0	0	0	0	0	0	0	0	0	0	
253804	Postcentral_R	0	18494	746	1306	0	0	162	852	0	0	0	3834	0	98	0	0	0	3574	570	2532	0	0	0	0	0	0	0	0	0	410	0	0	0	2518	138	1480	0	698	0	428	0	0	0	5302	0	2280	0	1632	0	6366	0	4092	0	630	0	1366	0	0	0	9588	0	11042	0	15978	0	1240	0	15618	944	8754	408	136	0	194	0	0	0	0	0	140	0	614	0	0	0	2162	0	0	0	576	0	0	0	0	0	0	0	0	0	0	0	0	0	0	0	0	0	0	0	0	0	0	0	0	0	0	
186492	Parietal_Sup_L	2722	0	482	0	0	0	374	0	0	0	486	0	0	0	0	0	120	0	156	0	0	0	0	0	0	0	0	0	142	0	0	0	372	0	230	234	296	0	0	0	0	0	0	0	540	0	0	0	13982	0	20368	0	0	0	0	0	8008	0	0	0	15576	0	0	0	11806	0	16056	228	702	0	0	0	0	0	0	0	366	0	0	0	0	0	0	0	0	0	0	0	0	0	0	0	0	0	0	0	0	0	0	0	0	0	0	0	0	0	0	0	0	0	0	0	0	0	0	0	
142232	Parietal_Sup_R	0	546	0	0	0	0	0	0	0	0	0	0	0	0	0	0	0	0	0	0	0	0	0	0	0	0	0	0	0	0	0	0	0	0	0	0	0	0	0	0	0	0	0	1036	0	5500	0	0	0	11824	0	6172	0	242	0	326	0	9588	0	0	0	14382	0	948	0	6094	286	10336	0	370	0	0	0	0	0	0	0	0	0	0	0	620	0	0	0	2626	0	0	0	220	0	0	0	0	0	0	0	0	0	0	0	0	0	0	0	0	0	0	0	0	0	0	0	0	0	0	
413400	Parietal_Inf_L	12282	0	1326	146	0	0	948	0	0	0	2692	0	0	0	0	0	654	0	288	212	0	0	0	0	0	0	0	0	1144	0	0	0	326	0	1874	2442	1850	1842	0	1468	0	0	918	0	830	0	0	726	11774	0	23524	0	762	0	1146	690	30574	0	15576	0	0	0	9482	0	46818	0	8108	0	2798	0	192	0	178	0	0	0	4702	1208	492	0	1022	0	0	0	11144	0	0	0	4542	0	0	0	0	0	0	0	0	0	0	0	0	0	0	0	0	0	0	0	0	0	0	0	0	0	0	0	
156504	Parietal_Inf_R	0	2098	0	0	0	0	0	338	0	0	0	1204	0	0	0	0	0	0	0	0	0	0	0	0	0	0	0	0	0	0	0	0	0	0	0	0	0	0	0	0	0	0	0	984	0	1174	0	0	0	9198	0	6562	0	240	0	530	0	11042	0	14382	0	0	0	7776	0	13258	0	4384	0	238	96	0	0	0	0	0	0	0	0	0	0	814	0	0	0	3520	0	0	0	414	0	0	0	0	0	0	0	0	0	0	0	0	0	0	0	0	0	0	0	0	0	0	0	0	0	0	
90672	SupraMarginal_L	1940	0	1872	0	0	0	188	0	0	0	956	0	0	0	0	0	2474	0	342	0	0	0	0	0	0	0	0	0	1110	0	0	0	302	0	0	0	0	0	0	0	0	0	0	0	0	0	0	0	0	0	308	0	944	0	570	0	4944	0	0	0	9482	0	0	0	5452	0	0	0	0	0	0	0	0	0	0	0	0	0	502	0	5056	0	0	0	4538	0	0	0	4356	0	0	0	0	0	0	0	0	0	0	0	0	0	0	0	0	0	0	0	0	0	0	0	0	0	0	0	
134972	SupraMarginal_R	0	6416	326	440	0	0	0	804	0	0	0	2486	0	0	0	0	0	1800	200	518	0	0	0	0	0	0	0	0	0	0	0	0	0	0	0	0	0	124	0	0	0	0	0	826	0	596	0	0	0	2798	0	3066	0	424	0	2874	0	15978	0	948	0	7776	0	0	0	5424	0	2942	0	0	312	0	0	0	0	0	0	0	0	0	0	5282	0	0	0	2004	0	0	0	3122	0	0	0	0	0	0	0	0	0	0	0	0	0	0	0	0	0	0	0	0	0	0	0	0	0	0	
333460	Angular_L	2662	0	648	0	0	0	418	0	0	0	596	0	0	0	0	0	246	0	232	114	0	0	0	0	0	0	0	0	500	0	0	0	256	0	1002	1380	872	1210	0	1038	0	0	838	0	568	0	0	570	8804	0	28648	0	1786	0	1330	522	10850	0	11806	0	46818	0	5452	0	0	0	6082	0	1840	0	108	0	0	0	0	0	2874	810	326	0	1680	0	0	0	16218	0	0	0	7626	0	0	0	0	0	0	0	0	0	0	0	0	0	0	0	0	0	0	0	0	0	0	0	0	0	0	0	
113632	Angular_R	0	468	0	0	0	0	0	0	0	0	0	90	0	0	0	0	0	0	0	0	0	0	0	0	0	0	0	0	0	0	0	0	0	0	0	0	0	0	0	0	0	0	0	172	0	110	0	0	0	6224	0	10284	0	0	0	484	0	1240	0	6094	0	13258	0	5424	0	0	0	592	0	0	0	0	0	0	0	0	0	0	0	0	0	4680	0	0	0	7184	0	0	0	512	0	0	0	0	0	0	0	0	0	0	0	0	0	0	0	0	0	0	0	0	0	0	0	0	0	0	
428032	Precuneus_L	1182	0	0	102	0	0	116	0	0	0	0	0	0	0	0	0	0	0	1360	378	0	0	0	0	0	0	0	0	146	0	382	0	6368	880	7894	1132	3484	548	2786	382	0	0	15060	8190	17520	11136	4710	2420	24674	6382	17402	2020	1486	1828	2284	2076	9126	0	16056	286	8108	0	0	0	6082	0	0	15740	6978	230	0	0	0	0	0	0	2540	330	0	0	0	0	0	0	2844	88	0	0	1170	0	0	0	0	0	0	0	110	0	0	0	0	0	0	0	0	0	0	0	0	0	0	0	0	0	0	0	
527616	Precuneus_R	0	9338	174	288	0	0	172	698	0	0	0	3110	0	0	0	0	0	466	0	3700	0	0	0	0	0	0	0	0	0	856	0	0	894	6792	1146	8626	572	5964	350	3882	0	0	608	31956	1424	29990	184	18952	128	25480	0	18964	0	4844	114	9806	0	15618	228	10336	0	4384	0	2942	0	592	15740	0	278	12846	190	0	0	224	0	0	452	1032	0	548	0	1744	0	0	0	3464	0	0	0	2956	0	0	0	0	0	0	0	382	0	0	0	0	0	0	0	0	0	0	0	0	374	0	0	0	0	0	
331584	Paracentral_Lobule_L	19792	4476	7288	272	0	0	130	0	0	0	0	0	0	0	0	0	0	0	22486	17932	0	0	0	0	0	0	0	0	0	0	0	0	3686	15574	6298	1686	1462	106	0	0	0	0	3080	0	3188	0	340	0	940	0	1542	0	416	0	746	0	12896	944	702	0	2798	0	0	0	1840	0	6978	278	0	7846	3492	194	1254	0	990	0	12728	206	0	0	0	0	0	0	624	0	0	0	582	0	0	0	0	0	0	0	0	0	0	0	0	0	0	0	0	0	0	0	0	0	0	0	0	0	0	0	
188736	Paracentral_Lobule_R	628	10148	460	670	0	0	0	0	0	0	0	0	0	0	0	0	0	0	2550	15122	0	0	0	0	0	0	0	0	0	136	114	212	670	15312	308	3506	0	620	0	314	0	0	0	3082	0	1368	0	4434	0	1012	0	624	0	284	0	816	0	8754	0	370	0	238	0	0	0	0	230	12846	7846	0	108	434	0	0	0	0	116	684	0	104	0	0	0	0	0	0	0	0	0	248	0	0	0	0	0	0	0	0	0	0	0	0	0	0	0	0	0	0	0	0	0	0	0	0	0	0	
365572	Caudate_L	4610	3524	19352	6670	3538	662	6558	4274	98	0	2206	1534	3582	0	5506	476	1540	172	11484	7406	8828	8618	1286	712	1612	216	4222	1034	4984	636	7166	3614	1024	1106	178	0	108	210	0	0	0	416	0	0	0	0	0	0	0	0	0	0	0	0	0	88	1272	408	0	0	192	96	0	312	108	0	0	190	3492	108	0	15840	17602	2882	1350	1484	7300	296	0	0	110	0	292	0	0	102	0	0	100	0	0	0	0	0	0	0	0	0	0	0	0	0	0	0	0	0	0	0	0	0	0	0	0	0	0	0	
406904	Caudate_R	226	316	4822	13974	826	3620	1286	272	0	150	1298	2792	1246	1494	1200	1548	320	3516	2910	23778	4576	8274	2092	11086	218	4820	938	3344	1934	6588	6870	25430	0	644	0	0	0	676	0	522	0	1258	0	0	0	0	0	122	0	0	0	0	0	0	0	310	92	136	0	0	0	0	0	0	0	0	0	0	194	434	15840	0	5538	17526	282	2468	228	15200	0	0	0	124	0	94	0	0	0	0	0	0	0	0	0	0	0	0	0	0	0	0	0	0	0	0	0	0	0	0	0	0	0	0	0	0	0	0	
324752	Putamen_L	4930	336	20234	740	7120	176	3908	336	1686	0	2770	0	2390	0	6174	118	2562	0	13408	842	4120	4662	5808	302	1412	202	2068	318	16298	88	8704	1122	1422	0	0	0	6500	98	832	0	116	248	0	0	0	0	0	0	0	0	0	0	0	0	1038	0	1472	0	0	0	178	0	0	0	0	0	0	0	1254	0	17602	5538	0	960	4922	116	5360	0	290	0	546	0	360	0	0	0	0	0	690	0	0	0	0	0	0	0	0	0	0	0	0	0	0	0	0	0	0	0	0	0	0	0	0	0	0	0	
320872	Putamen_R	0	2426	1092	13246	0	4910	256	1972	0	910	0	4274	88	1756	0	3716	0	7026	766	6614	1130	1860	878	5184	112	3588	166	1574	0	19460	3452	11244	0	446	0	98	0	15026	0	10052	0	386	0	126	0	0	0	246	0	0	0	0	0	0	0	7500	0	194	0	0	0	0	0	0	0	0	0	224	0	0	2882	17526	960	0	0	2056	0	2380	0	428	0	1080	0	226	0	132	0	0	0	680	0	0	0	0	0	0	0	88	0	0	0	0	0	0	0	0	0	0	0	0	0	0	0	0	0	0	
51216	Pallidum_L	2700	314	5874	0	0	0	220	230	0	0	276	0	0	0	0	0	122	0	3638	0	0	184	0	0	0	0	0	0	230	0	0	0	500	0	0	0	1154	0	0	0	0	0	0	0	0	0	0	0	0	0	0	0	0	0	0	0	146	0	0	0	0	0	0	0	0	0	0	0	990	0	1350	282	4922	0	0	0	2476	0	0	0	0	0	0	0	0	0	0	0	0	0	0	0	0	0	0	0	0	0	0	0	0	0	0	0	0	0	0	0	0	0	0	0	0	0	0	0	
24080	Pallidum_R	0	404	822	406	0	0	758	0	0	0	0	520	0	0	0	0	0	302	0	324	0	310	0	0	0	0	0	0	0	348	0	168	0	0	0	0	0	666	0	510	0	0	0	0	0	0	0	0	0	0	0	0	0	0	0	220	0	0	0	0	0	0	0	0	0	0	0	0	0	0	1484	2468	116	2056	0	0	0	158	0	0	0	0	0	0	0	0	0	0	0	0	0	0	0	0	0	0	0	0	0	0	0	0	0	0	0	0	0	0	0	0	0	0	0	0	0	0	
261796	Thalamus_L	16428	476	8698	880	0	0	1570	276	0	0	796	0	0	0	0	0	496	0	11550	1718	0	0	0	0	0	0	0	0	1274	0	0	0	0	702	3056	3756	6720	3970	1458	3120	148	0	304	0	544	0	300	2130	4854	0	1090	0	0	0	748	2112	6078	0	366	0	4702	0	0	0	2874	0	2540	452	12728	116	7300	228	5360	0	2476	0	0	6000	222	0	0	0	0	0	0	0	0	0	180	0	0	0	0	0	0	0	0	102	0	0	0	0	0	0	0	0	0	0	0	0	0	0	0	0	0	0	
187936	Thalamus_R	0	896	298	11184	0	0	168	376	0	0	0	604	0	140	0	0	0	0	138	27326	0	0	0	0	0	0	0	0	0	826	106	198	0	1100	796	2116	438	6774	0	3768	0	354	0	272	0	0	0	2202	1134	98	308	186	0	0	0	1774	1222	0	0	0	1208	0	0	0	810	0	330	1032	206	684	296	15200	0	2380	0	158	6000	0	0	320	0	410	0	0	0	0	0	0	0	0	0	0	0	0	0	0	0	132	0	0	0	0	0	0	0	0	0	0	0	0	0	0	0	0	0	0	
90036	Heschl_L	2626	0	1882	0	0	0	820	0	0	0	1842	0	0	0	0	0	4620	0	1130	0	0	0	0	0	0	0	0	0	9088	0	0	0	232	0	326	378	3520	194	0	190	0	0	0	0	0	0	248	148	0	0	878	0	872	0	3964	138	1448	0	0	0	492	0	502	0	326	0	0	0	0	0	0	0	290	0	0	0	222	0	0	0	4832	0	0	0	2306	0	0	0	1504	0	0	0	0	0	0	0	0	0	0	0	0	0	0	0	0	0	0	0	0	0	0	0	0	0	0	0	
48324	Heschl_R	0	562	0	224	0	0	0	0	0	0	0	404	0	0	0	252	0	1820	0	240	0	0	0	0	0	0	0	0	0	3768	0	0	0	0	0	154	0	2510	0	1594	0	0	0	108	0	0	0	226	0	0	0	184	0	0	0	2114	0	140	0	0	0	0	0	0	0	0	0	548	0	104	0	0	0	428	0	0	0	320	0	0	0	6626	0	254	0	1296	0	0	0	286	0	0	0	0	0	0	0	0	0	0	0	0	0	0	0	0	0	0	0	0	0	0	0	0	0	0	
149908	Temporal_Sup_L	2552	0	2330	0	0	0	1140	0	0	0	1910	0	0	0	0	0	7000	0	1350	92	0	0	0	0	0	0	0	0	8530	0	0	0	0	0	0	0	1312	0	280	0	0	0	0	0	0	0	0	0	0	0	292	0	656	0	5240	0	2260	0	0	0	1022	0	5056	0	1680	0	0	0	0	0	110	0	546	0	0	0	0	0	4832	0	0	0	1972	0	14204	0	0	0	10398	0	0	0	0	0	0	0	0	0	190	0	0	0	0	0	0	0	0	0	0	0	0	0	0	0	0	0	
140604	Temporal_Sup_R	0	678	0	614	0	0	0	104	0	0	0	712	0	112	0	1080	0	2346	0	544	0	0	0	0	0	0	0	0	0	4770	0	0	0	0	0	128	0	2416	0	1798	0	0	0	428	0	218	0	250	0	696	0	2688	0	514	0	3710	0	614	0	620	0	814	0	5282	0	4680	0	1744	0	0	0	124	0	1080	0	0	0	410	0	6626	0	0	0	1554	0	18288	0	898	0	3762	0	0	0	0	0	0	0	0	0	0	0	0	0	0	0	0	0	0	0	0	0	0	0	0	0	0	
71008	Temporal_Pole_Sup_L	0	0	688	212	750	0	262	120	136	0	2302	0	984	0	1864	0	504	0	0	160	1026	0	0	0	0	0	0	0	5850	0	0	0	0	0	0	0	1828	0	894	0	946	0	0	0	0	0	0	0	0	0	0	0	0	0	1488	0	0	0	0	0	0	0	0	0	0	0	0	0	0	0	292	0	360	0	0	0	0	0	0	0	1972	0	0	0	4656	0	3440	0	4770	0	0	0	0	0	0	0	0	0	0	0	0	0	0	0	0	0	0	0	0	0	0	0	0	0	0	0	
40600	Temporal_Pole_Sup_R	0	0	0	0	0	0	0	0	0	0	0	158	0	0	0	1220	0	224	0	0	0	102	0	0	0	0	0	0	0	972	0	0	0	0	0	0	0	750	0	2254	0	2340	0	0	0	0	0	0	0	0	0	0	0	0	0	3104	0	0	0	0	0	0	0	0	0	0	0	0	0	0	0	94	0	226	0	0	0	0	0	254	0	1554	0	0	0	1468	0	2166	0	3414	0	0	0	0	0	0	0	0	0	0	0	0	0	0	0	0	0	0	0	0	0	0	0	0	0	0	
244072	Temporal_Mid_L	636	0	184	0	0	0	0	0	0	0	156	0	0	0	0	0	662	0	0	0	0	0	0	0	0	0	0	0	1942	0	0	0	0	0	0	0	184	0	0	0	0	0	782	0	764	0	108	0	2278	0	14002	0	5024	0	6150	0	842	0	0	0	11144	0	4538	0	16218	0	2844	0	624	0	0	0	0	0	0	0	0	0	2306	0	14204	0	4656	0	0	0	3156	0	28334	0	202	0	0	0	0	0	0	0	96	0	0	0	0	0	0	0	0	0	0	0	0	0	0	0	0	0	
228672	Temporal_Mid_R	0	1186	0	0	0	0	0	90	0	0	0	476	0	0	0	0	0	364	0	0	0	0	0	0	0	0	0	0	0	1132	0	0	0	0	0	0	0	2288	0	1186	0	0	0	2404	0	980	0	524	0	3372	0	20584	0	5852	0	6140	0	2162	0	2626	0	3520	0	2004	0	7184	88	3464	0	0	102	0	0	132	0	0	0	0	0	1296	0	18288	0	1468	0	0	0	2648	0	22776	0	0	0	0	0	0	0	0	0	0	0	0	0	0	0	0	0	0	0	0	0	0	0	0	0	0	
22344	Temporal_Pole_Mid_L	0	0	0	0	0	0	0	0	0	0	0	0	0	0	0	0	0	0	0	0	0	0	0	0	0	0	0	0	0	0	0	0	0	0	0	0	0	0	320	0	0	0	0	0	0	0	0	0	0	0	0	0	0	0	1182	0	0	0	0	0	0	0	0	0	0	0	0	0	0	0	0	0	0	0	0	0	0	0	0	0	0	0	3440	0	3156	0	0	0	3074	0	0	0	0	0	0	0	0	0	0	0	0	0	0	0	0	0	0	0	0	0	0	0	0	0	0	0	
20516	Temporal_Pole_Mid_R	0	0	0	0	0	0	0	0	0	0	0	0	0	0	0	0	0	0	0	0	0	0	0	0	0	0	0	0	0	98	0	0	0	0	0	0	0	198	0	606	0	248	0	0	0	0	0	0	0	0	0	0	0	0	0	1306	0	0	0	0	0	0	0	0	0	0	0	0	0	0	0	0	0	0	0	0	0	0	0	0	0	898	0	2166	0	2648	0	0	0	2090	0	0	0	0	0	0	0	0	0	0	0	0	0	0	0	0	0	0	0	0	0	0	0	0	0	0	
260844	Temporal_Inf_L	1268	0	1106	120	0	0	204	0	0	0	768	0	0	0	0	0	784	0	814	126	0	0	0	0	0	0	0	0	8098	0	0	0	586	0	132	0	6296	0	1230	0	996	0	840	0	0	0	382	0	540	0	3194	0	7598	0	19146	0	698	0	0	0	4542	0	4356	0	7626	0	1170	0	582	0	100	0	690	0	0	0	180	0	1504	0	10398	0	4770	0	28334	0	3074	0	0	0	4872	0	264	0	0	0	650	0	2290	0	94	0	0	0	0	0	0	0	0	0	0	0	0	0	0	0	
228616	Temporal_Inf_R	0	940	0	160	0	0	0	0	0	0	0	338	0	0	0	0	0	120	0	124	0	0	0	0	0	0	0	0	0	1108	0	0	0	150	0	0	0	10028	0	5488	0	2228	0	3530	0	770	0	1074	0	1926	0	4606	0	11624	0	26868	0	576	0	220	0	414	0	3122	0	512	0	2956	0	248	0	0	0	680	0	0	0	0	0	286	0	3762	0	3414	0	22776	0	2090	0	0	0	1832	0	0	0	0	0	0	0	338	0	0	0	0	0	0	0	0	0	0	0	0	0	0	0	0	
506804	Cerebelum_Crus1_L	0	0	0	0	0	0	0	0	0	0	0	0	0	0	0	0	0	0	0	0	0	0	0	0	0	0	0	0	0	0	0	0	0	0	0	0	0	0	716	0	0	0	0	0	0	0	5052	2110	0	0	0	0	230	452	18414	1454	0	0	0	0	0	0	0	0	0	0	0	0	0	0	0	0	0	0	0	0	0	0	0	0	0	0	0	0	202	0	0	0	4872	0	0	7812	31862	4412	1624	744	28994	1094	62330	10016	14946	336	15936	2720	3122	2422	550	0	620	1412	5008	9986	9326	2006	2212	410	
509676	Cerebelum_Crus1_R	0	0	0	0	0	0	0	0	0	0	0	0	0	0	0	0	0	0	0	0	0	0	0	0	0	0	0	0	0	0	0	0	0	0	0	0	0	118	0	258	0	0	0	0	0	0	1412	4868	0	0	0	0	0	430	1096	12506	0	0	0	0	0	0	0	0	0	0	0	0	0	0	0	0	0	0	0	0	0	0	0	0	0	0	0	0	0	0	0	0	0	1832	7812	0	1342	34300	460	6392	6902	21994	9634	63758	760	5384	756	18412	416	5468	0	228	480	3254	14778	14602	9742	2432	2806	206	
317976	Cerebelum_Crus2_L	0	0	0	0	0	0	0	0	0	0	0	0	0	0	0	0	0	0	0	0	0	0	0	0	0	0	0	0	0	0	0	0	0	0	0	0	0	0	0	0	0	0	0	0	0	0	0	168	0	0	0	0	0	0	516	132	0	0	0	0	0	0	0	0	0	0	0	0	0	0	0	0	0	0	0	0	0	0	0	0	0	0	0	0	0	0	0	0	264	0	31862	1342	0	8414	152	140	976	148	5512	1450	40370	2326	34786	5538	5824	2122	852	0	0	128	192	1624	8264	4070	1660	156	
308348	Cerebelum_Crus2_R	0	0	0	0	0	0	0	0	0	0	0	0	0	0	0	0	0	0	0	0	0	0	0	0	0	0	0	0	0	0	0	0	0	0	0	0	0	0	0	0	0	0	0	0	0	0	0	504	0	0	0	0	0	0	0	452	0	0	0	0	0	0	0	0	0	0	0	0	0	0	0	0	0	0	0	0	0	0	0	0	0	0	0	0	0	0	0	0	0	0	4412	34300	8414	0	0	628	0	802	1522	9058	4614	21228	3962	34484	0	5770	0	194	126	268	0	2044	14020	4772	2434	166	
66816	Cerebelum_3_L	0	0	0	0	0	0	0	0	0	0	0	0	0	0	0	0	0	0	0	0	0	0	0	0	0	0	0	0	0	0	0	0	0	0	0	0	0	0	574	0	0	0	0	0	0	0	144	0	0	0	0	0	0	0	170	0	0	0	0	0	0	0	0	0	0	0	0	0	0	0	0	0	0	0	0	0	0	0	0	0	0	0	0	0	0	0	0	0	0	0	1624	460	152	0	0	510	10518	0	2994	508	282	0	982	0	2710	384	226	0	2368	5706	1542	410	0	260	336	548	
102552	Cerebelum_3_R	0	0	0	0	0	0	0	0	0	0	0	0	0	0	0	0	0	0	0	0	0	0	0	0	0	0	0	0	0	0	0	0	0	0	0	0	0	224	0	408	0	0	0	0	0	0	248	1398	0	0	0	0	0	0	0	488	0	0	0	0	0	0	0	0	0	0	0	0	0	0	0	0	0	0	0	0	0	0	0	0	0	0	0	0	0	0	0	0	0	0	744	6392	140	628	510	0	1548	6360	1182	8712	146	0	234	734	340	2934	0	0	718	5842	2742	2922	844	2144	2694	0	
350664	Cerebelum_4_5_L	0	0	0	0	0	0	0	0	0	0	0	0	0	0	0	0	0	0	0	0	0	0	0	0	0	0	0	0	0	0	0	0	0	0	0	0	126	0	1378	0	0	0	0	0	0	0	9226	1016	0	0	138	0	246	0	13598	682	0	0	0	0	0	0	0	0	0	0	110	0	0	0	0	0	0	0	0	0	0	0	0	0	0	0	0	0	0	0	0	0	650	0	28994	6902	976	0	10518	1548	0	4568	43888	7768	2748	0	3932	144	5912	1702	526	0	1696	3726	14594	4276	0	588	1400	1756	
211124	Cerebelum_4_5_R	0	0	0	0	0	0	0	0	0	0	0	0	0	0	0	0	0	0	0	0	0	0	0	0	0	0	0	0	0	0	0	0	0	0	0	228	130	774	0	1676	0	0	0	0	0	0	678	4580	0	0	0	0	0	114	0	6540	0	0	0	0	0	0	0	0	0	0	0	382	0	0	0	0	0	88	0	0	102	132	0	0	0	0	0	0	0	0	0	0	0	0	1094	21994	148	802	0	6360	4568	0	1518	30234	220	104	222	1300	0	1096	0	222	0	3018	13962	1102	548	714	912	0	
489904	Cerebelum_6_L	0	0	0	0	0	0	0	0	0	0	0	0	0	0	0	0	0	0	0	0	0	0	0	0	0	0	0	0	0	0	0	0	0	0	0	0	0	0	934	0	0	0	0	0	0	0	11400	3990	0	0	238	0	444	836	25660	2584	0	0	0	0	0	0	0	0	0	0	0	0	0	0	0	0	0	0	0	0	0	0	0	0	190	0	0	0	96	0	0	0	2290	0	62330	9634	5512	1522	2994	1182	43888	1518	0	13550	5638	0	6180	278	3950	1954	844	0	834	1998	8004	15146	5152	1636	2052	494	
494896	Cerebelum_6_R	0	0	0	0	0	0	0	0	0	0	0	0	0	0	0	0	0	0	0	0	0	0	0	0	0	0	0	0	0	0	0	0	0	0	0	0	0	248	0	504	0	0	0	226	0	186	2530	10120	0	156	0	0	0	1694	1874	17406	0	0	0	0	0	0	0	0	0	0	0	0	0	0	0	0	0	0	0	0	0	0	0	0	0	0	0	0	0	0	0	0	0	338	10016	63758	1450	9058	508	8712	7768	30234	13550	0	696	572	784	4700	456	3680	0	480	514	3666	18076	19970	7968	2590	2770	190	
279312	Cerebelum_7b_L	0	0	0	0	0	0	0	0	0	0	0	0	0	0	0	0	0	0	0	0	0	0	0	0	0	0	0	0	0	0	0	0	0	0	0	0	0	0	0	0	0	0	0	0	0	0	148	0	0	0	0	0	0	0	308	0	0	0	0	0	0	0	0	0	0	0	0	0	0	0	0	0	0	0	0	0	0	0	0	0	0	0	0	0	0	0	0	0	94	0	14946	760	40370	4614	282	146	2748	220	5638	696	0	2400	38918	4542	8246	1290	1172	0	186	364	1064	248	4578	4582	1096	0	
132276	Cerebelum_7b_R	0	0	0	0	0	0	0	0	0	0	0	0	0	0	0	0	0	0	0	0	0	0	0	0	0	0	0	0	0	0	0	0	0	0	0	0	0	0	0	0	0	0	0	0	0	0	0	0	0	0	0	0	0	0	0	0	0	0	0	0	0	0	0	0	0	0	0	0	0	0	0	0	0	0	0	0	0	0	0	0	0	0	0	0	0	0	0	0	0	0	336	5384	2326	21228	0	0	0	104	0	572	2400	0	1998	23650	0	3556	0	130	0	0	0	0	2114	2076	264	0	
307684	Cerebelum_8_L	0	0	0	0	0	0	0	0	0	0	0	0	0	0	0	0	0	0	0	0	0	0	0	0	0	0	0	0	0	0	0	0	0	0	0	0	0	0	0	0	0	0	0	0	0	0	0	0	0	0	0	0	0	0	480	0	0	0	0	0	0	0	0	0	0	0	0	0	0	0	0	0	0	0	0	0	0	0	0	0	0	0	0	0	0	0	0	0	0	0	15936	756	34786	3962	982	234	3932	222	6180	784	38918	1998	0	5720	16502	2202	2050	0	178	584	1274	638	5362	6850	3010	302	
287128	Cerebelum_8_R	0	0	0	0	0	0	0	0	0	0	0	0	0	0	0	0	0	0	0	0	0	0	0	0	0	0	0	0	0	0	0	0	0	0	0	0	0	0	0	0	0	0	0	0	0	0	0	0	0	0	0	0	0	0	0	152	0	0	0	0	0	0	0	0	0	0	0	0	0	0	0	0	0	0	0	0	0	0	0	0	0	0	0	0	0	0	0	0	0	0	2720	18412	5538	34484	0	734	144	1300	278	4700	4542	23650	5720	0	1284	19288	0	598	176	432	266	346	8538	6036	3716	510	
139856	Cerebelum_9_L	0	0	0	0	0	0	0	0	0	0	0	0	0	0	0	0	0	0	0	0	0	0	0	0	0	0	0	0	0	0	0	0	0	0	0	0	0	0	0	0	0	0	0	0	0	0	0	0	0	0	0	0	0	0	0	0	0	0	0	0	0	0	0	0	0	0	0	0	0	0	0	0	0	0	0	0	0	0	0	0	0	0	0	0	0	0	0	0	0	0	3122	416	5824	0	2710	340	5912	0	3950	456	8246	0	16502	1284	0	2782	3884	0	538	1368	2282	1636	1154	2464	2990	2068	
197188	Cerebelum_9_R	0	0	0	0	0	0	0	0	0	0	0	0	0	0	0	0	0	0	0	0	0	0	0	0	0	0	0	0	0	0	0	0	0	0	0	0	0	0	0	0	0	0	0	0	0	0	0	0	0	0	0	0	0	0	0	0	0	0	0	0	0	0	0	0	0	0	0	0	0	0	0	0	0	0	0	0	0	0	0	0	0	0	0	0	0	0	0	0	0	0	2422	5468	2122	5770	384	2934	1702	1096	1954	3680	1290	3556	2202	19288	2782	0	184	2070	944	2650	3316	5862	5874	7638	10158	3248	
21872	Cerebelum_10_L	0	0	0	0	0	0	0	0	0	0	0	0	0	0	0	0	0	0	0	0	0	0	0	0	0	0	0	0	0	0	0	0	0	0	0	0	0	0	0	0	0	0	0	0	0	0	0	0	0	0	0	0	0	0	0	0	0	0	0	0	0	0	0	0	0	0	0	0	0	0	0	0	0	0	0	0	0	0	0	0	0	0	0	0	0	0	0	0	0	0	550	0	852	0	226	0	526	0	844	0	1172	0	2050	0	3884	184	0	0	0	116	0	182	0	154	196	0	
9848	Cerebelum_10_R	0	0	0	0	0	0	0	0	0	0	0	0	0	0	0	0	0	0	0	0	0	0	0	0	0	0	0	0	0	0	0	0	0	0	0	0	0	0	0	0	0	0	0	0	0	0	0	0	0	0	0	0	0	0	0	0	0	0	0	0	0	0	0	0	0	0	0	0	0	0	0	0	0	0	0	0	0	0	0	0	0	0	0	0	0	0	0	0	0	0	0	228	0	194	0	0	0	222	0	480	0	130	0	598	0	2070	0	0	0	0	0	0	328	320	354	0	
42224	Vermis_1_2	0	0	0	0	0	0	0	0	0	0	0	0	0	0	0	0	0	0	0	0	0	0	0	0	0	0	0	0	0	0	0	0	0	0	0	0	0	0	0	0	0	0	0	0	0	0	0	0	0	0	0	0	0	0	0	0	0	0	0	0	0	0	0	0	0	0	0	0	0	0	0	0	0	0	0	0	0	0	0	0	0	0	0	0	0	0	0	0	0	0	620	480	0	126	2368	718	1696	0	834	514	186	0	178	176	538	944	0	0	0	7188	2220	574	216	514	624	398	
107376	Vermis_3	0	0	0	0	0	0	0	0	0	0	0	0	0	0	0	0	0	0	0	0	0	0	0	0	0	0	0	0	0	0	0	0	0	0	0	0	0	0	136	0	0	0	0	0	0	0	130	122	0	0	0	0	0	0	0	0	0	0	0	0	0	0	0	0	0	0	0	0	0	0	0	0	0	0	0	0	0	0	0	0	0	0	0	0	0	0	0	0	0	0	1412	3254	128	268	5706	5842	3726	3018	1998	3666	364	0	584	432	1368	2650	116	0	7188	0	4678	2158	544	1694	2036	470	
