data	data	429636	309564	953908	976252	131420	130728	513680	216884	79604	23956	257676	243712	265004	163428	127464	107372	231472	123708	606284	825032	96008	94152	428064	422320	55720	109628	82336	102832	600260	359208	367620	554472	175256	592812	144688	132236	179660	271684	60848	186044	31004	50428	358996	441764	203856	524800	289560	340536	197556	523464	571556	365488	186684	109568	381144	478284	271292	222396	169060	206036	206960	186896	96144	102160	169540	259932	381168	603956	181560	145112	293556	396388	277528	359796	30296	16156	75456	102480	78612	36968	181932	156812	96088	36364	320260	260280	33428	12824	326296	253384	422692	355856	216444	229396	28064	35436	198848	200812	408552	326544	157672	106080	219064	190960	101256	102312	17428	9956	12632	36532	134648	182732	192404	102100	92172	43916	
data	data	Precentral_L	Precentral_R	Frontal_Sup_L	Frontal_Sup_R	Frontal_Sup_Orb_L	Frontal_Sup_Orb_R	Frontal_Mid_L	Frontal_Mid_R	Frontal_Mid_Orb_L	Frontal_Mid_Orb_R	Frontal_Inf_Oper_L	Frontal_Inf_Oper_R	Frontal_Inf_Tri_L	Frontal_Inf_Tri_R	Frontal_Inf_Orb_L	Frontal_Inf_Orb_R	Rolandic_Oper_L	Rolandic_Oper_R	Supp_Motor_Area_L	Supp_Motor_Area_R	Olfactory_L	Olfactory_R	Frontal_Sup_Medial_L	Frontal_Sup_Medial_R	Frontal_Med_Orb_L	Frontal_Med_Orb_R	Rectus_L	Rectus_R	Insula_L	Insula_R	Cingulum_Ant_L	Cingulum_Ant_R	Cingulum_Mid_L	Cingulum_Mid_R	Cingulum_Post_L	Cingulum_Post_R	Hippocampus_L	Hippocampus_R	ParaHippocampal_L	ParaHippocampal_R	Amygdala_L	Amygdala_R	Calcarine_L	Calcarine_R	Cuneus_L	Cuneus_R	Lingual_L	Lingual_R	Occipital_Sup_L	Occipital_Sup_R	Occipital_Mid_L	Occipital_Mid_R	Occipital_Inf_L	Occipital_Inf_R	Fusiform_L	Fusiform_R	Postcentral_L	Postcentral_R	Parietal_Sup_L	Parietal_Sup_R	Parietal_Inf_L	Parietal_Inf_R	SupraMarginal_L	SupraMarginal_R	Angular_L	Angular_R	Precuneus_L	Precuneus_R	Paracentral_Lobule_L	Paracentral_Lobule_R	Caudate_L	Caudate_R	Putamen_L	Putamen_R	Pallidum_L	Pallidum_R	Thalamus_L	Thalamus_R	Heschl_L	Heschl_R	Temporal_Sup_L	Temporal_Sup_R	Temporal_Pole_Sup_L	Temporal_Pole_Sup_R	Temporal_Mid_L	Temporal_Mid_R	Temporal_Pole_Mid_L	Temporal_Pole_Mid_R	Temporal_Inf_L	Temporal_Inf_R	Cerebelum_Crus1_L	Cerebelum_Crus1_R	Cerebelum_Crus2_L	Cerebelum_Crus2_R	Cerebelum_3_L	Cerebelum_3_R	Cerebelum_4_5_L	Cerebelum_4_5_R	Cerebelum_6_L	Cerebelum_6_R	Cerebelum_7b_L	Cerebelum_7b_R	Cerebelum_8_L	Cerebelum_8_R	Cerebelum_9_L	Cerebelum_9_R	Cerebelum_10_L	Cerebelum_10_R	Vermis_1_2	Vermis_3	Vermis_4_5	Vermis_6	Vermis_7	Vermis_8	Vermis_9	Vermis_10	
429636	Precentral_L	0	4044	16856	3308	192	0	25496	272	0	0	14740	384	2768	0	0	0	8032	0	6822	10456	0	0	954	0	152	0	214	0	11466	184	1440	336	0	5528	268	296	3340	1416	616	1220	0	0	0	0	0	0	0	294	0	0	1790	0	410	0	812	1662	31170	2674	386	0	2154	0	1598	200	756	0	774	174	9166	4858	7360	618	5366	480	274	0	11756	246	3072	0	1376	144	0	0	1642	0	0	0	1874	826	0	0	0	0	0	0	0	106	0	0	0	0	0	0	0	0	0	0	0	0	0	0	0	0	0	0	
309564	Precentral_R	4044	0	2250	20128	0	0	1732	10868	0	0	424	18000	106	1704	0	0	154	2692	3248	12362	0	0	114	232	0	0	0	0	284	2736	220	736	104	3372	0	192	0	2884	0	1978	0	0	0	580	0	1176	0	414	0	1396	0	980	0	246	0	2596	1844	17902	0	1374	0	1870	0	2866	0	190	342	2050	3416	2058	3006	7496	120	2572	0	138	542	6766	0	0	0	312	0	0	0	214	0	0	0	1618	0	0	0	0	0	0	0	134	0	0	0	0	0	0	0	0	0	0	0	0	0	0	0	0	0	0	
953908	Frontal_Sup_L	16856	2250	0	18120	5704	138	71414	1070	2958	0	22308	2060	23540	392	5224	124	8908	570	66932	23294	788	0	40700	6704	1338	224	302	204	32984	592	25200	8250	7712	9830	0	0	3740	140	718	0	366	0	0	0	0	0	0	0	0	0	904	0	136	0	706	0	3758	376	344	0	452	0	120	0	176	0	368	0	1638	676	13244	3604	21050	1540	3706	410	6402	240	2168	0	1336	0	460	0	292	0	0	0	1194	0	0	0	0	0	0	0	0	0	0	0	0	0	0	0	0	0	0	0	0	0	0	0	0	0	0	0	
976252	Frontal_Sup_R	3308	20128	18120	0	0	10058	1546	32166	0	300	278	14274	414	10696	0	5788	762	3540	19226	94084	0	1346	15536	44238	106	3430	0	1098	1188	20166	3154	35122	2288	28204	0	0	0	3034	0	1188	0	1252	0	226	0	368	0	422	0	388	0	138	0	0	0	2070	270	2834	0	146	0	454	0	570	0	126	0	930	2378	1214	3986	30472	600	21786	0	1530	474	17948	0	178	0	810	0	242	0	270	0	0	0	1038	0	0	0	0	0	0	0	220	0	0	0	0	0	0	0	0	0	0	0	0	0	0	0	0	0	0	
131420	Frontal_Sup_Orb_L	192	0	5704	0	0	0	220	0	9882	0	264	0	666	0	9226	0	0	0	0	0	3590	0	1972	0	6350	0	7386	138	9552	0	6580	0	0	0	0	0	96	0	170	0	590	0	0	0	0	0	0	0	0	0	0	0	0	0	0	0	0	0	0	0	0	0	0	0	0	0	0	0	0	0	750	0	1724	0	0	0	0	0	0	0	0	0	658	0	0	0	0	0	0	0	0	0	0	0	0	0	0	0	0	0	0	0	0	0	0	0	0	0	0	0	0	0	0	0	0	0	
130728	Frontal_Sup_Orb_R	0	0	138	10058	0	0	0	2616	0	3632	0	104	0	396	0	4868	0	0	0	428	322	3024	670	5342	618	8058	494	9676	0	4658	104	2450	0	496	0	0	0	122	0	0	0	986	0	0	0	0	0	0	0	0	0	0	0	0	0	0	0	0	0	0	0	0	0	0	0	0	0	0	0	0	358	2054	0	3692	0	0	0	0	0	0	0	0	0	0	0	0	0	0	0	0	0	0	0	0	0	0	0	0	0	0	0	0	0	0	0	0	0	0	0	0	0	0	0	0	0	0	
513680	Frontal_Mid_L	25496	1732	71414	1546	220	0	0	586	2488	0	17332	1422	30992	0	4530	0	5808	246	8920	1158	0	0	13850	1406	0	0	0	0	20300	416	4560	2000	2102	1942	134	108	2210	324	500	122	0	0	0	0	0	0	0	0	0	0	804	0	156	0	378	284	6148	242	160	0	1532	0	170	0	452	0	170	100	0	0	8180	1576	4538	790	556	0	1538	0	2710	0	850	0	0	0	776	0	0	0	764	102	0	0	0	0	0	0	0	0	0	0	0	0	0	0	0	0	0	0	0	0	0	0	0	0	0	0	
216884	Frontal_Mid_R	272	10868	1070	32166	0	2616	586	0	0	1700	284	12714	0	9028	0	2718	0	562	1438	9114	0	0	876	4764	0	0	0	0	134	3140	114	2648	300	4470	0	0	0	268	0	0	0	0	0	0	0	102	0	0	0	112	0	0	0	0	0	162	140	374	0	166	0	250	0	258	0	0	0	242	0	0	886	1990	0	1670	0	0	0	240	0	0	0	0	0	0	0	0	0	0	0	0	0	0	0	0	0	0	0	0	0	0	0	0	0	0	0	0	0	0	0	0	0	0	0	0	0	0	
79604	Frontal_Mid_Orb_L	0	0	2958	0	9882	0	2488	0	0	0	0	0	2216	0	14000	0	0	0	0	0	488	0	0	0	720	0	928	0	4828	0	348	0	0	0	0	0	0	0	0	0	0	0	0	0	0	0	0	0	0	0	0	0	0	0	0	0	0	0	0	0	0	0	0	0	0	0	0	0	0	0	0	0	438	0	0	0	0	0	0	0	0	0	508	0	0	0	0	0	0	0	0	0	0	0	0	0	0	0	0	0	0	0	0	0	0	0	0	0	0	0	0	0	0	0	0	0	
23956	Frontal_Mid_Orb_R	0	0	0	300	0	3632	0	1700	0	0	0	0	0	922	0	4052	0	0	0	0	0	104	0	0	0	360	0	504	0	404	0	0	0	0	0	0	0	0	0	0	0	0	0	0	0	0	0	0	0	0	0	0	0	0	0	0	0	0	0	0	0	0	0	0	0	0	0	0	0	0	0	0	0	0	0	0	0	0	0	0	0	0	0	0	0	0	0	0	0	0	0	0	0	0	0	0	0	0	0	0	0	0	0	0	0	0	0	0	0	0	0	0	0	0	0	0	
257676	Frontal_Inf_Oper_L	14740	424	22308	278	264	0	17332	284	0	0	0	472	18092	0	102	0	7150	0	7082	250	0	0	2836	124	202	0	242	0	16014	114	3472	518	246	270	0	0	236	0	0	0	0	0	0	0	0	0	0	0	0	0	168	0	0	0	0	0	3924	0	0	0	0	0	0	0	114	0	0	0	0	0	5008	650	3424	130	0	0	0	0	410	0	496	0	1310	0	0	0	0	0	152	0	0	0	0	0	0	0	0	0	0	0	0	0	0	0	0	0	0	0	0	0	0	0	0	0	0	0	
243712	Frontal_Inf_Oper_R	384	18000	2060	14274	0	104	1422	12714	0	0	472	0	124	9606	0	342	218	5006	2642	12428	0	0	364	1748	0	434	0	290	366	15066	652	2756	126	5490	0	0	0	208	0	96	0	0	0	116	0	178	0	0	0	196	0	0	0	0	0	162	106	1478	0	0	0	0	0	0	0	0	0	444	0	0	2440	4326	210	3876	0	0	0	600	0	0	0	146	0	186	0	0	0	0	0	0	0	0	0	0	0	0	0	0	0	0	0	0	0	0	0	0	0	0	0	0	0	0	0	0	0	0	
265004	Frontal_Inf_Tri_L	2768	106	23540	414	666	0	30992	0	2216	0	18092	124	0	0	6218	0	1856	0	3498	380	0	0	1688	126	0	0	0	0	28682	0	2238	558	344	422	0	0	188	0	0	0	0	0	0	0	0	0	0	0	0	0	0	0	0	0	0	0	582	0	0	0	0	0	0	0	0	0	0	0	0	0	3392	490	2056	0	0	0	0	0	268	0	366	0	132	0	0	0	0	0	100	0	0	0	0	0	0	0	0	0	0	0	0	0	0	0	0	0	0	0	0	0	0	0	0	0	0	0	
163428	Frontal_Inf_Tri_R	0	1704	392	10696	0	396	0	9028	0	922	0	9606	0	0	0	11284	262	230	1740	5498	0	0	338	3060	0	442	0	314	356	14376	528	2754	118	3394	0	0	0	0	0	0	0	0	0	0	0	0	0	0	0	0	0	0	0	0	0	0	0	0	0	0	0	0	0	0	0	0	0	0	0	0	230	1226	0	2820	0	0	0	0	0	0	0	0	0	0	0	0	0	0	0	0	0	0	0	0	0	0	0	0	0	0	0	0	0	0	0	0	0	0	0	0	0	0	0	0	0	0	
127464	Frontal_Inf_Orb_L	0	0	5224	0	9226	0	4530	0	14000	0	102	0	6218	0	0	0	0	0	126	0	2366	0	216	0	0	0	892	0	16150	0	352	0	0	0	0	0	0	0	124	0	136	0	0	0	0	0	0	0	0	0	0	0	0	0	0	0	0	0	0	0	0	0	0	0	0	0	0	0	0	0	504	0	1604	0	0	0	0	0	0	0	0	0	1962	0	0	0	0	0	0	0	0	0	0	0	0	0	0	0	0	0	0	0	0	0	0	0	0	0	0	0	0	0	0	0	0	0	
107372	Frontal_Inf_Orb_R	0	0	124	5788	0	4868	0	2718	0	4052	0	342	0	11284	0	0	0	0	0	1246	176	1608	0	1484	0	112	0	1428	150	10138	0	1162	0	412	0	0	0	0	0	124	0	288	0	0	0	0	0	0	0	0	0	0	0	0	0	0	0	0	0	0	0	0	0	0	0	0	0	0	0	0	270	2056	0	2334	0	0	0	0	0	0	0	618	0	798	0	106	0	0	0	0	0	0	0	0	0	0	0	0	0	0	0	0	0	0	0	0	0	0	0	0	0	0	0	0	0	0	
231472	Rolandic_Oper_L	8032	154	8908	762	0	0	5808	0	0	0	7150	218	1856	262	0	0	0	0	4430	634	0	0	798	268	0	0	0	0	30806	214	1968	684	0	336	148	150	766	0	96	0	0	0	0	0	0	0	0	0	0	0	2474	0	428	0	218	0	7240	0	960	0	900	0	2774	0	774	0	650	0	0	0	1112	690	1148	128	0	0	0	0	4998	0	9826	0	2036	0	3552	0	0	0	1380	0	0	0	0	0	0	0	0	0	0	0	0	0	0	0	0	0	0	0	0	0	0	0	0	0	0	0	
123708	Rolandic_Oper_R	0	2692	570	3540	0	0	246	562	0	0	0	5006	0	230	0	0	0	0	446	3162	0	0	0	106	0	0	0	0	0	11610	222	852	0	546	0	0	0	1926	0	1778	0	0	0	524	0	404	0	186	0	444	0	212	0	0	0	2038	0	4314	0	0	0	0	0	2066	0	118	0	956	0	0	600	2144	98	5034	0	0	150	0	0	2476	0	4352	0	382	0	360	0	0	0	1502	0	0	0	0	0	0	0	0	0	0	0	0	0	0	0	0	0	0	0	0	0	0	0	0	0	0	
606284	Supp_Motor_Area_L	6822	3248	66932	19226	0	0	8920	1438	0	0	7082	2642	3498	1740	126	0	4430	446	0	43990	0	0	10846	3048	0	0	0	0	10256	710	9938	6286	15842	23192	1388	104	1328	154	280	0	0	0	0	0	0	0	0	0	0	0	244	0	0	0	344	0	1606	136	0	0	162	0	0	0	0	0	1414	0	11710	1100	9164	2484	12908	1460	2490	528	740	284	618	0	894	0	160	0	106	0	0	0	678	0	0	0	0	0	0	0	0	0	0	0	0	0	0	0	0	0	0	0	0	0	0	0	0	0	0	0	
825032	Supp_Motor_Area_R	10456	12362	23294	94084	0	428	1158	9114	0	0	250	12428	380	5498	0	1246	634	3162	43990	0	0	0	3040	9538	0	122	0	0	908	11076	3560	17234	4048	51504	400	756	196	1966	0	1020	0	0	0	294	0	420	0	466	0	404	0	144	0	0	0	2006	1650	3038	0	134	0	414	0	478	0	124	170	1694	13768	13316	4260	19116	2008	14716	836	1550	816	3720	0	222	0	878	0	208	0	318	0	0	158	1126	0	0	0	0	0	0	0	212	0	0	0	0	0	0	0	0	0	0	0	0	0	0	0	0	0	0	
96008	Olfactory_L	0	0	788	0	3590	322	0	0	488	0	0	0	0	0	2366	176	0	0	0	0	0	6310	274	0	820	776	5070	2188	4016	0	4040	2624	0	0	0	0	102	0	364	0	758	0	0	0	0	0	0	0	0	0	0	0	0	0	0	0	0	0	0	0	0	0	0	0	0	0	0	0	0	0	6456	3094	2250	688	0	0	0	0	0	0	0	0	444	0	0	0	0	0	0	0	0	0	0	0	0	0	0	0	0	0	0	0	0	0	0	0	0	0	0	0	0	0	0	0	0	0	
94152	Olfactory_R	0	0	0	1346	0	3024	0	0	0	104	0	0	0	0	0	1608	0	0	0	0	6310	0	110	542	214	1798	3428	4896	0	1860	2650	2970	0	0	0	0	0	0	0	174	0	432	0	0	0	0	0	0	0	0	0	0	0	0	0	0	0	0	0	0	0	0	0	0	0	0	0	0	0	0	6566	5240	2278	1526	0	0	0	0	0	0	0	0	0	0	0	0	0	0	0	0	0	0	0	0	0	0	0	0	0	0	0	0	0	0	0	0	0	0	0	0	0	0	0	0	0	0	
428064	Frontal_Sup_Medial_L	954	114	40700	15536	1972	670	13850	876	0	0	2836	364	1688	338	216	0	798	0	10846	3040	274	110	0	28182	2526	1932	192	430	3278	150	24298	24722	7364	18668	0	0	0	0	0	0	0	0	0	0	0	0	0	0	0	0	0	0	0	0	0	0	122	0	0	0	0	0	0	0	0	0	0	0	0	0	1564	1948	2224	948	0	0	0	0	182	0	0	0	120	0	0	0	0	0	0	0	0	0	0	0	0	0	0	0	0	0	0	0	0	0	0	0	0	0	0	0	0	0	0	0	0	0	
422320	Frontal_Sup_Medial_R	0	232	6704	44238	0	5342	1406	4764	0	0	124	1748	126	3060	0	1484	268	106	3048	9538	0	542	28182	0	550	7764	126	1716	480	3304	4580	36912	2250	23312	0	0	0	136	0	0	0	224	0	0	0	0	0	0	0	0	0	0	0	0	0	0	0	0	0	0	0	0	0	0	0	0	0	0	0	0	796	8606	180	9312	0	0	0	0	0	0	0	0	0	0	0	0	0	0	0	0	0	0	0	0	0	0	0	0	0	0	0	0	0	0	0	0	0	0	0	0	0	0	0	0	0	0	
55720	Frontal_Med_Orb_L	152	0	1338	106	6350	618	0	0	720	0	202	0	0	0	0	0	0	0	0	0	820	214	2526	550	0	1686	3770	396	212	0	6696	648	0	0	0	0	0	0	0	0	0	0	0	0	0	0	0	0	0	0	0	0	0	0	0	0	0	0	0	0	0	0	0	0	0	0	0	0	0	0	310	0	546	0	0	0	0	0	0	0	0	0	0	0	0	0	0	0	0	0	0	0	0	0	0	0	0	0	0	0	0	0	0	0	0	0	0	0	0	0	0	0	0	0	0	0	
109628	Frontal_Med_Orb_R	0	0	224	3430	0	8058	0	0	0	360	0	434	0	442	0	112	0	0	0	122	776	1798	1932	7764	1686	0	1386	10040	0	388	1672	8262	0	746	0	0	0	0	0	0	0	104	0	0	0	0	0	0	0	0	0	0	0	0	0	0	0	0	0	0	0	0	0	0	0	0	0	0	0	0	388	1766	172	2752	0	0	0	0	0	0	0	0	0	0	0	0	0	0	0	0	0	0	0	0	0	0	0	0	0	0	0	0	0	0	0	0	0	0	0	0	0	0	0	0	0	0	
82336	Rectus_L	214	0	302	0	7386	494	0	0	928	0	242	0	0	0	892	0	0	0	0	0	5070	3428	192	126	3770	1386	0	2398	886	0	5656	1928	0	0	0	0	0	0	0	0	0	0	0	0	0	0	0	0	0	0	0	0	0	0	0	0	0	0	0	0	0	0	0	0	0	0	0	0	0	0	3486	1266	734	384	0	0	0	0	0	0	0	0	0	0	0	0	0	0	0	0	0	0	0	0	0	0	0	0	0	0	0	0	0	0	0	0	0	0	0	0	0	0	0	0	0	0	
102832	Rectus_R	0	0	204	1098	138	9676	0	0	0	504	0	290	0	314	0	1428	0	0	0	0	2188	4896	430	1716	396	10040	2398	0	0	822	2178	6142	0	0	0	0	0	0	0	0	0	0	0	0	0	0	0	0	0	0	0	0	0	0	0	0	0	0	0	0	0	0	0	0	0	0	0	0	0	0	1298	2936	344	1980	0	0	0	0	0	0	0	0	0	0	0	0	0	0	0	0	0	0	0	0	0	0	0	0	0	0	0	0	0	0	0	0	0	0	0	0	0	0	0	0	0	0	
600260	Insula_L	11466	284	32984	1188	9552	0	20300	134	4828	0	16014	366	28682	356	16150	150	30806	0	10256	908	4016	0	3278	480	212	0	886	0	0	318	5718	1072	226	592	872	860	9782	342	1356	218	2176	0	122	0	0	0	124	0	0	0	4118	0	764	0	2782	394	7268	204	2220	0	2228	0	2038	0	2438	0	878	0	0	138	4952	1254	17834	210	0	0	234	0	9982	0	8520	0	5896	0	3596	0	0	0	4878	230	0	0	0	0	0	0	0	0	0	0	0	0	0	0	0	0	0	0	0	0	0	0	0	0	0	0	
359208	Insula_R	184	2736	592	20166	0	4658	416	3140	0	404	114	15066	0	14376	0	10138	214	11610	710	11076	0	1860	150	3304	0	388	0	822	318	0	414	2840	0	2564	0	0	0	6056	0	2574	0	1604	0	530	0	642	0	502	0	712	0	308	0	0	0	4690	0	946	0	0	0	0	0	576	0	230	0	1324	0	172	1208	3772	226	23034	0	0	382	0	0	3276	0	6230	0	1270	0	4494	0	0	0	6300	0	0	0	0	0	0	0	286	0	0	0	0	0	0	0	0	0	0	0	0	0	0	0	0	0	0	
367620	Cingulum_Ant_L	1440	220	25200	3154	6580	104	4560	114	348	0	3472	652	2238	528	352	0	1968	222	9938	3560	4040	2650	24298	4580	6696	1672	5656	2178	5718	414	0	21470	7760	7586	0	0	0	0	0	0	0	0	0	0	0	0	0	0	0	0	0	0	0	0	0	0	182	0	0	0	0	0	0	0	0	0	0	0	0	0	8466	4796	8070	2192	0	0	0	0	338	0	174	0	224	0	0	0	0	0	0	0	0	0	0	0	0	0	0	0	0	0	0	0	0	0	0	0	0	0	0	0	0	0	0	0	0	0	
554472	Cingulum_Ant_R	336	736	8250	35122	0	2450	2000	2648	0	0	518	2756	558	2754	0	1162	684	852	6286	17234	2624	2970	24722	36912	648	8262	1928	6142	1072	2840	21470	0	4280	28454	0	0	0	122	0	0	0	0	0	0	0	0	0	0	0	0	0	0	0	0	0	0	0	112	0	0	0	0	0	0	0	0	0	0	0	0	4692	25602	1088	18484	0	0	124	236	106	0	0	0	0	0	0	0	0	0	0	0	0	0	0	0	0	0	0	0	0	0	0	0	0	0	0	0	0	0	0	0	0	0	0	0	0	0	
175256	Cingulum_Mid_L	0	104	7712	2288	0	0	2102	300	0	0	246	126	344	118	0	0	0	0	15842	4048	0	0	7364	2250	0	0	0	0	226	0	7760	4280	0	11790	1968	384	0	0	0	0	0	0	278	328	134	844	0	0	470	760	870	496	0	0	0	0	222	212	312	0	162	0	0	0	0	156	5158	1836	5770	264	0	0	0	0	0	0	0	0	0	0	0	104	0	0	0	0	0	0	0	0	0	0	0	0	0	0	0	0	0	0	0	0	0	0	0	0	0	0	0	0	0	0	0	0	0	0	
592812	Cingulum_Mid_R	5528	3372	9830	28204	0	496	1942	4470	0	0	270	5490	422	3394	0	412	336	546	23192	51504	0	0	18668	23312	0	746	0	0	592	2564	7586	28454	11790	0	2696	5612	0	0	0	0	0	0	0	2076	0	2212	0	556	0	1554	0	1324	0	154	0	594	1470	4776	0	96	0	98	0	128	0	98	1216	8138	10884	14956	688	1428	268	1092	0	0	0	0	0	0	0	250	0	0	168	260	0	0	372	122	0	0	0	0	0	0	0	0	0	0	0	0	0	0	0	0	0	0	0	0	0	0	0	0	0	0	
144688	Cingulum_Post_L	268	0	0	0	0	0	134	0	0	0	0	0	0	0	0	0	148	0	1388	400	0	0	0	0	0	0	0	0	872	0	0	0	1968	2696	0	12152	2250	3382	554	1776	0	0	2636	0	338	96	2628	1426	262	0	724	0	164	0	3668	4604	1938	2074	0	0	0	0	0	0	0	0	7164	2584	3434	2218	0	0	0	0	0	0	0	0	0	0	134	0	0	0	1714	0	0	0	3814	2440	0	0	0	0	0	0	0	182	0	0	0	0	0	0	0	0	0	0	0	0	114	0	0	0	0	0	
132236	Cingulum_Post_R	296	192	0	0	0	0	108	0	0	0	0	0	0	0	0	0	150	0	104	756	0	0	0	0	0	0	0	0	860	0	0	0	384	5612	12152	0	1754	4152	0	1914	0	0	0	1188	0	778	0	3392	0	180	0	242	0	218	2118	6950	964	2044	0	0	0	0	0	0	0	0	1620	8890	624	2244	0	0	0	0	0	0	0	0	0	0	110	0	0	0	604	0	0	0	2216	2628	0	0	0	0	0	0	0	354	0	0	0	0	0	0	0	0	0	0	0	0	320	0	0	0	0	0	
179660	Hippocampus_L	3340	0	3740	0	96	0	2210	0	0	0	236	0	188	0	0	0	766	0	1328	196	102	0	0	0	0	0	0	0	9782	0	0	0	0	0	2250	1754	0	1348	8098	592	5296	0	504	0	0	0	1598	184	0	0	1552	0	654	0	10568	546	342	0	0	0	0	0	0	0	0	0	1668	466	0	0	112	0	8048	0	504	0	2214	0	912	0	1940	0	2070	0	2996	0	0	0	11106	524	0	0	0	0	0	0	0	0	0	0	0	0	0	0	0	0	0	0	0	0	0	0	0	0	0	0	
271684	Hippocampus_R	1416	2884	140	3034	0	122	324	268	0	0	0	208	0	0	0	0	0	1926	154	1966	0	0	0	136	0	0	0	0	342	6056	0	122	0	0	3382	4152	1348	0	140	23150	0	8026	0	2112	0	342	0	4410	0	326	0	236	0	122	708	29152	326	578	0	0	0	0	0	176	0	0	186	4516	494	192	378	374	0	9816	0	376	130	2266	0	514	0	1038	0	266	264	604	0	0	404	14774	0	0	0	0	0	0	0	1466	0	0	0	0	0	0	0	0	0	0	0	0	0	0	0	0	0	0	
60848	ParaHippocampal_L	616	0	718	0	170	0	500	0	0	0	0	0	0	0	124	0	96	0	280	0	364	0	0	0	0	0	0	0	1356	0	0	0	0	0	554	0	8098	140	0	150	1258	0	1022	0	0	0	2692	148	0	0	1012	0	406	0	5016	0	0	0	0	0	0	0	0	0	0	0	1380	0	0	0	0	0	1834	0	0	0	152	0	0	0	188	0	588	0	146	0	0	0	1022	0	0	0	0	0	142	0	152	0	0	0	0	0	0	0	0	0	0	0	0	100	0	0	0	0	0	0	
186044	ParaHippocampal_R	1220	1978	0	1188	0	0	122	0	0	0	0	96	0	0	0	124	0	1778	0	1020	0	174	0	0	0	0	0	0	218	2574	0	0	0	0	1776	1914	592	23150	150	0	0	4392	0	972	0	262	0	4194	0	290	0	284	0	302	272	23072	286	456	0	0	0	0	0	178	0	0	0	1996	496	178	0	0	0	2820	0	354	0	528	0	514	0	674	0	838	0	222	0	306	150	9618	0	0	0	0	0	0	0	1294	0	0	0	0	0	0	0	0	0	0	0	0	0	0	0	0	0	0	
31004	Amygdala_L	0	0	366	0	590	0	0	0	0	0	0	0	0	0	136	0	0	0	0	0	758	0	0	0	0	0	0	0	2176	0	0	0	0	0	0	0	5296	0	1258	0	0	0	0	0	0	0	0	0	0	0	0	0	0	0	2732	0	0	0	0	0	0	0	0	0	0	0	0	0	0	0	0	0	0	0	0	0	0	0	0	0	0	0	954	0	0	0	0	0	1236	0	0	0	0	0	0	0	0	0	0	0	0	0	0	0	0	0	0	0	0	0	0	0	0	0	0	0	
50428	Amygdala_R	0	0	0	1252	0	986	0	0	0	0	0	0	0	0	0	288	0	0	0	0	0	432	0	224	0	104	0	0	0	1604	0	0	0	0	0	0	0	8026	0	4392	0	0	0	0	0	0	0	0	0	0	0	0	0	0	0	4840	0	0	0	0	0	0	0	0	0	0	0	0	0	0	0	150	0	1376	0	0	0	252	0	0	0	0	0	1042	0	0	0	0	0	246	0	0	0	0	0	0	0	0	0	0	0	0	0	0	0	0	0	0	0	0	0	0	0	0	0	0	
358996	Calcarine_L	0	0	0	0	0	0	0	0	0	0	0	0	0	0	0	0	0	0	0	0	0	0	0	0	0	0	0	0	122	0	0	0	278	0	2636	0	504	0	1022	0	0	0	0	14228	24452	10958	21000	4278	19650	4720	36130	722	7534	0	5218	448	0	0	1308	0	0	0	0	0	0	0	14588	2588	266	0	0	0	176	0	0	0	0	0	0	0	0	0	0	0	2732	0	0	0	2850	0	298	142	0	0	0	0	0	0	368	148	0	0	0	0	0	0	0	0	0	0	0	134	0	0	0	0	
441764	Calcarine_R	0	580	0	226	0	0	0	0	0	0	0	116	0	0	0	0	0	524	0	294	0	0	0	0	0	0	0	0	0	530	0	0	328	2076	0	1188	0	2112	0	972	0	0	14228	0	6842	39670	4002	23174	700	36496	308	21658	0	3618	0	7086	0	970	0	2096	0	582	0	166	0	2054	3210	36504	0	682	0	0	0	150	0	0	0	0	0	144	0	1250	0	0	0	4874	0	0	0	880	0	164	0	0	0	0	0	178	0	0	0	0	0	0	0	0	0	0	0	0	250	0	0	0	0	0	
203856	Cuneus_L	0	0	0	0	0	0	0	0	0	0	0	0	0	0	0	0	0	0	0	0	0	0	0	0	0	0	0	0	0	0	0	0	134	0	338	0	0	0	0	0	0	0	24452	6842	0	10714	2550	222	22320	3508	12140	494	1074	0	440	0	0	0	1370	0	0	0	0	0	0	0	9880	2940	248	0	0	0	0	0	0	0	0	0	0	0	0	0	0	0	1098	0	0	0	1164	0	0	0	0	0	0	0	0	0	0	0	0	0	0	0	0	0	0	0	0	0	0	0	0	0	0	0	
524800	Cuneus_R	0	1176	0	368	0	0	0	102	0	0	0	178	0	0	0	0	0	404	0	420	0	0	0	0	0	0	0	0	0	642	0	0	844	2212	96	778	0	342	0	262	0	0	10958	39670	10714	0	1530	4624	1942	60382	562	20330	0	1230	0	898	0	2674	0	9332	0	5978	0	1478	0	9468	12984	49384	0	1046	210	0	0	0	0	0	0	0	0	218	0	2340	0	0	0	4574	0	0	0	2050	0	0	0	0	0	0	0	0	0	0	0	0	0	0	0	0	0	0	0	0	0	0	0	0	0	0	
289560	Lingual_L	0	0	0	0	0	0	0	0	0	0	0	0	0	0	0	0	0	0	0	0	0	0	0	0	0	0	0	0	124	0	0	0	0	0	2628	0	1598	0	2692	0	0	0	21000	4002	2550	1530	0	5978	4368	1472	22668	0	11768	0	18886	744	0	0	0	0	0	0	0	0	0	0	5878	262	0	0	0	0	176	0	0	0	0	0	0	0	0	0	0	0	600	0	0	0	796	0	4512	1354	0	0	112	0	7546	690	10900	2500	0	0	0	0	0	0	0	0	0	0	3150	3948	348	0	0	0	
340536	Lingual_R	294	414	0	422	0	0	0	0	0	0	0	0	0	0	0	0	0	186	0	466	0	0	0	0	0	0	0	0	0	502	0	0	0	556	1426	3392	184	4410	148	4194	0	0	4278	23174	222	4624	5978	0	98	7772	318	7202	354	6876	1592	26866	298	634	0	108	0	154	0	236	0	674	404	11190	0	434	0	0	0	0	0	0	0	166	0	184	0	428	0	0	0	990	0	0	176	810	1844	5948	0	0	0	290	3002	7224	5446	9198	0	0	0	0	110	0	0	0	0	112	6136	7438	686	0	0	0	
197556	Occipital_Sup_L	0	0	0	0	0	0	0	0	0	0	0	0	0	0	0	0	0	0	0	0	0	0	0	0	0	0	0	0	0	0	0	0	470	0	262	0	0	0	0	0	0	0	19650	700	22320	1942	4368	98	0	292	27508	0	322	0	102	0	136	0	7050	0	702	0	0	0	264	0	10520	1602	212	0	0	0	0	0	0	0	0	0	0	0	0	0	0	0	156	0	0	0	102	0	0	0	0	0	0	0	0	0	0	0	0	0	0	0	0	0	0	0	0	0	0	0	0	0	0	0	
523464	Occipital_Sup_R	0	1396	0	388	0	0	0	112	0	0	0	196	0	0	0	0	0	444	0	404	0	0	0	0	0	0	0	0	0	712	0	0	760	1554	0	180	0	326	0	290	0	0	4720	36496	3508	60382	1472	7772	292	0	354	35882	0	2296	0	1422	0	3084	0	14632	0	5978	0	1684	0	15480	8292	39010	0	1052	222	0	0	0	0	0	0	0	0	250	0	2442	0	0	0	5990	0	0	0	2258	0	0	0	0	0	0	0	0	0	0	0	0	0	0	0	0	0	0	0	0	0	0	0	0	0	0	
571556	Occipital_Mid_L	1790	0	904	0	0	0	804	0	0	0	168	0	0	0	0	0	2474	0	244	0	0	0	0	0	0	0	0	0	4118	0	0	0	870	0	724	0	1552	0	1012	0	0	0	36130	308	12140	562	22668	318	27508	354	0	214	27826	0	14336	0	6564	0	21226	0	19744	0	1608	0	20852	0	20722	638	2354	0	0	0	554	0	0	0	0	0	702	0	2570	0	0	0	19468	0	0	0	7690	0	988	346	0	0	0	0	0	0	1440	436	0	0	0	0	0	0	0	0	0	0	0	724	128	0	0	0	
365488	Occipital_Mid_R	0	980	0	138	0	0	0	0	0	0	0	0	0	0	0	0	0	212	0	144	0	0	0	0	0	0	0	0	0	308	0	0	496	1324	0	242	0	236	0	284	0	0	722	21658	494	20330	0	7202	0	35882	214	0	0	9474	0	3810	0	2084	0	8066	0	3640	0	626	0	21510	3720	20394	0	928	0	0	0	0	0	0	0	0	0	0	0	2132	0	0	0	13794	0	0	0	1700	0	0	0	0	0	0	0	0	0	0	0	0	0	0	0	0	0	0	0	0	0	0	0	0	0	0	
186684	Occipital_Inf_L	410	0	136	0	0	0	156	0	0	0	0	0	0	0	0	0	428	0	0	0	0	0	0	0	0	0	0	0	764	0	0	0	0	0	164	0	654	0	406	0	0	0	7534	0	1074	0	11768	354	322	0	27826	0	0	0	14826	0	378	0	0	0	172	0	0	0	202	0	1206	0	0	0	0	0	180	0	0	0	0	0	368	0	374	0	0	0	6818	0	0	0	8044	0	1876	416	0	0	0	0	1152	0	3476	570	0	0	0	0	0	0	0	0	0	0	206	938	144	0	0	0	
109568	Occipital_Inf_R	0	246	0	0	0	0	0	0	0	0	0	0	0	0	0	0	0	0	0	0	0	0	0	0	0	0	0	0	0	0	0	0	0	154	0	218	0	122	0	302	0	0	0	3618	0	1230	0	6876	0	2296	0	9474	0	0	0	10286	0	3128	0	1230	0	840	0	0	0	1570	260	5566	0	380	0	0	0	0	0	0	0	0	0	0	0	370	0	0	0	1464	0	0	0	3340	96	420	0	0	0	0	0	0	264	598	0	0	0	0	0	0	0	0	0	0	0	436	0	0	0	0	
381144	Fusiform_L	812	0	706	0	0	0	378	0	0	0	0	0	0	0	0	0	218	0	344	0	0	0	0	0	0	0	0	0	2782	0	0	0	0	0	3668	2118	10568	708	5016	272	2732	0	5218	0	440	0	18886	1592	102	0	14336	0	14826	0	0	998	268	134	0	0	0	0	0	0	0	0	3132	344	0	0	0	0	2156	0	0	0	0	0	144	0	1350	0	3068	0	4942	0	1498	0	18652	524	20442	636	296	0	0	0	13162	496	26350	1300	0	0	146	0	0	0	0	0	0	0	2034	2408	370	0	0	0	
478284	Fusiform_R	1662	2596	0	2070	0	0	284	162	0	0	0	162	0	0	0	0	0	2038	0	2006	0	0	0	0	0	0	0	0	394	4690	0	0	0	594	4604	6950	546	29152	0	23072	0	4840	448	7086	0	898	744	26866	0	1422	0	3810	0	10286	998	0	630	2296	0	596	0	570	0	442	0	696	408	9362	588	806	338	98	0	4774	0	292	0	310	0	728	0	1710	0	3808	238	2754	0	1328	526	22574	318	12442	0	194	0	442	644	10560	1264	13138	0	0	0	0	0	0	0	0	0	338	3608	1818	124	0	0	0	
271292	Postcentral_L	31170	1844	3758	270	0	0	6148	140	0	0	3924	106	582	0	0	0	7240	0	1606	1650	0	0	122	0	0	0	0	0	7268	0	182	0	222	1470	1938	964	342	326	0	286	0	0	0	0	0	0	0	298	136	0	6564	0	378	0	268	630	0	1950	8280	0	13664	0	6744	0	3184	0	4904	0	4930	1828	1020	0	630	0	112	0	0	0	2334	0	3438	0	0	0	1798	0	0	0	998	0	0	0	0	0	0	0	0	0	0	0	0	0	0	0	0	0	0	0	0	0	0	0	0	0	0	0	
222396	Postcentral_R	2674	17902	376	2834	0	0	242	374	0	0	0	1478	0	0	0	0	0	4314	136	3038	0	0	0	0	0	0	0	0	204	946	0	112	212	4776	2074	2044	0	578	0	456	0	0	0	970	0	2674	0	634	0	3084	0	2084	0	3128	134	2296	1950	0	0	7134	0	7538	0	8730	0	404	848	8676	2506	7890	570	598	0	1030	0	0	352	0	0	368	0	978	0	0	150	744	0	0	448	510	0	0	0	0	0	0	0	0	0	0	0	0	0	0	0	0	0	0	0	0	0	0	0	0	0	0	
169060	Parietal_Sup_L	386	0	344	0	0	0	160	0	0	0	0	0	0	0	0	0	960	0	0	0	0	0	0	0	0	0	0	0	2220	0	0	0	312	0	0	0	0	0	0	0	0	0	1308	0	1370	0	0	0	7050	0	21226	0	0	0	0	0	8280	0	0	0	14852	0	424	0	5526	0	16546	824	1424	0	0	0	0	0	0	0	0	0	0	0	836	0	0	0	336	0	0	0	146	0	0	0	0	0	0	0	0	0	0	0	0	0	0	0	0	0	0	0	0	0	0	0	0	0	0	0	
206036	Parietal_Sup_R	0	1374	0	146	0	0	0	166	0	0	0	0	0	0	0	0	0	0	0	134	0	0	0	0	0	0	0	0	0	0	0	0	0	96	0	0	0	0	0	0	0	0	0	2096	0	9332	0	108	0	14632	0	8066	0	1230	0	596	0	7134	0	0	0	15132	0	4362	0	16066	1732	17380	0	0	0	0	0	0	0	0	0	0	0	0	0	0	0	0	0	2756	0	0	0	480	0	0	0	0	0	0	0	0	0	0	0	0	0	0	0	0	0	0	0	0	0	0	0	0	0	0	
206960	Parietal_Inf_L	2154	0	452	0	0	0	1532	0	0	0	0	0	0	0	0	0	900	0	162	0	0	0	0	0	0	0	0	0	2228	0	0	0	162	0	0	0	0	0	0	0	0	0	0	0	0	0	0	0	702	0	19744	0	172	0	0	0	13664	0	14852	0	0	0	8454	0	25638	0	5564	100	274	0	0	0	0	0	0	0	0	0	0	0	1082	0	0	0	4738	0	0	0	906	0	0	0	0	0	0	0	0	0	0	0	0	0	0	0	0	0	0	0	0	0	0	0	0	0	0	0	
186896	Parietal_Inf_R	0	1870	0	454	0	0	0	250	0	0	0	0	0	0	0	0	0	0	0	414	0	0	0	0	0	0	0	0	0	0	0	0	0	98	0	0	0	0	0	0	0	0	0	582	0	5978	0	154	0	5978	0	3640	0	840	0	570	0	7538	0	15132	0	0	0	11322	0	18704	1448	7194	0	0	234	0	0	0	0	0	0	0	0	0	0	1160	0	0	0	8362	0	0	0	1526	0	0	0	0	0	0	0	0	0	0	0	0	0	0	0	0	0	0	0	0	0	0	0	0	0	0	
96144	SupraMarginal_L	1598	0	120	0	0	0	170	0	0	0	0	0	0	0	0	0	2774	0	0	0	0	0	0	0	0	0	0	0	2038	0	0	0	0	0	0	0	0	0	0	0	0	0	0	0	0	0	0	0	0	0	1608	0	0	0	0	0	6744	0	424	0	8454	0	0	0	5108	0	3046	0	0	0	0	0	0	0	0	0	0	0	874	0	7276	0	0	0	5346	0	0	0	2492	0	0	0	0	0	0	0	0	0	0	0	0	0	0	0	0	0	0	0	0	0	0	0	0	0	0	0	
102160	SupraMarginal_R	200	2866	0	570	0	0	0	258	0	0	0	0	0	0	0	0	0	2066	0	478	0	0	0	0	0	0	0	0	0	576	0	0	0	128	0	0	0	176	0	178	0	0	0	166	0	1478	0	236	0	1684	0	626	0	0	0	442	0	8730	0	4362	0	11322	0	0	0	3388	320	1666	0	0	670	0	0	0	0	0	652	0	0	0	0	3512	0	0	0	2966	0	0	0	1364	0	0	0	0	0	0	0	0	0	0	0	0	0	0	0	0	0	0	0	0	0	0	0	0	0	0	
169540	Angular_L	756	0	176	0	0	0	452	0	0	0	114	0	0	0	0	0	774	0	0	0	0	0	0	0	0	0	0	0	2438	0	0	0	0	0	0	0	0	0	0	0	0	0	0	0	0	0	0	0	264	0	20852	0	202	0	0	0	3184	0	5526	0	25638	0	5108	0	0	0	2684	0	242	0	0	0	0	0	0	0	0	0	0	0	2146	0	0	0	10854	0	0	0	3360	0	0	0	0	0	0	0	0	0	0	0	0	0	0	0	0	0	0	0	0	0	0	0	0	0	0	0	
259932	Angular_R	0	190	0	126	0	0	0	0	0	0	0	0	0	0	0	0	0	118	0	124	0	0	0	0	0	0	0	0	0	230	0	0	156	98	0	0	0	0	0	0	0	0	0	2054	0	9468	0	674	0	15480	0	21510	0	1570	0	696	0	404	0	16066	0	18704	0	3388	0	0	1896	10412	0	0	0	0	0	0	0	0	0	0	0	0	0	7172	0	0	0	17440	0	0	0	1990	0	0	0	0	0	0	0	0	0	0	0	0	0	0	0	0	0	0	0	0	0	0	0	0	0	0	
381168	Precuneus_L	774	342	368	0	0	0	170	0	0	0	0	0	0	0	0	0	650	0	1414	170	0	0	0	0	0	0	0	0	878	0	0	0	5158	1216	7164	1620	1668	186	1380	0	0	0	14588	3210	9880	12984	5878	404	10520	8292	20722	3720	1206	260	3132	408	4904	848	16546	1732	5564	1448	3046	320	2684	1896	0	19136	5112	326	0	0	350	0	0	0	0	0	0	0	1148	660	0	0	2282	1014	0	0	2698	508	0	0	0	0	0	0	0	0	0	0	0	0	0	0	0	0	0	0	0	0	0	0	0	0	0	0	
603956	Precuneus_R	174	2050	0	930	0	0	100	242	0	0	0	444	0	0	0	0	0	956	0	1694	0	0	0	0	0	0	0	0	0	1324	0	0	1836	8138	2584	8890	466	4516	0	1996	0	0	2588	36504	2940	49384	262	11190	1602	39010	638	20394	0	5566	344	9362	0	8676	824	17380	100	7194	0	1666	0	10412	19136	0	266	4138	330	206	0	262	0	0	0	0	0	346	0	3348	0	0	160	6958	0	0	216	3300	0	0	0	0	0	0	0	420	0	0	0	0	0	0	0	0	0	0	0	0	516	0	0	0	0	0	
181560	Paracentral_Lobule_L	9166	3416	1638	2378	0	0	0	0	0	0	0	0	0	0	0	0	0	0	11710	13768	0	0	0	0	0	0	0	0	0	0	0	0	5770	10884	3434	624	0	494	0	496	0	0	266	0	248	0	0	0	212	0	2354	0	0	0	0	588	4930	2506	1424	0	274	0	0	0	242	0	5112	266	0	7220	266	0	162	0	0	0	0	0	0	0	0	0	0	0	246	0	0	0	350	336	0	0	0	0	0	0	0	0	0	0	0	0	0	0	0	0	0	0	0	0	0	0	0	0	0	0	
145112	Paracentral_Lobule_R	4858	2058	676	1214	0	0	0	0	0	0	0	0	0	0	0	0	0	0	1100	13316	0	0	0	0	0	0	0	0	138	172	0	0	264	14956	2218	2244	0	192	0	178	0	0	0	682	0	1046	0	434	0	1052	0	928	0	380	0	806	1828	7890	0	0	0	0	0	0	0	0	326	4138	7220	0	388	0	0	0	0	0	644	0	0	0	0	114	0	0	164	270	0	0	374	288	0	0	0	0	0	0	0	0	0	0	0	0	0	0	0	0	0	0	0	0	0	0	0	0	0	0	
293556	Caudate_L	7360	3006	13244	3986	750	358	8180	886	0	0	5008	2440	3392	230	504	270	1112	600	9164	4260	6456	6566	1564	796	310	388	3486	1298	4952	1208	8466	4692	0	688	0	0	112	378	0	0	0	0	0	0	0	210	0	0	0	222	0	0	0	0	0	338	1020	570	0	0	0	234	0	670	0	0	0	330	266	388	0	12626	14890	3510	506	0	4294	236	256	0	0	0	0	0	0	0	0	0	0	102	0	0	0	0	0	0	0	0	0	0	0	0	0	0	0	0	0	0	0	0	0	0	0	0	0	0	
396388	Caudate_R	618	7496	3604	30472	0	2054	1576	1990	0	0	650	4326	490	1226	0	2056	690	2144	2484	19116	3094	5240	1948	8606	0	1766	1266	2936	1254	3772	4796	25602	0	1428	0	0	0	374	0	0	0	150	0	0	0	0	0	0	0	0	0	0	0	0	0	98	0	598	0	0	0	0	0	0	0	0	0	206	0	0	12626	0	3308	22546	0	1352	270	13760	106	0	0	100	0	0	0	0	0	0	0	0	0	0	0	0	0	0	0	0	0	0	0	0	0	0	0	0	0	0	0	0	0	0	0	0	0	0	
277528	Putamen_L	5366	120	21050	600	1724	0	4538	0	438	0	3424	210	2056	0	1604	0	1148	98	12908	2008	2250	2278	2224	180	546	172	734	344	17834	226	8070	1088	0	268	0	0	8048	0	1834	0	0	0	176	0	0	0	176	0	0	0	554	0	180	0	2156	0	630	0	0	0	0	0	0	0	0	0	350	0	162	0	14890	3308	0	710	4818	0	1744	0	598	0	1582	0	622	0	256	0	0	0	2464	0	0	0	0	0	0	0	0	0	0	0	0	0	0	0	0	0	0	0	0	0	0	0	0	0	0	0	
359796	Putamen_R	480	2572	1540	21786	0	3692	790	1670	0	0	130	3876	0	2820	0	2334	128	5034	1460	14716	688	1526	948	9312	0	2752	384	1980	210	23034	2192	18484	0	1092	0	0	0	9816	0	2820	0	1376	0	150	0	0	0	0	0	0	0	0	0	0	0	4774	0	1030	0	0	0	0	0	0	0	0	0	262	0	0	3510	22546	710	0	0	1548	166	1266	0	102	0	660	0	154	0	144	0	0	0	2930	0	0	0	0	0	0	0	304	0	0	0	0	0	0	0	0	0	0	0	0	0	0	0	0	0	0	
30296	Pallidum_L	274	0	3706	0	0	0	556	0	0	0	0	0	0	0	0	0	0	0	2490	836	0	0	0	0	0	0	0	0	0	0	0	0	0	0	0	0	504	0	0	0	0	0	0	0	0	0	0	0	0	0	0	0	0	0	0	0	112	0	0	0	0	0	0	0	0	0	0	0	0	0	506	0	4818	0	0	0	1346	0	0	0	0	0	0	0	0	0	0	0	0	0	0	0	0	0	0	0	0	0	0	0	0	0	0	0	0	0	0	0	0	0	0	0	0	0	0	0	
16156	Pallidum_R	0	138	410	1530	0	0	0	0	0	0	0	0	0	0	0	0	0	0	528	1550	0	0	0	0	0	0	0	0	0	0	0	0	0	0	0	0	0	376	0	354	0	0	0	0	0	0	0	0	0	0	0	0	0	0	0	292	0	0	0	0	0	0	0	0	0	0	0	0	0	0	0	1352	0	1548	0	0	0	0	0	0	0	0	0	0	0	0	0	0	0	0	0	0	0	0	0	0	0	0	0	0	0	0	0	0	0	0	0	0	0	0	0	0	0	0	0	0	
75456	Thalamus_L	11756	542	6402	474	0	0	1538	0	0	0	0	0	0	0	0	0	0	150	740	816	0	0	0	0	0	0	0	0	234	382	0	124	0	0	0	0	2214	130	152	0	0	0	0	0	0	0	0	0	0	0	0	0	0	0	0	0	0	352	0	0	0	0	0	652	0	0	0	0	0	644	4294	270	1744	166	1346	0	0	1894	0	0	0	128	0	0	242	0	0	0	342	0	0	0	0	0	0	0	0	0	0	0	0	0	0	0	0	0	0	0	0	0	0	0	0	0	0	0	
102480	Thalamus_R	246	6766	240	17948	0	0	0	240	0	0	0	600	0	0	0	0	0	0	284	3720	0	0	0	0	0	0	0	0	0	0	0	236	0	0	0	0	0	2266	0	528	0	252	0	0	0	0	0	166	0	0	0	0	0	0	0	310	0	0	0	0	0	0	0	0	0	0	0	0	0	0	236	13760	0	1266	0	0	1894	0	0	0	0	0	0	0	0	0	0	0	0	282	0	0	0	0	0	0	0	0	0	0	0	0	0	0	0	0	0	0	0	0	0	0	0	0	0	0	
78612	Heschl_L	3072	0	2168	0	0	0	2710	0	0	0	410	0	268	0	0	0	4998	0	618	0	0	0	182	0	0	0	0	0	9982	0	338	106	0	0	0	0	912	0	0	0	0	0	0	0	0	0	0	0	0	0	702	0	368	0	144	0	2334	0	0	0	0	0	874	0	0	0	0	0	0	0	256	106	598	0	0	0	0	0	0	0	4090	0	0	0	2854	0	0	0	1216	0	0	0	0	0	0	0	0	0	0	0	0	0	0	0	0	0	0	0	0	0	0	0	0	0	0	0	
36968	Heschl_R	0	0	0	178	0	0	0	0	0	0	0	0	0	0	0	0	0	2476	0	222	0	0	0	0	0	0	0	0	0	3276	0	0	0	0	0	0	0	514	0	514	0	0	0	144	0	218	0	184	0	250	0	0	0	0	0	728	0	368	0	0	0	0	0	0	0	0	0	346	0	0	0	0	0	102	0	0	0	0	0	0	0	6672	0	0	0	1762	0	0	0	530	0	0	0	0	0	0	0	0	0	0	0	0	0	0	0	0	0	0	0	0	0	0	0	0	0	0	
181932	Temporal_Sup_L	1376	0	1336	0	0	0	850	0	0	0	496	0	366	0	0	0	9826	0	894	0	0	0	0	0	0	0	0	0	8520	0	174	0	0	0	134	110	1940	0	188	0	0	0	0	0	0	0	0	0	0	0	2570	0	374	0	1350	0	3438	0	836	0	1082	0	7276	0	2146	0	1148	0	0	0	0	0	1582	0	0	0	0	0	4090	0	0	0	4486	0	21832	0	740	0	11806	0	0	0	0	0	0	0	0	0	0	0	0	0	0	0	0	0	0	0	0	0	0	0	0	0	0	0	
156812	Temporal_Sup_R	144	312	0	810	0	0	0	0	0	0	0	146	0	0	0	618	0	4352	0	878	0	0	0	0	0	0	0	0	0	6230	0	0	104	250	0	0	0	1038	0	674	0	0	0	1250	0	2340	0	428	0	2442	0	2132	0	370	0	1710	0	978	0	0	0	1160	0	3512	0	7172	660	3348	0	114	0	100	0	660	0	0	128	0	0	6672	0	0	0	2806	0	19272	0	350	0	5246	0	0	0	0	0	0	0	0	0	0	0	0	0	0	0	0	0	0	0	0	0	0	0	0	0	0	
96088	Temporal_Pole_Sup_L	0	0	460	0	658	0	0	0	508	0	1310	0	132	0	1962	0	2036	0	160	0	444	0	120	0	0	0	0	0	5896	0	224	0	0	0	0	0	2070	0	588	0	954	0	0	0	0	0	0	0	0	0	0	0	0	0	3068	0	0	0	0	0	0	0	0	0	0	0	0	0	0	0	0	0	622	0	0	0	0	0	0	0	4486	0	0	0	9304	0	5880	0	7162	0	0	0	0	0	0	0	0	0	0	0	0	0	0	0	0	0	0	0	0	0	0	0	0	0	0	0	
36364	Temporal_Pole_Sup_R	0	0	0	242	0	0	0	0	0	0	0	186	0	0	0	798	0	382	0	208	0	0	0	0	0	0	0	0	0	1270	0	0	0	0	0	0	0	266	0	838	0	1042	0	0	0	0	0	0	0	0	0	0	0	0	0	3808	0	0	0	0	0	0	0	0	0	0	0	0	0	0	0	0	0	154	0	0	0	0	0	0	0	2806	0	0	0	1480	0	2430	0	2272	0	0	0	0	0	0	0	0	0	0	0	0	0	0	0	0	0	0	0	0	0	0	0	0	0	0	
320260	Temporal_Mid_L	1642	0	292	0	0	0	776	0	0	0	0	0	0	0	0	0	3552	0	106	0	0	0	0	0	0	0	0	0	3596	0	0	0	0	168	1714	604	2996	264	146	0	0	0	2732	0	1098	0	600	0	156	0	19468	0	6818	0	4942	238	1798	150	336	0	4738	0	5346	0	10854	0	2282	160	246	164	0	0	256	0	0	0	242	0	2854	0	21832	0	9304	0	0	0	5340	0	42154	166	0	0	0	0	0	0	0	0	0	0	0	0	0	0	0	0	0	0	0	0	0	0	0	0	0	0	
260280	Temporal_Mid_R	0	214	0	270	0	0	0	0	0	0	0	0	0	0	0	106	0	360	0	318	0	0	0	0	0	0	0	0	0	4494	0	0	0	260	0	0	0	604	0	222	0	0	0	4874	0	4574	0	990	0	5990	0	13794	0	1464	0	2754	0	744	0	2756	0	8362	0	2966	0	17440	1014	6958	0	270	0	0	0	144	0	0	0	0	0	1762	0	19272	0	1480	0	0	0	978	0	24706	0	0	0	0	0	0	0	0	0	0	0	0	0	0	0	0	0	0	0	0	0	0	0	0	0	0	
33428	Temporal_Pole_Mid_L	0	0	0	0	0	0	0	0	0	0	0	0	0	0	0	0	0	0	0	0	0	0	0	0	0	0	0	0	0	0	0	0	0	0	0	0	0	0	0	0	0	0	0	0	0	0	0	0	0	0	0	0	0	0	1498	0	0	0	0	0	0	0	0	0	0	0	0	0	0	0	0	0	0	0	0	0	0	0	0	0	740	0	5880	0	5340	0	0	0	3256	0	0	0	0	0	0	0	0	0	0	0	0	0	0	0	0	0	0	0	0	0	0	0	0	0	0	0	
12824	Temporal_Pole_Mid_R	0	0	0	0	0	0	0	0	0	0	0	0	0	0	0	0	0	0	0	0	0	0	0	0	0	0	0	0	0	0	0	0	0	0	0	0	0	0	0	306	0	0	0	0	0	0	0	0	0	0	0	0	0	0	0	1328	0	0	0	0	0	0	0	0	0	0	0	0	0	0	0	0	0	0	0	0	0	0	0	0	0	350	0	2430	0	978	0	0	0	1020	0	0	0	0	0	0	0	0	0	0	0	0	0	0	0	0	0	0	0	0	0	0	0	0	0	0	
326296	Temporal_Inf_L	1874	0	1194	0	0	0	764	0	0	0	152	0	100	0	0	0	1380	0	678	158	0	0	0	0	0	0	0	0	4878	0	0	0	0	372	3814	2216	11106	404	1022	150	1236	0	2850	0	1164	0	796	176	102	0	7690	0	8044	0	18652	526	998	448	146	0	906	0	2492	0	3360	0	2698	216	350	374	0	0	2464	0	0	0	342	0	1216	0	11806	0	7162	0	42154	0	3256	0	0	232	7072	0	150	0	0	0	1102	0	2706	0	0	0	0	0	0	0	0	0	0	0	0	0	0	0	0	0	
253384	Temporal_Inf_R	826	1618	0	1038	0	0	102	0	0	0	0	0	0	0	0	0	0	1502	0	1126	0	0	0	0	0	0	0	0	230	6300	0	0	0	122	2440	2628	524	14774	0	9618	0	246	0	880	0	2050	0	810	0	2258	0	1700	0	3340	524	22574	0	510	0	480	0	1526	0	1364	0	1990	508	3300	336	288	102	0	0	2930	0	0	0	282	0	530	0	5246	0	2272	166	24706	0	1020	232	0	0	1182	0	0	0	0	0	332	0	160	0	0	0	0	0	0	0	0	0	0	0	0	0	0	0	0	
422692	Cerebelum_Crus1_L	0	0	0	0	0	0	0	0	0	0	0	0	0	0	0	0	0	0	0	0	0	0	0	0	0	0	0	0	0	0	0	0	0	0	0	0	0	0	0	0	0	0	298	0	0	0	4512	1844	0	0	988	0	1876	96	20442	318	0	0	0	0	0	0	0	0	0	0	0	0	0	0	0	0	0	0	0	0	0	0	0	0	0	0	0	0	0	0	0	0	7072	0	0	3036	28592	5802	868	0	14750	548	49284	3714	11282	2664	15434	3248	3410	2268	352	220	188	166	1108	7746	12644	2688	2654	1234	
355856	Cerebelum_Crus1_R	0	0	0	0	0	0	0	0	0	0	0	0	0	0	0	0	0	0	0	0	0	0	0	0	0	0	0	0	0	0	0	0	0	0	0	0	0	0	0	0	0	0	142	164	0	0	1354	5948	0	0	346	0	416	420	636	12442	0	0	0	0	0	0	0	0	0	0	0	0	0	0	0	0	0	0	0	0	0	0	0	0	0	0	0	0	0	0	0	0	0	1182	3036	0	548	25214	120	4018	872	21838	3952	50752	0	3214	148	16420	238	3088	0	630	216	2164	5552	7318	3768	760	810	202	
216444	Cerebelum_Crus2_L	0	0	0	0	0	0	0	0	0	0	0	0	0	0	0	0	0	0	0	0	0	0	0	0	0	0	0	0	0	0	0	0	0	0	0	0	0	0	0	0	0	0	0	0	0	0	0	0	0	0	0	0	0	0	296	0	0	0	0	0	0	0	0	0	0	0	0	0	0	0	0	0	0	0	0	0	0	0	0	0	0	0	0	0	0	0	0	0	150	0	28592	548	0	6796	220	0	494	0	5238	320	24130	3716	20838	1286	3526	428	412	0	0	0	0	726	7458	1942	774	332	
229396	Cerebelum_Crus2_R	0	0	0	0	0	0	0	0	0	0	0	0	0	0	0	0	0	0	0	0	0	0	0	0	0	0	0	0	0	0	0	0	0	0	0	0	0	0	0	0	0	0	0	0	0	0	0	0	0	0	0	0	0	0	0	194	0	0	0	0	0	0	0	0	0	0	0	0	0	0	0	0	0	0	0	0	0	0	0	0	0	0	0	0	0	0	0	0	0	0	5802	25214	6796	0	0	144	108	928	1060	5366	2496	17828	2008	28836	164	3980	0	324	0	170	354	650	9122	1990	956	208	
28064	Cerebelum_3_L	0	0	0	0	0	0	0	0	0	0	0	0	0	0	0	0	0	0	0	0	0	0	0	0	0	0	0	0	0	0	0	0	0	0	0	0	0	0	142	0	0	0	0	0	0	0	112	0	0	0	0	0	0	0	0	0	0	0	0	0	0	0	0	0	0	0	0	0	0	0	0	0	0	0	0	0	0	0	0	0	0	0	0	0	0	0	0	0	0	0	868	120	220	0	0	0	3920	0	2098	126	126	0	272	0	1816	136	218	0	480	774	156	850	592	246	442	318	
35436	Cerebelum_3_R	0	0	0	0	0	0	0	0	0	0	0	0	0	0	0	0	0	0	0	0	0	0	0	0	0	0	0	0	0	0	0	0	0	0	0	0	0	0	0	0	0	0	0	0	0	0	0	290	0	0	0	0	0	0	0	442	0	0	0	0	0	0	0	0	0	0	0	0	0	0	0	0	0	0	0	0	0	0	0	0	0	0	0	0	0	0	0	0	0	0	0	4018	0	144	0	0	0	4732	0	4364	0	0	0	268	0	346	0	0	524	2280	310	0	0	0	0	0	
198848	Cerebelum_4_5_L	0	0	0	0	0	0	0	0	0	0	0	0	0	0	0	0	0	0	0	0	0	0	0	0	0	0	0	0	0	0	0	0	0	0	0	0	0	0	152	0	0	0	0	0	0	0	7546	3002	0	0	0	0	1152	0	13162	644	0	0	0	0	0	0	0	0	0	0	0	0	0	0	0	0	0	0	0	0	0	0	0	0	0	0	0	0	0	0	0	0	1102	0	14750	872	494	108	3920	0	0	2798	27044	2372	220	0	718	0	1926	234	530	0	96	490	9352	3778	810	262	962	928	
200812	Cerebelum_4_5_R	106	134	0	220	0	0	0	0	0	0	0	0	0	0	0	0	0	0	0	212	0	0	0	0	0	0	0	0	0	286	0	0	0	0	182	354	0	1466	0	1294	0	0	0	178	0	0	690	7224	0	0	0	0	0	0	496	10560	0	0	0	0	0	0	0	0	0	0	0	420	0	0	0	0	0	304	0	0	0	0	0	0	0	0	0	0	0	0	0	0	0	332	548	21838	0	928	0	4732	2798	0	1470	25720	0	456	0	1048	0	430	0	0	250	3086	11038	738	268	262	338	0	
408552	Cerebelum_6_L	0	0	0	0	0	0	0	0	0	0	0	0	0	0	0	0	0	0	0	0	0	0	0	0	0	0	0	0	0	0	0	0	0	0	0	0	0	0	0	0	0	0	368	0	0	0	10900	5446	0	0	1440	0	3476	264	26350	1264	0	0	0	0	0	0	0	0	0	0	0	0	0	0	0	0	0	0	0	0	0	0	0	0	0	0	0	0	0	0	0	0	2706	0	49284	3952	5238	1060	2098	0	27044	1470	0	7014	3380	392	5864	1132	4302	2078	298	100	148	324	5602	14842	8152	2758	3266	2264	
326544	Cerebelum_6_R	0	0	0	0	0	0	0	0	0	0	0	0	0	0	0	0	0	0	0	0	0	0	0	0	0	0	0	0	0	0	0	0	0	0	0	0	0	0	0	0	0	0	148	0	0	0	2500	9198	0	0	436	0	570	598	1300	13138	0	0	0	0	0	0	0	0	0	0	0	0	0	0	0	0	0	0	0	0	0	0	0	0	0	0	0	0	0	0	0	0	0	160	3714	50752	320	5366	126	4364	2372	25720	7014	0	0	712	186	3484	272	1138	0	688	368	2848	8836	11590	3310	890	1010	144	
157672	Cerebelum_7b_L	0	0	0	0	0	0	0	0	0	0	0	0	0	0	0	0	0	0	0	0	0	0	0	0	0	0	0	0	0	0	0	0	0	0	0	0	0	0	0	0	0	0	0	0	0	0	0	0	0	0	0	0	0	0	0	0	0	0	0	0	0	0	0	0	0	0	0	0	0	0	0	0	0	0	0	0	0	0	0	0	0	0	0	0	0	0	0	0	0	0	11282	0	24130	2496	126	0	220	0	3380	0	0	2470	20494	1634	3388	466	598	0	0	0	0	356	4002	2754	748	292	
106080	Cerebelum_7b_R	0	0	0	0	0	0	0	0	0	0	0	0	0	0	0	0	0	0	0	0	0	0	0	0	0	0	0	0	0	0	0	0	0	0	0	0	0	0	0	0	0	0	0	0	0	0	0	0	0	0	0	0	0	0	0	0	0	0	0	0	0	0	0	0	0	0	0	0	0	0	0	0	0	0	0	0	0	0	0	0	0	0	0	0	0	0	0	0	0	0	2664	3214	3716	17828	0	0	0	456	392	712	2470	0	1898	12942	0	274	0	0	0	102	208	0	4188	1976	0	0	
219064	Cerebelum_8_L	0	0	0	0	0	0	0	0	0	0	0	0	0	0	0	0	0	0	0	0	0	0	0	0	0	0	0	0	0	0	0	0	0	0	0	0	0	0	0	0	0	0	0	0	0	0	0	0	0	0	0	0	0	0	146	0	0	0	0	0	0	0	0	0	0	0	0	0	0	0	0	0	0	0	0	0	0	0	0	0	0	0	0	0	0	0	0	0	0	0	15434	148	20838	2008	272	0	718	0	5864	186	20494	1898	0	2262	15518	2616	2484	0	130	0	0	1916	6152	5766	3468	1214	
190960	Cerebelum_8_R	0	0	0	0	0	0	0	0	0	0	0	0	0	0	0	0	0	0	0	0	0	0	0	0	0	0	0	0	0	0	0	0	0	0	0	0	0	0	0	0	0	0	0	0	0	0	0	0	0	0	0	0	0	0	0	0	0	0	0	0	0	0	0	0	0	0	0	0	0	0	0	0	0	0	0	0	0	0	0	0	0	0	0	0	0	0	0	0	0	0	3248	16420	1286	28836	0	268	0	1048	1132	3484	1634	12942	2262	0	296	10900	0	702	0	272	538	496	4522	2848	1946	400	
101256	Cerebelum_9_L	0	0	0	0	0	0	0	0	0	0	0	0	0	0	0	0	0	0	0	0	0	0	0	0	0	0	0	0	0	0	0	0	0	0	0	0	0	0	0	0	0	0	0	0	0	0	0	110	0	0	0	0	0	0	0	0	0	0	0	0	0	0	0	0	0	0	0	0	0	0	0	0	0	0	0	0	0	0	0	0	0	0	0	0	0	0	0	0	0	0	3410	238	3526	164	1816	0	1926	0	4302	272	3388	0	15518	296	0	1374	3822	0	132	172	294	1808	2556	1970	2492	1042	
102312	Cerebelum_9_R	0	0	0	0	0	0	0	0	0	0	0	0	0	0	0	0	0	0	0	0	0	0	0	0	0	0	0	0	0	0	0	0	0	0	0	0	0	0	0	0	0	0	0	0	0	0	0	0	0	0	0	0	0	0	0	0	0	0	0	0	0	0	0	0	0	0	0	0	0	0	0	0	0	0	0	0	0	0	0	0	0	0	0	0	0	0	0	0	0	0	2268	3088	428	3980	136	346	234	430	2078	1138	466	274	2616	10900	1374	0	0	1670	364	338	274	1886	4354	4840	5714	1960	
17428	Cerebelum_10_L	0	0	0	0	0	0	0	0	0	0	0	0	0	0	0	0	0	0	0	0	0	0	0	0	0	0	0	0	0	0	0	0	0	0	0	0	0	0	0	0	0	0	0	0	0	0	0	0	0	0	0	0	0	0	0	0	0	0	0	0	0	0	0	0	0	0	0	0	0	0	0	0	0	0	0	0	0	0	0	0	0	0	0	0	0	0	0	0	0	0	352	0	412	0	218	0	530	0	298	0	598	0	2484	0	3822	0	0	0	0	0	0	0	0	0	0	0	
9956	Cerebelum_10_R	0	0	0	0	0	0	0	0	0	0	0	0	0	0	0	0	0	0	0	0	0	0	0	0	0	0	0	0	0	0	0	0	0	0	0	0	0	0	0	0	0	0	0	0	0	0	0	0	0	0	0	0	0	0	0	0	0	0	0	0	0	0	0	0	0	0	0	0	0	0	0	0	0	0	0	0	0	0	0	0	0	0	0	0	0	0	0	0	0	0	220	630	0	324	0	0	0	0	100	688	0	0	0	702	0	1670	0	0	0	0	0	0	296	128	220	0	
12632	Vermis_1_2	0	0	0	0	0	0	0	0	0	0	0	0	0	0	0	0	0	0	0	0	0	0	0	0	0	0	0	0	0	0	0	0	0	0	0	0	0	0	0	0	0	0	0	0	0	0	0	0	0	0	0	0	0	0	0	0	0	0	0	0	0	0	0	0	0	0	0	0	0	0	0	0	0	0	0	0	0	0	0	0	0	0	0	0	0	0	0	0	0	0	188	216	0	0	480	524	96	250	148	368	0	0	130	0	132	364	0	0	0	2024	156	200	332	334	374	0	
36532	Vermis_3	0	0	0	0	0	0	0	0	0	0	0	0	0	0	0	0	0	0	0	0	0	0	0	0	0	0	0	0	0	0	0	0	0	0	0	0	0	0	100	0	0	0	0	0	0	0	0	112	0	0	0	0	0	0	0	338	0	0	0	0	0	0	0	0	0	0	0	0	0	0	0	0	0	0	0	0	0	0	0	0	0	0	0	0	0	0	0	0	0	0	166	2164	0	170	774	2280	490	3086	324	2848	0	102	0	272	172	338	0	0	2024	0	1642	252	220	172	220	0	
134648	Vermis_4_5	0	0	0	0	0	0	0	0	0	0	0	0	0	0	0	0	0	0	0	0	0	0	0	0	0	0	0	0	0	0	0	0	0	0	114	320	0	0	0	0	0	0	0	250	0	0	3150	6136	0	0	0	0	206	0	2034	3608	0	0	0	0	0	0	0	0	0	0	0	516	0	0	0	0	0	0	0	0	0	0	0	0	0	0	0	0	0	0	0	0	0	0	1108	5552	0	354	156	310	9352	11038	5602	8836	0	208	0	538	294	274	0	0	156	1642	0	3470	266	198	800	836	
182732	Vermis_6	0	0	0	0	0	0	0	0	0	0	0	0	0	0	0	0	0	0	0	0	0	0	0	0	0	0	0	0	0	0	0	0	0	0	0	0	0	0	0	0	0	0	134	0	0	0	3948	7438	0	0	724	0	938	436	2408	1818	0	0	0	0	0	0	0	0	0	0	0	0	0	0	0	0	0	0	0	0	0	0	0	0	0	0	0	0	0	0	0	0	0	0	7746	7318	726	650	850	0	3778	738	14842	11590	356	0	1916	496	1808	1886	0	0	200	252	3470	0	6338	2148	3456	2958	
