data	data	392012	148096	1.20381e+06	891704	322672	125988	683920	267860	90792	47416	295864	186296	385648	219252	185368	101032	264660	170016	1.15222e+06	1.00719e+06	64588	54996	590212	560716	39992	121100	98468	70968	705512	434420	591556	800540	342788	634188	109352	151772	246468	270468	82828	94728	33252	45276	168768	234444	145048	363968	256372	216396	102420	364920	442768	200872	156680	77484	282252	290568	323936	178376	112744	192852	235968	98296	132356	126088	154064	51376	166068	402440	302020	147628	376448	386308	393108	364900	82988	32692	175424	144024	61240	18712	246720	120852	74184	93932	305200	199656	32252	26340	237180	300308	347260	277688	238668	176596	9208	19848	175916	143476	359472	285300	137896	82072	185924	159916	47580	51864	29192	24600	12348	16640	161556	179500	168560	141904	47672	10776	
data	data	Precentral_L	Precentral_R	Frontal_Sup_L	Frontal_Sup_R	Frontal_Sup_Orb_L	Frontal_Sup_Orb_R	Frontal_Mid_L	Frontal_Mid_R	Frontal_Mid_Orb_L	Frontal_Mid_Orb_R	Frontal_Inf_Oper_L	Frontal_Inf_Oper_R	Frontal_Inf_Tri_L	Frontal_Inf_Tri_R	Frontal_Inf_Orb_L	Frontal_Inf_Orb_R	Rolandic_Oper_L	Rolandic_Oper_R	Supp_Motor_Area_L	Supp_Motor_Area_R	Olfactory_L	Olfactory_R	Frontal_Sup_Medial_L	Frontal_Sup_Medial_R	Frontal_Med_Orb_L	Frontal_Med_Orb_R	Rectus_L	Rectus_R	Insula_L	Insula_R	Cingulum_Ant_L	Cingulum_Ant_R	Cingulum_Mid_L	Cingulum_Mid_R	Cingulum_Post_L	Cingulum_Post_R	Hippocampus_L	Hippocampus_R	ParaHippocampal_L	ParaHippocampal_R	Amygdala_L	Amygdala_R	Calcarine_L	Calcarine_R	Cuneus_L	Cuneus_R	Lingual_L	Lingual_R	Occipital_Sup_L	Occipital_Sup_R	Occipital_Mid_L	Occipital_Mid_R	Occipital_Inf_L	Occipital_Inf_R	Fusiform_L	Fusiform_R	Postcentral_L	Postcentral_R	Parietal_Sup_L	Parietal_Sup_R	Parietal_Inf_L	Parietal_Inf_R	SupraMarginal_L	SupraMarginal_R	Angular_L	Angular_R	Precuneus_L	Precuneus_R	Paracentral_Lobule_L	Paracentral_Lobule_R	Caudate_L	Caudate_R	Putamen_L	Putamen_R	Pallidum_L	Pallidum_R	Thalamus_L	Thalamus_R	Heschl_L	Heschl_R	Temporal_Sup_L	Temporal_Sup_R	Temporal_Pole_Sup_L	Temporal_Pole_Sup_R	Temporal_Mid_L	Temporal_Mid_R	Temporal_Pole_Mid_L	Temporal_Pole_Mid_R	Temporal_Inf_L	Temporal_Inf_R	Cerebelum_Crus1_L	Cerebelum_Crus1_R	Cerebelum_Crus2_L	Cerebelum_Crus2_R	Cerebelum_3_L	Cerebelum_3_R	Cerebelum_4_5_L	Cerebelum_4_5_R	Cerebelum_6_L	Cerebelum_6_R	Cerebelum_7b_L	Cerebelum_7b_R	Cerebelum_8_L	Cerebelum_8_R	Cerebelum_9_L	Cerebelum_9_R	Cerebelum_10_L	Cerebelum_10_R	Vermis_1_2	Vermis_3	Vermis_4_5	Vermis_6	Vermis_7	Vermis_8	Vermis_9	Vermis_10	
392012	Precentral_L	0	0	16330	0	434	0	24558	0	0	0	18674	0	8948	0	496	0	9082	0	7920	3204	0	0	432	0	0	0	0	0	12602	0	416	0	502	2420	318	204	3560	226	100	0	0	0	0	0	0	0	0	0	0	0	1060	0	0	0	732	0	32844	0	0	0	5730	0	4114	0	870	0	0	362	15768	636	1060	0	6326	0	1752	0	3962	144	4706	0	3902	0	0	0	1280	0	0	0	332	0	0	0	0	0	0	0	0	0	0	0	0	0	0	0	0	0	0	0	0	0	0	0	0	0	0	0	
148096	Precentral_R	0	0	326	15964	0	0	0	8174	0	0	0	3674	0	248	0	0	0	3250	3290	8606	0	0	0	0	0	0	0	0	0	940	0	130	168	546	0	96	102	2308	0	286	0	0	0	0	0	0	0	0	0	0	0	108	0	110	0	458	0	8174	0	270	0	2298	0	3434	0	122	0	154	1776	4202	1230	478	634	480	342	0	238	840	0	0	0	0	0	0	0	180	0	0	0	412	0	0	0	0	0	0	0	0	0	0	0	0	0	0	0	0	0	0	0	0	0	0	0	0	0	0	
1.20381e+06	Frontal_Sup_L	16330	326	0	11368	29452	0	92208	882	3864	0	16470	1684	26444	1672	10464	196	15114	274	74922	18470	150	0	59778	16322	360	0	2732	0	50322	3200	30450	16708	9562	12284	0	0	2252	0	0	0	0	0	0	0	0	0	0	0	0	0	0	0	0	0	130	0	8808	0	0	0	1492	0	902	0	326	0	0	0	458	0	17108	1506	22680	490	8878	398	2788	326	1134	0	7394	0	1638	0	538	0	0	0	652	0	0	0	0	0	0	0	0	0	0	0	0	0	0	0	0	0	0	0	0	0	0	0	0	0	0	0	
891704	Frontal_Sup_R	0	15964	11368	0	1016	5406	3162	47300	0	1322	224	13294	852	15934	302	4508	104	7956	27182	57028	0	0	13594	50320	202	3294	214	110	1544	22420	13216	49662	4890	29248	140	176	340	2616	0	0	0	0	0	0	0	0	0	0	0	0	0	0	0	0	0	0	0	3432	0	126	0	982	0	1560	0	94	0	0	736	0	5966	9420	1576	8550	328	1848	450	5876	0	0	0	0	0	0	0	0	0	0	0	0	0	0	0	0	0	0	0	0	0	0	0	0	0	0	0	0	0	0	0	0	0	0	0	0	0	0	
322672	Frontal_Sup_Orb_L	434	0	29452	1016	0	0	11382	0	12280	0	1722	0	5868	0	11290	0	148	0	7528	1216	1332	134	10926	1842	4366	0	10280	96	18256	178	13246	2414	586	1286	0	0	246	0	0	0	0	0	0	0	0	0	0	0	0	0	0	0	0	0	0	0	0	0	0	0	0	0	0	0	0	0	0	0	0	0	3372	260	9074	0	0	0	162	180	0	0	0	0	764	0	0	0	0	0	0	0	0	0	0	0	0	0	0	0	0	0	0	0	0	0	0	0	0	0	0	0	0	0	0	0	0	0	
125988	Frontal_Sup_Orb_R	0	0	0	5406	0	0	0	1382	0	5738	0	0	0	1098	0	5016	0	0	446	620	0	96	132	5268	0	8840	0	7828	0	1450	366	4656	0	0	0	0	0	0	0	0	0	0	0	0	0	0	0	0	0	0	0	0	0	0	0	0	0	0	0	0	0	0	0	0	0	0	0	0	0	0	172	6770	0	7710	0	0	0	0	0	0	0	0	0	0	0	0	0	0	0	0	0	0	0	0	0	0	0	0	0	0	0	0	0	0	0	0	0	0	0	0	0	0	0	0	0	0	
683920	Frontal_Mid_L	24558	0	92208	3162	11382	0	0	0	5106	0	22344	0	52190	156	10252	0	4750	0	10860	2326	0	0	25338	5012	0	0	1986	0	24962	216	14158	5748	2292	4188	0	0	1676	0	0	0	0	0	0	0	0	0	0	0	0	0	0	0	0	0	146	0	4882	0	0	0	382	0	130	0	0	0	0	0	0	0	1756	0	4424	0	476	0	1592	0	502	0	2192	0	0	0	246	0	0	0	362	0	0	0	0	0	0	0	0	0	0	0	0	0	0	0	0	0	0	0	0	0	0	0	0	0	0	0	
267860	Frontal_Mid_R	0	8174	882	47300	0	1382	0	0	0	2084	0	11358	0	13070	0	2174	0	6448	2648	7420	0	0	96	5688	0	0	0	0	96	11170	146	3636	0	952	0	0	0	196	0	0	0	0	0	0	0	0	0	0	0	0	0	0	0	0	0	0	0	2650	0	0	0	0	0	0	0	0	0	0	0	0	1340	1496	430	2482	196	0	0	416	0	0	0	0	0	0	0	0	0	0	0	0	0	0	0	0	0	0	0	0	0	0	0	0	0	0	0	0	0	0	0	0	0	0	0	0	0	0	
90792	Frontal_Mid_Orb_L	0	0	3864	0	12280	0	5106	0	0	0	0	0	4198	0	11760	0	0	0	542	0	162	0	314	0	848	0	1706	0	1724	0	1166	0	0	0	0	0	0	0	0	0	0	0	0	0	0	0	0	0	0	0	0	0	0	0	0	0	0	0	0	0	0	0	0	0	0	0	0	0	0	0	164	0	1562	0	0	0	0	0	0	0	0	0	0	0	0	0	0	0	0	0	0	0	0	0	0	0	0	0	0	0	0	0	0	0	0	0	0	0	0	0	0	0	0	0	0	0	
47416	Frontal_Mid_Orb_R	0	0	0	1322	0	5738	0	2084	0	0	0	0	0	1410	0	10116	0	0	184	304	0	0	0	204	0	0	0	0	0	856	0	272	0	100	0	0	0	0	0	0	0	0	0	0	0	0	0	0	0	0	0	0	0	0	0	0	0	0	0	0	0	0	0	0	0	0	0	0	0	0	0	184	0	934	0	0	0	0	0	0	0	0	0	0	0	0	0	0	0	0	0	0	0	0	0	0	0	0	0	0	0	0	0	0	0	0	0	0	0	0	0	0	0	0	0	0	
295864	Frontal_Inf_Oper_L	18674	0	16470	224	1722	0	22344	0	0	0	0	0	22266	0	324	0	10688	0	9556	406	0	0	916	120	0	0	206	0	23254	0	1344	244	138	0	0	0	388	0	0	0	0	0	0	0	0	0	0	0	0	0	0	0	0	0	0	0	7048	0	0	0	0	0	0	0	0	0	0	0	0	0	1046	0	1396	0	0	0	164	0	228	0	5210	0	2268	0	432	0	0	0	856	0	0	0	0	0	0	0	0	0	0	0	0	0	0	0	0	0	0	0	0	0	0	0	0	0	0	0	
186296	Frontal_Inf_Oper_R	0	3674	1684	13294	0	0	0	11358	0	0	0	0	0	7376	0	782	0	7846	4956	10324	0	0	0	562	0	0	0	0	106	17790	158	892	0	310	0	0	0	0	0	0	0	0	0	0	0	0	0	0	0	0	0	0	0	0	0	0	0	2328	0	0	0	0	0	0	0	0	0	0	0	0	1378	2126	268	4956	0	138	0	0	0	0	0	372	0	470	0	0	0	0	0	0	0	0	0	0	0	0	0	0	0	0	0	0	0	0	0	0	0	0	0	0	0	0	0	0	0	0	
385648	Frontal_Inf_Tri_L	8948	0	26444	852	5868	0	52190	0	4198	0	22266	0	0	0	21626	0	446	0	7106	1160	0	0	4460	1210	0	0	176	0	26162	0	2456	1148	1010	1088	0	0	0	0	0	0	0	0	0	0	0	0	0	0	0	0	0	0	0	0	0	0	2110	0	0	0	0	0	0	0	0	0	0	0	0	0	670	0	538	0	0	0	0	0	0	0	316	0	376	0	0	0	0	0	0	0	0	0	0	0	0	0	0	0	0	0	0	0	0	0	0	0	0	0	0	0	0	0	0	0	0	0	
219252	Frontal_Inf_Tri_R	0	248	1672	15934	0	1098	156	13070	0	1410	0	7376	0	0	0	5108	0	614	4816	7122	0	0	1776	8724	0	186	0	0	150	19498	1022	6556	836	4920	0	0	0	0	0	0	0	0	0	0	0	0	0	0	0	0	0	0	0	0	0	0	0	0	0	0	0	0	0	0	0	0	0	0	0	0	1404	1998	160	3772	0	0	0	0	0	0	0	0	0	0	0	0	0	0	0	0	0	0	0	0	0	0	0	0	0	0	0	0	0	0	0	0	0	0	0	0	0	0	0	0	0	0	
185368	Frontal_Inf_Orb_L	496	0	10464	302	11290	0	10252	0	11760	0	324	0	21626	0	0	0	0	0	2078	312	996	0	2266	486	0	0	1114	0	11814	0	900	480	230	300	0	0	0	0	0	0	0	0	0	0	0	0	0	0	0	0	0	0	0	0	0	0	0	0	0	0	0	0	0	0	0	0	0	0	0	0	510	0	3932	0	0	0	0	0	0	0	0	0	752	0	0	0	0	0	0	0	0	0	0	0	0	0	0	0	0	0	0	0	0	0	0	0	0	0	0	0	0	0	0	0	0	0	
101032	Frontal_Inf_Orb_R	0	0	196	4508	0	5016	0	2174	0	10116	0	782	0	5108	0	0	0	0	996	2378	0	94	390	1630	0	0	0	450	0	7262	284	2158	316	1486	0	0	0	0	0	0	0	0	0	0	0	0	0	0	0	0	0	0	0	0	0	0	0	0	0	0	0	0	0	0	0	0	0	0	0	0	146	788	0	4238	0	0	0	0	0	0	0	0	0	0	0	0	0	0	0	0	0	0	0	0	0	0	0	0	0	0	0	0	0	0	0	0	0	0	0	0	0	0	0	0	0	0	
264660	Rolandic_Oper_L	9082	0	15114	104	148	0	4750	0	0	0	10688	0	446	0	0	0	0	0	13122	896	0	0	258	0	0	0	0	0	28818	0	660	144	0	0	0	0	1208	0	0	0	0	0	0	0	0	0	0	0	0	0	1332	0	0	0	936	0	7352	0	160	0	1022	0	3302	0	782	0	142	0	474	0	1352	0	2368	0	350	0	236	0	3646	0	17408	0	1542	0	2874	0	0	0	1614	0	0	0	0	0	0	0	0	0	0	0	0	0	0	0	0	0	0	0	0	0	0	0	0	0	0	0	
170016	Rolandic_Oper_R	0	3250	274	7956	0	0	0	6448	0	0	0	7846	0	614	0	0	0	0	5992	11604	0	0	0	0	0	0	0	0	0	15536	98	234	812	260	0	0	0	792	0	0	0	0	0	0	0	0	0	0	0	0	0	0	0	0	0	118	0	6538	0	110	0	244	0	1634	0	0	0	0	0	0	192	1444	128	5940	0	1104	94	412	0	718	0	2558	0	1628	0	182	0	150	0	98	0	0	0	0	0	0	0	0	0	0	0	0	0	0	0	0	0	0	0	0	0	0	0	0	0	0	
1.15222e+06	Supp_Motor_Area_L	7920	3290	74922	27182	7528	446	10860	2648	542	184	9556	4956	7106	4816	2078	996	13122	5992	0	83536	0	0	13482	8940	0	278	1460	0	31842	12556	17496	24074	21846	29236	242	220	2828	904	98	0	0	0	0	0	0	0	0	0	0	0	0	0	0	0	324	0	6162	1610	0	0	366	392	540	584	166	0	0	0	33458	0	21532	10256	17786	8324	6698	1314	19042	4454	1538	0	5838	104	1226	110	446	0	0	0	656	0	0	0	0	0	0	0	0	0	0	0	0	0	0	0	0	0	0	0	0	0	0	0	0	0	0	0	
1.00719e+06	Supp_Motor_Area_R	3204	8606	18470	57028	1216	620	2326	7420	0	304	406	10324	1160	7122	312	2378	896	11604	83536	0	0	0	5934	11724	0	390	266	0	3620	20486	14096	33748	25848	51246	2318	3160	596	2202	0	402	0	0	0	162	0	356	0	108	0	262	0	108	0	0	154	1080	368	3476	0	508	0	1172	0	1612	0	0	514	2574	16464	14034	9064	24842	4642	10990	678	1790	1068	11066	118	116	410	518	0	178	0	522	0	0	0	1672	0	0	0	0	0	0	0	0	0	0	0	0	0	0	0	0	0	0	0	0	0	0	0	0	0	0	
64588	Olfactory_L	0	0	150	0	1332	0	0	0	162	0	0	0	0	0	996	0	0	0	0	0	0	4520	0	0	120	104	2692	1092	2034	0	2876	2108	0	0	0	0	0	0	0	0	488	0	0	0	0	0	0	0	0	0	0	0	0	0	0	0	0	0	0	0	0	0	0	0	0	0	0	0	0	0	5800	4262	2354	950	0	0	0	0	0	0	0	0	254	0	0	0	0	0	0	0	0	0	0	0	0	0	0	0	0	0	0	0	0	0	0	0	0	0	0	0	0	0	0	0	0	0	
54996	Olfactory_R	0	0	0	0	134	96	0	0	0	0	0	0	0	0	0	94	0	0	0	0	4520	0	0	0	0	384	1718	1732	0	1066	1590	1552	0	0	0	0	0	0	0	0	0	114	0	0	0	0	0	0	0	0	0	0	0	0	0	0	0	0	0	0	0	0	0	0	0	0	0	0	0	0	5884	5386	2260	968	0	0	0	0	0	0	0	0	0	0	0	0	0	0	0	0	0	0	0	0	0	0	0	0	0	0	0	0	0	0	0	0	0	0	0	0	0	0	0	0	0	0	
590212	Frontal_Sup_Medial_L	432	0	59778	13594	10926	132	25338	96	314	0	916	0	4460	1776	2266	390	258	0	13482	5934	0	0	0	34916	2918	1468	1116	0	6862	746	35218	28496	13014	19692	0	0	0	0	0	0	0	0	0	0	0	0	0	0	0	0	0	0	0	0	0	0	0	0	0	0	0	0	0	0	0	0	0	0	0	0	4794	1812	3292	340	0	0	0	154	0	0	176	0	0	0	0	0	0	0	0	0	0	0	0	0	0	0	0	0	0	0	0	0	0	0	0	0	0	0	0	0	0	0	0	0	0	0	
560716	Frontal_Sup_Medial_R	0	0	16322	50320	1842	5268	5012	5688	0	204	120	562	1210	8724	486	1630	0	0	8940	11724	0	0	34916	0	1212	9542	164	1126	1724	6462	14586	47816	4072	22544	0	0	0	0	0	0	0	0	0	0	0	0	0	0	0	0	0	0	0	0	0	0	0	0	0	0	0	0	0	0	0	0	0	0	0	0	1500	10866	256	5150	0	0	0	370	0	0	0	0	0	0	0	0	0	0	0	0	0	0	0	0	0	0	0	0	0	0	0	0	0	0	0	0	0	0	0	0	0	0	0	0	0	0	
39992	Frontal_Med_Orb_L	0	0	360	202	4366	0	0	0	848	0	0	0	0	0	0	0	0	0	0	0	120	0	2918	1212	0	952	3098	0	0	0	4130	528	0	0	0	0	0	0	0	0	0	0	0	0	0	0	0	0	0	0	0	0	0	0	0	0	0	0	0	0	0	0	0	0	0	0	0	0	0	0	708	0	554	0	0	0	0	0	0	0	0	0	0	0	0	0	0	0	0	0	0	0	0	0	0	0	0	0	0	0	0	0	0	0	0	0	0	0	0	0	0	0	0	0	0	0	
121100	Frontal_Med_Orb_R	0	0	0	3294	0	8840	0	0	0	0	0	0	0	186	0	0	0	0	278	390	104	384	1468	9542	952	0	0	6344	0	230	2306	9506	0	0	0	0	0	0	0	0	0	0	0	0	0	0	0	0	0	0	0	0	0	0	0	0	0	0	0	0	0	0	0	0	0	0	0	0	0	0	136	9134	0	7456	0	0	0	0	0	0	0	0	0	0	0	0	0	0	0	0	0	0	0	0	0	0	0	0	0	0	0	0	0	0	0	0	0	0	0	0	0	0	0	0	0	0	
98468	Rectus_L	0	0	2732	214	10280	0	1986	0	1706	0	206	0	176	0	1114	0	0	0	1460	266	2692	1718	1116	164	3098	0	0	888	1358	96	8606	970	0	118	0	0	0	0	0	0	0	0	0	0	0	0	0	0	0	0	0	0	0	0	0	0	0	0	0	0	0	0	0	0	0	0	0	0	0	0	3796	1424	2944	106	0	0	0	0	0	0	0	0	0	0	0	0	0	0	0	0	0	0	0	0	0	0	0	0	0	0	0	0	0	0	0	0	0	0	0	0	0	0	0	0	0	0	
70968	Rectus_R	0	0	0	110	96	7828	0	0	0	0	0	0	0	0	0	450	0	0	0	0	1092	1732	0	1126	0	6344	888	0	0	452	546	4180	0	0	0	0	0	0	0	0	0	0	0	0	0	0	0	0	0	0	0	0	0	0	0	0	0	0	0	0	0	0	0	0	0	0	0	0	0	0	1062	5578	0	4000	0	0	0	0	0	0	0	0	0	0	0	0	0	0	0	0	0	0	0	0	0	0	0	0	0	0	0	0	0	0	0	0	0	0	0	0	0	0	0	0	0	0	
705512	Insula_L	12602	0	50322	1544	18256	0	24962	96	1724	0	23254	106	26162	150	11814	0	28818	0	31842	3620	2034	0	6862	1724	0	0	1358	0	0	266	7192	2348	938	1704	190	186	9786	150	500	0	1158	0	0	0	0	0	0	0	0	0	852	0	0	0	2508	0	4360	0	0	0	242	0	574	0	0	0	0	0	1346	0	5552	220	18668	172	204	0	1960	388	7802	0	17154	0	4028	0	6594	0	0	0	8464	0	0	0	0	0	0	0	0	0	0	0	0	0	0	0	0	0	0	0	0	0	0	0	0	0	0	0	
434420	Insula_R	0	940	3200	22420	178	1450	216	11170	0	856	0	17790	0	19498	0	7262	0	15536	12556	20486	0	1066	746	6462	0	230	96	452	266	0	748	6266	254	2068	0	158	146	5692	0	622	0	324	0	0	0	186	0	106	0	202	0	0	0	0	0	1808	0	676	0	284	0	232	0	468	0	0	0	304	0	112	2960	5468	456	28510	0	910	208	1146	0	722	0	6236	0	2924	0	1516	0	262	0	2360	0	0	0	0	0	0	0	0	0	0	0	0	0	0	0	0	0	0	0	0	0	0	0	0	0	0	
591556	Cingulum_Ant_L	416	0	30450	13216	13246	366	14158	146	1166	0	1344	158	2456	1022	900	284	660	98	17496	14096	2876	1590	35218	14586	4130	2306	8606	546	7192	748	0	38190	12540	14036	0	0	170	0	0	0	0	0	0	0	0	0	0	0	0	0	0	0	0	0	0	0	0	0	0	0	0	0	0	0	0	0	0	0	0	0	17620	7168	12794	2728	0	0	256	226	0	0	574	0	0	0	0	0	0	0	0	0	0	0	0	0	0	0	0	0	0	0	0	0	0	0	0	0	0	0	0	0	0	0	0	0	0	0	
800540	Cingulum_Ant_R	0	130	16708	49662	2414	4656	5748	3636	0	272	244	892	1148	6556	480	2158	144	234	24074	33748	2108	1552	28496	47816	528	9506	970	4180	2348	6266	38190	0	13858	44158	0	0	108	0	0	0	0	0	0	0	0	0	0	0	0	0	0	0	0	0	0	0	0	0	0	0	0	0	0	0	0	0	0	0	106	0	6624	24910	2280	12334	0	0	128	900	0	0	0	0	0	0	0	0	0	0	0	0	0	0	0	0	0	0	0	0	0	0	0	0	0	0	0	0	0	0	0	0	0	0	0	0	0	0	
342788	Cingulum_Mid_L	502	168	9562	4890	586	0	2292	0	0	0	138	0	1010	836	230	316	0	812	21846	25848	0	0	13014	4072	0	0	0	0	938	254	12540	13858	0	29890	4064	1054	0	104	0	0	0	0	110	0	1170	0	0	0	1556	0	2378	0	0	0	0	0	100	348	418	0	130	0	0	0	0	0	3608	412	4092	998	3516	1058	2300	208	0	168	0	0	0	0	0	0	0	0	0	0	0	0	0	0	0	0	0	0	0	0	0	0	0	0	0	0	0	0	0	0	0	0	0	0	0	0	0	0	0	0	
634188	Cingulum_Mid_R	2420	546	12284	29248	1286	0	4188	952	0	100	0	310	1088	4920	300	1486	0	260	29236	51246	0	0	19692	22544	0	0	118	0	1704	2068	14036	44158	29890	0	2112	6080	0	504	0	114	0	0	0	524	0	1232	0	168	0	876	0	344	0	0	0	568	260	1072	0	0	0	0	0	0	0	0	1064	5830	8708	9486	1252	548	628	310	0	0	0	106	0	0	0	0	0	0	0	290	0	0	0	938	0	0	0	0	0	0	0	0	0	0	0	0	0	0	0	0	0	0	0	0	0	0	0	0	0	0	
109352	Cingulum_Post_L	318	0	0	140	0	0	0	0	0	0	0	0	0	0	0	0	0	0	242	2318	0	0	0	0	0	0	0	0	190	0	0	0	4064	2112	0	7786	4190	3446	1576	852	0	0	1422	0	358	108	650	0	0	0	3676	0	420	0	2024	794	668	0	1022	0	856	0	0	0	282	0	6330	738	3046	918	0	0	146	0	0	0	690	386	0	0	96	0	0	0	1450	0	0	0	456	440	0	0	0	0	0	0	0	0	0	0	0	0	0	0	0	0	0	0	0	0	466	0	0	0	0	0	
151772	Cingulum_Post_R	204	96	0	176	0	0	0	0	0	0	0	0	0	0	0	0	0	0	220	3160	0	0	0	0	0	0	0	0	186	158	0	0	1054	6080	7786	0	3078	7140	302	1186	0	0	0	410	0	2618	0	4600	0	1842	0	228	0	0	268	2254	0	1968	0	2530	0	0	0	126	0	0	1346	14510	700	4728	0	0	256	110	0	0	1338	1344	0	0	94	184	0	0	0	316	0	0	154	2292	0	0	0	0	0	0	0	0	0	0	0	0	0	0	0	0	0	0	0	0	844	0	0	0	0	0	
246468	Hippocampus_L	3560	102	2252	340	246	0	1676	0	0	0	388	0	0	0	0	0	1208	0	2828	596	0	0	0	0	0	0	0	0	9786	146	170	108	0	0	4190	3078	0	2964	10026	450	6810	0	1256	0	0	0	1830	100	0	0	568	0	790	0	11988	0	908	0	618	0	2312	0	1526	0	1778	0	1196	330	2222	0	598	0	8894	136	524	0	6024	1532	2856	0	4380	0	450	0	4788	0	98	0	13464	98	0	0	0	0	0	0	780	0	0	0	0	0	0	0	0	0	0	0	0	0	266	0	0	0	0	0	
270468	Hippocampus_R	226	2308	0	2616	0	0	0	196	0	0	0	0	0	0	0	0	0	792	904	2202	0	0	0	0	0	0	0	0	150	5692	0	0	104	504	3446	7140	2964	0	480	12108	0	6856	0	184	0	328	0	2486	0	218	0	130	112	94	346	18574	0	1628	0	634	0	1022	0	2152	0	0	0	3664	1100	1194	0	118	246	11174	0	874	1940	6908	0	450	0	2438	0	3030	0	4540	0	0	160	19010	0	0	0	0	0	168	0	952	0	0	0	0	0	0	0	0	0	0	0	0	672	0	0	0	0	0	
82828	ParaHippocampal_L	100	0	0	0	0	0	0	0	0	0	0	0	0	0	0	0	0	0	98	0	0	0	0	0	0	0	0	0	500	0	0	0	0	0	1576	302	10026	480	0	0	1796	0	1296	0	114	0	7044	0	0	0	1572	0	1082	0	6464	0	100	0	0	0	0	0	0	0	0	0	1212	160	126	0	0	0	572	0	0	0	728	116	0	0	0	0	156	0	2966	0	0	0	1278	0	0	0	0	0	114	0	1186	0	0	0	0	0	0	0	0	0	0	0	0	128	122	0	0	0	0	0	
94728	ParaHippocampal_R	0	286	0	0	0	0	0	0	0	0	0	0	0	0	0	0	0	0	0	402	0	0	0	0	0	0	0	0	0	622	0	0	0	114	852	1186	450	12108	0	0	0	3580	0	350	0	234	0	4278	0	120	0	118	0	108	0	9956	0	0	0	128	0	0	0	0	0	0	0	1590	98	232	0	0	0	1370	0	422	194	894	0	0	0	108	0	1034	0	0	0	234	0	4070	0	0	0	0	0	308	0	1670	0	0	0	0	0	0	0	0	0	0	0	0	248	0	0	0	0	0	
33252	Amygdala_L	0	0	0	0	0	0	0	0	0	0	0	0	0	0	0	0	0	0	0	0	488	0	0	0	0	0	0	0	1158	0	0	0	0	0	0	0	6810	0	1796	0	0	0	0	0	0	0	0	0	0	0	0	0	0	0	3072	0	0	0	0	0	0	0	0	0	0	0	0	0	0	0	194	0	216	0	0	0	316	0	0	0	0	0	314	0	192	0	128	0	1942	0	0	0	0	0	0	0	0	0	0	0	0	0	0	0	0	0	0	0	0	0	0	0	0	0	0	0	
45276	Amygdala_R	0	0	0	0	0	0	0	0	0	0	0	0	0	0	0	0	0	0	0	0	0	114	0	0	0	0	0	0	0	324	0	0	0	0	0	0	0	6856	0	3580	0	0	0	0	0	0	0	0	0	0	0	0	0	0	0	4440	0	0	0	0	0	0	0	0	0	0	0	0	0	0	0	0	0	1590	0	0	0	0	0	0	0	0	0	2114	0	0	0	136	0	3484	0	0	0	0	0	0	0	0	0	0	0	0	0	0	0	0	0	0	0	0	0	0	0	0	0	0	
168768	Calcarine_L	0	0	0	0	0	0	0	0	0	0	0	0	0	0	0	0	0	0	0	0	0	0	0	0	0	0	0	0	0	0	0	0	110	0	1422	0	1256	0	1296	0	0	0	0	2932	11640	1440	13190	1724	6488	638	21988	0	8122	0	3128	138	162	0	242	0	152	0	0	0	710	0	3242	0	120	0	0	0	0	0	0	0	0	0	0	0	0	0	0	0	1822	0	0	0	756	0	1072	0	130	0	0	0	222	0	242	0	0	0	0	0	0	0	0	0	0	0	0	0	0	0	0	0	
234444	Calcarine_R	0	0	0	0	0	0	0	0	0	0	0	0	0	0	0	0	0	0	0	162	0	0	0	0	0	0	0	0	0	0	0	0	0	524	0	410	0	184	0	350	0	0	2932	0	4006	19980	544	18882	0	18342	0	13278	0	7964	0	4482	0	262	0	722	0	0	0	122	0	168	320	11716	0	644	0	0	0	0	0	0	0	0	0	0	0	124	0	0	0	3634	0	0	0	7350	0	0	0	0	0	0	0	0	0	120	0	0	0	0	0	0	0	0	0	0	0	0	0	0	0	0	
145048	Cuneus_L	0	0	0	0	0	0	0	0	0	0	0	0	0	0	0	0	0	0	0	0	0	0	0	0	0	0	0	0	0	0	0	0	1170	0	358	0	0	0	114	0	0	0	11640	4006	0	6150	3022	954	9374	3308	16826	154	2786	0	1612	0	134	0	1566	0	200	0	0	0	116	0	6580	100	340	0	0	0	0	0	0	0	0	0	0	0	0	0	0	0	1020	0	0	0	392	0	364	0	100	0	0	0	0	0	138	0	0	0	0	0	0	0	0	0	0	0	0	0	0	0	0	0	
363968	Cuneus_R	0	0	0	0	0	0	0	0	0	0	0	0	0	0	0	0	0	0	0	356	0	0	0	0	0	0	0	0	0	186	0	0	0	1232	108	2618	0	328	0	234	0	0	1440	19980	6150	0	0	6012	0	46010	0	14826	0	1260	0	1262	0	4524	0	15792	0	1076	0	2900	0	452	2952	36938	0	3584	0	0	0	0	0	0	0	0	0	234	0	2046	0	0	0	5730	0	0	0	3658	0	0	0	0	0	0	0	0	0	96	0	0	0	0	0	0	0	0	0	0	0	0	0	0	0	0	
256372	Lingual_L	0	0	0	0	0	0	0	0	0	0	0	0	0	0	0	0	0	0	0	0	0	0	0	0	0	0	0	0	0	0	0	0	0	0	650	0	1830	0	7044	0	0	0	13190	544	3022	0	0	2132	1902	0	19320	0	11044	0	14730	1298	0	0	0	0	0	0	0	0	252	0	1538	0	0	0	0	0	0	0	0	0	0	0	0	0	0	0	0	0	2974	0	0	0	1034	0	8366	1344	1712	502	0	0	5976	1426	14320	2664	0	0	0	184	0	0	0	0	0	94	2428	4594	1750	322	0	0	
216396	Lingual_R	0	0	0	0	0	0	0	0	0	0	0	0	0	0	0	0	0	0	0	108	0	0	0	0	0	0	0	0	0	106	0	0	0	168	0	4600	100	2486	0	4278	0	0	1724	18882	954	6012	2132	0	0	8336	0	5206	0	5004	488	13284	0	268	0	212	0	0	0	0	0	0	0	8564	0	438	0	0	0	0	0	0	0	216	0	0	0	0	0	0	0	296	0	0	0	5914	566	518	148	0	0	120	1194	3188	2994	2934	0	0	0	0	0	0	0	0	0	0	2740	3042	978	0	0	0	
102420	Occipital_Sup_L	0	0	0	0	0	0	0	0	0	0	0	0	0	0	0	0	0	0	0	0	0	0	0	0	0	0	0	0	0	0	0	0	1556	0	0	0	0	0	0	0	0	0	6488	0	9374	0	1902	0	0	0	19860	0	852	0	172	0	218	0	4740	0	0	0	0	0	0	0	5840	0	0	0	0	0	0	0	0	0	0	0	0	0	0	0	0	0	0	0	0	0	0	0	94	0	0	0	0	0	0	0	114	0	0	0	0	0	0	0	0	0	0	0	0	0	0	0	0	0	
364920	Occipital_Sup_R	0	0	0	0	0	0	0	0	0	0	0	0	0	0	0	0	0	0	0	262	0	0	0	0	0	0	0	0	0	202	0	0	0	876	0	1842	0	218	0	120	0	0	638	18342	3308	46010	0	8336	0	0	0	23468	0	2098	0	1644	0	3344	0	18188	0	1192	0	2992	0	1886	1390	31216	0	2578	0	0	0	0	0	0	0	0	0	240	0	2162	0	0	0	6476	0	0	0	3324	0	0	0	0	0	0	0	0	0	108	0	0	0	0	0	0	0	0	0	0	0	0	0	0	0	0	
442768	Occipital_Mid_L	1060	0	0	0	0	0	0	0	0	0	0	0	0	0	0	0	1332	0	0	0	0	0	0	0	0	0	0	0	852	0	0	0	2378	0	3676	0	568	0	1572	0	0	0	21988	0	16826	0	19320	0	19860	0	0	0	25310	0	13064	0	4974	0	10404	0	7290	0	884	0	12416	0	16536	0	3656	0	0	0	0	0	0	0	0	0	904	0	900	0	0	0	19332	0	0	0	8402	0	4004	0	1192	0	0	0	0	0	2216	0	0	0	0	0	0	0	0	0	0	0	0	240	228	0	0	0	
200872	Occipital_Mid_R	0	108	0	0	0	0	0	0	0	0	0	0	0	0	0	0	0	0	0	108	0	0	0	0	0	0	0	0	0	0	0	0	0	344	0	228	0	130	0	118	0	0	0	13278	154	14826	0	5206	0	23468	0	0	0	6644	0	1986	0	620	0	4200	0	770	0	802	0	3410	600	10774	0	398	0	0	0	0	0	0	0	0	0	112	0	1398	0	0	0	7912	0	0	0	2842	0	0	0	0	0	0	0	0	0	0	0	0	0	0	0	0	0	0	0	0	0	0	0	0	0	0	
156680	Occipital_Inf_L	0	0	0	0	0	0	0	0	0	0	0	0	0	0	0	0	0	0	0	0	0	0	0	0	0	0	0	0	0	0	0	0	0	0	420	0	790	112	1082	0	0	0	8122	0	2786	0	11044	0	852	0	25310	0	0	0	11894	0	182	0	0	0	0	0	0	0	962	0	832	0	198	0	0	0	0	0	0	0	0	0	0	0	196	0	0	0	1950	0	0	0	5410	0	4044	0	750	0	0	0	0	0	1160	0	0	0	0	0	0	0	0	0	0	0	0	130	114	0	0	0	
77484	Occipital_Inf_R	0	110	0	0	0	0	0	0	0	0	0	0	0	0	0	0	0	0	0	0	0	0	0	0	0	0	0	0	0	0	0	0	0	0	0	0	0	94	0	108	0	0	0	7964	0	1260	0	5004	0	2098	0	6644	0	0	0	4094	0	0	0	374	0	0	0	0	0	156	0	510	0	182	0	0	0	0	0	0	0	0	0	0	0	0	0	0	0	1254	0	0	0	8890	0	0	0	0	0	0	0	0	0	0	0	0	0	0	0	0	0	0	0	0	0	0	0	0	0	0	
282252	Fusiform_L	732	0	130	0	0	0	146	0	0	0	0	0	0	0	0	0	936	0	324	154	0	0	0	0	0	0	0	0	2508	0	0	0	0	0	2024	268	11988	346	6464	0	3072	0	3128	0	1612	0	14730	488	172	0	13064	0	11894	0	0	312	364	0	0	0	206	0	270	0	216	0	1834	0	712	0	146	0	1444	0	0	0	646	128	650	0	756	0	1066	0	3652	0	1088	0	15386	0	7174	574	742	144	0	0	8400	1560	13610	1098	0	0	0	0	0	118	0	0	0	0	2492	1730	428	0	0	0	
290568	Fusiform_R	0	458	0	0	0	0	0	0	0	0	0	0	0	0	0	0	0	118	0	1080	0	0	0	0	0	0	0	0	0	1808	0	0	0	568	794	2254	0	18574	0	9956	0	4440	138	4482	0	1262	1298	13284	0	1644	0	1986	0	4094	312	0	0	552	0	466	0	260	0	136	0	0	0	2790	200	1070	0	0	0	3804	0	388	122	934	0	0	0	1634	0	8024	0	2838	0	2300	0	24632	984	2858	174	540	0	0	610	3306	2634	7732	0	0	0	166	0	0	0	0	0	0	2046	3820	1618	96	0	0	
323936	Postcentral_L	32844	0	8808	0	0	0	4882	0	0	0	7048	0	2110	0	0	0	7352	0	6162	368	0	0	0	0	0	0	0	0	4360	0	0	0	100	260	668	0	908	0	100	0	0	0	162	0	134	0	0	0	218	0	4974	0	182	0	364	0	0	0	8670	0	29340	0	14498	0	7806	0	2000	0	10390	146	158	0	446	0	0	0	164	0	1432	0	2842	0	0	0	1880	0	0	0	192	0	0	0	0	0	0	0	0	0	0	0	0	0	0	0	0	0	0	0	0	0	0	0	0	0	0	0	
178376	Postcentral_R	0	8174	0	3432	0	0	0	2650	0	0	0	2328	0	0	0	0	0	6538	1610	3476	0	0	0	0	0	0	0	0	0	676	0	0	348	1072	0	1968	0	1628	0	0	0	0	0	262	0	4524	0	268	0	3344	0	620	0	0	0	552	0	0	0	9396	0	6240	0	10050	0	472	0	8022	0	8464	490	0	158	418	0	154	0	216	0	144	0	378	0	0	0	462	0	0	0	654	0	0	0	0	0	0	0	0	0	0	0	0	0	0	0	0	0	0	0	0	0	0	0	0	0	0	
112744	Parietal_Sup_L	0	0	0	0	0	0	0	0	0	0	0	0	0	0	0	0	160	0	0	0	0	0	0	0	0	0	0	0	0	0	0	0	418	0	1022	0	618	0	0	0	0	0	242	0	1566	0	0	0	4740	0	10404	0	0	0	0	0	8670	0	0	0	12560	0	754	0	2906	0	9370	0	1518	0	0	0	0	0	0	0	0	0	0	0	236	0	0	0	762	0	0	0	426	0	0	0	0	0	0	0	0	0	0	0	0	0	0	0	0	0	0	0	0	0	0	0	0	0	0	0	
192852	Parietal_Sup_R	0	270	0	126	0	0	0	0	0	0	0	0	0	0	0	0	0	110	0	508	0	0	0	0	0	0	0	0	0	284	0	0	0	0	0	2530	0	634	0	128	0	0	0	722	0	15792	0	212	0	18188	0	4200	0	374	0	466	0	9396	0	0	0	5060	0	2400	0	1996	0	22704	0	2850	0	0	0	200	0	0	0	0	0	166	0	838	0	0	0	4510	0	0	0	1762	0	0	0	0	0	0	0	0	0	0	0	0	0	0	0	0	0	0	0	0	0	0	0	0	0	0	
235968	Parietal_Inf_L	5730	0	1492	0	0	0	382	0	0	0	0	0	0	0	0	0	1022	0	366	0	0	0	0	0	0	0	0	0	242	0	0	0	130	0	856	0	2312	0	0	0	0	0	152	0	200	0	0	0	0	0	7290	0	0	0	206	0	29340	0	12560	0	0	0	19078	0	20534	0	2962	0	4272	0	0	0	0	0	0	0	0	0	0	0	1600	0	0	0	5884	0	0	0	1374	0	0	0	0	0	0	0	0	0	0	0	0	0	0	0	0	0	0	0	0	0	0	0	0	0	0	0	
98296	Parietal_Inf_R	0	2298	0	982	0	0	0	0	0	0	0	0	0	0	0	0	0	244	392	1172	0	0	0	0	0	0	0	0	0	232	0	0	0	0	0	0	0	1022	0	0	0	0	0	0	0	1076	0	0	0	1192	0	770	0	0	0	260	0	6240	0	5060	0	0	0	14250	0	6940	0	1408	122	258	178	152	0	508	0	0	0	990	0	138	0	456	0	0	0	2566	0	0	0	242	0	0	0	0	0	0	0	0	0	0	0	0	0	0	0	0	0	0	0	0	0	0	0	0	0	0	
132356	SupraMarginal_L	4114	0	902	0	0	0	130	0	0	0	0	0	0	0	0	0	3302	0	540	0	0	0	0	0	0	0	0	0	574	0	0	0	0	0	0	0	1526	0	0	0	0	0	0	0	0	0	0	0	0	0	884	0	0	0	270	0	14498	0	754	0	19078	0	0	0	7366	0	0	0	2952	0	0	0	422	0	116	0	0	0	158	0	5690	0	0	0	2902	0	0	0	0	0	0	0	0	0	0	0	0	0	0	0	0	0	0	0	0	0	0	0	0	0	0	0	0	0	0	0	
126088	SupraMarginal_R	0	3434	0	1560	0	0	0	0	0	0	0	0	0	0	0	0	0	1634	584	1612	0	0	0	0	0	0	0	0	0	468	0	0	0	0	0	126	0	2152	0	0	0	0	0	122	0	2900	0	0	0	2992	0	802	0	0	0	136	0	10050	0	2400	0	14250	0	0	0	3112	0	3142	166	514	444	290	124	458	106	0	0	1468	0	792	0	5682	0	0	0	1320	0	0	0	204	0	0	0	0	0	0	0	0	0	0	0	0	0	0	0	0	0	0	0	0	0	0	0	0	0	0	
154064	Angular_L	870	0	326	0	0	0	0	0	0	0	0	0	0	0	0	0	782	0	166	0	0	0	0	0	0	0	0	0	0	0	0	0	0	0	282	0	1778	0	0	0	0	0	710	0	116	0	252	0	0	0	12416	0	962	0	216	0	7806	0	2906	0	20534	0	7366	0	0	0	972	0	1212	0	0	0	0	0	0	0	0	0	0	0	2420	0	0	0	13564	0	0	0	1376	0	0	0	0	0	0	0	0	0	0	0	0	0	0	0	0	0	0	0	0	0	0	0	0	0	0	0	
51376	Angular_R	0	122	0	94	0	0	0	0	0	0	0	0	0	0	0	0	0	0	0	0	0	0	0	0	0	0	0	0	0	0	0	0	0	0	0	0	0	0	0	0	0	0	0	168	0	452	0	0	0	1886	0	3410	0	156	0	0	0	472	0	1996	0	6940	0	3112	0	0	0	580	0	0	0	0	0	0	0	0	0	0	0	0	0	1770	0	0	0	4368	0	0	0	162	0	0	0	0	0	0	0	0	0	0	0	0	0	0	0	0	0	0	0	0	0	0	0	0	0	0	
166068	Precuneus_L	0	0	0	0	0	0	0	0	0	0	0	0	0	0	0	0	142	0	0	514	0	0	0	0	0	0	0	0	0	0	0	0	3608	1064	6330	1346	1196	0	1212	0	0	0	3242	320	6580	2952	1538	0	5840	1390	16536	600	832	0	1834	0	2000	0	9370	0	2962	0	0	0	972	0	0	4060	1976	144	0	0	0	0	0	0	0	0	0	0	0	0	0	0	2992	96	0	0	1014	0	0	0	0	0	0	0	372	0	0	0	0	0	0	0	0	0	0	0	0	0	0	0	0	0	0	0	
402440	Precuneus_R	362	154	0	0	0	0	0	0	0	0	0	0	0	0	0	0	0	0	0	2574	0	0	0	0	0	0	0	0	0	304	0	0	412	5830	738	14510	330	3664	160	1590	0	0	0	11716	100	36938	0	8564	0	31216	0	10774	0	510	0	2790	0	8022	0	22704	0	1408	0	3142	0	580	4060	0	808	9946	0	0	0	122	0	0	0	328	0	218	0	2016	0	0	0	6696	0	0	0	6412	0	0	0	0	0	0	0	544	0	0	0	0	0	0	0	0	0	0	0	0	978	0	0	0	0	0	
302020	Paracentral_Lobule_L	15768	1776	458	736	0	0	0	0	0	0	0	0	0	0	0	0	474	0	33458	16464	0	0	0	0	0	0	0	0	1346	0	0	106	4092	8708	3046	700	2222	1100	126	98	0	0	120	0	340	0	0	0	0	0	3656	0	198	0	712	200	10390	0	1518	0	4272	122	2952	166	1212	0	1976	808	0	2468	1140	996	890	0	840	0	18270	4436	372	0	886	0	0	0	1016	0	0	0	196	180	0	0	0	0	0	0	0	0	0	0	0	0	0	0	0	0	0	0	0	0	0	0	0	0	0	0	
147628	Paracentral_Lobule_R	636	4202	0	0	0	0	0	0	0	0	0	0	0	0	0	0	0	0	0	14034	0	0	0	0	0	0	0	0	0	112	0	0	998	9486	918	4728	0	1194	0	232	0	0	0	644	0	3584	0	438	0	2578	0	398	0	182	0	1070	146	8464	0	2850	0	258	0	514	0	0	144	9946	2468	0	0	162	0	124	0	0	134	208	0	0	0	370	0	0	0	616	0	0	0	1976	0	0	0	0	0	0	0	0	0	0	0	0	0	0	0	0	0	0	0	0	0	0	0	0	0	0	
376448	Caudate_L	1060	1230	17108	5966	3372	172	1756	1340	164	0	1046	1378	670	1404	510	146	1352	192	21532	9064	5800	5884	4794	1500	708	136	3796	1062	5552	2960	17620	6624	3516	1252	0	0	598	0	0	0	194	0	0	0	0	0	0	0	0	0	0	0	0	0	146	0	158	490	0	0	0	178	0	444	0	0	0	0	1140	0	0	10444	26032	2638	4906	766	7988	404	0	0	888	0	144	0	0	0	0	0	0	0	0	0	0	0	0	0	0	0	0	0	0	0	0	0	0	0	0	0	0	0	0	0	0	0	0	0	
386308	Caudate_R	0	478	1506	9420	260	6770	0	1496	0	184	0	2126	0	1998	0	788	0	1444	10256	24842	4262	5386	1812	10866	0	9134	1424	5578	220	5468	7168	24910	1058	548	0	0	0	118	0	0	0	0	0	0	0	0	0	0	0	0	0	0	0	0	0	0	0	0	0	0	0	152	0	290	0	0	0	0	996	162	10444	0	3030	20292	186	3012	700	14370	0	0	0	0	0	0	0	0	0	0	0	0	0	0	0	0	0	0	0	0	0	0	0	0	0	0	0	0	0	0	0	0	0	0	0	0	0	0	
393108	Putamen_L	6326	634	22680	1576	9074	0	4424	430	1562	0	1396	268	538	160	3932	0	2368	128	17786	4642	2354	2260	3292	256	554	0	2944	0	18668	456	12794	2280	2300	628	146	256	8894	246	572	0	216	0	0	0	0	0	0	0	0	0	0	0	0	0	1444	0	446	158	0	0	0	0	422	124	0	0	0	0	890	0	26032	3030	0	820	12508	94	8792	286	332	0	1520	0	722	0	256	0	0	0	1638	0	0	0	0	0	0	0	0	0	0	0	0	0	0	0	0	0	0	0	0	0	0	0	0	0	0	0	
364900	Putamen_R	0	480	490	8550	0	7710	0	2482	0	934	0	4956	0	3772	0	4238	0	5940	8324	10990	950	968	340	5150	0	7456	106	4000	172	28510	2728	12334	208	310	0	110	136	11174	0	1370	0	1590	0	0	0	0	0	0	0	0	0	0	0	0	0	3804	0	418	0	200	0	508	0	458	0	0	0	122	0	124	2638	20292	820	0	0	2702	242	3648	0	0	0	992	0	954	0	2398	0	0	0	5652	0	0	0	0	0	0	0	0	0	0	0	0	0	0	0	0	0	0	0	0	0	0	0	0	0	0	
82988	Pallidum_L	1752	342	8878	328	0	0	476	196	0	0	0	0	0	0	0	0	350	0	6698	678	0	0	0	0	0	0	0	0	204	0	0	0	0	0	0	0	524	0	0	0	0	0	0	0	0	0	0	0	0	0	0	0	0	0	0	0	0	0	0	0	0	0	116	106	0	0	0	0	840	0	4906	186	12508	0	0	0	2312	0	0	0	94	0	0	0	0	0	0	0	0	0	0	0	0	0	0	0	0	0	0	0	0	0	0	0	0	0	0	0	0	0	0	0	0	0	0	0	
32692	Pallidum_R	0	0	398	1848	0	0	0	0	0	0	0	138	0	0	0	0	0	1104	1314	1790	0	0	0	0	0	0	0	0	0	910	0	0	168	0	0	0	0	874	0	422	0	0	0	0	0	0	0	0	0	0	0	0	0	0	0	388	0	154	0	0	0	0	0	0	0	0	0	0	0	0	766	3012	94	2702	0	0	0	0	0	0	0	0	0	0	0	0	0	0	0	264	0	0	0	0	0	0	0	0	0	0	0	0	0	0	0	0	0	0	0	0	0	0	0	0	0	0	
175424	Thalamus_L	3962	238	2788	450	162	0	1592	0	0	0	164	0	0	0	0	0	236	94	19042	1068	0	0	0	0	0	0	0	0	1960	208	256	128	0	0	690	1338	6024	1940	728	194	316	0	0	0	0	0	0	0	0	0	0	0	0	0	646	122	164	0	0	0	0	0	0	0	0	0	0	0	18270	134	7988	700	8792	242	2312	0	0	3950	0	0	152	0	0	0	124	0	0	0	404	134	0	0	0	0	0	0	0	0	0	0	0	0	0	0	0	0	0	0	0	0	0	0	0	0	0	0	
144024	Thalamus_R	144	840	326	5876	180	0	0	416	0	0	0	0	0	0	0	0	0	412	4454	11066	0	0	154	370	0	0	0	0	388	1146	226	900	0	106	386	1344	1532	6908	116	894	0	0	0	0	0	0	0	216	0	0	0	0	0	0	128	934	0	216	0	0	0	990	0	1468	0	0	0	328	4436	208	404	14370	286	3648	0	0	3950	0	0	114	0	456	0	0	0	222	0	0	0	1354	0	0	0	0	0	0	0	100	0	0	0	0	0	0	0	0	0	0	0	0	0	0	0	0	0	0	
61240	Heschl_L	4706	0	1134	0	0	0	502	0	0	0	228	0	0	0	0	0	3646	0	1538	118	0	0	0	0	0	0	0	0	7802	0	0	0	0	0	0	0	2856	0	0	0	0	0	0	0	0	0	0	0	0	0	904	0	0	0	650	0	1432	0	0	0	0	0	158	0	0	0	0	0	372	0	0	0	332	0	0	0	0	0	0	0	2338	0	168	0	1410	0	0	0	326	0	0	0	0	0	0	0	0	0	0	0	0	0	0	0	0	0	0	0	0	0	0	0	0	0	0	0	
18712	Heschl_R	0	0	0	0	0	0	0	0	0	0	0	0	0	0	0	0	0	718	0	116	0	0	0	0	0	0	0	0	0	722	0	0	0	0	0	0	0	450	0	0	0	0	0	0	0	234	0	0	0	240	0	112	0	0	0	0	0	144	0	166	0	138	0	792	0	0	0	218	0	0	0	0	0	0	0	0	0	114	0	0	0	4692	0	0	0	352	0	0	0	148	0	0	0	0	0	0	0	0	0	0	0	0	0	0	0	0	0	0	0	0	0	0	0	0	0	0	
246720	Temporal_Sup_L	3902	0	7394	0	0	0	2192	0	0	0	5210	0	316	0	0	0	17408	0	5838	410	0	0	176	0	0	0	0	0	17154	0	574	0	0	0	96	94	4380	0	0	0	0	0	0	0	0	0	0	0	0	0	900	0	196	0	756	0	2842	0	236	0	1600	0	5690	0	2420	0	0	0	886	0	888	0	1520	0	94	0	152	0	2338	0	0	0	5082	0	23848	0	206	0	8562	0	0	0	0	0	0	0	0	0	0	0	0	0	0	0	0	0	0	0	0	0	0	0	0	0	0	0	
120852	Temporal_Sup_R	0	0	0	0	0	0	0	0	0	0	0	372	0	0	0	0	0	2558	104	518	0	0	0	0	0	0	0	0	0	6236	0	0	0	0	0	184	0	2438	0	108	0	0	0	124	0	2046	0	0	0	2162	0	1398	0	0	0	1634	0	378	0	838	0	456	0	5682	0	1770	0	2016	0	370	0	0	0	992	0	0	0	456	0	4692	0	0	0	4892	0	13168	0	720	0	4114	0	0	0	0	0	0	0	0	0	0	0	0	0	0	0	0	0	0	0	0	0	0	0	0	0	0	
74184	Temporal_Pole_Sup_L	0	0	1638	0	764	0	0	0	0	0	2268	0	376	0	752	0	1542	0	1226	0	254	0	0	0	0	0	0	0	4028	0	0	0	0	0	0	0	450	0	156	0	314	0	0	0	0	0	0	0	0	0	0	0	0	0	1066	0	0	0	0	0	0	0	0	0	0	0	0	0	0	0	144	0	722	0	0	0	0	0	168	0	5082	0	0	0	6790	0	4764	0	4588	0	0	0	0	0	0	0	0	0	0	0	0	0	0	0	0	0	0	0	0	0	0	0	0	0	0	0	
93932	Temporal_Pole_Sup_R	0	0	0	0	0	0	0	0	0	0	0	470	0	0	0	0	0	1628	110	178	0	0	0	0	0	0	0	0	0	2924	0	0	0	0	0	0	0	3030	0	1034	0	2114	0	0	0	0	0	0	0	0	0	0	0	0	0	8024	0	0	0	0	0	0	0	0	0	0	0	0	0	0	0	0	0	954	0	0	0	0	0	0	0	4892	0	0	0	4582	0	5806	0	11220	0	0	0	0	0	0	0	0	0	0	0	0	0	0	0	0	0	0	0	0	0	0	0	0	0	0	
305200	Temporal_Mid_L	1280	0	538	0	0	0	246	0	0	0	432	0	0	0	0	0	2874	0	446	0	0	0	0	0	0	0	0	0	6594	0	0	0	0	0	1450	0	4788	0	2966	0	192	0	1822	0	1020	0	2974	0	0	0	19332	0	1950	0	3652	0	1880	0	762	0	5884	0	2902	0	13564	0	2992	0	1016	0	0	0	256	0	0	0	124	0	1410	0	23848	0	6790	0	0	0	5790	0	32672	0	0	0	0	0	0	0	154	0	0	0	0	0	0	0	0	0	0	0	0	0	0	0	0	0	0	0	
199656	Temporal_Mid_R	0	180	0	0	0	0	0	0	0	0	0	0	0	0	0	0	0	182	0	522	0	0	0	0	0	0	0	0	0	1516	0	0	0	290	0	316	0	4540	0	0	0	0	0	3634	0	5730	0	296	0	6476	0	7912	0	1254	0	2838	0	462	0	4510	0	2566	0	1320	0	4368	96	6696	0	616	0	0	0	2398	0	0	0	222	0	352	0	13168	0	4582	0	0	0	1078	0	21708	0	0	0	0	0	0	0	0	0	0	0	0	0	0	0	0	0	0	0	0	0	0	0	0	0	0	
32252	Temporal_Pole_Mid_L	0	0	0	0	0	0	0	0	0	0	0	0	0	0	0	0	0	0	0	0	0	0	0	0	0	0	0	0	0	0	0	0	0	0	0	0	98	0	0	0	128	0	0	0	0	0	0	0	0	0	0	0	0	0	1088	0	0	0	0	0	0	0	0	0	0	0	0	0	0	0	0	0	0	0	0	0	0	0	0	0	206	0	4764	0	5790	0	0	0	4052	0	0	0	0	0	0	0	0	0	0	0	0	0	0	0	0	0	0	0	0	0	0	0	0	0	0	0	
26340	Temporal_Pole_Mid_R	0	0	0	0	0	0	0	0	0	0	0	0	0	0	0	0	0	150	0	0	0	0	0	0	0	0	0	0	0	262	0	0	0	0	0	0	0	0	0	234	0	136	0	0	0	0	0	0	0	0	0	0	0	0	0	2300	0	0	0	0	0	0	0	0	0	0	0	0	0	0	0	0	0	0	0	0	0	0	0	0	0	720	0	5806	0	1078	0	0	0	2484	0	0	0	0	0	0	0	0	0	0	0	0	0	0	0	0	0	0	0	0	0	0	0	0	0	0	
237180	Temporal_Inf_L	332	0	652	0	0	0	362	0	0	0	856	0	0	0	0	0	1614	0	656	0	0	0	0	0	0	0	0	0	8464	0	0	0	0	0	456	154	13464	160	1278	0	1942	0	756	0	392	0	1034	0	0	0	8402	0	5410	0	15386	0	192	0	426	0	1374	0	0	0	1376	0	1014	0	196	0	0	0	1638	0	0	0	404	0	326	0	8562	0	4588	0	32672	0	4052	0	0	0	0	0	0	0	0	0	0	0	0	0	0	0	0	0	0	0	0	0	0	0	0	0	0	0	0	0	
300308	Temporal_Inf_R	0	412	0	0	0	0	0	0	0	0	0	0	0	0	0	0	0	98	0	1672	0	0	0	0	0	0	0	0	0	2360	0	0	0	938	440	2292	98	19010	0	4070	0	3484	0	7350	0	3658	0	5914	0	3324	0	2842	0	8890	0	24632	0	654	0	1762	0	242	0	204	0	162	0	6412	180	1976	0	0	0	5652	0	264	134	1354	0	148	0	4114	0	11220	0	21708	0	2484	0	0	0	0	0	0	0	0	0	0	0	0	0	0	0	0	0	0	0	0	0	0	0	0	0	0	0	0	
347260	Cerebelum_Crus1_L	0	0	0	0	0	0	0	0	0	0	0	0	0	0	0	0	0	0	0	0	0	0	0	0	0	0	0	0	0	0	0	0	0	0	0	0	0	0	0	0	0	0	1072	0	364	0	8366	566	94	0	4004	0	4044	0	7174	984	0	0	0	0	0	0	0	0	0	0	0	0	0	0	0	0	0	0	0	0	0	0	0	0	0	0	0	0	0	0	0	0	0	0	0	6818	20488	2996	0	0	11986	636	40806	5828	4368	170	16104	2018	2304	938	3582	292	0	0	2050	7654	10802	5264	1858	0	
277688	Cerebelum_Crus1_R	0	0	0	0	0	0	0	0	0	0	0	0	0	0	0	0	0	0	0	0	0	0	0	0	0	0	0	0	0	0	0	0	0	0	0	0	0	0	0	0	0	0	0	0	0	0	1344	518	0	0	0	0	0	0	574	2858	0	0	0	0	0	0	0	0	0	0	0	0	0	0	0	0	0	0	0	0	0	0	0	0	0	0	0	0	0	0	0	0	0	0	6818	0	4698	19098	0	1194	818	9742	6614	34550	808	532	2646	10460	0	1806	0	2720	0	142	5216	8350	12574	3896	868	0	
238668	Cerebelum_Crus2_L	0	0	0	0	0	0	0	0	0	0	0	0	0	0	0	0	0	0	0	0	0	0	0	0	0	0	0	0	0	0	0	0	0	0	0	0	0	0	0	0	0	0	130	0	100	0	1712	148	0	0	1192	0	750	0	742	174	0	0	0	0	0	0	0	0	0	0	0	0	0	0	0	0	0	0	0	0	0	0	0	0	0	0	0	0	0	0	0	0	0	0	20488	4698	0	8782	0	0	344	134	4020	1180	22164	5434	19488	6122	668	354	162	112	0	0	358	1546	7222	10164	946	0	
176596	Cerebelum_Crus2_R	0	0	0	0	0	0	0	0	0	0	0	0	0	0	0	0	0	0	0	0	0	0	0	0	0	0	0	0	0	0	0	0	0	0	0	0	0	0	0	0	0	0	0	0	0	0	502	0	0	0	0	0	0	0	144	540	0	0	0	0	0	0	0	0	0	0	0	0	0	0	0	0	0	0	0	0	0	0	0	0	0	0	0	0	0	0	0	0	0	0	2996	19098	8782	0	0	0	0	0	1496	3562	5048	12444	1864	17040	0	462	0	0	0	0	0	1846	6746	5258	470	0	
9208	Cerebelum_3_L	0	0	0	0	0	0	0	0	0	0	0	0	0	0	0	0	0	0	0	0	0	0	0	0	0	0	0	0	0	0	0	0	0	0	0	0	0	0	114	0	0	0	0	0	0	0	0	0	0	0	0	0	0	0	0	0	0	0	0	0	0	0	0	0	0	0	0	0	0	0	0	0	0	0	0	0	0	0	0	0	0	0	0	0	0	0	0	0	0	0	0	0	0	0	0	0	3220	0	0	0	0	0	0	0	226	0	0	0	586	338	120	0	0	0	0	0	
19848	Cerebelum_3_R	0	0	0	0	0	0	0	0	0	0	0	0	0	0	0	0	0	0	0	0	0	0	0	0	0	0	0	0	0	0	0	0	0	0	0	0	0	168	0	308	0	0	0	0	0	0	0	120	0	0	0	0	0	0	0	0	0	0	0	0	0	0	0	0	0	0	0	0	0	0	0	0	0	0	0	0	0	0	0	0	0	0	0	0	0	0	0	0	0	0	0	1194	0	0	0	0	178	3658	0	3002	0	0	0	0	0	0	0	0	146	1004	146	0	0	0	0	0	
175916	Cerebelum_4_5_L	0	0	0	0	0	0	0	0	0	0	0	0	0	0	0	0	0	0	0	0	0	0	0	0	0	0	0	0	0	0	0	0	0	0	0	0	780	0	1186	0	0	0	222	0	0	0	5976	1194	0	0	0	0	0	0	8400	610	0	0	0	0	0	0	0	0	0	0	372	0	0	0	0	0	0	0	0	0	0	0	0	0	0	0	0	0	154	0	0	0	0	0	11986	818	344	0	3220	178	0	3782	25992	2770	0	0	0	0	1774	1088	870	198	726	818	10588	2366	106	144	638	658	
143476	Cerebelum_4_5_R	0	0	0	0	0	0	0	0	0	0	0	0	0	0	0	0	0	0	0	0	0	0	0	0	0	0	0	0	0	0	0	0	0	0	0	0	0	952	0	1670	0	0	0	0	0	0	1426	3188	0	0	0	0	0	0	1560	3306	0	0	0	0	0	0	0	0	0	0	0	544	0	0	0	0	0	0	0	0	0	100	0	0	0	0	0	0	0	0	0	0	0	0	636	9742	134	0	0	3658	3782	0	3872	19276	0	0	0	0	182	934	0	136	0	736	13088	2170	196	0	0	450	
359472	Cerebelum_6_L	0	0	0	0	0	0	0	0	0	0	0	0	0	0	0	0	0	0	0	0	0	0	0	0	0	0	0	0	0	0	0	0	0	0	0	0	0	0	0	0	0	0	242	0	138	0	14320	2994	114	0	2216	0	1160	0	13610	2634	0	0	0	0	0	0	0	0	0	0	0	0	0	0	0	0	0	0	0	0	0	0	0	0	0	0	0	0	0	0	0	0	0	0	40806	6614	4020	1496	0	0	25992	3872	0	10430	744	0	6002	494	2088	980	4720	328	0	0	8536	14556	8272	1424	800	134	
285300	Cerebelum_6_R	0	0	0	0	0	0	0	0	0	0	0	0	0	0	0	0	0	0	0	0	0	0	0	0	0	0	0	0	0	0	0	0	0	0	0	0	0	0	0	0	0	0	0	120	0	96	2664	2934	0	108	0	0	0	0	1098	7732	0	0	0	0	0	0	0	0	0	0	0	0	0	0	0	0	0	0	0	0	0	0	0	0	0	0	0	0	0	0	0	0	0	0	5828	34550	1180	3562	0	3002	2770	19276	10430	0	0	0	974	3702	258	2666	0	3778	0	562	10928	12700	9332	1370	804	226	
137896	Cerebelum_7b_L	0	0	0	0	0	0	0	0	0	0	0	0	0	0	0	0	0	0	0	0	0	0	0	0	0	0	0	0	0	0	0	0	0	0	0	0	0	0	0	0	0	0	0	0	0	0	0	0	0	0	0	0	0	0	0	0	0	0	0	0	0	0	0	0	0	0	0	0	0	0	0	0	0	0	0	0	0	0	0	0	0	0	0	0	0	0	0	0	0	0	4368	808	22164	5048	0	0	0	0	744	0	0	5244	18948	4094	440	0	232	0	0	0	0	0	812	6046	0	0	
82072	Cerebelum_7b_R	0	0	0	0	0	0	0	0	0	0	0	0	0	0	0	0	0	0	0	0	0	0	0	0	0	0	0	0	0	0	0	0	0	0	0	0	0	0	0	0	0	0	0	0	0	0	0	0	0	0	0	0	0	0	0	0	0	0	0	0	0	0	0	0	0	0	0	0	0	0	0	0	0	0	0	0	0	0	0	0	0	0	0	0	0	0	0	0	0	0	170	532	5434	12444	0	0	0	0	0	0	5244	0	1028	11976	0	0	0	0	0	0	0	0	288	3920	0	0	
185924	Cerebelum_8_L	0	0	0	0	0	0	0	0	0	0	0	0	0	0	0	0	0	0	0	0	0	0	0	0	0	0	0	0	0	0	0	0	0	0	0	0	0	0	0	0	0	0	0	0	0	0	0	0	0	0	0	0	0	0	0	0	0	0	0	0	0	0	0	0	0	0	0	0	0	0	0	0	0	0	0	0	0	0	0	0	0	0	0	0	0	0	0	0	0	0	16104	2646	19488	1864	0	0	0	0	6002	974	18948	1028	0	3764	6314	790	1056	128	0	0	0	962	2692	8682	1520	0	
159916	Cerebelum_8_R	0	0	0	0	0	0	0	0	0	0	0	0	0	0	0	0	0	0	0	0	0	0	0	0	0	0	0	0	0	0	0	0	0	0	0	0	0	0	0	0	0	0	0	0	0	0	184	0	0	0	0	0	0	0	0	166	0	0	0	0	0	0	0	0	0	0	0	0	0	0	0	0	0	0	0	0	0	0	0	0	0	0	0	0	0	0	0	0	0	0	2018	10460	6122	17040	0	0	0	0	494	3702	4094	11976	3764	0	96	4154	0	1108	0	0	0	824	3764	8920	1072	0	
47580	Cerebelum_9_L	0	0	0	0	0	0	0	0	0	0	0	0	0	0	0	0	0	0	0	0	0	0	0	0	0	0	0	0	0	0	0	0	0	0	0	0	0	0	0	0	0	0	0	0	0	0	0	0	0	0	0	0	0	0	0	0	0	0	0	0	0	0	0	0	0	0	0	0	0	0	0	0	0	0	0	0	0	0	0	0	0	0	0	0	0	0	0	0	0	0	2304	0	668	0	226	0	1774	182	2088	258	440	0	6314	96	0	512	2518	0	0	0	1930	1434	0	1092	1600	354	
51864	Cerebelum_9_R	0	0	0	0	0	0	0	0	0	0	0	0	0	0	0	0	0	0	0	0	0	0	0	0	0	0	0	0	0	0	0	0	0	0	0	0	0	0	0	0	0	0	0	0	0	0	0	0	0	0	0	0	0	0	118	0	0	0	0	0	0	0	0	0	0	0	0	0	0	0	0	0	0	0	0	0	0	0	0	0	0	0	0	0	0	0	0	0	0	0	938	1806	354	462	0	0	1088	934	980	2666	0	0	790	4154	512	0	108	1718	0	0	1556	1430	596	2336	2770	616	
29192	Cerebelum_10_L	0	0	0	0	0	0	0	0	0	0	0	0	0	0	0	0	0	0	0	0	0	0	0	0	0	0	0	0	0	0	0	0	0	0	0	0	0	0	0	0	0	0	0	0	0	0	0	0	0	0	0	0	0	0	0	0	0	0	0	0	0	0	0	0	0	0	0	0	0	0	0	0	0	0	0	0	0	0	0	0	0	0	0	0	0	0	0	0	0	0	3582	0	162	0	0	0	870	0	4720	0	232	0	1056	0	2518	108	0	0	0	0	596	282	0	132	338	0	
24600	Cerebelum_10_R	0	0	0	0	0	0	0	0	0	0	0	0	0	0	0	0	0	0	0	0	0	0	0	0	0	0	0	0	0	0	0	0	0	0	0	0	0	0	0	0	0	0	0	0	0	0	0	0	0	0	0	0	0	0	0	0	0	0	0	0	0	0	0	0	0	0	0	0	0	0	0	0	0	0	0	0	0	0	0	0	0	0	0	0	0	0	0	0	0	0	292	2720	112	0	0	0	198	136	328	3778	0	0	128	1108	0	1718	0	0	0	0	270	414	394	296	408	0	
12348	Vermis_1_2	0	0	0	0	0	0	0	0	0	0	0	0	0	0	0	0	0	0	0	0	0	0	0	0	0	0	0	0	0	0	0	0	0	0	0	0	0	0	0	0	0	0	0	0	0	0	0	0	0	0	0	0	0	0	0	0	0	0	0	0	0	0	0	0	0	0	0	0	0	0	0	0	0	0	0	0	0	0	0	0	0	0	0	0	0	0	0	0	0	0	0	0	0	0	586	146	726	0	0	0	0	0	0	0	0	0	0	0	0	3364	1352	0	0	0	0	0	
16640	Vermis_3	0	0	0	0	0	0	0	0	0	0	0	0	0	0	0	0	0	0	0	0	0	0	0	0	0	0	0	0	0	0	0	0	0	0	0	0	0	0	128	0	0	0	0	0	0	0	94	0	0	0	0	0	0	0	0	0	0	0	0	0	0	0	0	0	0	0	0	0	0	0	0	0	0	0	0	0	0	0	0	0	0	0	0	0	0	0	0	0	0	0	0	142	0	0	338	1004	818	736	0	562	0	0	0	0	0	0	0	0	3364	0	1134	0	0	0	0	0	
161556	Vermis_4_5	0	0	0	0	0	0	0	0	0	0	0	0	0	0	0	0	0	0	0	0	0	0	0	0	0	0	0	0	0	0	0	0	0	0	466	844	266	672	122	248	0	0	0	0	0	0	2428	2740	0	0	0	0	0	0	2492	2046	0	0	0	0	0	0	0	0	0	0	0	978	0	0	0	0	0	0	0	0	0	0	0	0	0	0	0	0	0	0	0	0	0	0	2050	5216	358	0	120	146	10588	13088	8536	10928	0	0	0	0	1930	1556	596	270	1352	1134	0	5934	248	444	1758	1224	
179500	Vermis_6	0	0	0	0	0	0	0	0	0	0	0	0	0	0	0	0	0	0	0	0	0	0	0	0	0	0	0	0	0	0	0	0	0	0	0	0	0	0	0	0	0	0	0	0	0	0	4594	3042	0	0	240	0	130	0	1730	3820	0	0	0	0	0	0	0	0	0	0	0	0	0	0	0	0	0	0	0	0	0	0	0	0	0	0	0	0	0	0	0	0	0	0	7654	8350	1546	1846	0	0	2366	2170	14556	12700	0	0	962	824	1434	1430	282	414	0	0	5934	0	9216	1664	2186	660	
168560	Vermis_7	0	0	0	0	0	0	0	0	0	0	0	0	0	0	0	0	0	0	0	0	0	0	0	0	0	0	0	0	0	0	0	0	0	0	0	0	0	0	0	0	0	0	0	0	0	0	1750	978	0	0	228	0	114	0	428	1618	0	0	0	0	0	0	0	0	0	0	0	0	0	0	0	0	0	0	0	0	0	0	0	0	0	0	0	0	0	0	0	0	0	0	10802	12574	7222	6746	0	0	106	196	8272	9332	812	288	2692	3764	0	596	0	394	0	0	248	9216	0	5108	796	0	
141904	Vermis_8	0	0	0	0	0	0	0	0	0	0	0	0	0	0	0	0	0	0	0	0	0	0	0	0	0	0	0	0	0	0	0	0	0	0	0	0	0	0	0	0	0	0	0	0	0	0	322	0	0	0	0	0	0	0	0	96	0	0	0	0	0	0	0	0	0	0	0	0	0	0	0	0	0	0	0	0	0	0	0	0	0	0	0	0	0	0	0	0	0	0	5264	3896	10164	5258	0	0	144	0	1424	1370	6046	3920	8682	8920	1092	2336	132	296	0	0	444	1664	5108	0	4156	218	
