data	data	539908	252568	1.04564e+06	749692	163560	71000	606832	207560	111404	27580	235096	281788	310012	275176	286960	63100	249480	223000	681400	802880	90676	103320	338628	389956	32768	71444	72648	96236	625896	509388	270140	527928	118716	451580	139316	167240	236088	300380	91388	192456	39200	44992	265680	335356	203064	382028	223364	327964	194360	398748	505204	296112	183844	197532	338948	495780	271220	261388	210144	207640	263328	163520	119128	155848	169928	165896	396316	494024	262664	314240	200384	453064	311604	399992	70728	16484	174136	149060	131632	44484	240996	128512	122340	57224	411156	202228	26124	16660	261100	168324	563648	569712	361936	387492	51368	84316	320556	272856	550968	557760	248228	184560	299332	343764	138000	119140	22032	5752	61940	123212	354116	361708	241160	146828	97732	19924	
data	data	Precentral_L	Precentral_R	Frontal_Sup_L	Frontal_Sup_R	Frontal_Sup_Orb_L	Frontal_Sup_Orb_R	Frontal_Mid_L	Frontal_Mid_R	Frontal_Mid_Orb_L	Frontal_Mid_Orb_R	Frontal_Inf_Oper_L	Frontal_Inf_Oper_R	Frontal_Inf_Tri_L	Frontal_Inf_Tri_R	Frontal_Inf_Orb_L	Frontal_Inf_Orb_R	Rolandic_Oper_L	Rolandic_Oper_R	Supp_Motor_Area_L	Supp_Motor_Area_R	Olfactory_L	Olfactory_R	Frontal_Sup_Medial_L	Frontal_Sup_Medial_R	Frontal_Med_Orb_L	Frontal_Med_Orb_R	Rectus_L	Rectus_R	Insula_L	Insula_R	Cingulum_Ant_L	Cingulum_Ant_R	Cingulum_Mid_L	Cingulum_Mid_R	Cingulum_Post_L	Cingulum_Post_R	Hippocampus_L	Hippocampus_R	ParaHippocampal_L	ParaHippocampal_R	Amygdala_L	Amygdala_R	Calcarine_L	Calcarine_R	Cuneus_L	Cuneus_R	Lingual_L	Lingual_R	Occipital_Sup_L	Occipital_Sup_R	Occipital_Mid_L	Occipital_Mid_R	Occipital_Inf_L	Occipital_Inf_R	Fusiform_L	Fusiform_R	Postcentral_L	Postcentral_R	Parietal_Sup_L	Parietal_Sup_R	Parietal_Inf_L	Parietal_Inf_R	SupraMarginal_L	SupraMarginal_R	Angular_L	Angular_R	Precuneus_L	Precuneus_R	Paracentral_Lobule_L	Paracentral_Lobule_R	Caudate_L	Caudate_R	Putamen_L	Putamen_R	Pallidum_L	Pallidum_R	Thalamus_L	Thalamus_R	Heschl_L	Heschl_R	Temporal_Sup_L	Temporal_Sup_R	Temporal_Pole_Sup_L	Temporal_Pole_Sup_R	Temporal_Mid_L	Temporal_Mid_R	Temporal_Pole_Mid_L	Temporal_Pole_Mid_R	Temporal_Inf_L	Temporal_Inf_R	Cerebelum_Crus1_L	Cerebelum_Crus1_R	Cerebelum_Crus2_L	Cerebelum_Crus2_R	Cerebelum_3_L	Cerebelum_3_R	Cerebelum_4_5_L	Cerebelum_4_5_R	Cerebelum_6_L	Cerebelum_6_R	Cerebelum_7b_L	Cerebelum_7b_R	Cerebelum_8_L	Cerebelum_8_R	Cerebelum_9_L	Cerebelum_9_R	Cerebelum_10_L	Cerebelum_10_R	Vermis_1_2	Vermis_3	Vermis_4_5	Vermis_6	Vermis_7	Vermis_8	Vermis_9	Vermis_10	
539908	Precentral_L	0	320	31694	2398	0	0	36496	0	0	0	10956	0	1626	0	380	0	11678	0	22776	10174	0	0	124	0	0	0	0	0	13488	84	444	216	304	3066	764	814	9826	516	1082	98	0	0	0	0	0	0	0	0	0	0	1846	0	770	0	2206	0	24490	0	1566	0	2526	0	1888	0	658	0	760	0	22790	2144	1898	672	10122	140	3072	0	12054	654	11310	0	3436	0	88	0	3774	0	0	0	1766	0	0	0	0	0	0	0	0	0	0	0	0	0	0	0	0	0	0	0	0	0	0	0	0	0	0	0	
252568	Precentral_R	320	0	2422	6910	0	0	472	12516	0	0	978	8294	158	226	126	0	1120	3522	1214	2212	0	0	0	0	0	0	0	0	2984	4400	0	0	0	1474	0	2066	432	4454	0	450	0	0	190	2712	0	2388	0	282	0	2630	0	1748	0	276	0	1004	86	19550	0	1032	0	2852	0	2560	0	398	0	7020	124	11186	222	714	2570	4122	562	454	356	998	0	180	496	424	0	0	0	1354	0	0	0	632	0	0	0	0	0	0	0	0	0	0	0	0	0	0	0	0	0	0	0	0	412	0	0	0	0	0	
1.04564e+06	Frontal_Sup_L	31694	2422	0	9466	14818	0	76310	1152	6406	0	17594	1760	18370	826	11704	0	15280	1032	78420	25466	384	88	48524	5024	1582	0	254	0	28726	2688	19302	8222	5256	11748	108	194	3654	634	378	264	276	0	0	0	0	0	0	0	0	0	0	0	0	0	156	348	6454	0	0	0	0	0	0	0	0	0	0	0	9848	510	2298	5090	19176	3338	6686	314	7894	214	1856	0	4640	0	2856	138	392	0	0	0	586	0	0	0	0	0	0	0	0	0	0	0	0	0	0	0	0	0	0	0	0	0	0	0	0	0	0	0	
749692	Frontal_Sup_R	2398	6910	9466	0	80	1366	3038	20494	528	356	748	16602	1296	23004	3454	1748	576	8604	10206	66486	0	88	5468	38522	172	2486	0	328	4998	22630	2680	30458	258	10746	0	1208	478	6126	0	1760	0	104	0	0	0	0	0	0	0	0	0	0	0	0	0	1238	0	260	0	0	0	0	0	0	0	0	0	0	940	172	1922	26818	1576	16016	536	1162	1464	14352	0	414	266	780	242	500	0	0	0	0	0	200	0	0	0	0	0	0	0	118	0	0	0	0	0	0	0	0	0	0	0	0	0	0	0	0	0	0	
163560	Frontal_Sup_Orb_L	0	0	14818	80	0	464	2236	0	8862	0	0	0	3594	0	11352	94	0	0	182	134	2324	1280	4982	80	1818	120	6162	708	7668	158	3074	386	0	162	0	0	0	0	0	0	394	0	0	0	0	0	0	0	0	0	0	0	0	0	0	0	0	0	0	0	0	0	0	0	0	0	0	0	0	0	1830	578	7168	324	0	0	0	0	0	0	0	0	748	0	0	0	0	0	0	0	0	0	0	0	0	0	0	0	0	0	0	0	0	0	0	0	0	0	0	0	0	0	0	0	0	0	
71000	Frontal_Sup_Orb_R	0	0	0	1366	464	0	0	692	126	3014	0	0	0	0	410	3294	0	0	0	0	1504	2636	134	1840	0	5292	1136	7990	0	952	518	1450	0	0	0	0	0	0	0	0	0	82	0	0	0	0	0	0	0	0	0	0	0	0	0	0	0	0	0	0	0	0	0	0	0	0	0	0	0	0	1460	542	170	428	0	0	0	0	0	0	0	0	0	0	0	0	0	0	0	0	0	0	0	0	0	0	0	0	0	0	0	0	0	0	0	0	0	0	0	0	0	0	0	0	0	0	
606832	Frontal_Mid_L	36496	472	76310	3038	2236	0	0	176	3970	0	14200	0	29790	224	7288	0	5342	0	19656	5822	0	0	16986	1200	366	0	0	0	14232	366	10124	3118	1786	2630	214	120	4096	100	696	0	0	0	0	0	0	0	0	0	0	0	0	0	0	0	564	0	5542	0	0	0	106	0	110	0	0	0	98	0	6046	594	1496	738	11014	234	4418	184	5750	0	2098	0	1324	0	1412	0	270	0	0	0	364	0	0	0	0	0	0	0	0	0	0	0	0	0	0	0	0	0	0	0	0	0	0	0	0	0	0	0	
207560	Frontal_Mid_R	0	12516	1152	20494	0	692	176	0	84	1166	230	11418	124	18182	350	2602	480	3972	1102	3228	0	0	80	4212	0	0	0	0	2764	6736	248	2786	0	1146	0	0	244	248	0	90	0	0	0	0	0	0	0	0	0	0	0	0	0	0	0	104	0	0	0	0	0	0	0	0	0	0	0	0	0	0	384	2316	1984	1958	126	0	0	84	0	0	208	94	0	0	0	0	0	0	0	0	0	0	0	0	0	0	0	0	0	0	0	0	0	0	0	0	0	0	0	0	0	0	0	0	0	0	
111404	Frontal_Mid_Orb_L	0	0	6406	528	8862	126	3970	84	0	0	192	0	7088	0	16062	0	0	0	510	948	372	284	0	0	0	0	1586	198	4940	88	0	268	0	506	0	0	0	0	0	0	0	0	0	0	0	0	0	0	0	0	0	0	0	0	0	0	0	0	0	0	0	0	0	0	0	0	0	0	0	0	772	144	486	88	0	0	0	0	0	0	0	0	1194	0	0	0	0	0	0	0	0	0	0	0	0	0	0	0	0	0	0	0	0	0	0	0	0	0	0	0	0	0	0	0	0	0	
27580	Frontal_Mid_Orb_R	0	0	0	356	0	3014	0	1166	0	0	0	0	0	702	0	6734	0	0	0	0	0	152	0	0	0	0	0	390	0	1032	0	0	0	0	0	0	0	0	0	0	0	0	0	0	0	0	0	0	0	0	0	0	0	0	0	0	0	0	0	0	0	0	0	0	0	0	0	0	0	0	0	0	0	244	0	0	0	0	0	0	0	0	0	0	0	0	0	0	0	0	0	0	0	0	0	0	0	0	0	0	0	0	0	0	0	0	0	0	0	0	0	0	0	0	0	0	
235096	Frontal_Inf_Oper_L	10956	978	17594	748	0	0	14200	230	192	0	0	210	12264	384	1104	0	15744	80	4112	1696	0	0	220	0	0	0	0	0	14582	474	724	292	274	144	80	0	510	0	0	0	0	0	0	0	0	0	0	0	0	0	0	0	0	0	0	0	4018	0	0	0	0	0	0	0	0	0	0	0	0	180	1332	208	3670	116	912	0	0	0	1814	0	4620	0	2614	0	148	0	0	0	124	0	0	0	0	0	0	0	0	0	0	0	0	0	0	0	0	0	0	0	0	0	0	0	0	0	0	0	
281788	Frontal_Inf_Oper_R	0	8294	1760	16602	0	0	0	11418	0	0	210	0	116	14366	138	86	554	16454	1212	11472	0	0	198	2700	0	0	0	0	2312	23638	100	3918	0	282	0	0	0	804	0	324	0	0	0	0	0	0	0	0	0	0	0	0	0	0	0	312	0	962	0	0	0	0	0	0	0	0	0	0	0	0	0	9562	1114	7502	0	128	0	848	0	320	248	1362	0	1578	0	0	0	0	0	0	0	0	0	0	0	0	0	0	0	0	0	0	0	0	0	0	0	0	0	0	0	0	0	0	0	0	
310012	Frontal_Inf_Tri_L	1626	158	18370	1296	3594	0	29790	124	7088	0	12264	116	0	416	24494	0	1148	0	5322	2558	92	0	794	122	0	0	136	0	27866	686	3044	1474	906	1994	0	0	0	0	0	0	0	0	0	0	0	0	0	0	0	0	0	0	0	0	0	0	218	0	0	0	0	0	0	0	0	0	0	0	0	0	1760	178	2606	190	0	0	0	0	86	0	362	0	4128	0	0	0	0	0	0	0	0	0	0	0	0	0	0	0	0	0	0	0	0	0	0	0	0	0	0	0	0	0	0	0	0	0	
275176	Frontal_Inf_Tri_R	0	226	826	23004	0	0	224	18182	0	702	384	14366	416	0	362	1918	88	492	2332	12454	0	0	284	7660	0	0	0	0	1042	25418	1268	8536	0	3674	0	0	0	0	0	0	0	0	0	0	0	0	0	0	0	0	0	0	0	0	0	0	0	0	0	0	0	0	0	0	0	0	0	0	0	0	878	9682	470	2572	0	0	0	128	0	0	0	0	0	0	0	0	0	0	0	0	0	0	0	0	0	0	0	0	0	0	0	0	0	0	0	0	0	0	0	0	0	0	0	0	0	0	
286960	Frontal_Inf_Orb_L	380	126	11704	3454	11352	410	7288	350	16062	0	1104	138	24494	362	0	88	0	0	3184	6046	2324	1036	414	148	0	0	2122	568	27124	748	696	1440	316	2898	0	0	0	0	244	0	336	0	0	0	0	0	0	0	0	0	0	0	0	0	0	0	0	0	0	0	0	0	0	0	0	0	0	0	0	0	4816	968	3152	376	0	0	0	0	0	0	0	0	6944	0	134	0	0	0	134	0	0	0	0	0	0	0	0	0	0	0	0	0	0	0	0	0	0	0	0	0	0	0	0	0	0	0	
63100	Frontal_Inf_Orb_R	0	0	0	1748	94	3294	0	2602	0	6734	0	86	0	1918	88	0	0	0	0	84	282	1250	0	458	0	0	162	1578	0	7596	0	562	0	0	0	0	0	0	0	0	0	192	0	0	0	0	0	0	0	0	0	0	0	0	0	0	0	0	0	0	0	0	0	0	0	0	0	0	0	0	206	768	0	1118	0	0	0	0	0	0	0	222	0	508	0	0	0	0	0	0	0	0	0	0	0	0	0	0	0	0	0	0	0	0	0	0	0	0	0	0	0	0	0	0	0	0	
249480	Rolandic_Oper_L	11678	1120	15280	576	0	0	5342	480	0	0	15744	554	1148	88	0	0	0	228	2240	1180	0	0	0	0	0	0	0	0	16354	322	0	202	0	80	0	0	204	0	0	0	0	0	0	0	0	0	0	0	0	0	1292	0	0	0	208	0	11548	0	878	0	2836	0	2840	0	2122	0	478	0	178	118	574	516	1472	430	732	0	0	0	6114	0	12762	0	2258	0	3146	0	0	0	1418	0	0	0	0	0	0	0	0	0	0	0	0	0	0	0	0	0	0	0	0	0	0	0	0	0	0	0	
223000	Rolandic_Oper_R	0	3522	1032	8604	0	0	0	3972	0	0	80	16454	0	492	0	0	228	0	540	6244	0	0	202	1880	0	0	0	0	672	23658	116	2996	0	102	0	0	0	2584	0	434	0	0	0	194	0	120	0	106	0	166	0	142	0	466	0	1328	0	3330	0	156	0	80	0	2724	0	82	0	176	0	138	0	5986	254	7820	0	206	0	584	0	3676	120	6054	0	1586	0	968	0	0	0	1140	0	86	0	0	0	0	0	0	0	0	0	0	0	0	0	0	0	0	0	0	0	0	0	0	0	0	
681400	Supp_Motor_Area_L	22776	1214	78420	10206	182	0	19656	1102	510	0	4112	1212	5322	2332	3184	0	2240	540	0	45986	0	0	8130	5974	0	0	0	0	10718	3094	4930	10710	6032	28266	340	440	2430	642	172	218	120	0	0	0	0	0	0	0	0	0	0	0	0	0	82	282	438	0	0	0	0	0	0	0	0	0	0	0	22424	2748	1908	3998	5786	2506	3232	220	11916	526	236	0	1302	0	1140	132	236	0	0	0	378	0	0	0	0	0	0	0	0	0	0	0	0	0	0	0	0	0	0	0	0	0	0	0	0	0	0	0	
802880	Supp_Motor_Area_R	10174	2212	25466	66486	134	0	5822	3228	948	0	1696	11472	2558	12454	6046	84	1180	6244	45986	0	0	0	2040	7832	126	0	0	0	7436	13540	1384	13380	5350	45134	534	3072	456	4042	0	1414	0	0	0	580	0	0	0	232	0	146	0	696	0	700	0	2178	576	530	0	0	0	0	0	0	0	0	0	154	11240	18710	2528	22756	2092	7788	1470	716	718	16308	236	418	384	702	602	354	0	384	0	0	0	312	0	0	0	0	0	0	0	0	0	0	0	0	0	0	0	0	0	0	0	0	0	0	0	0	0	0	
90676	Olfactory_L	0	0	384	0	2324	1504	0	0	372	0	0	0	92	0	2324	282	0	0	0	0	0	6052	186	246	292	734	3998	3434	2144	358	2640	1810	0	0	0	0	206	0	480	0	924	0	0	0	0	0	0	0	0	0	0	0	0	0	0	0	0	0	0	0	0	0	0	0	0	0	0	0	0	0	7126	2286	2498	1512	0	0	0	0	0	0	0	0	770	0	180	0	0	0	180	0	0	0	0	0	0	0	0	0	0	0	0	0	0	0	0	0	0	0	0	0	0	0	0	0	0	0	
103320	Olfactory_R	0	0	88	88	1280	2636	0	0	284	152	0	0	0	0	1036	1250	0	0	0	0	6052	0	186	304	268	928	3766	5688	0	2996	2086	2300	0	0	0	0	0	330	0	374	0	1294	0	0	0	0	0	0	0	0	0	0	0	0	0	0	0	0	0	0	0	0	0	0	0	0	0	0	0	0	7772	4912	2702	2808	0	0	0	0	0	0	0	0	80	0	0	0	0	0	0	0	0	0	0	0	0	0	0	0	0	0	0	0	0	0	0	0	0	0	0	0	0	0	0	0	0	0	
338628	Frontal_Sup_Medial_L	124	0	48524	5468	4982	134	16986	80	0	0	220	198	794	284	414	0	0	202	8130	2040	186	186	0	20790	2768	890	524	194	2404	544	20168	14104	2442	8172	0	0	0	0	0	0	0	0	0	0	0	0	0	0	0	0	0	0	0	0	0	0	0	0	0	0	0	0	0	0	0	0	0	0	0	0	728	1084	4790	760	0	0	0	0	0	0	0	0	0	0	0	0	0	0	0	0	0	0	0	0	0	0	0	0	0	0	0	0	0	0	0	0	0	0	0	0	0	0	0	0	0	0	
389956	Frontal_Sup_Medial_R	0	0	5024	38522	80	1840	1200	4212	0	0	0	2700	122	7660	148	458	0	1880	5974	7832	246	304	20790	0	194	5526	190	1212	342	7828	5584	35288	424	18464	0	0	0	770	0	574	0	0	0	0	0	0	0	0	0	0	0	0	0	0	0	316	0	0	0	0	0	0	0	0	0	0	0	0	0	0	312	8530	320	9904	0	0	0	0	0	0	0	0	0	208	0	0	0	0	0	0	0	0	0	0	0	0	0	0	0	0	0	0	0	0	0	0	0	0	0	0	0	0	0	0	0	0	
32768	Frontal_Med_Orb_L	0	0	1582	172	1818	0	366	0	0	0	0	0	0	0	0	0	0	0	0	126	292	268	2768	194	0	962	1324	398	366	0	3586	420	0	136	0	0	0	0	0	0	0	0	0	0	0	0	0	0	0	0	0	0	0	0	0	0	0	0	0	0	0	0	0	0	0	0	0	0	0	0	798	0	726	82	0	0	0	0	0	0	0	0	0	0	0	0	0	0	0	0	0	0	0	0	0	0	0	0	0	0	0	0	0	0	0	0	0	0	0	0	0	0	0	0	0	0	
71444	Frontal_Med_Orb_R	0	0	0	2486	120	5292	0	0	0	0	0	0	0	0	0	0	0	0	0	0	734	928	890	5526	962	0	460	7264	0	0	2582	4950	0	0	0	0	0	0	0	0	0	0	0	0	0	0	0	0	0	0	0	0	0	0	0	0	0	0	0	0	0	0	0	0	0	0	0	0	0	0	568	770	186	2004	0	0	0	0	0	0	0	0	0	0	0	0	0	0	0	0	0	0	0	0	0	0	0	0	0	0	0	0	0	0	0	0	0	0	0	0	0	0	0	0	0	0	
72648	Rectus_L	0	0	254	0	6162	1136	0	0	1586	0	0	0	136	0	2122	162	0	0	0	0	3998	3766	524	190	1324	460	0	2390	292	188	3070	1096	0	0	0	0	0	0	0	0	0	0	0	0	0	0	0	0	0	0	0	0	0	0	0	0	0	0	0	0	0	0	0	0	0	0	0	0	0	0	5334	942	542	546	0	0	0	0	0	0	0	0	104	0	0	0	0	0	0	0	0	0	0	0	0	0	0	0	0	0	0	0	0	0	0	0	0	0	0	0	0	0	0	0	0	0	
96236	Rectus_R	0	0	0	328	708	7990	0	0	198	390	0	0	0	0	568	1578	0	0	0	0	3434	5688	194	1212	398	7264	2390	0	0	1830	1432	3770	0	0	0	0	0	0	0	0	0	362	0	0	0	0	0	0	0	0	0	0	0	0	0	0	0	0	0	0	0	0	0	0	0	0	0	0	0	0	3388	1596	882	2518	0	0	0	0	0	0	0	0	0	0	0	0	0	0	0	0	0	0	0	0	0	0	0	0	0	0	0	0	0	0	0	0	0	0	0	0	0	0	0	0	0	0	
625896	Insula_L	13488	2984	28726	4998	7668	0	14232	2764	4940	0	14582	2312	27866	1042	27124	0	16354	672	10718	7436	2144	0	2404	342	366	0	292	0	0	2136	3776	3360	1142	3494	504	196	10628	320	788	144	3324	0	0	0	0	0	0	0	0	0	1444	0	310	0	1860	122	5160	0	1242	0	1794	0	1594	0	786	0	864	0	356	0	5944	1722	16482	1290	112	82	192	0	12246	0	11870	0	7002	0	9760	0	0	0	7448	0	0	0	0	0	0	0	0	0	0	0	0	0	0	0	0	0	0	0	0	0	0	0	0	0	0	0	
509388	Insula_R	84	4400	2688	22630	158	952	366	6736	88	1032	474	23638	686	25418	748	7596	322	23658	3094	13540	358	2996	544	7828	0	0	188	1830	2136	0	2184	14636	0	2620	0	0	0	5670	0	2324	0	2002	0	194	0	0	0	156	0	0	0	80	0	558	0	2466	0	462	0	0	0	0	0	172	0	0	0	0	0	0	2096	20474	1394	25942	0	180	0	1156	0	3676	156	5008	98	2750	0	1630	0	0	0	1946	0	232	0	0	0	0	0	158	0	86	0	0	0	0	0	0	0	0	0	0	0	0	0	0	0	0	
270140	Cingulum_Ant_L	444	0	19302	2680	3074	518	10124	248	0	0	724	100	3044	1268	696	0	0	116	4930	1384	2640	2086	20168	5584	3586	2582	3070	1432	3776	2184	0	17488	3460	3466	0	0	0	0	0	0	0	0	0	0	0	0	0	0	0	0	0	0	0	0	0	0	0	0	0	0	0	0	0	0	0	0	0	0	0	0	5310	2954	4446	2186	0	0	0	0	0	0	0	0	0	0	0	0	0	0	0	0	0	0	0	0	0	0	0	0	0	0	0	0	0	0	0	0	0	0	0	0	0	0	0	0	0	0	
527928	Cingulum_Ant_R	216	0	8222	30458	386	1450	3118	2786	268	0	292	3918	1474	8536	1440	562	202	2996	10710	13380	1810	2300	14104	35288	420	4950	1096	3770	3360	14636	17488	0	2346	24554	0	0	0	1214	0	894	0	84	0	0	0	0	0	0	0	0	0	0	0	0	0	470	0	0	0	0	0	0	0	0	0	0	0	0	0	0	2636	21752	1344	18472	0	0	0	0	0	0	0	0	278	284	0	0	0	0	0	0	0	0	0	0	0	0	0	0	0	0	0	0	0	0	0	0	0	0	0	0	0	0	0	0	0	0	
118716	Cingulum_Mid_L	304	0	5256	258	0	0	1786	0	0	0	274	0	906	0	316	0	0	0	6032	5350	0	0	2442	424	0	0	0	0	1142	0	3460	2346	0	11282	2236	386	0	0	0	0	0	0	578	296	572	0	0	0	102	0	1418	0	86	0	158	0	234	0	812	0	296	0	0	0	80	0	5528	582	3448	352	0	0	0	0	0	0	0	0	0	0	0	0	0	0	616	0	0	0	0	0	0	0	0	0	0	0	0	0	0	0	0	0	0	0	0	0	0	0	0	0	0	0	0	0	0	0	
451580	Cingulum_Mid_R	3066	1474	11748	10746	162	0	2630	1146	506	0	144	282	1994	3674	2898	0	80	102	28266	45134	0	0	8172	18464	136	0	0	0	3494	2620	3466	24554	11282	0	718	4986	0	180	0	0	0	0	0	1940	0	840	0	128	0	1382	0	1102	0	162	0	236	0	2148	0	298	0	0	0	0	0	288	382	4046	6170	10936	134	1648	0	734	0	0	0	86	0	0	0	0	462	0	0	428	0	0	0	0	0	0	0	0	0	0	0	0	0	0	0	0	0	0	0	0	0	0	0	0	116	0	0	0	0	0	
139316	Cingulum_Post_L	764	0	108	0	0	0	214	0	0	0	80	0	0	0	0	0	0	0	340	534	0	0	0	0	0	0	0	0	504	0	0	0	2236	718	0	5514	6068	2542	2548	578	0	0	9012	80	4308	0	1656	494	590	0	3198	0	518	0	644	288	80	0	976	0	314	0	154	0	218	0	12330	1218	2908	474	0	0	394	0	0	0	2262	298	298	0	178	0	0	0	2924	0	0	0	554	0	0	0	0	0	0	0	0	98	0	0	0	0	0	0	0	0	0	0	0	0	444	0	0	0	0	0	
167240	Cingulum_Post_R	814	2066	194	1208	0	0	120	0	0	0	0	0	0	0	0	0	0	0	440	3072	0	0	0	0	0	0	0	0	196	0	0	0	386	4986	5514	0	3474	6990	434	1332	0	0	0	3076	0	1540	0	3468	0	1960	0	2462	0	1594	0	2584	0	1548	0	0	0	0	0	0	0	600	620	12148	1610	5400	116	0	180	0	0	0	5688	2732	0	0	0	154	0	0	0	2100	0	0	0	440	0	150	0	0	0	0	0	140	0	0	0	0	0	0	0	0	0	0	0	0	2084	0	0	0	0	0	
236088	Hippocampus_L	9826	432	3654	478	0	0	4096	244	0	0	510	0	0	0	0	0	204	0	2430	456	206	0	0	0	0	0	0	0	10628	0	0	0	0	0	6068	3474	0	2596	13284	618	6498	0	2306	0	0	0	4688	464	0	0	156	0	314	0	9072	246	112	0	0	0	0	0	0	0	0	0	4960	504	1954	0	142	190	8580	172	1344	0	3270	646	3258	0	2180	0	712	0	658	0	0	0	5950	0	0	0	0	0	0	0	0	102	0	0	0	0	0	0	0	0	0	0	0	0	362	0	0	0	0	0	
300380	Hippocampus_R	516	4454	634	6126	0	0	100	248	0	0	0	804	0	0	0	0	0	2584	642	4042	0	330	0	770	0	0	0	0	320	5670	0	1214	0	180	2542	6990	2596	0	308	24802	0	7976	0	324	0	0	0	2902	0	0	0	0	0	914	0	22864	0	1434	0	194	0	0	0	2696	0	0	0	3226	1234	992	0	1124	334	14614	0	412	4514	4730	0	800	0	1608	0	0	0	228	0	0	0	5688	0	1050	0	144	0	0	0	2814	0	1250	0	0	0	0	0	0	0	0	0	0	252	0	0	0	0	0	
91388	ParaHippocampal_L	1082	0	378	0	0	0	696	0	0	0	0	0	0	0	244	0	0	0	172	0	480	0	0	0	0	0	0	0	788	0	0	0	0	0	2548	434	13284	308	0	82	1592	0	1540	0	0	0	5450	96	0	0	112	0	286	0	6128	0	0	0	0	0	0	0	0	0	0	0	3866	100	428	0	0	0	1332	0	256	0	350	0	0	0	0	0	414	0	118	0	0	0	1436	0	150	0	0	0	436	0	736	0	220	0	0	0	0	0	0	0	0	0	0	152	0	0	0	0	0	0	
192456	ParaHippocampal_R	98	450	264	1760	0	0	0	90	0	0	0	324	0	0	0	0	0	434	218	1414	0	374	0	574	0	0	0	0	144	2324	0	894	0	0	578	1332	618	24802	82	0	0	5128	0	1056	0	0	0	4828	0	0	0	0	0	772	0	20722	0	0	0	0	0	0	0	0	0	0	0	2180	112	192	0	756	180	7912	0	398	876	864	0	290	0	432	0	1176	0	0	0	644	0	2690	0	1216	0	272	0	166	0	4688	0	1690	0	0	0	114	0	0	0	0	0	0	0	0	100	0	0	0	
39200	Amygdala_L	0	0	276	0	394	0	0	0	0	0	0	0	0	0	336	0	0	0	120	0	924	0	0	0	0	0	0	0	3324	0	0	0	0	0	0	0	6498	0	1592	0	0	0	0	0	0	0	0	0	0	0	0	0	0	0	2442	0	0	0	0	0	0	0	0	0	0	0	0	0	0	0	0	0	686	84	0	0	0	0	0	0	0	0	994	0	390	0	0	0	1540	0	0	0	0	0	0	0	0	0	0	0	0	0	0	0	0	0	0	0	0	0	0	0	0	0	0	0	
44992	Amygdala_R	0	0	0	104	0	82	0	0	0	0	0	0	0	0	0	192	0	0	0	0	0	1294	0	0	0	0	0	362	0	2002	0	84	0	0	0	0	0	7976	0	5128	0	0	0	0	0	0	0	0	0	0	0	0	0	0	0	3058	0	0	0	0	0	0	0	0	0	0	0	0	0	0	0	0	0	1464	0	0	0	0	0	0	0	0	0	554	0	0	0	0	0	196	0	0	0	0	0	0	0	0	0	0	0	0	0	0	0	0	0	0	0	0	0	0	0	0	0	0	
265680	Calcarine_L	0	190	0	0	0	0	0	0	0	0	0	0	0	0	0	0	0	0	0	0	0	0	0	0	0	0	0	0	0	0	0	0	578	0	9012	0	2306	0	1540	0	0	0	0	9520	16288	7474	10036	1960	8742	1622	18824	0	4492	112	1062	130	0	434	2422	0	664	0	272	0	474	0	23660	3248	202	234	0	0	0	0	0	0	0	0	0	0	0	0	0	0	6230	0	0	0	842	0	270	0	0	0	0	0	0	0	0	0	0	0	0	0	0	0	0	0	0	0	0	0	0	0	0	0	
335356	Calcarine_R	0	2712	0	0	0	0	0	0	0	0	0	0	0	0	0	0	0	194	0	580	0	0	0	0	0	0	0	0	0	194	0	0	296	1940	80	3076	0	324	0	1056	0	0	9520	0	5280	27450	1146	21882	582	18016	188	8480	0	9640	0	10534	0	4660	0	962	0	96	0	0	0	88	3162	28092	0	3468	0	0	0	0	0	0	0	0	0	144	0	166	0	0	0	2402	0	0	0	250	0	132	0	0	0	0	0	138	0	106	0	0	0	0	0	0	0	0	0	0	642	0	0	0	0	0	
203064	Cuneus_L	0	0	0	0	0	0	0	0	0	0	0	0	0	0	0	0	0	0	0	0	0	0	0	0	0	0	0	0	0	0	0	0	572	0	4308	0	0	0	0	0	0	0	16288	5280	0	8612	304	210	21144	1734	12106	0	1094	0	336	0	0	0	3918	0	296	0	146	0	282	0	19876	2790	0	0	0	0	0	0	0	0	0	0	0	0	0	0	0	0	1994	0	0	0	80	0	162	0	0	0	0	0	0	0	0	0	0	0	0	0	0	0	0	0	0	0	0	0	0	0	0	0	
382028	Cuneus_R	0	2388	0	0	0	0	0	0	0	0	0	0	0	0	0	0	0	120	0	0	0	0	0	0	0	0	0	0	0	0	0	0	0	840	0	1540	0	0	0	0	0	0	7474	27450	8612	0	156	6656	998	37734	148	13248	0	6852	0	7002	0	5918	0	8594	0	1542	0	954	0	1074	4970	32780	0	10126	0	0	0	0	0	0	0	0	0	0	0	804	0	0	0	2278	0	0	0	600	0	0	0	0	0	0	0	0	0	0	0	0	0	0	0	0	0	0	0	0	156	0	0	0	0	0	
223364	Lingual_L	0	0	0	0	0	0	0	0	0	0	0	0	0	0	0	0	0	0	0	0	0	0	0	0	0	0	0	0	0	0	0	0	0	0	1656	0	4688	0	5450	0	0	0	10036	1146	304	156	0	1808	2420	128	19672	0	18310	0	15586	262	0	0	108	0	0	0	0	0	0	0	4254	0	0	0	0	0	0	0	0	0	0	0	0	0	0	0	0	0	234	0	0	0	2016	0	4486	352	92	0	0	0	5432	604	7076	502	0	0	0	0	0	0	0	0	0	86	2740	1938	140	0	0	0	
327964	Lingual_R	0	282	0	0	0	0	0	0	0	0	0	0	0	0	0	0	0	106	0	232	0	0	0	0	0	0	0	0	0	156	0	0	0	128	494	3468	464	2902	96	4828	0	0	1960	21882	210	6656	1808	0	0	7868	0	2816	0	10372	1682	25614	0	306	0	1154	0	106	0	0	0	96	248	11218	0	656	0	0	0	0	0	0	266	0	0	122	0	160	0	0	0	638	0	0	0	342	5594	8358	338	200	0	350	626	6038	7298	9442	0	0	0	166	0	94	0	0	0	164	5674	9158	750	220	176	0	
194360	Occipital_Sup_L	0	0	0	0	0	0	0	0	0	0	0	0	0	0	0	0	0	0	0	0	0	0	0	0	0	0	0	0	0	0	0	0	102	0	590	0	0	0	0	0	0	0	8742	582	21144	998	2420	0	0	124	29098	0	1354	0	330	0	154	0	8594	0	722	0	0	0	422	0	19624	0	80	0	0	0	0	0	0	0	0	0	0	0	0	0	0	0	1882	0	0	0	80	0	138	0	0	0	0	0	0	0	0	0	0	0	0	0	0	0	0	0	0	0	0	0	0	0	0	0	
398748	Occipital_Sup_R	0	2630	0	0	0	0	0	0	0	0	0	0	0	0	0	0	0	166	0	146	0	0	0	0	0	0	0	0	0	0	0	0	0	1382	0	1960	0	0	0	0	0	0	1622	18016	1734	37734	128	7868	124	0	0	29770	0	7816	0	7780	0	6976	0	12664	0	3076	0	2202	0	8624	2194	28400	0	10050	0	0	0	0	0	0	0	0	0	0	0	1002	0	0	0	4386	0	0	0	924	0	0	0	0	0	0	0	0	0	0	0	0	0	0	0	0	0	0	0	0	0	0	0	0	0	0	
505204	Occipital_Mid_L	1846	0	0	0	0	0	0	0	0	0	0	0	0	0	0	0	1292	0	0	0	0	0	0	0	0	0	0	0	1444	0	0	0	1418	0	3198	0	156	0	112	0	0	0	18824	188	12106	148	19672	0	29098	0	0	0	25080	0	7022	0	4840	0	23342	0	17756	0	2014	0	18482	0	27798	108	1822	0	0	0	0	0	0	0	0	0	1404	0	1672	0	0	0	28276	0	0	0	1948	0	1136	0	0	0	0	0	0	0	258	0	0	0	0	0	0	0	0	0	0	0	0	142	0	0	0	0	
296112	Occipital_Mid_R	0	1748	0	0	0	0	0	0	0	0	0	0	0	0	0	0	0	142	0	696	0	0	0	0	0	0	0	0	0	80	0	0	0	1102	0	2462	0	0	0	0	0	0	0	8480	0	13248	0	2816	0	29770	0	0	0	6568	0	2698	0	5460	0	8640	0	6152	0	2050	0	17796	118	14890	0	5238	0	0	0	0	0	0	0	0	0	0	0	726	0	0	0	16122	0	0	0	934	0	0	0	0	0	0	0	0	0	0	0	0	0	0	0	0	0	0	0	0	120	0	0	0	0	0	
183844	Occipital_Inf_L	770	0	0	0	0	0	0	0	0	0	0	0	0	0	0	0	0	0	0	0	0	0	0	0	0	0	0	0	310	0	0	0	86	0	518	0	314	0	286	0	0	0	4492	0	1094	0	18310	0	1354	0	25080	0	0	0	18192	0	340	0	166	0	326	0	0	0	260	0	1694	0	496	0	0	0	0	0	0	0	0	0	148	0	82	0	0	0	6064	0	0	0	7864	0	2246	0	0	0	0	0	360	0	688	0	0	0	0	0	0	0	0	0	0	0	236	146	0	0	0	0	
197532	Occipital_Inf_R	0	276	0	0	0	0	0	0	0	0	0	0	0	0	0	0	0	466	0	700	0	0	0	0	0	0	0	0	0	558	0	0	0	162	0	1594	0	914	0	772	0	0	112	9640	0	6852	0	10372	0	7816	0	6568	0	0	0	25732	0	586	0	1490	0	128	0	0	0	176	138	7554	0	1774	0	0	0	0	0	0	0	0	0	628	0	946	0	0	0	2980	0	0	0	6614	0	2810	0	0	0	0	0	88	0	0	0	0	0	0	0	0	0	0	0	0	320	0	0	0	0	0	
338948	Fusiform_L	2206	0	156	0	0	0	564	0	0	0	0	0	0	0	0	0	208	0	82	0	0	0	0	0	0	0	0	0	1860	0	0	0	158	0	644	0	9072	0	6128	0	2442	0	1062	0	336	0	15586	1682	330	0	7022	0	18192	0	0	670	828	0	0	0	400	0	100	0	228	0	1428	0	902	0	0	0	1184	0	88	0	0	0	744	0	708	0	646	0	6988	0	438	0	14068	0	20890	1208	756	238	128	0	13400	750	24492	1470	170	0	170	0	0	0	0	0	0	0	4566	3986	100	0	0	0	
495780	Fusiform_R	0	1004	348	1238	0	0	0	104	0	0	0	312	0	0	0	0	0	1328	282	2178	0	0	0	316	0	0	0	0	122	2466	0	470	0	236	288	2584	246	22864	0	20722	0	3058	130	10534	0	7002	262	25614	0	7780	0	2698	0	25732	670	0	0	528	0	1838	0	98	0	0	0	94	156	9144	0	2524	0	494	144	6918	0	292	238	418	0	1106	0	2308	0	4950	0	1484	0	1686	0	17772	3244	16792	198	454	0	364	92	7946	3808	15120	0	0	0	272	0	0	0	0	0	0	1428	4594	580	124	94	0	
271220	Postcentral_L	24490	86	6454	0	0	0	5542	0	0	0	4018	0	218	0	0	0	11548	0	438	576	0	0	0	0	0	0	0	0	5160	0	0	0	234	0	80	0	112	0	0	0	0	0	0	0	0	0	0	0	154	0	4840	0	340	0	828	0	0	0	8684	0	22102	0	12496	0	1266	0	3590	0	4674	170	418	104	224	0	0	0	0	94	4826	0	6522	0	0	0	4116	0	0	0	1206	0	0	0	0	0	0	0	0	0	0	0	0	0	0	0	0	0	0	0	0	0	0	0	0	0	0	0	
261388	Postcentral_R	0	19550	0	260	0	0	0	0	0	0	0	962	0	0	0	0	0	3330	0	530	0	0	0	0	0	0	0	0	0	462	0	0	0	2148	0	1548	0	1434	0	0	0	0	434	4660	0	5918	0	306	0	6976	0	5460	0	586	0	528	0	0	0	7438	0	15204	0	17868	0	3236	0	14106	0	13802	0	0	0	90	0	0	0	0	0	220	0	694	0	0	0	2038	0	0	0	498	0	0	0	0	0	0	0	0	0	0	0	0	0	0	0	0	0	0	0	0	408	0	0	0	0	0	
210144	Parietal_Sup_L	1566	0	0	0	0	0	0	0	0	0	0	0	0	0	0	0	878	0	0	0	0	0	0	0	0	0	0	0	1242	0	0	0	812	0	976	0	0	0	0	0	0	0	2422	0	3918	0	108	0	8594	0	23342	0	166	0	0	0	8684	0	0	0	16302	0	742	0	6486	0	20020	0	1060	0	0	0	0	0	0	0	0	0	1224	0	1046	0	0	0	4614	0	0	0	870	0	0	0	0	0	0	0	0	0	0	0	0	0	0	0	0	0	0	0	0	0	0	0	0	0	0	0	
207640	Parietal_Sup_R	0	1032	0	0	0	0	0	0	0	0	0	0	0	0	0	0	0	156	0	0	0	0	0	0	0	0	0	0	0	0	0	0	0	298	0	0	0	194	0	0	0	0	0	962	0	8594	0	1154	0	12664	0	8640	0	1490	0	1838	0	7438	0	0	0	11888	0	2682	0	10524	252	17848	0	12288	0	0	0	0	0	0	0	0	0	326	0	1150	0	0	0	1418	0	0	0	984	0	0	0	0	0	0	0	0	0	0	0	0	0	0	0	0	0	0	0	0	0	0	0	0	0	0	
263328	Parietal_Inf_L	2526	0	0	0	0	0	106	0	0	0	0	0	0	0	0	0	2836	0	0	0	0	0	0	0	0	0	0	0	1794	0	0	0	296	0	314	0	0	0	0	0	0	0	664	0	296	0	0	0	722	0	17756	0	326	0	400	0	22102	0	16302	0	0	0	14464	0	25138	0	5978	0	1654	0	0	0	0	0	0	0	0	0	1332	0	3010	0	0	0	10662	0	0	0	2986	0	0	0	0	0	0	0	0	0	0	0	0	0	0	0	0	0	0	0	0	0	0	0	0	0	0	0	
163520	Parietal_Inf_R	0	2852	0	0	0	0	0	0	0	0	0	0	0	0	0	0	0	80	0	0	0	0	0	0	0	0	0	0	0	0	0	0	0	0	0	0	0	0	0	0	0	0	0	96	0	1542	0	106	0	3076	0	6152	0	128	0	98	0	15204	0	11888	0	0	0	16918	0	15228	0	2782	0	3002	0	0	0	0	0	0	0	0	0	0	0	324	0	0	0	1662	0	0	0	622	0	0	0	0	0	0	0	0	0	0	0	0	0	0	0	0	0	0	0	0	0	0	0	0	0	0	
119128	SupraMarginal_L	1888	0	0	0	0	0	110	0	0	0	0	0	0	0	0	0	2840	0	0	0	0	0	0	0	0	0	0	0	1594	0	0	0	0	0	154	0	0	0	0	0	0	0	272	0	146	0	0	0	0	0	2014	0	0	0	100	0	12496	0	742	0	14464	0	0	0	6436	0	964	0	0	0	0	0	0	0	0	0	0	0	1054	0	5842	0	0	0	7896	0	0	0	552	0	0	0	0	0	0	0	0	0	0	0	0	0	0	0	0	0	0	0	0	0	0	0	0	0	0	0	
155848	SupraMarginal_R	0	2560	0	0	0	0	0	0	0	0	0	0	0	0	0	0	0	2724	0	0	0	0	0	0	0	0	0	0	0	172	0	0	0	0	0	0	0	2696	0	0	0	0	0	0	0	954	0	0	0	2202	0	2050	0	0	0	0	0	17868	0	2682	0	16918	0	0	0	7088	0	1056	0	1136	0	0	0	0	0	0	0	0	0	352	0	9092	0	0	0	6952	0	0	0	1422	0	0	0	0	0	0	0	0	0	0	0	0	0	0	0	0	0	0	0	0	0	0	0	0	0	0	
169928	Angular_L	658	0	0	0	0	0	0	0	0	0	0	0	0	0	0	0	2122	0	0	0	0	0	0	0	0	0	0	0	786	0	0	0	80	0	218	0	0	0	0	0	0	0	474	0	282	0	0	0	422	0	18482	0	260	0	228	0	1266	0	6486	0	25138	0	6436	0	0	0	4988	0	126	0	0	0	0	0	0	0	0	0	312	0	2416	0	0	0	11476	0	0	0	2308	0	0	0	0	0	0	0	0	0	0	0	0	0	0	0	0	0	0	0	0	0	0	0	0	0	0	0	
165896	Angular_R	0	398	0	0	0	0	0	0	0	0	0	0	0	0	0	0	0	82	0	0	0	0	0	0	0	0	0	0	0	0	0	0	0	288	0	600	0	0	0	0	0	0	0	88	0	1074	0	96	0	8624	0	17796	0	176	0	94	0	3236	0	10524	0	15228	0	7088	0	0	0	2964	0	2116	0	0	0	0	0	0	0	0	0	0	0	2948	0	0	0	8684	0	0	0	844	0	0	0	0	0	0	0	0	0	0	0	0	0	0	0	0	0	0	0	0	0	0	0	0	0	0	
396316	Precuneus_L	760	0	0	0	0	0	98	0	0	0	0	0	0	0	0	0	478	0	0	0	0	0	0	0	0	0	0	0	864	0	0	0	5528	382	12330	620	4960	0	3866	0	0	0	23660	3162	19876	4970	4254	248	19624	2194	27798	118	1694	138	1428	156	3590	0	20020	252	5978	0	964	0	4988	0	0	6238	4644	0	0	0	138	0	0	0	0	0	742	0	422	0	0	0	9048	0	0	0	1744	0	88	0	0	0	0	0	0	0	0	0	0	0	0	0	0	0	0	0	0	0	96	0	0	0	0	0	
494024	Precuneus_R	0	7020	0	0	0	0	0	0	0	0	0	0	0	0	0	0	0	176	0	154	0	0	0	0	0	0	0	0	0	0	0	0	582	4046	1218	12148	504	3226	100	2180	0	0	3248	28092	2790	32780	0	11218	0	28400	108	14890	0	7554	0	9144	0	14106	0	17848	0	2782	0	1056	0	2964	6238	0	0	20532	0	0	0	0	0	0	538	0	0	370	0	1286	0	0	0	4802	0	0	0	1388	0	380	0	0	0	0	0	406	0	0	0	0	0	0	0	0	0	0	0	0	2738	0	0	0	0	0	
262664	Paracentral_Lobule_L	22790	124	9848	940	0	0	6046	0	0	0	0	0	0	0	0	0	178	0	22424	11240	0	0	0	0	0	0	0	0	356	0	0	0	3448	6170	2908	1610	1954	1234	428	112	0	0	202	0	0	0	0	0	80	0	1822	0	496	0	902	0	4674	0	1060	0	1654	0	0	0	126	0	4644	0	0	4522	508	420	1216	0	438	0	12282	1482	140	0	144	0	0	0	1918	0	0	0	792	0	0	0	0	0	0	0	0	0	0	0	0	0	0	0	0	0	0	0	0	0	0	0	0	0	0	0	
314240	Paracentral_Lobule_R	2144	11186	510	172	0	0	594	0	0	0	180	0	0	0	0	0	118	138	2748	18710	0	0	0	0	0	0	0	0	0	0	0	0	352	10936	474	5400	0	992	0	192	0	0	234	3468	0	10126	0	656	0	10050	0	5238	0	1774	0	2524	170	13802	0	12288	0	3002	0	1136	0	2116	0	20532	4522	0	164	1920	94	0	280	0	88	1842	0	336	0	1108	0	0	0	3076	0	0	0	1296	0	0	0	0	0	0	0	0	0	0	0	0	0	0	0	0	0	0	0	0	432	0	0	0	0	0	
200384	Caudate_L	1898	222	2298	1922	1830	1460	1496	384	772	0	1332	0	1760	878	4816	206	574	0	1908	2528	7126	7772	728	312	798	568	5334	3388	5944	2096	5310	2636	0	134	0	116	142	0	0	0	0	0	0	0	0	0	0	0	0	0	0	0	0	0	0	0	418	0	0	0	0	0	0	0	0	0	0	0	508	164	0	8758	10692	3836	382	122	5042	694	170	0	182	0	536	0	0	0	0	0	0	0	0	0	0	0	0	0	0	0	0	0	0	0	0	0	0	0	0	0	0	0	0	0	0	0	0	0	
453064	Caudate_R	672	714	5090	26818	578	542	738	2316	144	0	208	9562	178	9682	968	768	516	5986	3998	22756	2286	4912	1084	8530	0	770	942	1596	1722	20474	2954	21752	0	1648	0	0	190	1124	0	756	0	0	0	0	0	0	0	0	0	0	0	0	0	0	0	494	104	0	0	0	0	0	0	0	0	0	0	0	420	1920	8758	0	3590	27046	106	1338	1602	16576	0	0	132	154	80	1238	0	0	0	0	0	0	0	0	0	0	0	0	0	0	0	0	0	0	0	0	0	0	0	0	0	0	0	0	0	0	0	0	
311604	Putamen_L	10122	2570	19176	1576	7168	170	11014	1984	486	0	3670	1114	2606	470	3152	0	1472	254	5786	2092	2498	2702	4790	320	726	186	542	882	16482	1394	4446	1344	0	0	394	180	8580	334	1332	180	686	0	0	0	0	0	0	0	0	0	0	0	0	0	1184	144	224	0	0	0	0	0	0	0	0	0	138	0	1216	94	10692	3590	0	2294	8580	0	1318	202	646	0	708	0	832	0	422	0	0	0	638	0	0	0	0	0	0	0	0	0	0	0	0	0	0	0	0	0	0	0	0	0	0	0	0	0	0	0	
399992	Putamen_R	140	4122	3338	16016	324	428	234	1958	88	244	116	7502	190	2572	376	1118	430	7820	2506	7788	1512	2808	760	9904	82	2004	546	2518	1290	25942	2186	18472	0	734	0	0	172	14614	0	7912	84	1464	0	0	0	0	0	0	0	0	0	0	0	0	0	6918	0	90	0	0	0	0	0	0	0	0	0	0	0	0	3836	27046	2294	0	0	2034	0	1246	0	230	152	1448	0	528	0	170	0	0	0	2392	0	174	0	0	0	0	0	848	0	276	0	0	0	0	0	0	0	0	0	0	0	0	0	0	0	0	
70728	Pallidum_L	3072	562	6686	536	0	0	4418	126	0	0	912	0	0	0	0	0	732	0	3232	1470	0	0	0	0	0	0	0	0	112	0	0	0	0	0	0	0	1344	0	256	0	0	0	0	0	0	0	0	0	0	0	0	0	0	0	88	0	0	0	0	0	0	0	0	0	0	0	0	0	438	280	382	106	8580	0	0	0	1858	0	174	0	0	0	0	0	0	0	0	0	0	0	0	0	0	0	0	0	0	0	0	0	0	0	0	0	0	0	0	0	0	0	0	0	0	0	0	0	
16484	Pallidum_R	0	454	314	1162	0	0	184	0	0	0	0	128	0	0	0	0	0	206	220	716	0	0	0	0	0	0	0	0	82	180	0	0	0	0	0	0	0	412	0	398	0	0	0	0	0	0	0	0	0	0	0	0	0	0	0	292	0	0	0	0	0	0	0	0	0	0	0	0	0	0	122	1338	0	2034	0	0	0	0	0	0	0	0	0	0	0	0	0	0	0	0	0	0	0	0	0	0	0	0	0	0	0	0	0	0	0	0	0	0	0	0	0	0	0	0	0	0	
174136	Thalamus_L	12054	356	7894	1464	0	0	5750	0	0	0	0	0	0	0	0	0	0	0	11916	718	0	0	0	0	0	0	0	0	192	0	0	0	0	0	2262	5688	3270	4514	350	876	0	0	0	0	0	0	0	266	0	0	0	0	0	0	0	238	0	0	0	0	0	0	0	0	0	0	0	538	12282	88	5042	1602	1318	0	1858	0	0	6364	0	0	0	0	0	0	0	0	0	0	0	0	0	0	0	0	0	0	0	0	0	0	0	0	0	0	0	0	0	0	0	0	168	0	0	0	0	0	
149060	Thalamus_R	654	998	214	14352	0	0	0	84	0	0	0	848	0	128	0	0	0	584	526	16308	0	0	0	0	0	0	0	0	0	1156	0	0	0	86	298	2732	646	4730	0	864	0	0	0	0	0	0	0	0	0	0	0	0	0	0	0	418	94	0	0	0	0	0	0	0	0	0	0	0	1482	1842	694	16576	202	1246	0	0	6364	0	0	94	0	0	0	174	0	0	0	0	0	136	0	0	0	0	0	0	0	0	0	0	0	0	0	0	0	0	0	0	0	0	0	0	0	0	0	0	
131632	Heschl_L	11310	0	1856	0	0	0	2098	0	0	0	1814	0	86	0	0	0	6114	0	236	236	0	0	0	0	0	0	0	0	12246	0	0	0	0	0	298	0	3258	0	0	0	0	0	0	0	0	0	0	0	0	0	1404	0	148	0	744	0	4826	0	1224	0	1332	0	1054	0	312	0	742	0	140	0	170	0	646	0	174	0	0	0	0	0	5910	0	0	0	4974	0	0	0	2464	0	0	0	0	0	0	0	0	0	0	0	0	0	0	0	0	0	0	0	0	0	0	0	0	0	0	0	
44484	Heschl_R	0	180	0	414	0	0	0	0	0	0	0	320	0	0	0	0	0	3676	0	418	0	0	0	0	0	0	0	0	0	3676	0	0	0	0	0	0	0	800	0	290	0	0	0	144	0	0	0	122	0	0	0	0	0	628	0	1106	0	220	0	326	0	0	0	352	0	0	0	370	0	336	0	0	0	230	0	0	0	94	0	0	0	5260	0	0	0	1348	0	0	0	1724	0	208	0	0	0	0	0	0	0	0	0	0	0	0	0	0	0	0	0	0	0	0	0	0	0	0	
240996	Temporal_Sup_L	3436	496	4640	266	0	0	1324	208	0	0	4620	248	362	0	0	0	12762	120	1302	384	0	0	0	0	0	0	0	0	11870	156	0	0	0	0	178	0	2180	0	0	0	0	0	0	0	0	0	0	0	0	0	1672	0	82	0	708	0	6522	0	1046	0	3010	0	5842	0	2416	0	422	0	144	0	182	132	708	152	0	0	0	0	5910	0	0	0	3324	0	26708	0	202	0	16764	0	0	0	0	0	0	0	0	0	0	0	0	0	0	0	0	0	0	0	0	0	0	0	0	0	0	0	
128512	Temporal_Sup_R	0	424	0	780	0	0	0	94	0	0	0	1362	0	0	0	222	0	6054	0	702	0	0	0	0	0	0	0	0	0	5008	0	0	0	0	0	154	0	1608	0	432	0	0	0	166	0	804	0	160	0	1002	0	726	0	946	0	2308	0	694	0	1150	0	324	0	9092	0	2948	0	1286	0	1108	0	154	0	1448	0	0	0	0	0	5260	0	0	0	1410	0	11570	0	0	0	4438	0	422	0	0	0	0	0	0	0	0	0	0	0	0	0	0	0	0	0	0	0	0	0	0	0	0	
122340	Temporal_Pole_Sup_L	88	0	2856	242	748	0	1412	0	1194	0	2614	0	4128	0	6944	0	2258	0	1140	602	770	80	0	0	0	0	104	0	7002	98	0	278	0	462	0	0	712	0	414	0	994	0	0	0	0	0	0	0	0	0	0	0	0	0	646	0	0	0	0	0	0	0	0	0	0	0	0	0	0	0	536	80	832	0	0	0	0	0	0	0	3324	0	0	0	8692	0	3938	0	7982	0	0	0	0	0	0	0	0	0	0	0	0	0	0	0	0	0	0	0	0	0	0	0	0	0	0	0	
57224	Temporal_Pole_Sup_R	0	0	138	500	0	0	0	0	0	0	0	1578	0	0	0	508	0	1586	132	354	0	0	0	208	0	0	0	0	0	2750	0	284	0	0	0	0	0	0	0	1176	0	554	0	0	0	0	0	0	0	0	0	0	0	0	0	4950	0	0	0	0	0	0	0	0	0	0	0	0	0	0	0	1238	0	528	0	0	0	174	0	0	0	1410	0	0	0	2570	0	3390	0	4584	0	0	0	0	0	0	0	0	0	0	0	0	0	0	0	0	0	0	0	0	0	0	0	0	0	0	
411156	Temporal_Mid_L	3774	0	392	0	0	0	270	0	0	0	148	0	0	0	134	0	3146	0	236	0	180	0	0	0	0	0	0	0	9760	0	0	0	616	0	2924	0	658	0	118	0	390	0	6230	0	1994	0	234	0	1882	0	28276	0	6064	0	6988	0	4116	0	4614	0	10662	0	7896	0	11476	0	9048	0	1918	0	0	0	422	0	0	0	0	0	4974	0	26708	0	8692	0	0	0	4212	0	36426	0	0	0	0	0	0	0	0	0	0	0	0	0	0	0	0	0	0	0	0	0	0	0	0	0	0	0	
202228	Temporal_Mid_R	0	1354	0	0	0	0	0	0	0	0	0	0	0	0	0	0	0	968	0	384	0	0	0	0	0	0	0	0	0	1630	0	0	0	428	0	2100	0	228	0	0	0	0	0	2402	0	2278	0	638	0	4386	0	16122	0	2980	0	1484	0	2038	0	1418	0	1662	0	6952	0	8684	0	4802	0	3076	0	0	0	170	0	0	0	0	0	1348	0	11570	0	2570	0	0	0	1504	0	17682	0	122	0	0	0	0	0	0	0	0	0	0	0	0	0	0	0	0	0	0	134	0	0	0	0	0	
26124	Temporal_Pole_Mid_L	0	0	0	0	0	0	0	0	0	0	0	0	0	0	0	0	0	0	0	0	0	0	0	0	0	0	0	0	0	0	0	0	0	0	0	0	0	0	0	0	0	0	0	0	0	0	0	0	0	0	0	0	0	0	438	0	0	0	0	0	0	0	0	0	0	0	0	0	0	0	0	0	0	0	0	0	0	0	0	0	202	0	3938	0	4212	0	0	0	4272	0	0	0	0	0	0	0	0	0	0	0	0	0	0	0	0	0	0	0	0	0	0	0	0	0	0	0	
16660	Temporal_Pole_Mid_R	0	0	0	0	0	0	0	0	0	0	0	0	0	0	0	0	0	0	0	0	0	0	0	0	0	0	0	0	0	0	0	0	0	0	0	0	0	0	0	644	0	0	0	0	0	0	0	0	0	0	0	0	0	0	0	1686	0	0	0	0	0	0	0	0	0	0	0	0	0	0	0	0	0	0	0	0	0	0	0	0	0	0	0	3390	0	1504	0	0	0	1106	0	0	0	0	0	0	0	0	0	0	0	0	0	0	0	0	0	0	0	0	0	0	0	0	0	0	
261100	Temporal_Inf_L	1766	0	586	0	0	0	364	0	0	0	124	0	0	0	134	0	1418	0	378	0	180	0	0	0	0	0	0	0	7448	0	0	0	0	0	554	0	5950	0	1436	0	1540	0	842	0	80	0	2016	0	80	0	1948	0	7864	0	14068	0	1206	0	870	0	2986	0	552	0	2308	0	1744	0	792	0	0	0	638	0	0	0	0	0	2464	0	16764	0	7982	0	36426	0	4272	0	0	0	1808	0	244	0	0	0	0	0	394	0	82	0	242	0	0	0	0	0	0	0	0	0	0	0	0	0	
168324	Temporal_Inf_R	0	632	0	200	0	0	0	0	0	0	0	0	0	0	0	0	0	1140	0	312	0	0	0	0	0	0	0	0	0	1946	0	0	0	0	0	440	0	5688	0	2690	0	196	0	250	0	600	0	342	0	924	0	934	0	6614	0	17772	0	498	0	984	0	622	0	1422	0	844	0	1388	0	1296	0	0	0	2392	0	0	0	136	0	1724	0	4438	0	4584	0	17682	0	1106	0	0	0	3182	0	0	0	0	0	606	0	456	0	0	0	0	0	0	0	0	0	0	122	0	0	0	0	0	
563648	Cerebelum_Crus1_L	0	0	0	0	0	0	0	0	0	0	0	0	0	0	0	0	0	0	0	0	0	0	0	0	0	0	0	0	0	0	0	0	0	0	0	0	0	0	150	0	0	0	270	0	162	0	4486	5594	138	0	1136	0	2246	0	20890	3244	0	0	0	0	0	0	0	0	0	0	88	0	0	0	0	0	0	0	0	0	0	0	0	0	0	0	0	0	0	0	0	0	1808	0	0	10588	36456	5196	150	656	19910	2774	63984	12676	13988	1890	20406	3980	6928	780	366	0	380	702	9982	16746	8744	2656	1550	124	
569712	Cerebelum_Crus1_R	0	0	0	0	0	0	0	0	0	0	0	0	0	0	0	0	0	86	0	0	0	0	0	0	0	0	0	0	0	232	0	0	0	0	0	150	0	1050	0	1216	0	0	0	132	0	0	352	8358	0	0	0	0	0	2810	1208	16792	0	0	0	0	0	0	0	0	0	0	0	380	0	0	0	0	0	174	0	0	0	0	0	208	0	422	0	0	0	122	0	0	0	3182	10588	0	2464	40010	198	2434	5990	23226	14650	68934	340	4052	406	21064	1110	1030	738	0	434	2526	15560	21942	8404	1108	774	0	
361936	Cerebelum_Crus2_L	0	0	0	0	0	0	0	0	0	0	0	0	0	0	0	0	0	0	0	0	0	0	0	0	0	0	0	0	0	0	0	0	0	0	0	0	0	0	0	0	0	0	0	0	0	0	92	338	0	0	0	0	0	0	756	198	0	0	0	0	0	0	0	0	0	0	0	0	0	0	0	0	0	0	0	0	0	0	0	0	0	0	0	0	0	0	0	0	244	0	36456	2464	0	11154	0	180	1054	238	10456	2600	41028	7382	34712	6638	8312	456	284	0	100	200	330	2668	9768	2144	716	0	
387492	Cerebelum_Crus2_R	0	0	0	0	0	0	0	0	0	0	0	0	0	0	0	0	0	0	0	0	0	0	0	0	0	0	0	0	0	0	0	0	0	0	0	0	0	144	0	272	0	0	0	0	0	0	0	200	0	0	0	0	0	0	238	454	0	0	0	0	0	0	0	0	0	0	0	0	0	0	0	0	0	0	0	0	0	0	0	0	0	0	0	0	0	0	0	0	0	0	5196	40010	11154	0	170	500	2696	1930	3172	13986	4740	26354	5098	40912	1814	3526	276	288	270	466	3480	4244	15778	4444	1934	0	
51368	Cerebelum_3_L	0	0	0	0	0	0	0	0	0	0	0	0	0	0	0	0	0	0	0	0	0	0	0	0	0	0	0	0	0	0	0	0	0	0	0	0	0	0	436	0	0	0	0	0	0	0	0	0	0	0	0	0	0	0	128	0	0	0	0	0	0	0	0	0	0	0	0	0	0	0	0	0	0	0	0	0	0	0	0	0	0	0	0	0	0	0	0	0	0	0	150	198	0	170	0	740	7636	540	1768	1244	0	0	0	128	230	280	94	0	2570	5004	2698	1040	186	176	132	136	
84316	Cerebelum_3_R	0	0	0	0	0	0	0	0	0	0	0	0	0	0	0	0	0	0	0	0	0	0	0	0	0	0	0	0	0	0	0	0	0	0	0	0	0	0	0	166	0	0	0	0	0	0	0	350	0	0	0	0	0	0	0	364	0	0	0	0	0	0	0	0	0	0	0	0	0	0	0	0	0	0	0	0	0	0	0	0	0	0	0	0	0	0	0	0	0	0	656	2434	180	500	740	0	1398	6702	1068	7326	0	92	0	1258	80	950	0	0	2316	7346	2044	1954	1678	1462	992	102	
320556	Cerebelum_4_5_L	0	0	0	0	0	0	0	0	0	0	0	0	0	0	0	0	0	0	0	0	0	0	0	0	0	0	0	0	0	0	0	0	0	0	0	0	0	0	736	0	0	0	0	0	0	0	5432	626	0	0	0	0	360	0	13400	92	0	0	0	0	0	0	0	0	0	0	0	0	0	0	0	0	0	0	0	0	0	0	0	0	0	0	0	0	0	0	0	0	0	0	19910	5990	1054	2696	7636	1398	0	4870	36828	9804	404	132	182	892	1938	1052	1070	0	2996	5448	24428	8018	426	666	1068	726	
272856	Cerebelum_4_5_R	0	0	0	118	0	0	0	0	0	0	0	0	0	0	0	0	0	0	0	0	0	0	0	0	0	0	0	0	0	158	0	0	0	0	98	140	102	2814	0	4688	0	0	0	138	0	0	604	6038	0	0	0	0	0	88	750	7946	0	0	0	0	0	0	0	0	0	0	0	406	0	0	0	0	0	848	0	0	0	0	0	0	0	0	0	0	0	0	0	0	0	606	2774	23226	238	1930	540	6702	4870	0	4674	33130	0	134	0	1460	0	492	0	0	720	5376	16404	4070	1818	1318	918	92	
550968	Cerebelum_6_L	0	0	0	0	0	0	0	0	0	0	0	0	0	0	0	0	0	0	0	0	0	0	0	0	0	0	0	0	0	0	0	0	0	0	0	0	0	0	220	0	0	0	0	0	0	0	7076	7298	0	0	258	0	688	0	24492	3808	0	0	0	0	0	0	0	0	0	0	0	0	0	0	0	0	0	0	0	0	0	0	0	0	0	0	0	0	0	0	0	0	394	0	63984	14650	10456	3172	1768	1068	36828	4674	0	18352	5126	188	4198	1530	3372	1274	1424	0	1384	1954	20810	26776	3890	2186	1792	394	
557760	Cerebelum_6_R	0	0	0	0	0	0	0	0	0	0	0	0	0	0	0	0	0	0	0	0	0	0	0	0	0	0	0	0	0	86	0	0	0	0	0	0	0	1250	0	1690	0	0	0	106	0	0	502	9442	0	0	0	0	0	0	1470	15120	0	0	0	0	0	0	0	0	0	0	0	0	0	0	0	0	0	276	0	0	0	0	0	0	0	0	0	0	0	0	0	0	0	456	12676	68934	2600	13986	1244	7326	9804	33130	18352	0	368	1088	312	7222	1266	796	876	0	1876	5996	21620	26380	9310	1704	1374	242	
248228	Cerebelum_7b_L	0	0	0	0	0	0	0	0	0	0	0	0	0	0	0	0	0	0	0	0	0	0	0	0	0	0	0	0	0	0	0	0	0	0	0	0	0	0	0	0	0	0	0	0	0	0	0	0	0	0	0	0	0	0	170	0	0	0	0	0	0	0	0	0	0	0	0	0	0	0	0	0	0	0	0	0	0	0	0	0	0	0	0	0	0	0	0	0	82	0	13988	340	41028	4740	0	0	404	0	5126	368	0	4526	35358	4120	5842	176	246	0	0	0	90	430	4348	2544	188	0	
184560	Cerebelum_7b_R	0	0	0	0	0	0	0	0	0	0	0	0	0	0	0	0	0	0	0	0	0	0	0	0	0	0	0	0	0	0	0	0	0	0	0	0	0	0	0	0	0	0	0	0	0	0	0	0	0	0	0	0	0	0	0	0	0	0	0	0	0	0	0	0	0	0	0	0	0	0	0	0	0	0	0	0	0	0	0	0	0	0	0	0	0	0	0	0	0	0	1890	4052	7382	26354	0	92	132	134	188	1088	4526	0	3854	26814	650	4284	0	0	0	94	216	486	6976	2930	138	0	
299332	Cerebelum_8_L	0	0	0	0	0	0	0	0	0	0	0	0	0	0	0	0	0	0	0	0	0	0	0	0	0	0	0	0	0	0	0	0	0	0	0	0	0	0	0	0	0	0	0	0	0	0	0	0	0	0	0	0	0	0	170	0	0	0	0	0	0	0	0	0	0	0	0	0	0	0	0	0	0	0	0	0	0	0	0	0	0	0	0	0	0	0	0	0	242	0	20406	406	34712	5098	0	0	182	0	4198	312	35358	3854	0	7486	20578	1346	1156	0	0	0	0	336	4976	7224	1626	0	
343764	Cerebelum_8_R	0	0	0	0	0	0	0	0	0	0	0	0	0	0	0	0	0	0	0	0	0	0	0	0	0	0	0	0	0	0	0	0	0	0	0	0	0	0	0	114	0	0	0	0	0	0	0	166	0	0	0	0	0	0	0	272	0	0	0	0	0	0	0	0	0	0	0	0	0	0	0	0	0	0	0	0	0	0	0	0	0	0	0	0	0	0	0	0	0	0	3980	21064	6638	40912	128	1258	892	1460	1530	7222	4120	26814	7486	0	2600	15388	0	396	654	1012	1428	2488	11182	9096	3354	228	
138000	Cerebelum_9_L	0	0	0	0	0	0	0	0	0	0	0	0	0	0	0	0	0	0	0	0	0	0	0	0	0	0	0	0	0	0	0	0	0	0	0	0	0	0	0	0	0	0	0	0	0	0	0	0	0	0	0	0	0	0	0	0	0	0	0	0	0	0	0	0	0	0	0	0	0	0	0	0	0	0	0	0	0	0	0	0	0	0	0	0	0	0	0	0	0	0	6928	1110	8312	1814	230	80	1938	0	3372	1266	5842	650	20578	2600	0	1638	2558	0	0	90	1072	2408	1960	2274	1772	508	
119140	Cerebelum_9_R	0	0	0	0	0	0	0	0	0	0	0	0	0	0	0	0	0	0	0	0	0	0	0	0	0	0	0	0	0	0	0	0	0	0	0	0	0	0	0	0	0	0	0	0	0	0	0	94	0	0	0	0	0	0	0	0	0	0	0	0	0	0	0	0	0	0	0	0	0	0	0	0	0	0	0	0	0	0	0	0	0	0	0	0	0	0	0	0	0	0	780	1030	456	3526	280	950	1052	492	1274	796	176	4284	1346	15388	1638	0	0	786	1052	1774	2132	3150	3490	5486	6762	1376	
22032	Cerebelum_10_L	0	0	0	0	0	0	0	0	0	0	0	0	0	0	0	0	0	0	0	0	0	0	0	0	0	0	0	0	0	0	0	0	0	0	0	0	0	0	0	0	0	0	0	0	0	0	0	0	0	0	0	0	0	0	0	0	0	0	0	0	0	0	0	0	0	0	0	0	0	0	0	0	0	0	0	0	0	0	0	0	0	0	0	0	0	0	0	0	0	0	366	738	284	276	94	0	1070	0	1424	876	246	0	1156	0	2558	0	0	0	0	0	680	1142	0	0	106	0	
5752	Cerebelum_10_R	0	0	0	0	0	0	0	0	0	0	0	0	0	0	0	0	0	0	0	0	0	0	0	0	0	0	0	0	0	0	0	0	0	0	0	0	0	0	0	0	0	0	0	0	0	0	0	0	0	0	0	0	0	0	0	0	0	0	0	0	0	0	0	0	0	0	0	0	0	0	0	0	0	0	0	0	0	0	0	0	0	0	0	0	0	0	0	0	0	0	0	0	0	288	0	0	0	0	0	0	0	0	0	396	0	786	0	0	0	0	0	116	392	418	480	0	
61940	Vermis_1_2	0	0	0	0	0	0	0	0	0	0	0	0	0	0	0	0	0	0	0	0	0	0	0	0	0	0	0	0	0	0	0	0	0	0	0	0	0	0	0	0	0	0	0	0	0	0	0	0	0	0	0	0	0	0	0	0	0	0	0	0	0	0	0	0	0	0	0	0	0	0	0	0	0	0	0	0	0	0	0	0	0	0	0	0	0	0	0	0	0	0	380	434	100	270	2570	2316	2996	720	1384	1876	0	0	0	654	0	1052	0	0	0	8602	3106	1716	948	942	694	210	
123212	Vermis_3	0	0	0	0	0	0	0	0	0	0	0	0	0	0	0	0	0	0	0	0	0	0	0	0	0	0	0	0	0	0	0	0	0	0	0	0	0	0	152	0	0	0	0	0	0	0	86	164	0	0	0	0	0	0	0	0	0	0	0	0	0	0	0	0	0	0	0	0	0	0	0	0	0	0	0	0	0	0	0	0	0	0	0	0	0	0	0	0	0	0	702	2526	200	466	5004	7346	5448	5376	1954	5996	0	94	0	1012	90	1774	0	0	8602	0	6184	2998	1960	1846	1338	288	
354116	Vermis_4_5	0	412	0	0	0	0	0	0	0	0	0	0	0	0	0	0	0	0	0	0	0	0	0	0	0	0	0	0	0	0	0	0	0	116	444	2084	362	252	0	0	0	0	0	642	0	156	2740	5674	0	0	0	120	236	320	4566	1428	0	408	0	0	0	0	0	0	0	0	96	2738	0	432	0	0	0	0	0	0	168	0	0	0	0	0	0	0	0	134	0	0	0	122	9982	15560	330	3480	2698	2044	24428	16404	20810	21620	90	216	0	1428	1072	2132	680	0	3106	6184	0	14030	1510	1682	2138	1784	
