data	data	467116	338268	1.0391e+06	799872	229064	181676	579752	288372	185092	56740	262844	199036	276232	123280	214156	102464	288928	107440	792952	754592	55876	77844	308588	274692	22836	84492	28820	68328	721900	332776	263432	461552	165624	590764	145904	186880	192276	258308	67736	128516	30832	78144	251128	345068	231880	331516	251820	264436	216860	404536	464964	302456	145988	91900	406520	307168	423508	262268	141808	97228	179100	122832	155336	96092	105912	117248	313696	426648	236628	173840	266172	290668	344072	302096	31036	7980	100724	132496	94020	25304	253632	84672	73396	42280	244692	214072	25432	21644	249892	208052	407592	439544	259388	234340	39964	70904	271656	257828	401792	418116	197520	128164	249696	256632	79360	133784	9092	14756	28564	70572	291512	203812	172984	137596	102712	45560	
data	data	Precentral_L	Precentral_R	Frontal_Sup_L	Frontal_Sup_R	Frontal_Sup_Orb_L	Frontal_Sup_Orb_R	Frontal_Mid_L	Frontal_Mid_R	Frontal_Mid_Orb_L	Frontal_Mid_Orb_R	Frontal_Inf_Oper_L	Frontal_Inf_Oper_R	Frontal_Inf_Tri_L	Frontal_Inf_Tri_R	Frontal_Inf_Orb_L	Frontal_Inf_Orb_R	Rolandic_Oper_L	Rolandic_Oper_R	Supp_Motor_Area_L	Supp_Motor_Area_R	Olfactory_L	Olfactory_R	Frontal_Sup_Medial_L	Frontal_Sup_Medial_R	Frontal_Med_Orb_L	Frontal_Med_Orb_R	Rectus_L	Rectus_R	Insula_L	Insula_R	Cingulum_Ant_L	Cingulum_Ant_R	Cingulum_Mid_L	Cingulum_Mid_R	Cingulum_Post_L	Cingulum_Post_R	Hippocampus_L	Hippocampus_R	ParaHippocampal_L	ParaHippocampal_R	Amygdala_L	Amygdala_R	Calcarine_L	Calcarine_R	Cuneus_L	Cuneus_R	Lingual_L	Lingual_R	Occipital_Sup_L	Occipital_Sup_R	Occipital_Mid_L	Occipital_Mid_R	Occipital_Inf_L	Occipital_Inf_R	Fusiform_L	Fusiform_R	Postcentral_L	Postcentral_R	Parietal_Sup_L	Parietal_Sup_R	Parietal_Inf_L	Parietal_Inf_R	SupraMarginal_L	SupraMarginal_R	Angular_L	Angular_R	Precuneus_L	Precuneus_R	Paracentral_Lobule_L	Paracentral_Lobule_R	Caudate_L	Caudate_R	Putamen_L	Putamen_R	Pallidum_L	Pallidum_R	Thalamus_L	Thalamus_R	Heschl_L	Heschl_R	Temporal_Sup_L	Temporal_Sup_R	Temporal_Pole_Sup_L	Temporal_Pole_Sup_R	Temporal_Mid_L	Temporal_Mid_R	Temporal_Pole_Mid_L	Temporal_Pole_Mid_R	Temporal_Inf_L	Temporal_Inf_R	Cerebelum_Crus1_L	Cerebelum_Crus1_R	Cerebelum_Crus2_L	Cerebelum_Crus2_R	Cerebelum_3_L	Cerebelum_3_R	Cerebelum_4_5_L	Cerebelum_4_5_R	Cerebelum_6_L	Cerebelum_6_R	Cerebelum_7b_L	Cerebelum_7b_R	Cerebelum_8_L	Cerebelum_8_R	Cerebelum_9_L	Cerebelum_9_R	Cerebelum_10_L	Cerebelum_10_R	Vermis_1_2	Vermis_3	Vermis_4_5	Vermis_6	Vermis_7	Vermis_8	Vermis_9	Vermis_10	
467116	Precentral_L	0	10404	13114	5296	116	0	29304	1482	112	0	13410	1316	1248	274	0	0	13688	408	8220	8484	0	0	198	0	0	0	0	0	15358	880	352	1474	658	1490	928	886	1822	458	526	170	0	0	830	136	914	90	374	0	3422	198	4064	98	1570	0	4332	184	31618	1210	154	98	3250	106	2480	126	450	0	2588	316	13120	5948	1804	2158	1406	1280	276	102	5478	992	2490	0	3864	0	212	0	1706	0	0	0	2038	0	0	0	0	0	0	0	0	0	0	0	0	0	0	0	0	0	0	0	0	0	0	0	0	0	0	0	
338268	Precentral_R	10404	0	7976	25464	568	0	3190	10300	408	0	784	6588	198	0	284	0	402	830	8946	9542	0	0	0	0	0	0	0	0	2176	316	234	0	210	3218	522	846	0	1766	0	746	0	0	0	1436	0	1350	0	288	0	3198	142	1352	0	260	164	1062	2540	15976	0	640	358	614	0	310	0	252	0	4368	6016	7704	1372	5790	1332	980	132	0	852	12788	170	0	90	238	0	0	90	544	0	0	0	808	0	0	0	0	0	0	0	0	0	0	0	0	0	0	0	0	0	0	0	0	0	0	0	0	0	0	
1.0391e+06	Frontal_Sup_L	13114	7976	0	14466	20564	0	88152	11800	15474	0	13798	3374	19088	138	13198	0	12544	670	87606	19132	0	0	49534	2932	1574	0	106	0	35960	1362	16412	3472	8074	9768	124	0	1694	900	326	306	0	0	0	0	0	0	92	0	0	316	0	92	0	0	164	270	1918	650	0	92	388	0	120	94	0	0	0	238	150	152	7288	2406	16724	2302	2744	230	2468	642	1858	0	3756	0	756	0	0	0	0	0	0	0	0	0	0	0	0	0	0	0	0	0	0	0	0	0	0	0	0	0	0	0	0	0	0	0	0	0	
799872	Frontal_Sup_R	5296	25464	14466	0	0	9556	3708	36562	92	0	612	6982	146	7588	116	4726	316	2442	24816	65118	0	0	9650	34644	0	1400	0	0	1484	11172	4172	34856	1586	37096	0	206	0	3416	0	1130	0	150	0	164	0	382	0	0	0	1316	0	554	0	0	0	868	1034	1386	0	152	126	506	0	544	0	0	0	1372	2046	676	1750	11916	1258	14728	0	158	406	8902	0	236	122	198	0	0	0	0	0	0	0	168	0	0	0	0	0	0	0	0	0	0	0	0	0	0	0	0	0	0	0	0	0	0	0	0	0	0	
229064	Frontal_Sup_Orb_L	116	568	20564	0	0	0	7124	1040	23918	0	544	1050	5040	0	13706	0	0	266	908	0	954	182	1938	0	1614	0	3554	134	9936	368	1426	498	0	0	0	0	0	0	0	0	0	0	0	0	0	0	0	0	0	0	0	0	0	0	0	0	0	0	0	0	0	0	0	0	0	0	0	0	0	0	4160	518	13386	190	0	0	0	0	0	0	138	0	692	0	0	0	0	0	0	0	0	0	0	0	0	0	0	0	0	0	0	0	0	0	0	0	0	0	0	0	0	0	0	0	0	0	
181676	Frontal_Sup_Orb_R	0	0	0	9556	0	0	0	2422	0	9490	0	0	0	1588	0	11132	0	0	274	1276	120	1276	298	7408	0	10242	0	6908	0	4258	786	6208	0	1168	0	0	0	0	0	0	0	182	0	0	0	0	0	0	0	0	0	0	0	0	0	0	0	0	0	0	0	0	0	0	0	0	0	0	0	0	180	6090	0	9976	0	0	0	0	0	0	0	0	0	0	0	0	0	0	0	0	0	0	0	0	0	0	0	0	0	0	0	0	0	0	0	0	0	0	0	0	0	0	0	0	0	0	
579752	Frontal_Mid_L	29304	3190	88152	3708	7124	0	0	3098	6764	0	8578	2478	28336	272	9920	0	4806	640	18564	2552	0	0	20342	2252	0	0	0	0	19876	1424	3552	2374	1508	1136	0	0	1424	430	466	140	0	0	0	0	0	0	116	0	0	0	0	0	0	0	166	134	742	276	0	0	464	0	0	0	0	0	0	0	104	452	2378	2196	3928	1764	522	104	2062	156	1226	0	676	0	0	0	0	0	0	0	0	0	0	0	0	0	0	0	0	0	0	0	0	0	0	0	0	0	0	0	0	0	0	0	0	0	0	0	
288372	Frontal_Mid_R	1482	10300	11800	36562	1040	2422	3098	0	858	1064	1258	8816	432	10066	434	1796	916	444	6766	10618	0	0	0	1902	0	0	0	0	3374	4452	1204	1216	206	6412	0	152	0	902	0	212	0	0	0	126	0	280	0	0	0	946	0	382	0	0	0	526	158	1014	0	140	126	388	0	472	0	0	0	990	96	0	2836	170	2164	2192	0	0	0	548	0	0	296	0	0	0	0	0	0	0	0	132	0	0	0	0	0	0	0	0	0	0	0	0	0	0	0	0	0	0	0	0	0	0	0	0	0	0	
185092	Frontal_Mid_Orb_L	112	408	15474	92	23918	0	6764	858	0	0	522	692	5194	0	15554	0	0	0	932	0	0	0	0	0	0	0	2242	0	8504	140	180	134	0	0	0	0	0	0	0	0	0	0	0	0	0	0	0	0	0	0	0	0	0	0	0	0	0	0	0	0	0	0	0	0	0	0	0	0	0	0	1238	160	8880	114	0	0	0	0	0	0	134	0	300	0	0	0	0	0	0	0	0	0	0	0	0	0	0	0	0	0	0	0	0	0	0	0	0	0	0	0	0	0	0	0	0	0	
56740	Frontal_Mid_Orb_R	0	0	0	0	0	9490	0	1064	0	0	0	0	0	1136	0	6804	0	0	0	0	0	580	0	0	0	2182	0	3016	0	570	0	0	0	0	0	0	0	0	0	0	0	0	0	0	0	0	0	0	0	0	0	0	0	0	0	0	0	0	0	0	0	0	0	0	0	0	0	0	0	0	0	1302	0	2226	0	0	0	0	0	0	0	0	0	0	0	0	0	0	0	0	0	0	0	0	0	0	0	0	0	0	0	0	0	0	0	0	0	0	0	0	0	0	0	0	0	0	
262844	Frontal_Inf_Oper_L	13410	784	13798	612	544	0	8578	1258	522	0	0	1372	10586	368	118	0	16662	130	9988	556	0	0	336	0	0	0	0	0	23718	1216	1014	410	0	170	0	0	528	128	0	0	0	0	0	0	0	0	0	0	0	0	0	0	0	0	0	0	4506	0	0	0	156	0	0	0	0	0	0	0	0	0	1320	582	4138	1368	0	0	208	0	878	0	7956	0	3504	0	0	0	0	0	0	0	0	0	0	0	0	0	0	0	0	0	0	0	0	0	0	0	0	0	0	0	0	0	0	0	0	0	
199036	Frontal_Inf_Oper_R	1316	6588	3374	6982	1050	0	2478	8816	692	0	1372	0	1366	8764	1210	0	236	5782	1824	6718	0	0	0	0	0	0	0	0	1806	15474	338	3092	0	3932	0	0	0	862	0	184	0	0	0	0	0	0	0	0	0	142	0	0	0	0	0	144	0	470	0	0	0	106	0	130	0	0	0	154	0	0	3768	1678	1880	4586	126	168	0	112	114	252	176	742	0	514	0	0	0	0	0	0	0	0	0	0	0	0	0	0	0	0	0	0	0	0	0	0	0	0	0	0	0	0	0	0	0	0	
276232	Frontal_Inf_Tri_L	1248	198	19088	146	5040	0	28336	432	5194	0	10586	1366	0	370	19204	0	902	296	3080	168	0	0	2222	124	0	0	0	0	26266	1594	4340	582	0	0	0	0	102	94	0	0	0	0	0	0	0	0	0	0	0	0	0	0	0	0	0	0	0	0	0	0	0	0	0	0	0	0	0	0	0	0	1892	654	1712	1214	0	0	0	0	0	0	820	0	846	0	0	0	0	0	0	0	0	0	0	0	0	0	0	0	0	0	0	0	0	0	0	0	0	0	0	0	0	0	0	0	0	0	
123280	Frontal_Inf_Tri_R	274	0	138	7588	0	1588	272	10066	0	1136	368	8764	370	0	104	4476	0	330	574	5280	0	0	0	560	0	0	0	0	512	10516	102	1792	0	3334	0	0	0	120	0	0	0	0	0	0	0	0	0	0	0	0	0	0	0	0	0	0	0	0	0	0	0	0	0	0	0	0	0	0	0	0	806	594	370	1376	0	0	0	0	112	0	118	0	0	0	0	0	0	0	0	0	0	0	0	0	0	0	0	0	0	0	0	0	0	0	0	0	0	0	0	0	0	0	0	0	0	0	
214156	Frontal_Inf_Orb_L	0	284	13198	116	13706	0	9920	434	15554	0	118	1210	19204	104	0	0	0	350	1108	124	914	0	1034	0	0	0	252	0	15710	1098	1226	348	0	0	0	0	264	114	0	0	0	0	0	0	0	0	0	0	0	0	0	0	0	0	0	0	0	0	0	0	0	0	0	0	0	0	0	0	0	0	2126	550	6360	788	0	0	0	0	0	0	0	0	864	0	0	0	0	0	0	0	0	0	0	0	0	0	0	0	0	0	0	0	0	0	0	0	0	0	0	0	0	0	0	0	0	0	
102464	Frontal_Inf_Orb_R	0	0	0	4726	0	11132	0	1796	0	6804	0	0	0	4476	0	0	0	0	268	732	0	814	0	1334	0	512	0	852	0	9208	128	4088	0	342	0	0	0	238	0	0	0	464	0	0	0	0	0	0	0	0	0	0	0	0	0	0	0	0	0	0	0	0	0	0	0	0	0	0	0	0	136	812	0	1130	0	0	0	0	0	0	0	208	0	526	0	272	0	234	0	0	0	0	0	0	0	0	0	0	0	0	0	0	0	0	0	0	0	0	0	0	0	0	0	0	0	0	
288928	Rolandic_Oper_L	13688	402	12544	316	0	0	4806	916	0	0	16662	236	902	0	0	0	0	0	9478	92	0	0	144	0	0	0	0	0	26578	136	90	0	0	0	0	0	742	0	0	0	0	0	0	0	0	0	0	0	0	0	1464	0	114	0	1020	0	17094	0	198	0	490	0	4206	0	490	0	162	0	156	0	578	200	1990	222	0	0	110	0	5810	0	16802	0	2014	0	2646	0	0	0	966	0	0	0	0	0	0	0	0	0	0	0	0	0	0	0	0	0	0	0	0	0	0	0	0	0	0	0	
107440	Rolandic_Oper_R	408	830	670	2442	266	0	640	444	0	0	130	5782	296	330	350	0	0	0	446	2472	0	0	0	0	0	0	0	0	344	14758	0	488	0	926	0	0	0	1192	0	212	0	0	0	0	0	116	0	0	0	364	0	156	0	0	0	484	0	5554	0	96	0	0	0	2520	0	0	0	370	0	0	920	214	216	2908	0	0	0	0	148	2622	0	2724	0	356	0	162	0	0	0	364	0	0	0	0	0	0	0	0	0	0	0	0	0	0	0	0	0	0	0	0	0	0	0	0	0	0	
792952	Supp_Motor_Area_L	8220	8946	87606	24816	908	274	18564	6766	932	0	9988	1824	3080	574	1108	268	9478	446	0	54474	0	0	7536	6582	0	0	0	0	18420	1428	5216	8726	12082	27632	1670	100	2188	1284	478	394	0	154	0	0	402	0	158	0	574	290	142	0	0	0	498	290	1820	564	0	118	166	0	90	0	0	0	1490	260	11602	5972	3722	6074	7598	4904	2276	316	7742	650	1544	0	3440	0	428	0	402	0	0	0	782	0	0	0	0	0	0	0	0	0	0	0	0	0	0	0	0	0	0	0	0	0	0	0	0	0	0	0	
754592	Supp_Motor_Area_R	8484	9542	19132	65118	0	1276	2552	10618	0	0	556	6718	168	5280	124	732	92	2472	54474	0	0	0	2128	9876	0	0	0	0	976	7948	3300	23630	5940	60654	2674	4380	0	2028	0	472	0	222	0	0	0	0	0	0	0	0	0	0	0	0	0	274	216	738	0	0	0	0	0	0	0	0	630	476	11204	22354	1470	13248	910	11118	0	432	0	1962	0	252	150	198	0	0	0	0	0	0	0	98	0	0	0	0	0	0	0	0	0	0	0	0	0	0	0	0	0	0	0	0	0	0	0	0	0	0	
55876	Olfactory_L	0	0	0	0	954	120	0	0	0	0	0	0	0	0	914	0	0	0	0	0	0	4930	0	0	98	554	1170	2418	1866	0	2288	2294	0	0	0	0	160	0	0	0	334	0	0	0	0	0	0	0	0	0	0	0	0	0	0	0	0	0	0	0	0	0	0	0	0	0	0	0	0	0	5610	1462	2326	0	0	0	0	0	0	0	0	0	440	0	0	0	0	0	0	0	0	0	0	0	0	0	0	0	0	0	0	0	0	0	0	0	0	0	0	0	0	0	0	0	0	0	
77844	Olfactory_R	0	0	0	0	182	1276	0	0	0	580	0	0	0	0	0	814	0	0	0	0	4930	0	0	0	0	1266	910	4276	0	2658	1820	2726	0	0	0	0	0	290	0	0	0	1720	0	0	0	0	0	0	0	0	0	0	0	0	0	0	0	0	0	0	0	0	0	0	0	0	0	0	0	0	7684	4504	3286	0	0	0	0	0	0	0	0	0	0	0	0	0	0	0	0	0	0	0	0	0	0	0	0	0	0	0	0	0	0	0	0	0	0	0	0	0	0	0	0	0	0	0	
308588	Frontal_Sup_Medial_L	198	0	49534	9650	1938	298	20342	0	0	0	336	0	2222	0	1034	0	144	0	7536	2128	0	0	0	14824	2040	224	218	0	3298	0	15282	8128	4762	7286	0	0	0	0	0	0	0	0	0	0	0	0	0	0	0	0	0	0	0	0	0	0	0	0	0	0	0	0	0	0	0	0	0	0	0	0	1430	0	1442	0	0	0	0	0	0	0	0	0	0	0	0	0	0	0	0	0	0	0	0	0	0	0	0	0	0	0	0	0	0	0	0	0	0	0	0	0	0	0	0	0	0	0	
274692	Frontal_Sup_Medial_R	0	0	2932	34644	0	7408	2252	1902	0	0	0	0	124	560	0	1334	0	0	6582	9876	0	0	14824	0	0	4652	0	0	190	1282	5058	24016	286	13776	0	0	0	0	0	0	0	0	0	0	0	0	0	0	0	0	0	0	0	0	0	0	0	0	0	0	0	0	0	0	0	0	0	0	0	0	0	2812	0	2836	0	0	0	0	0	0	0	0	0	0	0	0	0	0	0	0	0	0	0	0	0	0	0	0	0	0	0	0	0	0	0	0	0	0	0	0	0	0	0	0	0	0	
22836	Frontal_Med_Orb_L	0	0	1574	0	1614	0	0	0	0	0	0	0	0	0	0	0	0	0	0	0	98	0	2040	0	0	138	1040	0	0	0	2478	0	0	0	0	0	0	0	0	0	0	0	0	0	0	0	0	0	0	0	0	0	0	0	0	0	0	0	0	0	0	0	0	0	0	0	0	0	0	0	800	0	1636	0	0	0	0	0	0	0	0	0	0	0	0	0	0	0	0	0	0	0	0	0	0	0	0	0	0	0	0	0	0	0	0	0	0	0	0	0	0	0	0	0	0	0	
84492	Frontal_Med_Orb_R	0	0	0	1400	0	10242	0	0	0	2182	0	0	0	0	0	512	0	0	0	0	554	1266	224	4652	138	0	124	6310	0	116	2400	4300	0	0	0	0	0	0	0	0	0	0	0	0	0	0	0	0	0	0	0	0	0	0	0	0	0	0	0	0	0	0	0	0	0	0	0	0	0	0	538	4878	0	2410	0	0	0	0	0	0	0	0	0	0	0	0	0	0	0	0	0	0	0	0	0	0	0	0	0	0	0	0	0	0	0	0	0	0	0	0	0	0	0	0	0	0	
28820	Rectus_L	0	0	106	0	3554	0	0	0	2242	0	0	0	0	0	252	0	0	0	0	0	1170	910	218	0	1040	124	0	616	98	0	1506	454	0	0	0	0	0	0	0	0	0	0	0	0	0	0	0	0	0	0	0	0	0	0	0	0	0	0	0	0	0	0	0	0	0	0	0	0	0	0	1258	0	862	0	0	0	0	0	0	0	0	0	0	0	0	0	0	0	0	0	0	0	0	0	0	0	0	0	0	0	0	0	0	0	0	0	0	0	0	0	0	0	0	0	0	0	
68328	Rectus_R	0	0	0	0	134	6908	0	0	0	3016	0	0	0	0	0	852	0	0	0	0	2418	4276	0	0	0	6310	616	0	0	884	640	1958	0	0	0	0	0	0	0	0	0	166	0	0	0	0	0	0	0	0	0	0	0	0	0	0	0	0	0	0	0	0	0	0	0	0	0	0	0	0	2646	1840	1008	492	0	0	0	0	0	0	0	0	0	0	0	0	0	0	0	0	0	0	0	0	0	0	0	0	0	0	0	0	0	0	0	0	0	0	0	0	0	0	0	0	0	0	
721900	Insula_L	15358	2176	35960	1484	9936	0	19876	3374	8504	0	23718	1806	26266	512	15710	0	26578	344	18420	976	1866	0	3298	190	0	0	98	0	0	1872	8466	1038	276	188	906	306	7308	350	776	0	952	0	1314	0	192	0	326	0	0	128	1512	0	974	0	10466	224	18884	390	204	0	486	0	8410	0	470	0	1932	142	928	0	6102	2048	22624	1838	388	0	1334	370	10512	0	16480	0	5650	0	2832	0	0	0	4902	0	0	0	0	0	0	0	0	0	0	0	0	0	0	0	0	0	0	0	0	0	0	0	0	0	0	0	
332776	Insula_R	880	316	1362	11172	368	4258	1424	4452	140	570	1216	15474	1594	10516	1098	9208	136	14758	1428	7948	0	2658	0	1282	0	116	0	884	1872	0	456	7586	0	4036	0	106	94	6852	0	1904	0	4224	0	0	0	0	0	0	0	116	0	0	0	0	0	2650	134	1214	0	118	0	0	0	716	0	0	0	0	0	0	3004	1798	1216	22500	0	0	96	344	328	1714	164	2946	0	886	0	2664	0	0	0	3392	0	0	0	0	0	0	0	0	0	0	0	0	0	0	0	0	0	0	0	0	0	0	0	0	0	0	
263432	Cingulum_Ant_L	352	234	16412	4172	1426	786	3552	1204	180	0	1014	338	4340	102	1226	128	90	0	5216	3300	2288	1820	15282	5058	2478	2400	1506	640	8466	456	0	14924	9434	4216	380	0	0	0	0	0	0	0	0	0	0	0	0	0	0	0	0	0	0	0	0	0	0	0	0	0	0	0	0	0	0	0	0	0	0	0	7594	2050	7312	1012	0	0	0	0	104	0	224	0	0	0	0	0	0	0	0	0	0	0	0	0	0	0	0	0	0	0	0	0	0	0	0	0	0	0	0	0	0	0	0	0	0	0	
461552	Cingulum_Ant_R	1474	0	3472	34856	498	6208	2374	1216	134	0	410	3092	582	1792	348	4088	0	488	8726	23630	2294	2726	8128	24016	0	4300	454	1958	1038	7586	14924	0	3856	29456	0	0	0	1312	0	352	0	0	0	0	0	0	0	0	0	0	0	0	0	0	0	0	0	0	0	0	0	0	0	0	0	0	0	0	0	0	4742	14208	2944	13094	0	0	0	0	0	0	0	0	0	0	0	0	0	0	0	0	0	0	0	0	0	0	0	0	0	0	0	0	0	0	0	0	0	0	0	0	0	0	0	0	0	0	
165624	Cingulum_Mid_L	658	210	8074	1586	0	0	1508	206	0	0	0	0	0	0	0	0	0	0	12082	5940	0	0	4762	286	0	0	0	0	276	0	9434	3856	0	10708	4162	686	0	0	0	0	0	0	418	0	1338	224	0	0	1766	202	1614	0	188	0	102	0	1312	0	154	0	0	0	0	0	0	0	5374	806	3534	604	0	0	0	0	0	0	0	0	0	0	0	0	0	0	566	0	0	0	176	0	0	0	0	0	0	0	0	0	0	0	0	0	0	0	0	0	0	0	0	0	0	0	0	0	0	0	
590764	Cingulum_Mid_R	1490	3218	9768	37096	0	1168	1136	6412	0	0	170	3932	0	3334	0	342	0	926	27632	60654	0	0	7286	13776	0	0	0	0	188	4036	4216	29456	10708	0	3976	12084	0	190	0	0	0	0	0	2072	0	3444	0	622	0	3076	0	950	0	256	0	212	94	3808	0	0	0	0	0	0	0	0	3224	9990	7250	12542	0	1580	0	2020	0	0	0	0	0	0	0	0	0	0	0	430	0	0	0	494	0	0	0	0	0	0	0	0	0	0	0	0	0	0	0	0	0	0	0	0	124	0	0	0	0	0	
145904	Cingulum_Post_L	928	522	124	0	0	0	0	0	0	0	0	0	0	0	0	0	0	0	1670	2674	0	0	0	0	0	0	0	0	906	0	380	0	4162	3976	0	12920	4070	3814	1946	546	0	0	2772	0	1270	0	1828	576	320	0	324	0	172	0	3082	1126	1994	844	0	0	0	0	608	0	0	0	6250	1312	6354	3102	0	0	0	0	0	0	0	1192	0	0	0	0	0	0	0	0	0	0	0	0	0	162	0	0	0	0	0	282	0	162	0	0	0	0	0	0	0	0	0	0	582	0	0	0	0	0	
186880	Cingulum_Post_R	886	846	0	206	0	0	0	152	0	0	0	0	0	0	0	0	0	0	100	4380	0	0	0	0	0	0	0	0	306	106	0	0	686	12084	12920	0	3024	5298	1474	820	0	0	202	2244	194	924	966	4104	0	450	0	132	0	0	1128	3694	532	1778	0	0	0	0	198	0	0	0	2822	12896	3164	5410	0	0	0	0	0	0	522	2276	0	0	0	0	0	0	0	0	0	0	0	238	0	1014	0	0	0	0	0	1292	0	1048	0	0	0	0	0	0	0	0	0	0	2924	0	0	0	0	0	
192276	Hippocampus_L	1822	0	1694	0	0	0	1424	0	0	0	528	0	102	0	264	0	742	0	2188	0	160	0	0	0	0	0	0	0	7308	94	0	0	0	0	4070	3024	0	3534	10102	768	7062	0	1360	0	0	0	3992	866	0	0	156	0	0	0	10432	192	1484	0	0	0	0	0	522	0	0	0	2072	494	0	0	1104	94	5948	0	574	0	5684	2190	1828	0	1598	0	890	0	302	0	0	0	7768	0	398	150	0	0	0	0	0	258	368	150	0	0	0	0	0	0	0	0	0	0	378	0	0	0	0	0	
258308	Hippocampus_R	458	1766	900	3416	0	0	430	902	0	0	128	862	94	120	114	238	0	1192	1284	2028	0	290	0	0	0	0	0	0	350	6852	0	1312	0	190	3814	5298	3534	0	1774	19568	0	11752	96	312	0	0	844	4570	0	0	0	0	0	0	524	20800	106	188	0	0	0	0	0	0	0	0	94	3112	94	0	380	572	306	11684	0	116	814	5574	0	138	0	608	0	1898	0	208	0	696	0	3352	0	510	0	0	0	0	0	1490	0	552	0	0	0	0	0	0	0	0	0	0	850	0	0	0	0	0	
67736	ParaHippocampal_L	526	0	326	0	0	0	466	0	0	0	0	0	0	0	0	0	0	0	478	0	0	0	0	0	0	0	0	0	776	0	0	0	0	0	1946	1474	10102	1774	0	276	1538	0	526	0	0	0	3710	330	0	0	146	0	162	0	2952	98	96	0	0	0	0	0	0	0	0	0	744	236	0	0	0	0	606	0	0	0	1580	1134	126	0	144	0	276	0	0	0	0	0	592	0	0	0	0	0	0	0	456	0	90	0	0	0	0	0	0	0	0	0	0	0	182	0	0	0	0	0	
128516	ParaHippocampal_R	170	746	306	1130	0	0	140	212	0	0	0	184	0	0	0	0	0	212	394	472	0	0	0	0	0	0	0	0	0	1904	0	352	0	0	546	820	768	19568	276	0	0	6322	0	384	0	0	164	2778	0	0	0	0	0	0	0	13476	0	0	0	0	0	0	0	0	0	0	0	484	0	0	120	120	114	3094	0	108	368	2254	0	0	0	264	0	1384	0	0	0	1266	0	1368	0	440	0	0	0	0	0	1028	0	522	0	0	0	0	0	0	0	0	0	0	0	0	0	0	0	0	
30832	Amygdala_L	0	0	0	0	0	0	0	0	0	0	0	0	0	0	0	0	0	0	0	0	334	0	0	0	0	0	0	0	952	0	0	0	0	0	0	0	7062	0	1538	0	0	0	0	0	0	0	0	0	0	0	0	0	0	0	3308	0	0	0	0	0	0	0	0	0	0	0	0	0	0	0	0	0	308	0	0	0	102	0	0	0	0	0	602	0	0	0	0	0	1210	0	0	0	0	0	0	0	0	0	0	0	0	0	0	0	0	0	0	0	0	0	0	0	0	0	0	0	
78144	Amygdala_R	0	0	0	150	0	182	0	0	0	0	0	0	0	0	0	464	0	0	154	222	0	1720	0	0	0	0	0	166	0	4224	0	0	0	0	0	0	0	11752	0	6322	0	0	0	0	0	0	0	0	0	0	0	0	0	0	0	6724	0	0	0	0	0	0	0	0	0	0	0	0	0	0	0	210	0	3066	0	0	0	0	0	0	0	0	0	2196	0	0	0	922	0	598	0	0	0	0	0	0	0	0	0	0	0	0	0	0	0	0	0	0	0	0	0	0	0	0	0	0	
251128	Calcarine_L	830	0	0	0	0	0	0	0	0	0	0	0	0	0	0	0	0	0	0	0	0	0	0	0	0	0	0	0	1314	0	0	0	418	0	2772	202	1360	96	526	0	0	0	0	6022	12540	2734	10648	2710	9564	1230	23422	286	6496	106	6720	616	2980	0	372	0	230	0	988	0	0	0	15148	386	1284	0	0	0	0	0	0	0	0	0	0	0	0	0	0	0	1094	0	0	0	418	0	1402	780	0	0	0	0	2286	1006	1826	1030	0	0	0	0	0	0	0	0	0	0	3128	398	0	0	0	196	
345068	Calcarine_R	136	1436	0	164	0	0	0	126	0	0	0	0	0	0	0	0	0	0	0	0	0	0	0	0	0	0	0	0	0	0	0	0	0	2072	0	2244	0	312	0	384	0	0	6022	0	9680	36148	746	17374	0	25464	0	18184	0	5500	0	10252	196	4346	0	542	0	124	0	0	0	188	562	24130	0	368	0	0	0	0	0	0	0	0	0	0	0	0	0	0	0	4464	0	0	0	1076	0	156	0	0	0	0	0	0	0	138	0	0	0	0	0	0	0	0	0	0	0	0	0	0	0	0	
231880	Cuneus_L	914	0	0	0	0	0	0	0	0	0	0	0	0	0	0	0	0	0	402	0	0	0	0	0	0	0	0	0	192	0	0	0	1338	0	1270	194	0	0	0	0	0	0	12540	9680	0	10478	838	568	24486	4162	15990	1226	1458	642	1660	364	2470	0	2378	0	390	0	148	0	0	0	15840	2888	2490	0	92	0	0	0	0	0	0	0	0	0	0	0	0	0	614	102	0	0	126	0	0	0	0	0	0	0	0	0	0	0	0	0	0	0	0	0	0	0	0	0	0	0	0	0	0	0	
331516	Cuneus_R	90	1350	0	382	0	0	0	280	0	0	0	0	0	0	0	0	0	116	0	0	0	0	0	0	0	0	0	0	0	0	0	0	224	3444	0	924	0	0	0	0	0	0	2734	36148	10478	0	172	3244	0	40080	0	12320	0	2170	0	1378	174	6978	0	3166	0	1336	0	496	0	346	3236	28300	0	494	0	0	0	0	0	0	0	0	0	0	0	0	0	0	0	2932	0	0	0	2766	0	0	0	0	0	0	0	0	0	0	0	0	0	0	0	0	0	0	0	0	0	0	0	0	0	0	
251820	Lingual_L	374	0	92	0	0	0	116	0	0	0	0	0	0	0	0	0	0	0	158	0	0	0	0	0	0	0	0	0	326	0	0	0	0	0	1828	966	3992	844	3710	164	0	0	10648	746	838	172	0	1702	2240	0	11764	92	8742	0	19260	328	292	0	0	0	0	0	194	0	0	0	4774	208	0	0	0	0	106	0	0	0	724	208	0	0	0	0	0	0	230	0	0	0	1032	0	9288	930	526	0	818	124	12850	304	15534	1030	0	0	0	0	116	218	0	0	204	346	3536	2406	286	156	214	154	
264436	Lingual_R	0	288	0	0	0	0	0	0	0	0	0	0	0	0	0	0	0	0	0	0	0	0	0	0	0	0	0	0	0	0	0	0	0	622	576	4104	866	4570	330	2778	0	0	2710	17374	568	3244	1702	0	0	4838	0	4246	0	3292	124	13962	0	388	0	0	0	0	0	0	0	0	0	10422	0	190	0	0	0	0	0	0	350	1110	0	0	0	0	0	0	0	158	0	0	0	334	1402	10146	716	222	150	0	798	7212	2380	11732	0	0	0	242	0	332	0	0	0	114	8428	7596	764	332	306	200	
216860	Occipital_Sup_L	3422	0	0	0	0	0	0	0	0	0	0	0	0	0	0	0	0	0	574	0	0	0	0	0	0	0	0	0	0	0	0	0	1766	0	320	0	0	0	0	0	0	0	9564	0	24486	0	2240	0	0	0	31010	0	956	0	514	0	2094	0	7236	0	504	0	0	0	102	0	16384	486	3986	0	0	0	0	0	0	0	0	0	0	0	0	0	0	0	2320	0	0	0	466	0	0	0	0	0	0	0	0	0	0	0	0	0	0	0	0	0	0	0	0	0	0	0	0	0	0	0	
404536	Occipital_Sup_R	198	3198	316	1316	0	0	0	946	0	0	0	142	0	0	0	0	0	364	290	0	0	0	0	0	0	0	0	0	128	116	0	0	202	3076	0	450	0	0	0	0	0	0	1230	25464	4162	40080	0	4838	0	0	0	30340	0	2426	0	1968	266	12492	0	9392	0	8004	0	1494	0	8396	1064	29728	0	694	0	0	0	0	0	0	0	0	0	0	0	184	0	0	0	4972	0	0	0	4332	0	0	0	0	0	0	0	0	0	0	0	0	0	0	0	0	0	0	0	0	0	0	0	0	0	0	
464964	Occipital_Mid_L	4064	142	0	0	0	0	0	0	0	0	0	0	0	0	0	0	1464	0	142	0	0	0	0	0	0	0	0	0	1512	0	0	0	1614	0	324	0	156	0	146	0	0	0	23422	0	15990	0	11764	0	31010	0	0	0	18708	0	8706	0	16546	0	14704	0	20194	0	2632	0	15198	0	13502	0	4584	0	126	0	0	0	0	0	0	0	128	0	1760	0	0	0	17866	0	0	0	5658	0	0	0	0	0	0	0	0	0	420	0	0	0	0	0	0	0	0	0	0	0	0	0	0	0	0	0	
302456	Occipital_Mid_R	98	1352	92	554	0	0	0	382	0	0	0	0	0	0	0	0	0	156	0	0	0	0	0	0	0	0	0	0	0	0	0	0	0	950	0	132	0	0	0	0	0	0	286	18184	1226	12320	92	4246	0	30340	0	0	0	8362	0	2818	136	4658	0	1516	0	9186	0	1580	0	19032	0	11210	0	194	0	0	0	0	0	0	0	0	0	0	0	316	0	0	0	17698	0	0	0	4022	0	90	0	0	0	0	0	0	0	0	0	0	0	0	0	0	0	0	0	0	0	0	0	0	0	0	
145988	Occipital_Inf_L	1570	0	0	0	0	0	0	0	0	0	0	0	0	0	0	0	114	0	0	0	0	0	0	0	0	0	0	0	974	0	0	0	188	0	172	0	0	0	162	0	0	0	6496	0	1458	0	8742	0	956	0	18708	0	0	0	14068	0	1650	0	108	0	0	0	408	0	0	0	3938	0	1208	0	0	0	0	0	0	0	0	0	0	0	0	0	0	0	4998	0	0	0	5352	0	228	0	0	0	0	0	160	0	1190	0	0	0	0	0	0	0	0	0	0	0	0	146	0	0	0	0	
91900	Occipital_Inf_R	0	260	0	0	0	0	0	0	0	0	0	0	0	0	0	0	0	0	0	0	0	0	0	0	0	0	0	0	0	0	0	0	0	256	0	0	0	0	0	0	0	0	106	5500	642	2170	0	3292	0	2426	0	8362	0	0	0	6550	0	724	0	128	0	0	0	0	0	358	0	1234	0	0	0	0	0	0	0	0	0	0	0	0	0	0	0	0	0	7574	0	0	0	6178	0	190	0	0	0	0	0	0	0	0	0	0	0	0	0	0	0	0	0	0	0	0	0	0	0	0	
406520	Fusiform_L	4332	164	164	0	0	0	166	0	0	0	0	0	0	0	0	0	1020	0	498	0	0	0	0	0	0	0	0	0	10466	0	0	0	102	0	3082	1128	10432	524	2952	0	3308	0	6720	0	1660	0	19260	124	514	0	8706	0	14068	0	0	564	8808	0	0	0	0	0	5536	0	0	0	8296	210	1986	98	196	0	658	0	0	0	1108	0	1550	0	1170	0	2368	0	3894	0	2912	0	16090	0	17652	0	2820	0	228	0	9098	0	23228	0	1958	0	1992	0	0	0	0	0	0	0	644	684	122	0	0	0	
307168	Fusiform_R	184	1062	270	868	0	0	134	526	0	0	0	144	0	0	0	0	0	484	290	274	0	0	0	0	0	0	0	0	224	2650	0	0	0	212	1126	3694	192	20800	98	13476	0	6724	616	10252	364	1378	328	13962	0	1968	0	2818	0	6550	564	0	230	1686	0	218	0	0	126	0	0	0	124	7736	172	96	0	0	0	1416	0	0	0	672	0	98	0	828	0	4306	0	2640	0	1826	0	13906	0	8432	0	102	0	0	0	4410	0	9614	0	0	0	0	0	0	0	0	0	0	2072	642	0	0	0	0	
423508	Postcentral_L	31618	2540	1918	1034	0	0	742	158	0	0	4506	0	0	0	0	0	17094	0	1820	216	0	0	0	0	0	0	0	0	18884	134	0	0	1312	94	1994	532	1484	106	96	0	0	0	2980	196	2470	174	292	0	2094	266	16546	136	1650	0	8808	230	0	906	9338	98	17964	350	16562	372	2846	0	8530	522	9360	150	186	578	454	0	110	0	492	558	5422	0	8088	0	0	0	3020	0	0	0	3724	0	0	0	0	0	0	0	0	0	0	0	0	0	0	0	0	0	0	0	0	0	0	0	0	0	0	0	
262268	Postcentral_R	1210	15976	650	1386	0	0	276	1014	0	0	0	470	0	0	0	0	0	5554	564	738	0	0	0	0	0	0	0	0	390	1214	0	0	0	3808	844	1778	0	188	0	0	0	0	0	4346	0	6978	0	388	0	12492	0	4658	0	724	0	1686	906	0	0	10302	0	6842	0	10636	0	1194	0	17048	1448	4852	98	0	120	170	0	0	0	0	112	240	0	2530	0	0	0	3330	0	0	0	3974	0	0	0	0	0	0	0	0	0	0	0	0	0	0	0	0	0	0	0	0	0	0	0	0	0	0	
141808	Parietal_Sup_L	154	0	0	0	0	0	0	0	0	0	0	0	0	0	0	0	198	0	0	0	0	0	0	0	0	0	0	0	204	0	0	0	154	0	0	0	0	0	0	0	0	0	372	0	2378	0	0	0	7236	0	14704	0	108	0	0	0	9338	0	0	0	13158	0	266	0	3024	0	16678	0	1950	0	0	0	0	0	0	0	0	0	0	0	362	0	0	0	304	0	0	0	316	0	0	0	0	0	0	0	0	0	0	0	0	0	0	0	0	0	0	0	0	0	0	0	0	0	0	0	
97228	Parietal_Sup_R	98	640	92	152	0	0	0	140	0	0	0	0	0	0	0	0	0	96	118	0	0	0	0	0	0	0	0	0	0	118	0	0	0	0	0	0	0	0	0	0	0	0	0	542	0	3166	0	0	0	9392	0	1516	0	128	0	218	98	10302	0	0	0	7174	0	1818	0	2602	242	7670	0	100	0	0	0	0	0	0	0	0	0	0	0	342	0	0	0	994	0	0	0	856	0	0	0	0	0	0	0	0	0	0	0	0	0	0	0	0	0	0	0	0	0	0	0	0	0	0	
179100	Parietal_Inf_L	3250	358	388	126	0	0	464	126	0	0	156	0	0	0	0	0	490	0	166	0	0	0	0	0	0	0	0	0	486	0	0	0	0	0	0	0	0	0	0	0	0	0	230	0	390	0	0	0	504	0	20194	0	0	0	0	0	17964	0	13158	0	0	0	10152	0	16230	0	704	0	260	0	0	0	0	0	0	0	0	0	0	0	1018	0	0	0	1882	0	0	0	854	0	0	0	0	0	0	0	0	0	0	0	0	0	0	0	0	0	0	0	0	0	0	0	0	0	0	0	
122832	Parietal_Inf_R	106	614	0	506	0	0	0	388	0	0	0	106	0	0	0	0	0	0	0	0	0	0	0	0	0	0	0	0	0	0	0	0	0	0	0	0	0	0	0	0	0	0	0	124	0	1336	0	0	0	8004	0	9186	0	0	0	0	350	6842	0	7174	0	0	0	7396	0	14992	0	2696	0	0	0	0	0	0	0	0	0	0	0	0	0	262	0	0	0	886	0	0	0	448	0	0	0	0	0	0	0	0	0	0	0	0	0	0	0	0	0	0	0	0	0	0	0	0	0	0	
155336	SupraMarginal_L	2480	0	120	0	0	0	0	0	0	0	0	0	0	0	0	0	4206	0	90	0	0	0	0	0	0	0	0	0	8410	0	0	0	0	0	608	198	522	0	0	0	0	0	988	0	148	0	194	0	0	0	2632	0	408	0	5536	126	16562	0	266	0	10152	0	0	0	4790	0	1368	0	560	0	0	0	0	0	0	0	0	0	1292	0	6996	0	0	0	5122	0	0	0	3894	0	0	0	0	0	0	0	0	0	0	0	0	0	0	0	0	0	0	0	0	0	0	0	0	0	0	0	
96092	SupraMarginal_R	126	310	94	544	0	0	0	472	0	0	0	130	0	0	0	0	0	2520	0	0	0	0	0	0	0	0	0	0	0	716	0	0	0	0	0	0	0	0	0	0	0	0	0	0	0	496	0	0	0	1494	0	1580	0	0	0	0	372	10636	0	1818	0	7396	0	0	0	4666	0	1786	0	0	0	0	0	0	0	0	0	0	0	174	0	6080	0	0	0	2656	0	0	0	3980	0	0	0	0	0	0	0	0	0	0	0	0	0	0	0	0	0	0	0	0	0	0	0	0	0	0	
105912	Angular_L	450	0	0	0	0	0	0	0	0	0	0	0	0	0	0	0	490	0	0	0	0	0	0	0	0	0	0	0	470	0	0	0	0	0	0	0	0	0	0	0	0	0	0	0	0	0	0	0	102	0	15198	0	0	0	0	0	2846	0	3024	0	16230	0	4790	0	0	0	0	0	0	0	0	0	0	0	0	0	0	0	0	0	2434	0	0	0	5240	0	0	0	1682	0	0	0	0	0	0	0	0	0	0	0	0	0	0	0	0	0	0	0	0	0	0	0	0	0	0	0	
117248	Angular_R	0	252	0	0	0	0	0	0	0	0	0	0	0	0	0	0	0	0	0	0	0	0	0	0	0	0	0	0	0	0	0	0	0	0	0	0	0	0	0	0	0	0	0	188	0	346	0	0	0	8396	0	19032	0	358	0	0	0	1194	0	2602	0	14992	0	4666	0	0	0	700	0	0	0	0	0	0	0	0	0	0	0	0	0	1406	0	0	0	3066	0	0	0	1426	0	0	0	0	0	0	0	0	0	0	0	0	0	0	0	0	0	0	0	0	0	0	0	0	0	0	
313696	Precuneus_L	2588	0	0	0	0	0	0	0	0	0	0	0	0	0	0	0	162	0	1490	630	0	0	0	0	0	0	0	0	1932	0	0	0	5374	3224	6250	2822	2072	94	744	0	0	0	15148	562	15840	3236	4774	0	16384	1064	13502	0	3938	0	8296	124	8530	0	16678	242	704	0	1368	0	0	0	0	9488	7394	220	0	0	0	0	0	0	0	0	0	0	0	0	0	0	1048	0	0	0	798	0	0	0	0	0	0	0	0	0	0	0	0	0	0	0	0	0	0	0	0	0	128	0	0	0	0	0	
426648	Precuneus_R	316	4368	238	1372	0	0	0	990	0	0	0	154	0	0	0	0	0	370	260	476	0	0	0	0	0	0	0	0	142	0	0	0	806	9990	1312	12896	494	3112	236	484	0	0	386	24130	2888	28300	208	10422	486	29728	0	11210	0	1234	210	7736	522	17048	0	7670	0	2696	0	1786	0	700	9488	0	110	2356	0	0	100	0	0	0	0	246	0	0	0	314	0	0	0	5144	0	0	0	3764	0	1040	0	0	0	0	0	1724	0	1064	0	0	0	0	0	0	0	0	0	0	2598	0	0	0	0	0	
236628	Paracentral_Lobule_L	13120	6016	150	2046	0	0	104	96	0	0	0	0	0	0	0	0	156	0	11602	11204	0	0	0	0	0	0	0	0	928	0	0	0	3534	7250	6354	3164	0	94	0	0	0	0	1284	0	2490	0	0	0	3986	0	4584	0	1208	0	1986	172	9360	1448	1950	0	260	0	560	0	0	0	7394	110	0	10886	106	0	0	0	0	0	1348	0	0	0	362	0	0	0	1570	0	0	0	1432	0	0	0	0	0	0	0	0	0	0	0	0	0	0	0	0	0	0	0	0	0	0	0	0	0	0	0	
173840	Paracentral_Lobule_R	5948	7704	152	676	0	0	452	0	0	0	0	0	0	0	0	0	0	0	5972	22354	0	0	0	0	0	0	0	0	0	0	0	0	604	12542	3102	5410	0	0	0	0	0	0	0	368	0	494	0	190	0	694	0	194	0	0	98	96	150	4852	0	100	0	0	0	0	0	0	220	2356	10886	0	0	676	0	0	0	0	0	486	0	0	0	0	0	0	0	0	0	0	0	144	0	0	0	0	0	0	0	0	0	0	0	0	0	0	0	0	0	0	0	0	0	0	0	0	0	0	
266172	Caudate_L	1804	1372	7288	1750	4160	180	2378	2836	1238	0	1320	3768	1892	806	2126	136	578	920	3722	1470	5610	7684	1430	0	800	538	1258	2646	6102	3004	7594	4742	0	0	0	0	1104	380	0	120	0	0	0	0	92	0	0	0	0	0	126	0	0	0	196	0	186	98	0	0	0	0	0	0	0	0	0	0	106	0	0	11524	22378	2548	1936	0	7992	1062	0	0	1466	0	450	0	0	0	0	0	170	0	0	0	0	0	0	0	0	0	0	0	0	0	0	0	0	0	0	0	0	0	0	0	0	0	0	0	
290668	Caudate_R	2158	5790	2406	11916	518	6090	2196	170	160	1302	582	1678	654	594	550	812	200	214	6074	13248	1462	4504	0	2812	0	4878	0	1840	2048	1798	2050	14208	0	1580	0	0	94	572	0	120	0	210	0	0	0	0	0	0	0	0	0	0	0	0	0	0	578	0	0	0	0	0	0	0	0	0	0	0	0	676	11524	0	6386	13004	122	1036	100	15858	0	0	562	0	0	0	0	0	0	0	0	0	0	0	0	0	0	0	0	0	0	0	0	0	0	0	0	0	0	0	0	0	0	0	0	0	0	0	
344072	Putamen_L	1406	1332	16724	1258	13386	0	3928	2164	8880	0	4138	1880	1712	370	6360	0	1990	216	7598	910	2326	3286	1442	0	1636	0	862	1008	22624	1216	7312	2944	0	0	0	0	5948	306	606	114	308	0	0	0	0	0	106	0	0	0	0	0	0	0	658	0	454	120	0	0	0	0	0	0	0	0	0	100	0	0	22378	6386	0	2030	4588	0	1708	266	462	0	3374	0	2052	0	180	0	0	0	984	0	0	0	0	0	0	0	0	0	0	0	0	0	0	0	0	0	0	0	0	0	0	0	0	0	0	0	
302096	Putamen_R	1280	980	2302	14728	190	9976	1764	2192	114	2226	1368	4586	1214	1376	788	1130	222	2908	4904	11118	0	0	0	2836	0	2410	0	492	1838	22500	1012	13094	0	2020	0	0	0	11684	0	3094	0	3066	0	0	0	0	0	0	0	0	0	0	0	0	0	1416	0	170	0	0	0	0	0	0	0	0	0	0	0	0	2548	13004	2030	0	0	1220	0	642	130	122	152	112	0	90	0	0	0	0	0	0	0	0	0	0	0	0	0	0	0	0	0	0	0	0	0	0	0	0	0	0	0	0	0	0	0	0	
31036	Pallidum_L	276	132	2744	0	0	0	522	0	0	0	0	126	0	0	0	0	0	0	2276	0	0	0	0	0	0	0	0	0	388	0	0	0	0	0	0	0	574	0	0	0	0	0	0	0	0	0	0	0	0	0	0	0	0	0	0	0	110	0	0	0	0	0	0	0	0	0	0	0	0	0	1936	122	4588	0	0	0	1626	0	98	0	0	0	0	0	0	0	0	0	0	0	0	0	0	0	0	0	0	0	0	0	0	0	0	0	0	0	0	0	0	0	0	0	0	0	0	0	
7980	Pallidum_R	102	0	230	158	0	0	104	0	0	0	0	168	0	0	0	0	0	0	316	432	0	0	0	0	0	0	0	0	0	0	0	0	0	0	0	0	0	116	0	108	0	0	0	0	0	0	0	0	0	0	0	0	0	0	0	0	0	0	0	0	0	0	0	0	0	0	0	0	0	0	0	1036	0	1220	0	0	0	0	0	0	0	0	0	0	0	0	0	0	0	0	0	0	0	0	0	0	0	0	0	0	0	0	0	0	0	0	0	0	0	0	0	0	0	0	0	0	
100724	Thalamus_L	5478	852	2468	406	0	0	2062	0	0	0	208	0	0	0	0	0	110	0	7742	0	0	0	0	0	0	0	0	0	1334	96	0	0	0	0	0	522	5684	814	1580	368	102	0	0	0	0	0	724	350	0	0	0	0	0	0	1108	0	492	0	0	0	0	0	0	0	0	0	0	0	1348	0	7992	100	1708	0	1626	0	0	2618	534	0	212	0	0	0	110	0	0	0	1614	0	0	0	0	0	0	0	0	0	0	0	0	0	0	0	0	0	0	0	0	0	0	0	0	0	0	0	
132496	Thalamus_R	992	12788	642	8902	0	0	156	548	0	0	0	112	0	0	0	0	0	0	650	1962	0	0	0	0	0	0	0	0	370	344	0	0	0	0	1192	2276	2190	5574	1134	2254	0	0	0	0	0	0	208	1110	0	0	0	0	0	0	0	672	558	0	0	0	0	0	0	0	0	0	0	246	0	486	1062	15858	266	642	0	0	2618	0	0	0	90	0	0	0	0	0	0	0	0	0	0	0	0	0	0	0	0	172	0	0	0	0	0	0	0	0	0	0	0	0	174	0	0	0	0	0	
94020	Heschl_L	2490	170	1858	0	0	0	1226	0	0	0	878	114	0	112	0	0	5810	148	1544	0	0	0	0	0	0	0	0	0	10512	328	104	0	0	0	0	0	1828	0	126	0	0	0	0	0	0	0	0	0	0	0	128	0	0	0	1550	0	5422	112	0	0	0	0	1292	0	0	0	0	0	0	0	0	0	462	130	98	0	534	0	0	0	5066	0	0	0	2140	0	0	0	2828	0	0	0	0	0	0	0	0	0	0	0	0	0	0	0	0	0	0	0	0	0	0	0	0	0	0	0	
25304	Heschl_R	0	0	0	236	0	0	0	0	0	0	0	252	0	0	0	0	0	2622	0	252	0	0	0	0	0	0	0	0	0	1714	0	0	0	0	0	0	0	138	0	0	0	0	0	0	0	0	0	0	0	0	0	0	0	0	0	98	0	240	0	0	0	0	0	174	0	0	0	0	0	0	0	0	0	122	0	0	0	0	0	0	0	3366	0	0	0	1830	0	0	0	1608	0	0	0	0	0	0	0	0	0	0	0	0	0	0	0	0	0	0	0	0	0	0	0	0	0	0	
253632	Temporal_Sup_L	3864	90	3756	122	138	0	676	296	134	0	7956	176	820	118	0	0	16802	0	3440	150	0	0	0	0	0	0	0	0	16480	164	224	0	0	0	0	0	1598	0	144	0	0	0	0	0	0	0	0	0	0	0	1760	0	0	0	1170	0	8088	0	362	0	1018	0	6996	0	2434	0	0	0	362	0	1466	562	3374	152	0	0	212	90	5066	0	0	0	3980	0	20506	0	0	0	12070	0	0	0	0	0	0	0	0	0	0	0	0	0	0	0	0	0	0	0	0	0	0	0	0	0	0	0	
84672	Temporal_Sup_R	0	238	0	198	0	0	0	0	0	0	0	742	0	0	0	208	0	2724	0	198	0	0	0	0	0	0	0	0	0	2946	0	0	0	0	0	0	0	608	0	264	0	0	0	0	0	0	0	0	0	184	0	316	0	0	0	828	0	2530	0	342	0	262	0	6080	0	1406	0	314	0	0	0	0	0	112	0	0	0	0	0	3366	0	0	0	850	0	9974	0	0	0	7646	0	0	0	0	0	0	0	0	0	0	0	0	0	0	0	0	0	0	0	0	0	0	0	0	0	0	
73396	Temporal_Pole_Sup_L	212	0	756	0	692	0	0	0	300	0	3504	0	846	0	864	0	2014	0	428	0	440	0	0	0	0	0	0	0	5650	0	0	0	0	0	0	0	890	0	276	0	602	0	0	0	0	0	0	0	0	0	0	0	0	0	2368	0	0	0	0	0	0	0	0	0	0	0	0	0	0	0	450	0	2052	0	0	0	0	0	0	0	3980	0	0	0	3508	0	3188	0	3678	0	0	0	0	0	0	0	0	0	0	0	0	0	0	0	0	0	0	0	0	0	0	0	0	0	0	0	
42280	Temporal_Pole_Sup_R	0	0	0	0	0	0	0	0	0	0	0	514	0	0	0	526	0	356	0	0	0	0	0	0	0	0	0	0	0	886	0	0	0	0	0	0	0	1898	0	1384	0	2196	0	0	0	0	0	0	0	0	0	0	0	0	0	4306	0	0	0	0	0	0	0	0	0	0	0	0	0	0	0	0	0	90	0	0	0	0	0	0	0	850	0	0	0	1396	0	3018	0	3720	0	0	0	0	0	0	0	0	0	0	0	0	0	0	0	0	0	0	0	0	0	0	0	0	0	0	
244692	Temporal_Mid_L	1706	90	0	0	0	0	0	0	0	0	0	0	0	0	0	0	2646	0	402	0	0	0	0	0	0	0	0	0	2832	0	0	0	566	0	0	0	302	0	0	0	0	0	1094	0	614	0	230	0	2320	0	17866	0	4998	0	3894	0	3020	0	304	0	1882	0	5122	0	5240	0	1048	0	1570	0	0	0	180	0	0	0	110	0	2140	0	20506	0	3508	0	0	0	3118	0	35038	0	0	0	0	0	0	0	0	0	0	0	0	0	0	0	0	0	0	0	0	0	0	0	0	0	0	0	
214072	Temporal_Mid_R	0	544	0	0	0	0	0	0	0	0	0	0	0	0	0	272	0	162	0	0	0	0	0	0	0	0	0	0	0	2664	0	0	0	430	0	0	0	208	0	0	0	0	0	4464	102	2932	0	158	0	4972	0	17698	0	7574	0	2640	0	3330	0	994	0	886	0	2656	0	3066	0	5144	0	0	0	0	0	0	0	0	0	0	0	1830	0	9974	0	1396	0	0	0	1556	0	31384	0	0	0	0	0	0	0	0	0	0	0	0	0	0	0	0	0	0	0	0	0	0	0	0	0	0	
25432	Temporal_Pole_Mid_L	0	0	0	0	0	0	0	0	0	0	0	0	0	0	0	0	0	0	0	0	0	0	0	0	0	0	0	0	0	0	0	0	0	0	0	0	0	0	0	0	0	0	0	0	0	0	0	0	0	0	0	0	0	0	2912	0	0	0	0	0	0	0	0	0	0	0	0	0	0	0	0	0	0	0	0	0	0	0	0	0	0	0	3188	0	3118	0	0	0	3498	0	0	0	0	0	0	0	0	0	0	0	0	0	0	0	0	0	0	0	0	0	0	0	0	0	0	0	
21644	Temporal_Pole_Mid_R	0	0	0	0	0	0	0	0	0	0	0	0	0	0	0	234	0	0	0	0	0	0	0	0	0	0	0	0	0	0	0	0	0	0	0	0	0	696	0	1266	0	922	0	0	0	0	0	0	0	0	0	0	0	0	0	1826	0	0	0	0	0	0	0	0	0	0	0	0	0	0	0	0	0	0	0	0	0	0	0	0	0	0	0	3018	0	1556	0	0	0	1304	0	0	0	0	0	0	0	0	0	0	0	0	0	0	0	0	0	0	0	0	0	0	0	0	0	0	
249892	Temporal_Inf_L	2038	0	0	0	0	0	0	0	0	0	0	0	0	0	0	0	966	0	782	0	0	0	0	0	0	0	0	0	4902	0	0	0	176	0	0	0	7768	0	592	0	1210	0	418	0	126	0	1032	0	466	0	5658	0	5352	0	16090	0	3724	0	316	0	854	0	3894	0	1682	0	798	0	1432	0	170	0	984	0	0	0	1614	0	2828	0	12070	0	3678	0	35038	0	3498	0	0	0	2486	0	942	0	0	0	0	0	798	0	312	0	252	0	0	0	0	0	0	0	0	0	0	0	0	0	
208052	Temporal_Inf_R	0	808	0	168	0	0	0	132	0	0	0	0	0	0	0	0	0	364	0	98	0	0	0	0	0	0	0	0	0	3392	0	0	0	494	0	238	0	3352	0	1368	0	598	0	1076	0	2766	0	334	0	4332	0	4022	0	6178	0	13906	0	3974	0	856	0	448	0	3980	0	1426	0	3764	0	144	0	0	0	0	0	0	0	0	0	1608	0	7646	0	3720	0	31384	0	1304	0	0	0	146	0	0	0	0	0	0	0	0	0	0	0	0	0	0	0	0	0	0	0	0	0	0	0	0	
407592	Cerebelum_Crus1_L	0	0	0	0	0	0	0	0	0	0	0	0	0	0	0	0	0	0	0	0	0	0	0	0	0	0	0	0	0	0	0	0	0	0	0	0	398	0	0	0	0	0	1402	0	0	0	9288	1402	0	0	0	0	228	0	17652	0	0	0	0	0	0	0	0	0	0	0	0	0	0	0	0	0	0	0	0	0	0	0	0	0	0	0	0	0	0	0	0	0	2486	0	0	1426	32294	1498	1974	548	23470	986	55060	1672	11552	288	15624	1756	1274	628	248	0	1214	1910	6684	4678	2716	1758	946	736	
439544	Cerebelum_Crus1_R	0	0	0	0	0	0	0	0	0	0	0	0	0	0	0	0	0	0	0	0	0	0	0	0	0	0	0	0	0	0	0	0	0	0	162	1014	150	510	0	440	0	0	780	156	0	0	930	10146	0	0	0	90	0	190	0	8432	0	0	0	0	0	0	0	0	0	0	0	1040	0	0	0	0	0	0	0	0	0	0	0	0	0	0	0	0	0	0	0	0	0	146	1426	0	402	27706	0	2510	2736	29552	1870	62352	168	4316	382	14764	0	1194	0	1056	0	1270	20370	9740	10922	2076	550	224	
259388	Cerebelum_Crus2_L	0	0	0	0	0	0	0	0	0	0	0	0	0	0	0	0	0	0	0	0	0	0	0	0	0	0	0	0	0	0	0	0	0	0	0	0	0	0	0	0	0	0	0	0	0	0	526	716	0	0	0	0	0	0	2820	0	0	0	0	0	0	0	0	0	0	0	0	0	0	0	0	0	0	0	0	0	0	0	0	0	0	0	0	0	0	0	0	0	942	0	32294	402	0	5604	184	186	1042	0	10692	334	28926	3268	25612	3562	1720	550	398	0	124	334	570	2088	3168	2744	684	204	
234340	Cerebelum_Crus2_R	0	0	0	0	0	0	0	0	0	0	0	0	0	0	0	0	0	0	0	0	0	0	0	0	0	0	0	0	0	0	0	0	0	0	0	0	0	0	0	0	0	0	0	0	0	0	0	222	0	0	0	0	0	0	0	102	0	0	0	0	0	0	0	0	0	0	0	0	0	0	0	0	0	0	0	0	0	0	0	0	0	0	0	0	0	0	0	0	0	0	1498	27706	5604	0	0	534	222	1032	398	9072	1336	18882	1946	25344	168	3106	0	606	0	380	558	1824	10994	4704	822	110	
39964	Cerebelum_3_L	0	0	0	0	0	0	0	0	0	0	0	0	0	0	0	0	0	0	0	0	0	0	0	0	0	0	0	0	0	0	0	0	0	0	0	0	0	0	0	0	0	0	0	0	0	0	818	150	0	0	0	0	0	0	228	0	0	0	0	0	0	0	0	0	0	0	0	0	0	0	0	0	0	0	0	0	0	0	0	0	0	0	0	0	0	0	0	0	0	0	1974	0	184	0	0	268	8048	190	3330	246	0	0	132	0	606	152	0	0	862	1390	658	540	0	0	206	0	
70904	Cerebelum_3_R	0	0	0	0	0	0	0	0	0	0	0	0	0	0	0	0	0	0	0	0	0	0	0	0	0	0	0	0	0	0	0	0	0	0	0	0	0	0	0	0	0	0	0	0	0	0	124	0	0	0	0	0	0	0	0	0	0	0	0	0	0	0	0	0	0	0	0	0	0	0	0	0	0	0	0	0	0	0	0	0	0	0	0	0	0	0	0	0	0	0	548	2510	186	534	268	0	1150	4768	740	5922	254	0	484	810	94	1968	0	0	634	4180	2894	2084	1220	1502	2016	562	
271656	Cerebelum_4_5_L	0	0	0	0	0	0	0	0	0	0	0	0	0	0	0	0	0	0	0	0	0	0	0	0	0	0	0	0	0	0	0	0	0	0	0	0	0	0	456	0	0	0	2286	0	0	0	12850	798	0	0	0	0	160	0	9098	0	0	0	0	0	0	0	0	0	0	0	0	0	0	0	0	0	0	0	0	0	0	0	0	0	0	0	0	0	0	0	0	0	0	0	23470	2736	1042	222	8048	1150	0	3020	34826	3664	460	0	1340	344	2892	986	98	0	2060	3328	12776	4032	586	650	1108	1342	
257828	Cerebelum_4_5_R	0	0	0	0	0	0	0	0	0	0	0	0	0	0	0	0	0	0	0	0	0	0	0	0	0	0	0	0	0	0	0	0	0	0	282	1292	258	1490	0	1028	0	0	1006	0	0	0	304	7212	0	0	0	0	0	0	0	4410	0	0	0	0	0	0	0	0	0	0	0	1724	0	0	0	0	0	0	0	0	0	172	0	0	0	0	0	0	0	0	0	0	0	0	986	29552	0	1032	190	4768	3020	0	1650	37646	0	0	0	1524	0	578	0	538	0	1732	21636	2020	1628	408	582	246	
401792	Cerebelum_6_L	0	0	0	0	0	0	0	0	0	0	0	0	0	0	0	0	0	0	0	0	0	0	0	0	0	0	0	0	0	0	0	0	0	0	0	0	368	0	90	0	0	0	1826	0	0	0	15534	2380	0	0	420	0	1190	0	23228	0	0	0	0	0	0	0	0	0	0	0	0	0	0	0	0	0	0	0	0	0	0	0	0	0	0	0	0	0	0	0	0	0	798	0	55060	1870	10692	398	3330	740	34826	1650	0	2666	5452	0	5992	792	2590	1148	102	0	1350	2132	9632	8212	2156	1380	1658	1234	
418116	Cerebelum_6_R	0	0	0	0	0	0	0	0	0	0	0	0	0	0	0	0	0	0	0	0	0	0	0	0	0	0	0	0	0	0	0	0	0	0	162	1048	150	552	0	522	0	0	1030	138	0	0	1030	11732	0	0	0	0	0	0	0	9614	0	0	0	0	0	0	0	0	0	0	0	1064	0	0	0	0	0	0	0	0	0	0	0	0	0	0	0	0	0	0	0	0	0	0	1672	62352	334	9072	246	5922	3664	37646	2666	0	0	256	194	5462	102	1524	0	1044	144	2350	25016	12512	6762	1358	1256	462	
197520	Cerebelum_7b_L	0	0	0	0	0	0	0	0	0	0	0	0	0	0	0	0	0	0	0	0	0	0	0	0	0	0	0	0	0	0	0	0	0	0	0	0	0	0	0	0	0	0	0	0	0	0	0	0	0	0	0	0	0	0	1958	0	0	0	0	0	0	0	0	0	0	0	0	0	0	0	0	0	0	0	0	0	0	0	0	0	0	0	0	0	0	0	0	0	312	0	11552	168	28926	1336	0	254	460	0	5452	0	0	680	29416	2296	5224	910	432	0	0	258	0	1104	2584	3810	1274	354	
128164	Cerebelum_7b_R	0	0	0	0	0	0	0	0	0	0	0	0	0	0	0	0	0	0	0	0	0	0	0	0	0	0	0	0	0	0	0	0	0	0	0	0	0	0	0	0	0	0	0	0	0	0	0	0	0	0	0	0	0	0	0	0	0	0	0	0	0	0	0	0	0	0	0	0	0	0	0	0	0	0	0	0	0	0	0	0	0	0	0	0	0	0	0	0	0	0	288	4316	3268	18882	0	0	0	0	0	256	680	0	1254	24446	168	5294	0	0	0	0	0	310	2002	2268	526	124	
249696	Cerebelum_8_L	0	0	0	0	0	0	0	0	0	0	0	0	0	0	0	0	0	0	0	0	0	0	0	0	0	0	0	0	0	0	0	0	0	0	0	0	0	0	0	0	0	0	0	0	0	0	0	0	0	0	0	0	0	0	1992	0	0	0	0	0	0	0	0	0	0	0	0	0	0	0	0	0	0	0	0	0	0	0	0	0	0	0	0	0	0	0	0	0	252	0	15624	382	25612	1946	132	484	1340	0	5992	194	29416	1254	0	4892	12768	2802	1626	0	186	602	346	1614	3888	7124	3712	668	
256632	Cerebelum_8_R	0	0	0	0	0	0	0	0	0	0	0	0	0	0	0	0	0	0	0	0	0	0	0	0	0	0	0	0	0	0	0	0	0	0	0	0	0	0	0	0	0	0	0	0	0	0	0	242	0	0	0	0	0	0	0	0	0	0	0	0	0	0	0	0	0	0	0	0	0	0	0	0	0	0	0	0	0	0	0	0	0	0	0	0	0	0	0	0	0	0	1756	14764	3562	25344	0	810	344	1524	792	5462	2296	24446	4892	0	794	14516	0	1546	94	654	940	2122	9024	8946	2934	512	
79360	Cerebelum_9_L	0	0	0	0	0	0	0	0	0	0	0	0	0	0	0	0	0	0	0	0	0	0	0	0	0	0	0	0	0	0	0	0	0	0	0	0	0	0	0	0	0	0	0	0	0	0	116	0	0	0	0	0	0	0	0	0	0	0	0	0	0	0	0	0	0	0	0	0	0	0	0	0	0	0	0	0	0	0	0	0	0	0	0	0	0	0	0	0	0	0	1274	0	1720	168	606	94	2892	0	2590	102	5224	168	12768	794	0	2692	1540	0	0	0	288	552	480	1466	3638	508	
133784	Cerebelum_9_R	0	0	0	0	0	0	0	0	0	0	0	0	0	0	0	0	0	0	0	0	0	0	0	0	0	0	0	0	0	0	0	0	0	0	0	0	0	0	0	0	0	0	0	0	0	0	218	332	0	0	0	0	0	0	0	0	0	0	0	0	0	0	0	0	0	0	0	0	0	0	0	0	0	0	0	0	0	0	0	0	0	0	0	0	0	0	0	0	0	0	628	1194	550	3106	152	1968	986	578	1148	1524	910	5294	2802	14516	2692	0	0	1208	652	1644	1130	4778	3242	4956	8208	2476	
9092	Cerebelum_10_L	0	0	0	0	0	0	0	0	0	0	0	0	0	0	0	0	0	0	0	0	0	0	0	0	0	0	0	0	0	0	0	0	0	0	0	0	0	0	0	0	0	0	0	0	0	0	0	0	0	0	0	0	0	0	0	0	0	0	0	0	0	0	0	0	0	0	0	0	0	0	0	0	0	0	0	0	0	0	0	0	0	0	0	0	0	0	0	0	0	0	248	0	398	0	0	0	98	0	102	0	432	0	1626	0	1540	0	0	0	0	0	0	0	0	0	102	0	
14756	Cerebelum_10_R	0	0	0	0	0	0	0	0	0	0	0	0	0	0	0	0	0	0	0	0	0	0	0	0	0	0	0	0	0	0	0	0	0	0	0	0	0	0	0	0	0	0	0	0	0	0	0	0	0	0	0	0	0	0	0	0	0	0	0	0	0	0	0	0	0	0	0	0	0	0	0	0	0	0	0	0	0	0	0	0	0	0	0	0	0	0	0	0	0	0	0	1056	0	606	0	0	0	538	0	1044	0	0	0	1546	0	1208	0	0	0	0	384	220	276	262	238	0	
28564	Vermis_1_2	0	0	0	0	0	0	0	0	0	0	0	0	0	0	0	0	0	0	0	0	0	0	0	0	0	0	0	0	0	0	0	0	0	0	0	0	0	0	0	0	0	0	0	0	0	0	204	0	0	0	0	0	0	0	0	0	0	0	0	0	0	0	0	0	0	0	0	0	0	0	0	0	0	0	0	0	0	0	0	0	0	0	0	0	0	0	0	0	0	0	1214	0	124	0	862	634	2060	0	1350	144	0	0	186	94	0	652	0	0	0	3502	1176	586	324	446	594	130	
70572	Vermis_3	0	0	0	0	0	0	0	0	0	0	0	0	0	0	0	0	0	0	0	0	0	0	0	0	0	0	0	0	0	0	0	0	0	0	0	0	0	0	0	0	0	0	0	0	0	0	346	114	0	0	0	0	0	0	0	0	0	0	0	0	0	0	0	0	0	0	0	0	0	0	0	0	0	0	0	0	0	0	0	0	0	0	0	0	0	0	0	0	0	0	1910	1270	334	380	1390	4180	3328	1732	2132	2350	258	0	602	654	0	1644	0	0	3502	0	2828	1708	1090	1368	1614	552	
291512	Vermis_4_5	0	0	0	0	0	0	0	0	0	0	0	0	0	0	0	0	0	0	0	0	0	0	0	0	0	0	0	0	0	0	0	0	0	124	582	2924	378	850	182	0	0	0	3128	0	0	0	3536	8428	0	0	0	0	0	0	644	2072	0	0	0	0	0	0	0	0	0	0	128	2598	0	0	0	0	0	0	0	0	0	174	0	0	0	0	0	0	0	0	0	0	0	0	6684	20370	570	558	658	2894	12776	21636	9632	25016	0	0	346	940	288	1130	0	384	1176	2828	0	8096	956	754	1042	1274	
203812	Vermis_6	0	0	0	0	0	0	0	0	0	0	0	0	0	0	0	0	0	0	0	0	0	0	0	0	0	0	0	0	0	0	0	0	0	0	0	0	0	0	0	0	0	0	398	0	0	0	2406	7596	0	0	0	0	146	0	684	642	0	0	0	0	0	0	0	0	0	0	0	0	0	0	0	0	0	0	0	0	0	0	0	0	0	0	0	0	0	0	0	0	0	0	4678	9740	2088	1824	540	2084	4032	2020	8212	12512	1104	310	1614	2122	552	4778	0	220	586	1708	8096	0	7666	4298	5062	4188	
