data	data	372396	231356	569500	566724	98096	68184	371472	178440	62236	23540	211000	175496	258420	166388	198052	85844	333592	169224	720108	749436	110468	100132	247276	222012	54136	72468	63680	79812	631500	291212	207104	357992	115124	426896	127788	136828	331976	318252	138652	220896	45276	68736	301744	413060	295748	451380	360552	389472	262512	467896	538540	244348	118840	91668	578496	596904	218268	223232	180928	61584	272128	101688	145304	132316	157168	189400	240412	422704	352296	242316	366468	362340	370680	289720	83012	19972	175264	179728	123224	45044	210932	125780	107352	63976	318516	245436	60592	46000	377376	321144	624408	532228	372448	353400	42432	64596	379692	329960	641736	578128	243304	139896	360636	393860	125452	172236	27980	26728	62740	129508	414504	257060	251844	203552	172424	72652	
data	data	Precentral_L	Precentral_R	Frontal_Sup_L	Frontal_Sup_R	Frontal_Sup_Orb_L	Frontal_Sup_Orb_R	Frontal_Mid_L	Frontal_Mid_R	Frontal_Mid_Orb_L	Frontal_Mid_Orb_R	Frontal_Inf_Oper_L	Frontal_Inf_Oper_R	Frontal_Inf_Tri_L	Frontal_Inf_Tri_R	Frontal_Inf_Orb_L	Frontal_Inf_Orb_R	Rolandic_Oper_L	Rolandic_Oper_R	Supp_Motor_Area_L	Supp_Motor_Area_R	Olfactory_L	Olfactory_R	Frontal_Sup_Medial_L	Frontal_Sup_Medial_R	Frontal_Med_Orb_L	Frontal_Med_Orb_R	Rectus_L	Rectus_R	Insula_L	Insula_R	Cingulum_Ant_L	Cingulum_Ant_R	Cingulum_Mid_L	Cingulum_Mid_R	Cingulum_Post_L	Cingulum_Post_R	Hippocampus_L	Hippocampus_R	ParaHippocampal_L	ParaHippocampal_R	Amygdala_L	Amygdala_R	Calcarine_L	Calcarine_R	Cuneus_L	Cuneus_R	Lingual_L	Lingual_R	Occipital_Sup_L	Occipital_Sup_R	Occipital_Mid_L	Occipital_Mid_R	Occipital_Inf_L	Occipital_Inf_R	Fusiform_L	Fusiform_R	Postcentral_L	Postcentral_R	Parietal_Sup_L	Parietal_Sup_R	Parietal_Inf_L	Parietal_Inf_R	SupraMarginal_L	SupraMarginal_R	Angular_L	Angular_R	Precuneus_L	Precuneus_R	Paracentral_Lobule_L	Paracentral_Lobule_R	Caudate_L	Caudate_R	Putamen_L	Putamen_R	Pallidum_L	Pallidum_R	Thalamus_L	Thalamus_R	Heschl_L	Heschl_R	Temporal_Sup_L	Temporal_Sup_R	Temporal_Pole_Sup_L	Temporal_Pole_Sup_R	Temporal_Mid_L	Temporal_Mid_R	Temporal_Pole_Mid_L	Temporal_Pole_Mid_R	Temporal_Inf_L	Temporal_Inf_R	Cerebelum_Crus1_L	Cerebelum_Crus1_R	Cerebelum_Crus2_L	Cerebelum_Crus2_R	Cerebelum_3_L	Cerebelum_3_R	Cerebelum_4_5_L	Cerebelum_4_5_R	Cerebelum_6_L	Cerebelum_6_R	Cerebelum_7b_L	Cerebelum_7b_R	Cerebelum_8_L	Cerebelum_8_R	Cerebelum_9_L	Cerebelum_9_R	Cerebelum_10_L	Cerebelum_10_R	Vermis_1_2	Vermis_3	Vermis_4_5	Vermis_6	Vermis_7	Vermis_8	Vermis_9	Vermis_10	
372396	Precentral_L	0	126	19956	2798	0	0	9868	0	0	0	11902	0	844	0	0	0	9582	0	29544	4728	0	0	0	0	0	0	0	0	9600	0	100	0	0	1104	0	0	6080	0	334	0	0	0	146	0	256	0	0	0	232	0	1004	0	424	0	2842	0	22538	0	160	0	2350	0	1798	0	100	0	152	0	18260	522	1030	168	6196	0	4854	0	6602	132	5598	0	2070	0	116	0	904	0	0	0	1178	0	0	0	0	0	0	0	0	0	0	0	0	0	0	0	0	0	0	0	0	0	0	0	0	0	0	0	
231356	Precentral_R	126	0	0	10014	0	0	0	3114	0	0	0	6730	104	1280	0	0	0	1196	978	18010	0	0	0	0	0	0	0	0	134	2590	0	0	0	0	326	406	264	7382	104	1130	0	698	0	210	0	176	0	418	0	172	0	86	0	82	0	1428	0	12512	0	140	0	914	0	1824	0	92	0	464	1816	3754	2886	2574	152	2870	278	0	1022	22644	0	690	0	712	0	0	0	916	0	0	0	2260	0	0	0	0	0	0	0	0	0	0	0	0	0	0	0	0	0	0	0	0	0	0	0	0	0	0	
569500	Frontal_Sup_L	19956	0	0	4130	4134	70	59570	0	3840	0	14766	140	13742	0	8162	72	7634	0	49696	1766	1118	632	31252	2392	1098	90	768	250	16470	202	9520	1450	1072	510	0	0	1034	0	198	0	0	0	0	0	78	0	0	0	74	0	274	0	0	0	390	0	3566	0	0	0	118	0	136	0	0	0	0	0	2452	0	5416	646	10004	152	1400	0	956	0	918	0	470	0	1178	0	310	0	0	0	478	0	0	0	0	0	0	0	0	0	0	0	0	0	0	0	0	0	0	0	0	0	0	0	0	0	0	0	
566724	Frontal_Sup_R	2798	10014	4130	0	0	4070	2812	22404	0	792	3534	10438	2412	5436	434	2788	4186	2704	8816	47998	152	454	11438	31218	286	3458	0	2084	5756	6686	3402	25528	1494	19912	0	0	108	286	0	0	0	110	0	0	0	0	0	0	0	0	0	0	0	0	0	224	532	2132	0	0	0	0	0	0	0	0	0	0	188	176	11092	8068	1054	5098	102	0	1440	3602	76	208	260	0	488	82	0	104	0	0	0	298	0	0	0	0	0	0	0	0	0	0	0	0	0	0	0	0	0	0	0	0	0	0	0	0	0	0	
98096	Frontal_Sup_Orb_L	0	0	4134	0	0	0	636	0	7768	0	0	0	238	0	7580	0	0	0	0	0	3566	772	1194	0	3414	170	6006	272	2618	0	2586	526	0	0	0	0	0	0	0	0	0	0	0	0	0	0	0	0	0	0	0	0	0	0	0	0	0	0	0	0	0	0	0	0	0	0	0	0	0	0	4212	722	1940	158	0	0	0	0	0	0	0	0	536	0	0	0	0	0	0	0	0	0	0	0	0	0	0	0	0	0	0	0	0	0	0	0	0	0	0	0	0	0	0	0	0	0	
68184	Frontal_Sup_Orb_R	0	0	70	4070	0	0	0	2104	0	3952	0	0	0	422	146	4088	0	0	0	0	206	1344	0	1306	548	4626	182	6598	0	462	310	894	0	0	0	0	0	0	0	0	0	0	0	0	0	0	0	0	0	0	0	0	0	0	0	0	0	0	0	0	0	0	0	0	0	0	0	0	0	0	162	1674	0	928	0	0	0	0	0	0	0	0	0	0	0	0	0	0	0	0	0	0	0	0	0	0	0	0	0	0	0	0	0	0	0	0	0	0	0	0	0	0	0	0	0	0	
371472	Frontal_Mid_L	9868	0	59570	2812	636	0	0	0	3014	0	5278	98	27732	0	11306	0	286	0	16672	904	280	0	15822	1808	116	0	0	0	16680	94	2854	476	498	350	0	0	0	0	0	0	0	0	0	0	0	0	0	0	0	0	0	0	0	0	0	0	0	0	0	0	0	0	0	0	0	0	0	0	0	0	1534	70	6820	0	0	0	0	0	0	0	0	0	158	0	0	0	0	0	0	0	0	0	0	0	0	0	0	0	0	0	0	0	0	0	0	0	0	0	0	0	0	0	0	0	0	0	
178440	Frontal_Mid_R	0	3114	0	22404	0	2104	0	0	0	2218	188	7314	1216	15176	102	5796	0	794	2014	5072	0	0	384	2028	0	0	0	0	1178	3014	208	2078	0	2390	0	0	0	176	0	0	0	0	0	0	0	0	0	0	0	0	0	0	0	0	0	0	0	422	0	0	0	0	0	0	0	0	0	0	0	0	5132	1474	398	1336	90	116	122	1162	0	0	0	0	0	0	0	0	0	0	0	0	0	0	0	0	0	0	0	0	0	0	0	0	0	0	0	0	0	0	0	0	0	0	0	0	0	0	
62236	Frontal_Mid_Orb_L	0	0	3840	0	7768	0	3014	0	0	0	0	0	1790	0	8356	0	0	0	0	0	326	0	162	0	1216	0	1722	0	1364	0	546	0	0	0	0	0	0	0	0	0	0	0	0	0	0	0	0	0	0	0	0	0	0	0	0	0	0	0	0	0	0	0	0	0	0	0	0	0	0	0	396	0	618	0	0	0	0	0	0	0	0	0	0	0	0	0	0	0	0	0	0	0	0	0	0	0	0	0	0	0	0	0	0	0	0	0	0	0	0	0	0	0	0	0	0	0	
23540	Frontal_Mid_Orb_R	0	0	0	792	0	3952	0	2218	0	0	0	0	0	624	0	3552	0	0	0	0	0	0	0	0	0	0	0	466	0	0	0	0	0	0	0	0	0	0	0	0	0	0	0	0	0	0	0	0	0	0	0	0	0	0	0	0	0	0	0	0	0	0	0	0	0	0	0	0	0	0	0	92	0	74	0	0	0	0	0	0	0	0	0	0	0	0	0	0	0	0	0	0	0	0	0	0	0	0	0	0	0	0	0	0	0	0	0	0	0	0	0	0	0	0	0	0	
211000	Frontal_Inf_Oper_L	11902	0	14766	3534	0	0	5278	188	0	0	0	374	9658	150	146	0	12956	0	14068	2462	172	0	808	0	0	0	0	0	15180	378	726	532	82	284	0	0	522	0	0	0	0	0	0	0	0	0	0	0	0	0	0	0	0	0	412	0	2692	0	0	0	0	0	0	0	0	0	0	0	0	0	2304	0	1766	0	76	0	0	0	292	0	432	0	2828	0	0	0	0	0	532	0	0	0	0	0	0	0	0	0	0	0	0	0	0	0	0	0	0	0	0	0	0	0	0	0	0	0	
175496	Frontal_Inf_Oper_R	0	6730	140	10438	0	0	98	7314	0	0	374	0	322	10858	0	0	266	3872	2556	10762	0	0	104	356	0	0	0	0	692	16628	72	802	0	2996	0	0	0	546	0	346	0	0	0	0	0	0	0	0	0	0	0	0	0	0	0	370	0	2084	0	0	0	0	0	0	0	0	0	0	0	0	1734	3400	178	2758	0	0	140	388	0	0	0	0	136	208	0	0	0	0	0	80	0	0	0	0	0	0	0	0	0	0	0	0	0	0	0	0	0	0	0	0	0	0	0	0	0	0	
258420	Frontal_Inf_Tri_L	844	104	13742	2412	238	0	27732	1216	1790	0	9658	322	0	1090	12492	0	976	132	5514	1892	116	0	2766	0	0	0	0	0	30070	256	3008	1786	842	666	0	0	82	0	0	0	0	0	0	0	0	0	0	0	0	0	0	0	0	0	82	0	0	0	0	0	0	0	0	0	0	0	0	0	0	0	5062	314	3466	212	0	0	0	0	0	0	0	0	224	0	0	0	0	0	104	0	0	0	0	0	0	0	0	0	0	0	0	0	0	0	0	0	0	0	0	0	0	0	0	0	0	0	
166388	Frontal_Inf_Tri_R	0	1280	0	5436	0	422	0	15176	0	624	150	10858	1090	0	76	5734	0	402	3730	5874	0	0	166	688	0	0	0	0	1004	11196	218	3104	0	3714	0	0	0	0	0	0	0	0	0	0	0	0	0	0	0	0	0	0	0	0	0	0	0	454	0	0	0	0	0	0	0	0	0	0	0	0	4888	4826	552	1532	0	0	0	0	0	0	0	0	0	0	0	0	0	0	0	0	0	0	0	0	0	0	0	0	0	0	0	0	0	0	0	0	0	0	0	0	0	0	0	0	0	0	
198052	Frontal_Inf_Orb_L	0	0	8162	434	7580	146	11306	102	8356	0	146	0	12492	76	0	174	100	0	708	334	5158	2460	576	0	542	128	2678	696	13692	152	2278	1346	80	80	0	0	0	0	0	0	194	0	0	0	0	0	0	0	0	0	0	0	0	0	126	0	0	0	0	0	0	0	0	0	0	0	0	0	0	0	6518	2456	7948	860	0	0	0	0	0	0	0	0	942	0	0	0	0	0	0	0	0	0	0	0	0	0	0	0	0	0	0	0	0	0	0	0	0	0	0	0	0	0	0	0	0	0	
85844	Frontal_Inf_Orb_R	0	0	72	2788	0	4088	0	5796	0	3552	0	0	0	5734	174	0	0	0	814	1080	196	1590	0	394	0	0	0	1680	0	4996	0	1514	0	574	0	0	0	0	0	0	0	0	0	0	0	0	0	0	0	0	0	0	0	0	0	0	0	0	0	0	0	0	0	0	0	0	0	0	0	0	496	3616	92	3066	0	0	0	0	0	0	0	72	0	436	0	0	0	0	0	102	0	0	0	0	0	0	0	0	0	0	0	0	0	0	0	0	0	0	0	0	0	0	0	0	0	0	
333592	Rolandic_Oper_L	9582	0	7634	4186	0	0	286	0	0	0	12956	266	976	0	100	0	0	0	13408	4630	226	0	0	0	0	0	0	0	29080	248	98	224	0	242	0	0	6676	0	194	0	0	0	504	0	506	0	0	0	1204	0	5392	0	326	0	5500	0	6474	0	1010	0	1928	0	4738	0	590	0	438	0	1636	0	1728	246	5754	0	488	0	296	120	6588	0	14836	0	1926	0	5422	0	0	0	8134	0	0	0	0	0	0	0	0	0	0	0	0	0	0	0	0	0	0	0	0	0	0	0	0	0	0	0	
169224	Rolandic_Oper_R	0	1196	0	2704	0	0	0	794	0	0	0	3872	132	402	0	0	0	0	3664	7448	0	0	0	0	0	0	0	0	130	15092	0	100	0	696	0	0	0	5060	0	2214	0	0	0	70	0	0	154	0	0	0	0	0	0	0	0	2134	0	4162	0	0	0	0	0	958	0	0	0	84	0	0	1296	6016	468	14820	104	2570	74	276	0	3168	0	2530	0	272	0	738	0	0	0	1048	0	0	0	0	80	0	86	0	0	0	0	0	0	0	0	0	0	0	0	0	0	0	0	0	0	0	
720108	Supp_Motor_Area_L	29544	978	49696	8816	0	0	16672	2014	0	0	14068	2556	5514	3730	708	814	13408	3664	0	41470	0	0	3866	2552	0	0	0	0	15454	1962	3970	6812	6140	19706	230	0	2660	0	226	0	0	0	102	0	258	0	0	0	262	0	636	0	96	0	620	0	11834	2022	0	0	306	0	256	0	98	0	146	0	26088	376	6898	5152	14980	1646	7456	152	14912	310	3066	0	2788	76	852	0	636	0	0	0	800	0	0	0	0	0	0	0	0	0	0	0	0	0	0	0	0	0	0	0	0	0	0	0	0	0	0	0	
749436	Supp_Motor_Area_R	4728	18010	1766	47998	0	0	904	5072	0	0	2462	10762	1892	5874	334	1080	4630	7448	41470	0	0	0	886	4184	0	0	0	0	5066	7928	2556	14968	4560	40348	232	1244	304	1498	0	110	0	160	0	434	176	376	0	100	0	496	232	90	124	84	494	458	868	9796	128	0	0	164	0	1018	0	166	184	1296	17922	28426	15024	17622	4108	3606	2928	194	10166	15594	398	272	394	578	150	118	88	604	0	0	84	1284	0	0	0	0	0	0	0	0	0	0	0	0	0	0	0	0	0	0	0	0	0	0	0	0	0	0	
110468	Olfactory_L	0	0	1118	152	3566	206	280	0	326	0	172	0	116	0	5158	196	226	0	0	0	0	5096	0	0	1740	814	3514	1370	3778	146	4742	2126	0	0	0	0	132	0	138	0	670	0	0	0	0	0	0	0	0	0	0	0	0	0	304	0	0	0	0	0	0	0	0	0	0	0	0	0	0	0	9580	4308	2432	1336	0	0	0	0	0	0	0	0	1378	0	0	0	0	0	114	0	0	0	0	0	0	0	0	0	0	0	0	0	0	0	0	0	0	0	0	0	0	0	0	0	0	0	
100132	Olfactory_R	0	0	632	454	772	1344	0	0	0	0	0	0	0	0	2460	1590	0	0	0	0	5096	0	0	144	644	1662	756	4806	358	2532	2048	4150	0	0	0	0	0	76	0	98	0	180	0	0	0	0	0	0	0	0	0	0	0	0	0	0	0	0	0	0	0	0	0	0	0	0	0	0	0	0	5726	9348	2082	2842	114	0	0	0	0	0	0	0	0	152	0	0	0	0	0	0	0	0	0	0	0	0	0	0	0	0	0	0	0	0	0	0	0	0	0	0	0	0	0	0	0	0	
247276	Frontal_Sup_Medial_L	0	0	31252	11438	1194	0	15822	384	162	0	808	104	2766	166	576	0	0	0	3866	886	0	0	0	14826	1410	104	94	0	2832	0	10880	8658	3720	6500	0	0	0	0	0	0	0	0	0	0	0	0	0	0	0	0	0	0	0	0	0	0	0	0	0	0	0	0	0	0	0	0	0	0	0	0	2666	602	1922	0	0	0	0	0	0	0	0	0	0	0	0	0	0	0	0	0	0	0	0	0	0	0	0	0	0	0	0	0	0	0	0	0	0	0	0	0	0	0	0	0	0	0	
222012	Frontal_Sup_Medial_R	0	0	2392	31218	0	1306	1808	2028	0	0	0	356	0	688	0	394	0	0	2552	4184	0	144	14826	0	496	3538	0	814	0	238	3256	19344	838	11088	0	0	0	0	0	0	0	0	0	0	0	0	0	0	0	0	0	0	0	0	0	0	0	0	0	0	0	0	0	0	0	0	0	0	0	0	72	6342	0	3084	0	0	0	0	0	0	0	0	0	0	0	0	0	0	0	0	0	0	0	0	0	0	0	0	0	0	0	0	0	0	0	0	0	0	0	0	0	0	0	0	0	0	
54136	Frontal_Med_Orb_L	0	0	1098	286	3414	548	116	0	1216	0	0	0	0	0	542	0	0	0	0	0	1740	644	1410	496	0	2004	3522	726	0	0	5112	776	0	0	0	0	0	0	0	0	0	0	0	0	0	0	0	0	0	0	0	0	0	0	0	0	0	0	0	0	0	0	0	0	0	0	0	0	0	0	2098	578	582	160	0	0	0	0	0	0	0	0	0	0	0	0	0	0	0	0	0	0	0	0	0	0	0	0	0	0	0	0	0	0	0	0	0	0	0	0	0	0	0	0	0	0	
72468	Frontal_Med_Orb_R	0	0	90	3458	170	4626	0	0	0	0	0	0	0	0	128	0	0	0	0	0	814	1662	104	3538	2004	0	810	6586	0	0	2574	4794	0	0	0	0	0	0	0	0	0	0	0	0	0	0	0	0	0	0	0	0	0	0	0	0	0	0	0	0	0	0	0	0	0	0	0	0	0	0	808	3102	370	596	0	0	0	0	0	0	0	0	0	0	0	0	0	0	0	0	0	0	0	0	0	0	0	0	0	0	0	0	0	0	0	0	0	0	0	0	0	0	0	0	0	0	
63680	Rectus_L	0	0	768	0	6006	182	0	0	1722	0	0	0	0	0	2678	0	0	0	0	0	3514	756	94	0	3522	810	0	810	932	0	4174	972	0	0	0	0	0	0	0	0	0	0	0	0	0	0	0	0	0	0	0	0	0	0	0	0	0	0	0	0	0	0	0	0	0	0	0	0	0	0	3090	668	826	98	0	0	0	0	0	0	0	0	218	0	0	0	0	0	0	0	0	0	0	0	0	0	0	0	0	0	0	0	0	0	0	0	0	0	0	0	0	0	0	0	0	0	
79812	Rectus_R	0	0	250	2084	272	6598	0	0	0	466	0	0	0	0	696	1680	0	0	0	0	1370	4806	0	814	726	6586	810	0	0	1076	1890	4706	0	0	0	0	0	0	0	0	0	0	0	0	0	0	0	0	0	0	0	0	0	0	0	0	0	0	0	0	0	0	0	0	0	0	0	0	0	0	906	2828	174	1168	0	0	0	0	0	0	0	0	0	0	0	0	0	0	0	0	0	0	0	0	0	0	0	0	0	0	0	0	0	0	0	0	0	0	0	0	0	0	0	0	0	0	
631500	Insula_L	9600	134	16470	5756	2618	0	16680	1178	1364	0	15180	692	30070	1004	13692	0	29080	130	15454	5066	3778	358	2832	0	0	0	932	0	0	596	2882	2032	880	1284	116	0	17802	0	1510	0	1226	0	474	0	552	0	0	0	300	0	3064	0	732	0	13342	0	3914	0	140	0	636	0	3974	0	308	0	426	0	2918	114	10042	660	23142	254	462	0	1362	92	12470	0	10892	0	5128	0	4576	0	1240	0	14066	0	74	0	0	0	0	0	0	0	0	0	0	0	0	0	0	0	0	0	0	0	0	0	0	0	0	0	
291212	Insula_R	0	2590	202	6686	0	462	94	3014	0	0	378	16628	256	11196	152	4996	248	15092	1962	7928	146	2532	0	238	0	0	0	1076	596	0	0	2704	0	1948	0	0	0	6898	0	1706	0	418	0	184	0	0	0	184	0	0	0	96	0	0	0	3686	0	1266	0	0	0	0	0	0	0	0	0	126	252	108	1888	7944	130	19580	0	596	84	734	0	3692	0	4856	136	1666	0	2602	0	0	0	5650	0	0	0	0	0	0	0	0	0	0	0	0	0	0	0	0	0	0	0	0	0	0	0	0	0	0	
207104	Cingulum_Ant_L	100	0	9520	3402	2586	310	2854	208	546	0	726	72	3008	218	2278	0	98	0	3970	2556	4742	2048	10880	3256	5112	2574	4174	1890	2882	0	0	13118	4058	3582	0	0	0	0	0	0	0	0	0	0	0	0	0	0	0	0	0	0	0	0	0	0	0	0	0	0	0	0	0	0	0	0	0	0	0	0	7062	2712	2522	488	0	0	0	0	0	0	0	0	0	0	0	0	0	0	0	0	0	0	0	0	0	0	0	0	0	0	0	0	0	0	0	0	0	0	0	0	0	0	0	0	0	0	
357992	Cingulum_Ant_R	0	0	1450	25528	526	894	476	2078	0	0	532	802	1786	3104	1346	1514	224	100	6812	14968	2126	4150	8658	19344	776	4794	972	4706	2032	2704	13118	0	3382	23668	0	0	0	0	0	0	0	0	0	0	0	0	0	0	0	0	0	0	0	0	0	0	0	0	0	0	0	0	0	0	0	0	0	0	0	0	4386	14330	846	6756	0	0	0	108	0	0	0	0	0	0	0	0	0	0	0	0	0	0	0	0	0	0	0	0	0	0	0	0	0	0	0	0	0	0	0	0	0	0	0	0	0	0	
115124	Cingulum_Mid_L	0	0	1072	1494	0	0	498	0	0	0	82	0	842	0	80	0	0	0	6140	4560	0	0	3720	838	0	0	0	0	880	0	4058	3382	0	13114	2886	518	0	0	0	0	0	0	0	240	804	186	0	0	0	134	240	0	0	0	0	0	112	0	80	0	114	0	0	0	0	0	3558	822	5552	1092	190	102	172	0	0	0	0	0	0	0	0	0	0	0	0	0	0	0	0	0	0	0	0	0	0	0	0	0	0	0	0	0	0	0	0	0	0	0	0	0	0	0	0	0	0	0	
426896	Cingulum_Mid_R	1104	0	510	19912	0	0	350	2390	0	0	284	2996	666	3714	80	574	242	696	19706	40348	0	0	6500	11088	0	0	0	0	1284	1948	3582	23668	13114	0	3140	5516	106	322	0	88	0	0	0	3278	552	2574	0	730	482	1708	810	680	146	0	364	220	260	274	70	152	300	0	0	162	522	80	1260	7372	9442	9888	1630	2302	910	528	1010	0	1082	110	258	0	0	0	0	0	212	0	0	0	0	152	0	0	0	0	0	0	0	0	0	0	0	0	0	0	0	0	0	0	0	0	0	0	0	0	0	0	
127788	Cingulum_Post_L	0	326	0	0	0	0	0	0	0	0	0	0	0	0	0	0	0	0	230	232	0	0	0	0	0	0	0	0	116	0	0	0	2886	3140	0	12086	3372	3996	1766	1092	0	0	2686	0	4052	72	598	160	1228	0	3296	0	314	0	844	614	162	0	168	0	410	0	0	0	996	0	8020	1294	3068	2990	0	0	0	0	0	0	232	1736	90	0	0	0	0	0	700	0	0	0	94	742	0	0	0	0	0	0	0	0	0	0	0	0	0	0	0	0	0	0	0	0	86	0	0	0	0	0	
136828	Cingulum_Post_R	0	406	0	0	0	0	0	0	0	0	0	0	0	0	0	0	0	0	0	1244	0	0	0	0	0	0	0	0	0	0	0	0	518	5516	12086	0	1864	5628	486	1274	0	0	996	3084	336	1638	374	3418	310	1022	858	452	126	146	468	1400	0	598	0	0	72	0	0	118	332	232	1880	11346	762	3892	0	0	0	0	0	0	0	1320	0	0	0	0	0	0	284	752	0	0	0	2272	0	0	0	0	0	0	0	0	0	0	0	0	0	0	0	0	0	0	0	0	904	0	0	0	0	0	
331976	Hippocampus_L	6080	264	1034	108	0	0	0	0	0	0	522	0	82	0	0	0	6676	0	2660	304	132	0	0	0	0	0	0	0	17802	0	0	0	0	106	3372	1864	0	2162	21402	922	6696	0	1550	0	0	0	5136	0	0	0	140	0	462	0	29836	442	1984	0	0	0	0	0	668	0	0	0	2706	0	3956	0	108	0	15574	0	1836	0	3606	1288	4072	0	3584	0	488	0	742	0	544	0	11536	0	1126	0	0	0	0	0	1064	0	1352	0	0	0	0	0	0	0	0	0	0	0	0	0	0	0	0	0	
318252	Hippocampus_R	0	7382	0	286	0	0	0	176	0	0	0	546	0	0	0	0	0	5060	0	1498	0	76	0	0	0	0	0	0	0	6898	0	0	0	322	3996	5628	2162	0	806	29260	0	8632	824	952	0	168	706	4464	0	162	76	0	0	184	104	30668	0	1068	0	0	0	0	0	128	0	108	816	3804	216	1066	538	192	0	14420	0	732	0	3612	0	1000	0	1252	0	512	0	2366	0	142	0	13824	0	160	0	0	302	0	270	476	0	198	0	0	0	0	0	0	0	0	0	346	542	0	0	0	0	0	
138652	ParaHippocampal_L	334	104	198	0	0	0	0	0	0	0	0	0	0	0	0	0	194	0	226	0	138	0	0	0	0	0	0	0	1510	0	0	0	0	0	1766	486	21402	806	0	414	3752	0	1092	0	0	0	4676	0	0	0	226	0	124	0	15596	198	72	0	0	0	0	0	0	0	0	0	1946	0	992	0	0	0	3460	0	230	0	1566	510	302	0	82	0	522	0	174	0	322	0	1118	0	834	0	94	0	218	0	1824	0	1528	0	0	0	84	0	76	0	0	0	0	0	0	0	130	0	0	0	
220896	ParaHippocampal_R	0	1130	0	0	0	0	0	0	0	0	0	346	0	0	0	0	0	2214	0	110	0	98	0	0	0	0	0	0	0	1706	0	0	0	88	1092	1274	922	29260	414	0	0	7008	118	1218	0	0	290	5194	0	0	0	0	0	304	0	25242	0	412	0	0	0	0	0	0	0	0	180	2430	0	0	0	100	0	7744	0	614	0	1888	0	198	0	386	0	3092	0	1136	0	2858	0	6738	0	742	0	108	264	140	242	1564	0	1050	0	0	0	88	0	0	0	0	0	290	156	0	0	0	0	0	
45276	Amygdala_L	0	0	0	0	0	0	0	0	0	0	0	0	0	0	194	0	0	0	0	0	670	0	0	0	0	0	0	0	1226	0	0	0	0	0	0	0	6696	0	3752	0	0	0	0	0	0	0	0	0	0	0	0	0	0	0	5196	0	0	0	0	0	0	0	0	0	0	0	0	0	0	0	242	0	1710	0	0	0	88	0	0	0	0	0	560	0	0	0	206	0	2098	0	0	0	0	0	0	0	0	0	0	0	0	0	0	0	0	0	0	0	0	0	0	0	0	0	0	0	
68736	Amygdala_R	0	698	0	110	0	0	0	0	0	0	0	0	0	0	0	0	0	0	0	160	0	180	0	0	0	0	0	0	0	418	0	0	0	0	0	0	0	8632	0	7008	0	0	0	0	0	0	84	0	0	0	0	0	0	0	0	8498	0	96	0	0	0	0	0	0	0	0	0	0	0	0	0	82	0	1612	0	0	0	888	0	0	0	0	0	1778	0	0	0	778	0	3244	0	0	0	0	0	0	0	102	0	0	0	0	0	0	0	0	0	0	0	0	0	0	0	0	0	0	
301744	Calcarine_L	146	0	0	0	0	0	0	0	0	0	0	0	0	0	0	0	504	0	102	0	0	0	0	0	0	0	0	0	474	0	0	0	0	0	2686	996	1550	824	1092	118	0	0	0	7894	16072	5146	18410	4606	8234	4248	26000	1684	6134	290	6978	1072	284	0	90	0	200	0	270	0	290	0	13246	570	544	100	0	0	0	0	0	0	0	0	290	0	202	0	0	0	1806	242	0	0	780	222	1590	902	0	0	0	168	3560	1658	2782	1162	0	0	0	0	0	92	0	0	0	112	4012	134	88	100	116	0	
413060	Calcarine_R	0	210	0	0	0	0	0	0	0	0	0	0	0	0	0	0	0	70	0	434	0	0	0	0	0	0	0	0	0	184	0	0	240	3278	0	3084	0	952	0	1218	0	0	7894	0	12394	37992	4366	22992	1264	33372	412	15342	0	5710	0	7048	0	2982	0	378	0	432	0	578	0	1912	1154	26492	124	3248	0	0	0	0	0	0	0	0	0	0	0	348	0	0	0	4336	0	0	0	5236	0	0	0	0	0	0	0	0	0	212	0	0	0	0	0	0	0	0	0	0	642	0	0	0	0	0	
295748	Cuneus_L	256	0	78	0	0	0	0	0	0	0	0	0	0	0	0	0	506	0	258	176	0	0	0	0	0	0	0	0	552	0	0	0	804	552	4052	336	0	0	0	0	0	0	16072	12394	0	15122	2860	1952	20638	11272	21482	2016	1500	568	1252	416	1470	712	1530	0	920	0	422	0	420	108	14424	3856	3934	838	0	0	106	0	0	0	0	0	158	0	240	0	0	0	1260	686	0	0	570	842	0	0	0	0	0	0	114	0	0	0	0	0	0	0	0	0	0	0	0	0	150	0	0	0	0	0	
451380	Cuneus_R	0	176	0	0	0	0	0	0	0	0	0	0	0	0	0	0	0	0	0	376	0	0	0	0	0	0	0	0	0	0	0	0	186	2574	72	1638	0	168	0	0	0	0	5146	37992	15122	0	3142	12342	1322	54736	368	14674	0	2700	0	1932	0	5516	0	4510	0	1804	0	3312	0	7620	4092	33792	0	2982	0	0	0	0	0	0	0	0	0	0	0	1396	0	0	0	3428	0	0	0	2352	0	0	0	0	0	0	0	0	0	124	0	0	0	0	0	0	0	0	0	0	96	0	0	0	0	0	
360552	Lingual_L	0	0	0	0	0	0	0	0	0	0	0	0	0	0	0	0	0	154	0	0	0	0	0	0	0	0	0	0	0	0	0	0	0	0	598	374	5136	706	4676	290	0	84	18410	4366	2860	3142	0	6944	2058	3222	13194	1178	6930	320	21934	3752	0	0	0	0	0	0	0	0	0	0	5338	336	284	0	0	0	74	190	0	0	764	76	0	0	0	0	0	0	126	0	0	0	126	72	9930	3098	534	74	104	180	15682	3086	19008	4394	214	0	478	0	0	80	0	0	170	570	10430	3708	624	90	108	0	
389472	Lingual_R	0	418	0	0	0	0	0	0	0	0	0	0	0	0	0	0	0	0	0	100	0	0	0	0	0	0	0	0	0	184	0	0	0	730	160	3418	0	4464	0	5194	0	0	4606	22992	1952	12342	6944	0	0	13050	258	5890	104	5756	1400	21188	0	156	0	0	0	0	0	0	0	174	0	9286	78	356	0	0	0	192	0	0	0	422	0	0	0	0	0	0	0	426	0	0	0	1246	4614	5804	1832	506	0	216	2404	11256	7112	11944	250	216	204	376	80	130	0	0	0	350	12944	8890	1342	264	158	358	
262512	Occipital_Sup_L	232	0	74	0	0	0	0	0	0	0	0	0	0	0	0	0	1204	0	262	0	0	0	0	0	0	0	0	0	300	0	0	0	0	482	1228	310	0	0	0	0	0	0	8234	1264	20638	1322	2058	0	0	1038	36128	82	896	0	646	0	1548	0	15284	0	14456	0	1100	0	7814	0	6738	0	1532	626	0	0	0	0	0	0	0	0	176	0	918	0	0	0	3666	0	0	0	1000	0	0	0	0	0	0	0	0	0	0	0	0	0	0	0	0	0	0	0	0	0	0	0	0	0	0	0	
467896	Occipital_Sup_R	0	172	0	0	0	0	0	0	0	0	0	0	0	0	0	0	0	0	0	496	0	0	0	0	0	0	0	0	0	0	0	0	134	1708	0	1022	0	162	0	0	0	0	4248	33372	11272	54736	3222	13050	1038	0	274	24454	0	3434	0	2804	0	7322	0	4864	0	3080	0	3744	0	13218	1818	29034	0	2766	0	0	0	0	0	0	0	0	0	0	0	2060	0	0	0	6740	0	0	0	3482	0	0	0	0	0	0	0	0	0	222	0	0	0	0	0	0	0	0	0	0	0	0	0	0	0	0	
538540	Occipital_Mid_L	1004	0	274	0	0	0	0	0	0	0	0	0	0	0	0	0	5392	0	636	232	0	0	0	0	0	0	0	0	3064	0	0	0	240	810	3296	858	140	76	226	0	0	0	26000	412	21482	368	13194	258	36128	274	0	0	15488	0	10648	118	3170	84	19862	0	26568	0	3430	0	20288	0	12304	0	5416	1348	0	0	0	0	0	0	0	0	2180	0	3260	0	0	0	22832	0	0	0	5916	126	94	0	0	0	0	0	486	230	308	84	0	0	0	0	0	0	0	0	0	0	572	94	0	0	0	0	
244348	Occipital_Mid_R	0	86	0	0	0	0	0	0	0	0	0	0	0	0	0	0	0	0	0	90	0	0	0	0	0	0	0	0	0	96	0	0	0	680	0	452	0	0	0	0	0	0	1684	15342	2016	14674	1178	5890	82	24454	0	0	0	6248	0	2380	0	2202	0	1854	0	2004	0	472	0	13128	928	8982	0	932	0	0	0	0	0	0	0	0	0	0	0	1220	0	0	0	10930	0	0	0	3978	0	0	0	0	0	0	0	0	0	192	0	0	0	0	0	0	0	0	0	0	0	0	0	0	0	0	
118840	Occipital_Inf_L	424	0	0	0	0	0	0	0	0	0	0	0	0	0	0	0	326	0	96	124	0	0	0	0	0	0	0	0	732	0	0	0	0	146	314	126	462	0	124	0	0	0	6134	0	1500	0	6930	104	896	0	15488	0	0	0	12196	226	0	0	178	0	336	0	148	0	0	0	1022	0	234	116	0	0	0	0	0	0	0	0	1080	0	296	0	0	0	2622	0	0	0	3140	0	392	256	0	0	0	0	390	166	1380	402	0	0	0	0	0	0	0	0	0	0	386	448	80	0	0	0	
91668	Occipital_Inf_R	0	82	0	0	0	0	0	0	0	0	0	0	0	0	0	0	0	0	0	84	0	0	0	0	0	0	0	0	0	0	0	0	0	0	0	146	0	184	0	304	0	0	290	5710	568	2700	320	5756	0	3434	0	6248	0	0	0	7638	0	86	0	0	0	0	0	0	0	142	0	856	0	112	0	0	0	0	0	0	0	0	0	0	0	0	0	0	0	1976	0	0	0	4982	208	288	0	100	0	0	0	440	340	1432	0	0	0	92	0	0	0	0	0	0	462	776	78	0	0	0	
578496	Fusiform_L	2842	0	390	0	0	0	0	0	0	0	412	0	82	0	126	0	5500	0	620	494	304	0	0	0	0	0	0	0	13342	0	0	0	0	364	844	468	29836	104	15596	0	5196	0	6978	0	1252	0	21934	1400	646	0	10648	0	12196	0	0	1626	1128	0	204	0	416	0	224	0	0	0	1946	0	1256	376	0	0	10308	0	0	0	796	0	3802	0	3776	0	3026	0	3772	0	2830	0	26142	0	28804	1862	2074	126	98	0	16182	1872	31954	2808	404	0	610	0	212	78	0	0	0	86	5254	2538	860	108	116	0	
596904	Fusiform_R	0	1428	0	224	0	0	0	0	0	0	0	370	0	0	0	0	0	2134	0	458	0	0	0	0	0	0	0	0	0	3686	0	0	0	220	614	1400	442	30668	198	25242	0	8498	1072	7048	416	1932	3752	21188	0	2804	118	2380	226	7638	1626	0	0	558	0	0	0	0	0	86	0	146	160	3774	0	338	238	72	0	9242	0	638	0	966	0	766	0	1938	0	3292	0	2912	0	2174	0	25146	1928	26760	496	1634	166	2462	1760	20904	5374	38034	0	168	82	1288	0	454	0	124	82	684	9450	6876	1122	154	222	0	
218268	Postcentral_L	22538	0	3566	532	0	0	0	0	0	0	2692	0	0	0	0	0	6474	0	11834	868	0	0	0	0	0	0	0	0	3914	0	0	0	112	260	162	0	1984	0	72	0	0	0	284	0	1470	0	0	0	1548	0	3170	0	0	0	1128	0	0	0	4432	0	13358	0	7070	0	380	0	2996	0	4650	568	284	0	2404	0	756	0	114	0	1752	0	6346	0	0	0	510	0	0	0	906	0	0	0	0	0	0	0	0	0	0	0	0	0	0	0	0	0	0	0	0	0	0	0	0	0	0	0	
223232	Postcentral_R	0	12512	0	2132	0	0	0	422	0	0	0	2084	0	454	0	0	0	4162	2022	9796	0	0	0	0	0	0	0	0	0	1266	0	0	0	274	0	598	0	1068	0	412	0	96	0	2982	712	5516	0	156	0	7322	84	2202	0	86	0	558	0	0	0	5314	0	5308	0	9848	0	2092	72	9134	594	8856	964	574	106	1474	0	408	0	0	0	1656	0	2540	0	0	0	3604	0	0	0	2074	0	0	0	0	0	0	0	0	0	0	0	0	0	0	0	0	0	0	0	0	82	0	0	0	0	0	
180928	Parietal_Sup_L	160	0	0	0	0	0	0	0	0	0	0	0	0	0	0	0	1010	0	0	128	0	0	0	0	0	0	0	0	140	0	0	0	80	70	168	0	0	0	0	0	0	0	90	0	1530	0	0	0	15284	0	19862	0	178	0	204	0	4432	0	0	0	22260	0	1630	0	3846	0	11270	0	3154	206	0	0	0	0	0	0	0	0	186	0	900	0	0	0	2676	0	0	0	1000	0	0	0	0	0	0	0	0	0	0	0	0	0	0	0	0	0	0	0	0	0	0	0	0	0	0	0	
61584	Parietal_Sup_R	0	140	0	0	0	0	0	0	0	0	0	0	0	0	0	0	0	0	0	0	0	0	0	0	0	0	0	0	0	0	0	0	0	152	0	0	0	0	0	0	0	0	0	378	0	4510	0	0	0	4864	0	1854	0	0	0	0	0	5314	0	0	0	2886	0	698	0	2096	0	7692	0	136	0	0	0	0	0	0	0	0	0	0	0	0	0	0	0	72	0	0	0	0	0	0	0	0	0	0	0	0	0	0	0	0	0	0	0	0	0	0	0	0	0	0	0	0	0	0	
272128	Parietal_Inf_L	2350	0	118	0	0	0	0	0	0	0	0	0	0	0	0	0	1928	0	306	0	0	0	0	0	0	0	0	0	636	0	0	0	114	300	410	72	0	0	0	0	0	0	200	0	920	0	0	0	14456	0	26568	0	336	0	416	0	13358	0	22260	0	0	0	12736	0	15384	0	4790	0	4662	342	0	0	0	0	0	0	0	0	616	0	1610	0	0	0	7514	0	0	0	3662	0	0	0	0	0	0	0	0	0	0	0	0	0	0	0	0	0	0	0	0	0	0	0	0	0	0	0	
101688	Parietal_Inf_R	0	914	0	0	0	0	0	0	0	0	0	0	0	0	0	0	0	0	0	164	0	0	0	0	0	0	0	0	0	0	0	0	0	0	0	0	0	0	0	0	0	0	0	432	0	1804	0	0	0	3080	0	2004	0	0	0	0	0	5308	0	2886	0	0	0	11666	0	11936	0	3206	0	426	182	0	0	0	0	0	0	0	0	0	0	910	0	0	0	4590	0	0	0	1336	0	0	0	0	0	0	0	0	0	0	0	0	0	0	0	0	0	0	0	0	0	0	0	0	0	0	
145304	SupraMarginal_L	1798	0	136	0	0	0	0	0	0	0	0	0	0	0	0	0	4738	0	256	0	0	0	0	0	0	0	0	0	3974	0	0	0	0	0	0	0	668	0	0	0	0	0	270	0	422	0	0	0	1100	0	3430	0	148	0	224	0	7070	0	1630	0	12736	0	0	0	8698	0	254	0	506	0	0	0	0	0	0	0	0	0	2322	0	6680	0	0	0	10642	0	0	0	4950	0	0	0	0	0	0	0	0	0	0	0	0	0	0	0	0	0	0	0	0	0	0	0	0	0	0	0	
132316	SupraMarginal_R	0	1824	0	0	0	0	0	0	0	0	0	0	0	0	0	0	0	958	0	1018	0	0	0	0	0	0	0	0	0	0	0	0	0	162	0	118	0	128	0	0	0	0	0	578	0	3312	0	0	0	3744	0	472	0	0	0	86	0	9848	0	698	0	11666	0	0	0	10794	0	4470	0	1262	390	0	0	0	0	0	0	0	0	76	0	4884	0	0	0	7106	0	0	0	2564	0	0	0	0	0	0	0	0	0	0	0	0	0	0	0	0	0	0	0	0	0	0	0	0	0	0	
157168	Angular_L	100	0	0	0	0	0	0	0	0	0	0	0	0	0	0	0	590	0	98	0	0	0	0	0	0	0	0	0	308	0	0	0	0	522	996	332	0	0	0	0	0	0	290	0	420	0	0	0	7814	0	20288	0	0	0	0	0	380	0	3846	0	15384	0	8698	0	0	0	630	0	1498	706	0	0	0	0	0	0	0	0	266	0	918	0	0	0	11356	0	0	0	3144	0	0	0	0	0	0	0	0	0	0	0	0	0	0	0	0	0	0	0	0	0	0	0	0	0	0	0	
189400	Angular_R	0	92	0	0	0	0	0	0	0	0	0	0	0	0	0	0	0	0	0	166	0	0	0	0	0	0	0	0	0	0	0	0	0	80	0	232	0	108	0	0	0	0	0	1912	108	7620	0	174	0	13218	0	13128	0	142	0	146	0	2092	0	2096	0	11936	0	10794	0	0	0	11246	0	604	0	0	0	0	0	0	0	0	0	0	0	4500	0	0	0	11620	0	0	0	2686	0	0	0	0	0	0	0	0	0	0	0	0	0	0	0	0	0	0	0	0	0	0	0	0	0	0	
240412	Precuneus_L	152	0	0	0	0	0	0	0	0	0	0	0	0	0	0	0	438	0	146	184	0	0	0	0	0	0	0	0	426	0	0	0	3558	1260	8020	1880	2706	816	1946	180	0	0	13246	1154	14424	4092	5338	0	6738	1818	12304	928	1022	0	1946	160	2996	72	11270	0	4790	0	254	0	630	0	0	7402	5274	346	0	0	0	0	0	0	0	0	190	0	166	0	0	0	1426	0	0	0	508	0	0	0	0	0	0	0	0	0	0	0	0	0	0	0	0	0	0	0	0	0	0	0	0	0	0	0	
422704	Precuneus_R	0	464	0	0	0	0	0	0	0	0	0	0	0	0	0	0	0	84	0	1296	0	0	0	0	0	0	0	0	0	126	0	0	822	7372	1294	11346	0	3804	0	2430	0	0	570	26492	3856	33792	336	9286	0	29034	0	8982	0	856	0	3774	0	9134	0	7692	0	3206	0	4470	0	11246	7402	0	302	6968	0	0	0	0	0	0	0	0	0	94	0	1816	0	0	0	6626	0	0	0	4906	0	0	0	0	0	0	0	74	0	0	0	0	0	0	0	0	0	0	0	0	1400	0	0	0	0	0	
352296	Paracentral_Lobule_L	18260	1816	2452	188	0	0	0	0	0	0	0	0	0	0	0	0	1636	0	26088	17922	0	0	0	0	0	0	0	0	2918	252	0	0	5552	9442	3068	762	3956	216	992	0	0	0	544	124	3934	0	284	78	1532	0	5416	0	234	0	1256	0	4650	594	3154	0	4662	0	506	0	1498	0	5274	302	0	8394	804	814	3444	0	4292	0	22032	870	1794	0	830	0	0	0	2304	0	0	0	880	128	0	0	0	0	0	0	0	0	0	0	0	0	0	0	0	0	0	0	0	0	0	0	0	0	0	0	
242316	Paracentral_Lobule_R	522	3754	0	176	0	0	0	0	0	0	0	0	0	0	0	0	0	0	376	28426	0	0	0	0	0	0	0	0	114	108	0	0	1092	9888	2990	3892	0	1066	0	0	0	0	100	3248	838	2982	0	356	626	2766	1348	932	116	112	376	338	568	8856	206	136	342	426	0	1262	706	604	346	6968	8394	0	2368	7750	0	0	0	0	2558	9668	86	98	0	598	0	0	322	952	0	0	0	1280	0	0	0	0	0	0	0	0	0	0	0	0	0	0	0	0	0	0	0	0	122	0	0	0	0	0	
366468	Caudate_L	1030	2886	5416	11092	4212	162	1534	5132	396	0	2304	1734	5062	4888	6518	496	1728	1296	6898	15024	9580	5726	2666	72	2098	808	3090	906	10042	1888	7062	4386	190	1630	0	0	108	538	0	0	242	0	0	0	0	0	0	0	0	0	0	0	0	0	0	238	284	964	0	0	0	182	0	390	0	0	0	0	804	2368	0	11956	19646	2810	2162	0	9202	1312	0	0	208	0	1226	0	0	164	0	0	0	478	0	0	0	0	0	0	0	0	0	0	0	0	0	0	0	0	0	0	0	0	0	0	0	0	0	0	
362340	Caudate_R	168	2574	646	8068	722	1674	70	1474	0	92	0	3400	314	4826	2456	3616	246	6016	5152	17622	4308	9348	602	6342	578	3102	668	2828	660	7944	2712	14330	102	2302	0	0	0	192	0	100	0	82	0	0	0	0	0	0	0	0	0	0	0	0	0	72	0	574	0	0	0	0	0	0	0	0	0	0	814	7750	11956	0	3666	20642	738	1452	1420	16426	0	0	0	238	0	86	0	0	0	0	0	0	0	0	0	0	0	0	0	0	0	0	0	0	0	0	0	0	0	0	0	0	0	0	0	0	0	0	
370680	Putamen_L	6196	152	10004	1054	1940	0	6820	398	618	0	1766	178	3466	552	7948	92	5754	468	14980	4108	2432	2082	1922	0	582	370	826	174	23142	130	2522	846	172	910	0	0	15574	0	3460	0	1710	0	0	0	106	0	74	0	0	0	0	0	0	0	10308	0	2404	106	0	0	0	0	0	0	0	0	0	0	3444	0	19646	3666	0	1176	9102	0	2538	84	1060	0	1384	0	780	0	70	0	218	0	5204	0	232	0	0	0	0	0	128	0	262	0	0	0	0	0	0	0	0	0	0	0	0	0	0	0	0	0	
289720	Putamen_R	0	2870	152	5098	158	928	0	1336	0	74	0	2758	212	1532	860	3066	0	14820	1646	3606	1336	2842	0	3084	160	596	98	1168	254	19580	488	6756	0	528	0	0	0	14420	0	7744	0	1612	0	0	0	0	190	192	0	0	0	0	0	0	0	9242	0	1474	0	0	0	0	0	0	0	0	0	0	0	0	2810	20642	1176	0	0	2376	0	1738	0	170	0	364	0	322	0	0	0	0	0	4160	0	0	0	0	108	0	114	0	0	0	0	0	0	0	0	0	0	0	0	0	0	0	0	0	0	0	
83012	Pallidum_L	4854	278	1400	102	0	0	0	90	0	0	76	0	0	0	0	0	488	104	7456	2928	0	114	0	0	0	0	0	0	462	0	0	0	0	1010	0	0	1836	0	230	0	0	0	0	0	0	0	0	0	0	0	0	0	0	0	0	0	756	0	0	0	0	0	0	0	0	0	0	0	4292	0	2162	738	9102	0	0	0	2602	118	104	0	204	0	0	0	0	0	0	0	0	0	0	0	0	0	0	0	0	0	0	0	0	0	0	0	0	0	0	0	0	0	0	0	0	0	0	0	
19972	Pallidum_R	0	0	0	0	0	0	0	116	0	0	0	0	0	0	0	0	0	2570	152	194	0	0	0	0	0	0	0	0	0	596	0	0	0	0	0	0	0	732	0	614	0	0	0	0	0	0	0	0	0	0	0	0	0	0	0	638	0	408	0	0	0	0	0	0	0	0	0	0	0	0	0	1452	0	2376	0	0	0	0	0	138	0	0	0	0	0	0	0	0	0	0	0	0	0	0	0	0	0	0	0	0	0	0	0	0	0	0	0	0	0	0	0	0	0	0	0	0	
175264	Thalamus_L	6602	1022	956	1440	0	0	0	122	0	0	0	140	0	0	0	0	296	74	14912	10166	0	0	0	0	0	0	0	0	1362	84	0	0	0	1082	232	0	3606	0	1566	0	88	0	0	0	0	0	764	0	0	0	0	0	0	0	796	0	114	0	0	0	0	0	0	0	0	0	0	0	22032	2558	9202	1420	2538	0	2602	0	0	1212	644	0	0	0	0	0	0	0	0	0	0	0	0	0	0	0	0	0	0	0	0	0	0	0	0	0	0	0	0	0	0	0	0	0	0	0	0	0	
179728	Thalamus_R	132	22644	0	3602	0	0	0	1162	0	0	0	388	0	0	0	0	120	276	310	15594	0	0	0	0	0	0	0	0	92	734	0	108	0	110	1736	1320	1288	3612	510	1888	0	888	0	0	0	0	76	422	0	0	0	0	0	0	0	966	0	0	0	0	0	0	0	0	0	0	0	0	870	9668	1312	16426	84	1738	118	0	1212	0	0	0	0	0	0	0	0	92	0	0	0	366	0	0	0	0	0	0	0	0	0	0	0	0	0	0	0	0	0	0	0	0	0	0	0	0	0	0	
123224	Heschl_L	5598	0	918	76	0	0	0	0	0	0	292	0	0	0	0	0	6588	0	3066	398	0	0	0	0	0	0	0	0	12470	0	0	0	0	258	90	0	4072	0	302	0	0	0	290	0	158	0	0	0	176	0	2180	0	1080	0	3802	0	1752	0	186	0	616	0	2322	0	266	0	190	0	1794	86	0	0	1060	0	104	0	644	0	0	0	4154	0	0	0	3414	0	0	0	3012	0	114	0	0	0	0	0	0	0	84	0	0	0	0	0	0	0	0	0	0	0	0	0	0	0	0	0	
45044	Heschl_R	0	690	0	208	0	0	0	0	0	0	0	0	0	0	0	0	0	3168	0	272	0	0	0	0	0	0	0	0	0	3692	0	0	0	0	0	0	0	1000	0	198	0	0	0	0	0	0	0	0	0	0	0	0	0	0	0	766	0	1656	0	0	0	0	0	76	0	0	0	94	0	98	0	0	0	170	0	138	0	0	0	0	0	5714	0	0	0	2904	0	0	0	1678	0	0	0	0	0	0	0	0	0	0	0	0	0	0	0	0	0	0	0	0	0	0	0	0	0	0	
210932	Temporal_Sup_L	2070	0	470	260	0	0	0	0	0	0	432	0	0	0	0	0	14836	0	2788	394	0	0	0	0	0	0	0	0	10892	0	0	0	0	0	0	0	3584	0	82	0	0	0	202	0	240	0	0	0	918	0	3260	0	296	0	3776	0	6346	0	900	0	1610	0	6680	0	918	0	166	0	830	0	208	0	1384	0	204	0	0	0	4154	0	0	0	3454	0	17586	0	488	0	15418	0	350	0	92	0	0	0	0	0	178	0	0	0	0	0	0	0	0	0	0	0	0	0	0	0	0	0	
125780	Temporal_Sup_R	0	712	0	0	0	0	0	0	0	0	0	0	0	0	0	72	0	2530	76	578	0	0	0	0	0	0	0	0	0	4856	0	0	0	0	0	0	0	1252	0	386	0	0	0	348	0	1396	0	0	0	2060	0	1220	0	0	0	1938	0	2540	0	0	0	910	0	4884	0	4500	0	1816	0	598	0	238	0	364	0	0	0	0	0	5714	0	0	0	1012	0	14846	0	94	0	7950	0	0	0	0	0	0	0	0	0	0	0	0	0	0	0	0	0	0	0	0	0	0	0	0	0	0	
107352	Temporal_Pole_Sup_L	116	0	1178	488	536	0	158	0	0	0	2828	136	224	0	942	0	1926	0	852	150	1378	0	0	0	0	0	218	0	5128	136	0	0	0	0	0	0	488	0	522	0	560	0	0	0	0	0	0	0	0	0	0	0	0	0	3026	0	0	0	0	0	0	0	0	0	0	0	0	0	0	0	1226	0	780	0	0	0	0	0	0	0	3454	0	0	0	9082	0	8880	0	9264	0	0	0	0	0	0	0	0	0	0	0	0	0	0	0	0	0	0	0	0	0	0	0	0	0	0	0	
63976	Temporal_Pole_Sup_R	0	0	0	82	0	0	0	0	0	0	0	208	0	0	0	436	0	272	0	118	0	152	0	0	0	0	0	0	0	1666	0	0	0	0	0	0	0	512	0	3092	0	1778	0	0	0	0	0	0	0	0	0	0	0	0	0	3292	0	0	0	0	0	0	0	0	0	0	0	0	0	0	0	86	0	322	0	0	0	0	0	0	0	1012	0	0	0	2470	0	8442	0	8048	0	0	0	0	0	0	0	0	0	0	0	0	0	0	0	0	0	0	0	0	0	0	0	0	0	0	
318516	Temporal_Mid_L	904	0	310	0	0	0	0	0	0	0	0	0	0	0	0	0	5422	0	636	88	0	0	0	0	0	0	0	0	4576	0	0	0	0	212	700	284	742	0	174	0	0	0	1806	0	1260	0	126	0	3666	0	22832	0	2622	0	3772	0	510	0	2676	0	7514	0	10642	0	11356	0	1426	0	2304	322	0	0	70	0	0	0	0	0	3414	0	17586	0	9082	0	0	0	7222	0	34484	0	338	0	76	0	0	0	0	0	104	0	0	0	0	0	0	0	0	0	0	0	0	0	0	0	0	0	
245436	Temporal_Mid_R	0	916	0	104	0	0	0	0	0	0	0	0	0	0	0	0	0	738	0	604	0	0	0	0	0	0	0	0	0	2602	0	0	0	0	0	752	0	2366	0	1136	0	0	242	4336	686	3428	0	426	0	6740	0	10930	0	1976	0	2912	0	3604	0	72	0	4590	0	7106	0	11620	0	6626	0	952	164	0	0	0	0	0	0	92	0	2904	0	14846	0	2470	0	0	0	1174	0	25604	0	0	0	0	0	0	0	0	0	0	0	0	0	0	0	0	0	0	0	0	0	0	0	0	0	0	
60592	Temporal_Pole_Mid_L	0	0	0	0	0	0	0	0	0	0	0	0	0	0	0	0	0	0	0	0	0	0	0	0	0	0	0	0	1240	0	0	0	0	0	0	0	544	0	322	0	206	0	0	0	0	0	0	0	0	0	0	0	0	0	2830	0	0	0	0	0	0	0	0	0	0	0	0	0	0	0	0	0	218	0	0	0	0	0	0	0	488	0	8880	0	7222	0	0	0	8346	0	0	0	0	0	0	0	0	0	0	0	0	0	0	0	0	0	0	0	0	0	0	0	0	0	0	0	
46000	Temporal_Pole_Mid_R	0	0	0	0	0	0	0	0	0	0	0	0	0	0	0	0	0	0	0	0	0	0	0	0	0	0	0	0	0	0	0	0	0	0	0	0	0	142	0	2858	0	778	0	0	0	0	0	0	0	0	0	0	0	0	0	2174	0	0	0	0	0	0	0	0	0	0	0	0	0	0	0	0	0	0	0	0	0	0	0	0	0	94	0	8442	0	1174	0	0	0	7338	0	0	0	0	0	0	0	0	0	0	0	0	0	0	0	0	0	0	0	0	0	0	0	0	0	0	
377376	Temporal_Inf_L	1178	0	478	0	0	0	0	0	0	0	532	0	104	0	0	0	8134	0	800	84	114	0	0	0	0	0	0	0	14066	0	0	0	0	0	94	0	11536	0	1118	0	2098	0	780	0	570	0	126	0	1000	0	5916	0	3140	0	26142	0	906	0	1000	0	3662	0	4950	0	3144	0	508	0	880	0	0	0	5204	0	0	0	0	0	3012	0	15418	0	9264	0	34484	0	8346	0	0	0	10648	0	1770	0	0	0	2120	0	4786	0	256	0	320	0	0	0	0	0	0	0	0	0	0	0	0	0	
321144	Temporal_Inf_R	0	2260	0	298	0	0	0	0	0	0	0	80	0	0	0	102	0	1048	0	1284	0	0	0	0	0	0	0	0	0	5650	0	0	0	152	742	2272	0	13824	0	6738	0	3244	222	5236	842	2352	72	1246	0	3482	126	3978	0	4982	0	25146	0	2074	0	0	0	1336	0	2564	0	2686	0	4906	128	1280	478	0	0	4160	0	0	0	366	0	1678	0	7950	0	8048	0	25604	0	7338	0	0	0	2604	0	574	0	0	0	118	0	432	0	276	0	468	0	0	0	0	0	0	126	0	0	0	0	0	
624408	Cerebelum_Crus1_L	0	0	0	0	0	0	0	0	0	0	0	0	0	0	0	0	0	0	0	0	0	0	0	0	0	0	0	0	74	0	0	0	0	0	0	0	1126	0	834	0	0	0	1590	0	0	0	9930	4614	0	0	94	0	392	208	28804	1928	0	0	0	0	0	0	0	0	0	0	0	0	0	0	0	0	232	0	0	0	0	0	114	0	350	0	0	0	338	0	0	0	10648	0	0	5010	47346	5232	976	456	21040	3584	69138	9578	17012	630	21660	4048	2138	1206	400	80	728	1430	9502	11678	10674	4516	1846	1020	
532228	Cerebelum_Crus1_R	0	0	0	0	0	0	0	0	0	0	0	0	0	0	0	0	0	0	0	0	0	0	0	0	0	0	0	0	0	0	0	0	0	0	0	0	0	160	0	742	0	0	902	0	0	0	3098	5804	0	0	0	0	256	288	1862	26760	0	0	0	0	0	0	0	0	0	0	0	0	0	0	0	0	0	0	0	0	0	0	0	0	0	0	0	0	0	0	0	0	0	2604	5010	0	1350	39474	0	1304	1920	18750	7648	67122	96	9256	782	31268	304	2796	0	1770	190	1224	10366	6664	10926	2768	2302	348	
372448	Cerebelum_Crus2_L	0	0	0	0	0	0	0	0	0	0	0	0	0	0	0	0	0	0	0	0	0	0	0	0	0	0	0	0	0	0	0	0	0	0	0	0	0	0	94	0	0	0	0	0	0	0	534	1832	0	0	0	0	0	0	2074	496	0	0	0	0	0	0	0	0	0	0	0	0	0	0	0	0	0	0	0	0	0	0	0	0	92	0	0	0	76	0	0	0	1770	0	47346	1350	0	7400	124	188	1956	816	15138	2540	40040	3568	34624	3796	1646	484	516	0	164	344	2136	3848	6722	3678	634	198	
353400	Cerebelum_Crus2_R	0	0	0	0	0	0	0	0	0	0	0	0	0	0	0	0	0	0	0	0	0	0	0	0	0	0	0	0	0	0	0	0	0	0	0	0	0	0	0	108	0	0	0	0	0	0	74	506	0	0	0	0	0	100	126	1634	0	0	0	0	0	0	0	0	0	0	0	0	0	0	0	0	0	0	0	0	0	0	0	0	0	0	0	0	0	0	0	0	0	574	5232	39474	7400	0	0	508	294	1702	2508	13092	1114	25730	2116	43094	470	3756	0	760	230	636	884	962	12064	7760	3272	520	
42432	Cerebelum_3_L	0	0	0	0	0	0	0	0	0	0	0	0	0	0	0	0	0	80	0	0	0	0	0	0	0	0	0	0	0	0	0	0	0	0	0	0	0	302	218	264	0	0	0	0	0	0	104	0	0	0	0	0	0	0	98	166	0	0	0	0	0	0	0	0	0	0	0	0	0	0	0	0	0	108	0	0	0	0	0	0	0	0	0	0	0	0	0	0	0	0	976	0	124	0	0	0	6328	88	2234	0	102	0	330	70	1156	202	0	0	1434	2930	2040	522	186	292	386	476	
64596	Cerebelum_3_R	0	0	0	0	0	0	0	0	0	0	0	0	0	0	0	0	0	0	0	0	0	0	0	0	0	0	0	0	0	0	0	0	0	0	0	0	0	0	0	140	0	0	168	0	0	0	180	216	0	0	0	0	0	0	0	2462	0	0	0	0	0	0	0	0	0	0	0	0	0	0	0	0	0	0	0	0	0	0	0	0	0	0	0	0	0	0	0	0	0	0	456	1304	188	508	0	0	654	6554	618	5002	118	0	596	928	354	1862	76	254	490	2702	1844	540	1234	1498	1352	0	
379692	Cerebelum_4_5_L	0	0	0	0	0	0	0	0	0	0	0	0	0	0	0	0	0	86	0	0	0	0	0	0	0	0	0	0	0	0	0	0	0	0	0	0	1064	270	1824	242	0	0	3560	0	114	0	15682	2404	0	0	486	0	390	0	16182	1760	0	0	0	0	0	0	0	0	0	0	0	0	0	0	0	0	128	114	0	0	0	0	0	0	0	0	0	0	0	0	0	0	2120	0	21040	1920	1956	294	6328	654	0	5184	38016	3430	1062	0	3292	448	4060	1366	814	0	4224	7920	25962	5706	1418	1480	2940	3906	
329960	Cerebelum_4_5_R	0	0	0	0	0	0	0	0	0	0	0	0	0	0	0	0	0	0	0	0	0	0	0	0	0	0	0	0	0	0	0	0	0	0	0	0	0	476	0	1564	0	102	1658	0	0	0	3086	11256	0	0	230	0	166	440	1872	20904	0	0	0	0	0	0	0	0	0	0	0	74	0	0	0	0	0	0	0	0	0	0	0	0	0	0	0	0	0	0	0	0	0	118	3584	18750	816	1702	88	6554	5184	0	6668	35392	258	0	700	2452	424	2404	98	354	550	4270	21964	4168	1918	1736	2292	708	
641736	Cerebelum_6_L	0	0	0	0	0	0	0	0	0	0	0	0	0	0	0	0	0	0	0	0	0	0	0	0	0	0	0	0	0	0	0	0	0	0	0	0	1352	0	1528	0	0	0	2782	0	0	0	19008	7112	0	0	308	0	1380	340	31954	5374	0	0	0	0	0	0	0	0	0	0	0	0	0	0	0	0	262	0	0	0	0	0	84	0	178	0	0	0	104	0	0	0	4786	0	69138	7648	15138	2508	2234	618	38016	6668	0	14178	6464	466	10188	1826	3832	2272	652	126	1670	3896	20092	18402	8878	2864	3780	2762	
578128	Cerebelum_6_R	0	0	0	0	0	0	0	0	0	0	0	0	0	0	0	0	0	0	0	0	0	0	0	0	0	0	0	0	0	0	0	0	0	0	0	0	0	198	0	1050	0	0	1162	212	0	124	4394	11944	0	222	84	192	402	1432	2808	38034	0	0	0	0	0	0	0	0	0	0	0	0	0	0	0	0	0	0	0	0	0	0	0	0	0	0	0	0	0	0	0	0	0	432	9578	67122	2540	13092	0	5002	3430	35392	14178	0	490	1512	1072	15508	316	3082	0	2616	288	2230	17118	14956	12156	2466	1926	304	
243304	Cerebelum_7b_L	0	0	0	0	0	0	0	0	0	0	0	0	0	0	0	0	0	0	0	0	0	0	0	0	0	0	0	0	0	0	0	0	0	0	0	0	0	0	0	0	0	0	0	0	0	0	214	250	0	0	0	0	0	0	404	0	0	0	0	0	0	0	0	0	0	0	0	0	0	0	0	0	0	0	0	0	0	0	0	0	0	0	0	0	0	0	0	0	256	0	17012	96	40040	1114	102	118	1062	258	6464	490	0	0	40364	1696	1190	558	738	0	220	370	746	974	2326	3518	746	326	
139896	Cerebelum_7b_R	0	0	0	0	0	0	0	0	0	0	0	0	0	0	0	0	0	0	0	0	0	0	0	0	0	0	0	0	0	0	0	0	0	0	0	0	0	0	0	0	0	0	0	0	0	0	0	216	0	0	0	0	0	0	0	168	0	0	0	0	0	0	0	0	0	0	0	0	0	0	0	0	0	0	0	0	0	0	0	0	0	0	0	0	0	0	0	0	0	276	630	9256	3568	25730	0	0	0	0	466	1512	0	0	186	22866	0	144	0	0	0	0	216	228	2946	1430	110	0	
360636	Cerebelum_8_L	0	0	0	0	0	0	0	0	0	0	0	0	0	0	0	0	0	0	0	0	0	0	0	0	0	0	0	0	0	0	0	0	0	0	0	0	0	0	84	0	0	0	0	0	0	0	478	204	0	0	0	0	0	0	610	82	0	0	0	0	0	0	0	0	0	0	0	0	0	0	0	0	0	0	0	0	0	0	0	0	0	0	0	0	0	0	0	0	320	0	21660	782	34624	2116	330	596	3292	700	10188	1072	40364	186	0	7168	18600	3682	3514	110	458	1072	1358	1046	6020	13754	5324	524	
393860	Cerebelum_8_R	0	0	0	0	0	0	0	0	0	0	0	0	0	0	0	0	0	0	0	0	0	0	0	0	0	0	0	0	0	0	0	0	0	0	0	0	0	0	0	88	0	0	0	0	0	0	0	376	0	0	0	0	0	92	0	1288	0	0	0	0	0	0	0	0	0	0	0	0	0	0	0	0	0	0	0	0	0	0	0	0	0	0	0	0	0	0	0	0	0	468	4048	31268	3796	43094	70	928	448	2452	1826	15508	1696	22866	7168	0	1924	20390	284	3042	494	960	1358	896	9808	12898	7032	364	
125452	Cerebelum_9_L	0	0	0	0	0	0	0	0	0	0	0	0	0	0	0	0	0	0	0	0	0	0	0	0	0	0	0	0	0	0	0	0	0	0	0	0	0	0	76	0	0	0	0	0	0	0	0	80	0	0	0	0	0	0	212	0	0	0	0	0	0	0	0	0	0	0	0	0	0	0	0	0	0	0	0	0	0	0	0	0	0	0	0	0	0	0	0	0	0	0	2138	304	1646	470	1156	354	4060	424	3832	316	1190	0	18600	1924	0	3702	4114	0	314	1270	1398	1496	2176	4176	5522	1776	
172236	Cerebelum_9_R	0	0	0	0	0	0	0	0	0	0	0	0	0	0	0	0	0	0	0	0	0	0	0	0	0	0	0	0	0	0	0	0	0	0	0	0	0	0	0	0	0	0	92	0	0	0	80	130	0	0	0	0	0	0	78	454	0	0	0	0	0	0	0	0	0	0	0	0	0	0	0	0	0	0	0	0	0	0	0	0	0	0	0	0	0	0	0	0	0	0	1206	2796	484	3756	202	1862	1366	2404	2272	3082	558	144	3682	20390	3702	0	364	2260	1302	2416	2210	1598	4892	7576	12754	2006	
27980	Cerebelum_10_L	0	0	0	0	0	0	0	0	0	0	0	0	0	0	0	0	0	0	0	0	0	0	0	0	0	0	0	0	0	0	0	0	0	0	0	0	0	0	0	0	0	0	0	0	0	0	0	0	0	0	0	0	0	0	0	0	0	0	0	0	0	0	0	0	0	0	0	0	0	0	0	0	0	0	0	0	0	0	0	0	0	0	0	0	0	0	0	0	0	0	400	0	516	0	0	76	814	98	652	0	738	0	3514	284	4114	364	0	0	278	354	314	104	378	534	378	80	
26728	Cerebelum_10_R	0	0	0	0	0	0	0	0	0	0	0	0	0	0	0	0	0	0	0	0	0	0	0	0	0	0	0	0	0	0	0	0	0	0	0	0	0	0	0	0	0	0	0	0	0	0	0	0	0	0	0	0	0	0	0	124	0	0	0	0	0	0	0	0	0	0	0	0	0	0	0	0	0	0	0	0	0	0	0	0	0	0	0	0	0	0	0	0	0	0	80	1770	0	760	0	254	0	354	126	2616	0	0	110	3042	0	2260	0	0	0	126	184	174	534	462	388	0	
62740	Vermis_1_2	0	0	0	0	0	0	0	0	0	0	0	0	0	0	0	0	0	0	0	0	0	0	0	0	0	0	0	0	0	0	0	0	0	0	0	0	0	0	0	0	0	0	0	0	0	0	170	0	0	0	0	0	0	0	0	82	0	0	0	0	0	0	0	0	0	0	0	0	0	0	0	0	0	0	0	0	0	0	0	0	0	0	0	0	0	0	0	0	0	0	728	190	164	230	1434	490	4224	550	1670	288	220	0	458	494	314	1302	278	0	0	6842	5180	1450	632	770	1878	1332	
129508	Vermis_3	0	0	0	0	0	0	0	0	0	0	0	0	0	0	0	0	0	0	0	0	0	0	0	0	0	0	0	0	0	0	0	0	0	0	0	0	0	346	0	290	0	0	112	0	0	0	570	350	0	0	0	0	0	0	86	684	0	0	0	0	0	0	0	0	0	0	0	0	0	0	0	0	0	0	0	0	0	0	0	0	0	0	0	0	0	0	0	0	0	0	1430	1224	344	636	2930	2702	7920	4270	3896	2230	370	0	1072	960	1270	2416	354	126	6842	0	10084	2568	1476	1788	3316	2092	
