data	data	456236	265352	944412	968464	131544	129524	512300	356520	68816	61480	201232	138632	186696	142572	183260	133252	233620	176860	645424	657300	100088	112132	313840	360152	59780	82624	57824	80576	685416	385512	332516	435660	139984	352368	179408	212744	276796	340144	120672	221616	46648	64672	360296	445960	217088	409544	460856	518520	242204	387472	597916	233996	240436	118616	682096	612472	277864	173620	159316	116644	203068	124016	106380	127896	195412	172076	290684	527868	164048	146248	352692	513592	346268	402964	58748	43644	195084	254896	78168	50684	251684	162416	122552	111544	400472	243392	35764	63244	369720	229276	686608	669908	398640	367236	52180	172764	387320	258488	726836	679140	349788	148264	478036	395248	234520	272232	57004	68844	110212	184932	309100	372072	423172	303888	235872	77284	
data	data	Precentral_L	Precentral_R	Frontal_Sup_L	Frontal_Sup_R	Frontal_Sup_Orb_L	Frontal_Sup_Orb_R	Frontal_Mid_L	Frontal_Mid_R	Frontal_Mid_Orb_L	Frontal_Mid_Orb_R	Frontal_Inf_Oper_L	Frontal_Inf_Oper_R	Frontal_Inf_Tri_L	Frontal_Inf_Tri_R	Frontal_Inf_Orb_L	Frontal_Inf_Orb_R	Rolandic_Oper_L	Rolandic_Oper_R	Supp_Motor_Area_L	Supp_Motor_Area_R	Olfactory_L	Olfactory_R	Frontal_Sup_Medial_L	Frontal_Sup_Medial_R	Frontal_Med_Orb_L	Frontal_Med_Orb_R	Rectus_L	Rectus_R	Insula_L	Insula_R	Cingulum_Ant_L	Cingulum_Ant_R	Cingulum_Mid_L	Cingulum_Mid_R	Cingulum_Post_L	Cingulum_Post_R	Hippocampus_L	Hippocampus_R	ParaHippocampal_L	ParaHippocampal_R	Amygdala_L	Amygdala_R	Calcarine_L	Calcarine_R	Cuneus_L	Cuneus_R	Lingual_L	Lingual_R	Occipital_Sup_L	Occipital_Sup_R	Occipital_Mid_L	Occipital_Mid_R	Occipital_Inf_L	Occipital_Inf_R	Fusiform_L	Fusiform_R	Postcentral_L	Postcentral_R	Parietal_Sup_L	Parietal_Sup_R	Parietal_Inf_L	Parietal_Inf_R	SupraMarginal_L	SupraMarginal_R	Angular_L	Angular_R	Precuneus_L	Precuneus_R	Paracentral_Lobule_L	Paracentral_Lobule_R	Caudate_L	Caudate_R	Putamen_L	Putamen_R	Pallidum_L	Pallidum_R	Thalamus_L	Thalamus_R	Heschl_L	Heschl_R	Temporal_Sup_L	Temporal_Sup_R	Temporal_Pole_Sup_L	Temporal_Pole_Sup_R	Temporal_Mid_L	Temporal_Mid_R	Temporal_Pole_Mid_L	Temporal_Pole_Mid_R	Temporal_Inf_L	Temporal_Inf_R	Cerebelum_Crus1_L	Cerebelum_Crus1_R	Cerebelum_Crus2_L	Cerebelum_Crus2_R	Cerebelum_3_L	Cerebelum_3_R	Cerebelum_4_5_L	Cerebelum_4_5_R	Cerebelum_6_L	Cerebelum_6_R	Cerebelum_7b_L	Cerebelum_7b_R	Cerebelum_8_L	Cerebelum_8_R	Cerebelum_9_L	Cerebelum_9_R	Cerebelum_10_L	Cerebelum_10_R	Vermis_1_2	Vermis_3	Vermis_4_5	Vermis_6	Vermis_7	Vermis_8	Vermis_9	Vermis_10	
456236	Precentral_L	0	9838	20794	3446	314	0	23114	1200	0	0	12722	252	1498	156	0	0	10170	230	6280	7674	0	0	992	258	0	0	0	0	11982	620	682	332	232	2412	1812	1920	2432	1288	514	346	0	106	272	0	0	0	238	156	236	0	4178	0	312	0	1004	352	25296	1250	134	0	2680	0	3016	136	1416	0	274	194	12492	3488	1756	9332	1980	2006	528	324	11228	9388	2726	98	3108	106	0	0	2936	0	0	0	1862	0	0	0	0	0	0	0	0	0	0	0	0	0	0	0	0	0	0	0	0	0	0	0	0	0	0	0	
265352	Precentral_R	9838	0	1088	5268	0	0	428	8492	0	0	164	6034	0	172	0	0	170	1812	2576	7816	0	0	0	336	0	0	0	0	502	2310	0	640	926	3644	1842	2166	1944	3280	412	1340	0	0	0	522	0	438	106	1004	0	352	156	464	0	656	186	2716	1830	11436	0	306	366	134	90	614	0	202	0	1670	7002	11098	1720	5032	548	1192	460	120	3858	12024	360	206	0	508	0	0	0	844	0	0	90	1166	0	0	0	0	0	0	0	0	0	0	0	0	0	0	0	0	0	0	0	0	0	0	0	0	0	0	
944412	Frontal_Sup_L	20794	1088	0	34020	10610	0	58696	8300	4762	0	9018	322	7496	548	9790	180	12252	1242	70914	27128	370	0	33882	6844	2146	104	888	0	43952	1198	17998	6468	5080	4938	332	360	2134	394	286	0	98	0	0	0	0	0	202	0	0	0	274	0	76	0	670	0	6706	362	0	0	534	0	1992	0	102	0	0	0	1996	350	15410	2374	20670	668	3956	0	2582	792	2090	132	2848	442	724	0	510	0	0	0	1002	0	0	0	0	0	0	0	0	0	110	0	0	0	0	0	0	0	0	0	0	0	0	0	0	0	0	0	
968464	Frontal_Sup_R	3446	5268	34020	0	494	7702	6056	43320	0	5200	4886	6000	1140	9876	904	7952	3750	10070	32126	69328	170	462	7730	37108	274	3252	362	2400	11652	17016	6914	32890	1630	11010	554	590	534	2358	112	926	0	0	0	0	0	0	0	0	0	0	0	0	0	0	98	558	570	1404	0	80	0	0	0	94	0	0	0	198	184	356	11254	34478	1926	25460	132	1864	1594	8248	124	1278	490	3168	190	764	0	0	0	0	104	134	0	0	0	0	0	0	0	0	0	0	0	0	0	0	0	0	0	0	0	0	0	0	0	0	0	0	
131544	Frontal_Sup_Orb_L	314	0	10610	494	0	0	1870	148	7746	0	0	0	206	0	8436	0	0	0	804	274	1600	140	5354	218	5454	144	4936	0	4380	0	4522	284	0	0	0	0	0	0	0	0	82	0	0	0	0	0	0	0	0	0	0	0	0	0	0	0	0	0	0	0	0	0	0	0	0	0	0	0	0	0	1388	118	4972	0	0	0	0	0	0	0	0	0	1278	0	0	0	0	0	0	0	0	0	0	0	0	0	0	0	0	0	0	0	0	0	0	0	0	0	0	0	0	0	0	0	0	0	
129524	Frontal_Sup_Orb_R	0	0	0	7702	0	0	0	3706	0	6094	0	0	0	0	0	4176	0	0	0	0	696	2322	346	4526	446	6960	746	7354	0	1476	1602	2870	0	0	0	0	0	0	0	0	0	0	0	0	0	0	0	0	0	0	0	0	0	0	0	0	0	0	0	0	0	0	0	0	0	0	0	0	0	0	464	7454	244	5578	0	0	0	0	0	0	0	0	0	0	0	0	0	0	0	0	0	0	0	0	0	0	0	0	0	0	0	0	0	0	0	0	0	0	0	0	0	0	0	0	0	0	
512300	Frontal_Mid_L	23114	428	58696	6056	1870	0	0	1142	4420	0	13380	0	35842	98	14976	0	5862	0	8476	5238	292	0	14672	2212	0	0	76	0	34628	146	6002	1836	1738	1878	142	166	414	206	138	0	0	0	0	0	0	0	0	0	0	0	142	0	0	0	0	0	1936	168	0	0	0	0	0	0	0	0	0	0	386	140	1060	800	3368	134	0	78	1766	334	82	0	612	0	750	0	106	0	0	0	144	0	0	0	0	0	0	0	0	0	0	0	0	0	0	0	0	0	0	0	0	0	0	0	0	0	0	0	
356520	Frontal_Mid_R	1200	8492	8300	43320	148	3706	1142	0	0	5800	2216	8690	452	15820	222	9266	1528	3812	4492	3832	0	218	814	4690	0	84	0	398	3964	11598	1490	6862	0	1030	0	0	72	310	0	88	0	0	0	0	0	0	0	0	0	0	0	0	0	0	0	0	472	1120	0	0	0	0	0	0	0	0	0	112	0	0	3644	7016	576	8364	118	90	1142	206	0	240	166	490	0	448	0	0	0	0	0	0	0	0	0	0	0	0	0	0	0	0	0	0	0	0	0	0	0	0	0	0	0	0	0	0	0	0	
68816	Frontal_Mid_Orb_L	0	0	4762	0	7746	0	4420	0	0	0	0	0	600	0	11380	0	0	0	74	0	0	0	304	0	152	0	616	0	2218	0	236	86	0	0	0	0	0	0	0	0	0	0	0	0	0	0	0	0	0	0	0	0	0	0	0	0	0	0	0	0	0	0	0	0	0	0	0	0	0	0	0	0	1490	0	0	0	0	0	0	0	0	0	324	0	0	0	0	0	0	0	0	0	0	0	0	0	0	0	0	0	0	0	0	0	0	0	0	0	0	0	0	0	0	0	0	0	
61480	Frontal_Mid_Orb_R	0	0	0	5200	0	6094	0	5800	0	0	0	0	0	426	0	5462	0	0	0	0	0	210	0	114	0	0	0	532	0	698	0	0	0	0	0	0	0	0	0	0	0	0	0	0	0	0	0	0	0	0	0	0	0	0	0	0	0	0	0	0	0	0	0	0	0	0	0	0	0	0	0	2640	0	3564	0	0	0	0	0	0	0	0	0	0	0	0	0	0	0	0	0	0	0	0	0	0	0	0	0	0	0	0	0	0	0	0	0	0	0	0	0	0	0	0	0	0	
201232	Frontal_Inf_Oper_L	12722	164	9018	4886	0	0	13380	2216	0	0	0	0	8418	0	178	0	11560	0	2800	2680	0	0	1038	0	0	0	0	0	17452	0	512	0	0	0	164	174	826	112	78	0	0	0	0	0	0	0	0	0	0	0	90	0	0	0	222	0	3226	0	0	0	96	0	0	0	80	0	0	0	0	0	520	188	2954	0	88	0	520	272	350	0	1794	0	1606	0	0	0	0	0	232	0	0	0	0	0	0	0	0	0	0	0	0	0	0	0	0	0	0	0	0	0	0	0	0	0	0	0	
138632	Frontal_Inf_Oper_R	252	6034	322	6000	0	0	0	8690	0	0	0	0	0	6472	0	978	0	6138	342	2558	0	0	74	550	0	0	0	0	160	13734	156	1218	0	160	0	0	0	546	0	320	0	0	0	124	0	0	0	0	0	0	0	0	0	0	0	146	90	1706	0	284	0	0	0	0	0	0	0	426	0	106	592	1126	0	6896	0	0	106	244	0	0	0	780	0	1754	0	116	0	0	0	116	0	0	0	0	0	0	0	0	0	0	0	0	0	0	0	0	0	0	0	0	0	0	0	0	0	0	
186696	Frontal_Inf_Tri_L	1498	0	7496	1140	206	0	35842	452	600	0	8418	0	0	0	9204	0	998	0	1874	668	0	0	2478	342	0	0	0	0	18924	0	600	108	1064	116	0	0	0	0	0	0	0	0	0	0	0	0	0	0	0	0	0	0	0	0	0	0	252	0	0	0	0	0	0	0	0	0	0	0	0	0	136	0	362	0	0	0	0	0	0	0	82	0	488	0	0	0	0	0	0	0	0	0	0	0	0	0	0	0	0	0	0	0	0	0	0	0	0	0	0	0	0	0	0	0	0	0	
142572	Frontal_Inf_Tri_R	156	172	548	9876	0	0	98	15820	0	426	0	6472	0	0	164	4300	0	186	1330	2502	0	0	914	3292	0	0	0	0	376	15764	200	2514	150	2166	0	0	0	450	0	304	0	0	0	0	0	0	0	0	0	0	0	0	0	0	0	0	86	0	0	0	0	0	0	0	0	0	0	0	0	0	92	476	0	2340	0	0	0	0	0	0	0	0	0	112	0	0	0	0	0	0	0	0	0	0	0	0	0	0	0	0	0	0	0	0	0	0	0	0	0	0	0	0	0	0	0	0	
183260	Frontal_Inf_Orb_L	0	0	9790	904	8436	0	14976	222	11380	0	178	0	9204	164	0	86	0	0	2378	1632	2038	74	740	960	202	0	1450	0	15170	180	624	806	528	920	0	0	304	0	196	0	278	0	0	0	0	0	0	0	0	0	0	0	0	0	114	0	0	0	0	0	0	0	0	0	0	0	0	0	0	0	810	0	4394	0	0	0	0	0	0	0	0	0	2492	0	0	0	0	0	0	0	0	0	0	0	0	0	0	0	0	0	0	0	0	0	0	0	0	0	0	0	0	0	0	0	0	0	
133252	Frontal_Inf_Orb_R	0	0	180	7952	0	4176	0	9266	0	5462	0	978	0	4300	86	0	0	574	352	888	1026	2426	130	900	0	288	0	2282	150	8136	848	1196	0	338	0	0	0	0	0	0	0	0	0	0	0	0	0	0	0	0	0	0	0	0	0	0	0	0	0	0	0	0	0	0	0	0	0	0	0	0	860	4666	490	5920	0	0	126	0	0	0	0	330	0	2014	0	184	0	102	0	0	0	0	0	0	0	0	0	0	0	0	0	0	0	0	0	0	0	0	0	0	0	0	0	0	0	0	
233620	Rolandic_Oper_L	10170	170	12252	3750	0	0	5862	1528	0	0	11560	0	998	0	0	0	0	0	5508	2230	0	0	208	0	0	0	0	0	25082	0	0	0	0	0	206	208	532	112	0	0	0	0	0	0	0	0	0	0	0	0	632	0	0	0	1238	0	9922	0	0	0	654	0	1926	0	684	0	0	0	0	0	330	308	1730	0	0	0	328	278	5140	0	8638	0	1308	0	1502	0	0	0	1816	0	0	0	0	0	0	0	0	0	0	0	0	0	0	0	0	0	0	0	0	0	0	0	0	0	0	0	
176860	Rolandic_Oper_R	230	1812	1242	10070	0	0	0	3812	0	0	0	6138	0	186	0	574	0	0	1056	3970	0	0	0	220	0	0	0	0	118	14386	0	456	0	0	210	220	148	2864	0	618	0	0	0	186	0	270	0	234	0	336	0	112	0	284	0	1390	0	4518	0	112	0	228	0	3656	0	444	0	686	0	0	1752	1156	78	3334	0	160	406	906	0	6056	0	9952	0	1504	0	1226	0	0	0	1114	0	0	0	0	0	0	0	0	0	0	0	0	0	0	0	0	0	0	0	0	0	0	0	0	0	0	
645424	Supp_Motor_Area_L	6280	2576	70914	32126	804	0	8476	4492	74	0	2800	342	1874	1330	2378	352	5508	1056	0	45110	80	0	7178	6440	116	0	176	0	22362	1942	7382	7166	10694	16648	2142	980	1418	972	220	0	0	0	104	0	362	0	184	0	78	0	0	0	0	0	602	0	2642	512	0	0	304	0	232	0	0	0	546	378	2716	614	14016	1674	13926	500	5702	0	836	678	430	0	1592	328	274	0	318	0	0	0	646	0	0	0	0	0	0	0	0	0	110	0	0	0	0	0	0	0	0	0	0	0	0	0	0	0	0	0	
657300	Supp_Motor_Area_R	7674	7816	27128	69328	274	0	5238	3832	0	0	2680	2558	668	2502	1632	888	2230	3970	45110	0	0	0	1998	9470	0	0	0	0	9000	6382	4198	13154	4144	33500	2994	3196	152	1484	0	710	0	0	0	144	0	96	0	218	0	0	0	0	0	158	0	954	290	1904	0	80	0	0	0	122	0	0	0	824	7766	11620	2564	10920	1222	5886	228	1778	248	4642	0	538	310	1178	132	446	0	110	0	0	0	362	0	0	0	0	0	0	0	0	0	0	0	0	0	0	0	0	0	0	0	0	0	0	0	0	0	0	
100088	Olfactory_L	0	0	370	170	1600	696	292	0	0	0	0	0	0	0	2038	1026	0	0	80	0	0	6326	0	102	554	462	1274	1574	4196	892	3692	1728	0	0	0	0	644	0	416	0	892	160	0	0	0	0	0	0	0	0	0	0	0	0	214	0	0	0	0	0	0	0	0	0	0	0	0	0	0	0	7986	4958	4002	1302	0	0	0	0	0	0	0	0	2306	0	0	0	0	0	92	0	0	0	0	0	0	0	0	0	0	0	0	0	0	0	0	0	0	0	0	0	0	0	0	0	0	0	
112132	Olfactory_R	0	0	0	462	140	2322	0	218	0	210	0	0	0	0	74	2426	0	0	0	0	6326	0	0	128	182	1998	282	4564	492	3400	3856	3272	0	0	0	0	0	418	0	396	0	950	0	0	0	0	0	0	0	0	0	0	0	0	0	146	0	0	0	0	0	0	0	0	0	0	0	0	0	0	7124	8538	4392	2424	338	436	0	0	0	0	0	0	394	158	0	0	0	0	0	0	0	0	0	0	0	0	0	0	0	0	0	0	0	0	0	0	0	0	0	0	0	0	0	0	0	0	
313840	Frontal_Sup_Medial_L	992	0	33882	7730	5354	346	14672	814	304	0	1038	74	2478	914	740	130	208	0	7178	1998	0	0	0	16852	4426	1084	882	0	5696	702	21988	10294	5500	5516	0	0	0	0	0	0	0	0	0	0	0	0	0	0	0	0	0	0	0	0	0	0	0	0	0	0	0	0	0	0	0	0	0	0	0	0	1590	604	2470	464	0	0	0	0	0	0	0	0	0	0	0	0	0	0	0	0	0	0	0	0	0	0	0	0	0	0	0	0	0	0	0	0	0	0	0	0	0	0	0	0	0	0	
360152	Frontal_Sup_Medial_R	258	336	6844	37108	218	4526	2212	4690	0	114	0	550	342	3292	960	900	0	220	6440	9470	102	128	16852	0	580	4724	408	1372	2054	2762	6738	28872	1294	11698	0	0	0	0	0	0	0	0	0	0	0	0	0	0	0	0	0	0	0	0	0	0	0	86	0	0	0	0	0	0	0	0	0	0	0	0	1526	13588	298	8514	0	0	0	0	0	0	0	0	0	0	0	0	0	0	0	0	0	0	0	0	0	0	0	0	0	0	0	0	0	0	0	0	0	0	0	0	0	0	0	0	0	0	
59780	Frontal_Med_Orb_L	0	0	2146	274	5454	446	0	0	152	0	0	0	0	0	202	0	0	0	116	0	554	182	4426	580	0	1108	4180	302	220	0	6058	982	0	0	0	0	0	0	0	0	0	0	0	0	0	0	0	0	0	0	0	0	0	0	0	0	0	0	0	0	0	0	0	0	0	0	0	0	0	0	958	438	976	136	0	0	0	0	0	0	0	0	0	0	0	0	0	0	0	0	0	0	0	0	0	0	0	0	0	0	0	0	0	0	0	0	0	0	0	0	0	0	0	0	0	0	
82624	Frontal_Med_Orb_R	0	0	104	3252	144	6960	0	84	0	0	0	0	0	0	0	288	0	0	0	0	462	1998	1084	4724	1108	0	1138	5140	0	322	2208	5542	0	0	0	0	0	0	0	0	0	0	0	0	0	0	0	0	0	0	0	0	0	0	0	0	0	0	0	0	0	0	0	0	0	0	0	0	0	0	262	4254	152	2086	0	0	0	0	0	0	0	0	0	0	0	0	0	0	0	0	0	0	0	0	0	0	0	0	0	0	0	0	0	0	0	0	0	0	0	0	0	0	0	0	0	0	
57824	Rectus_L	0	0	888	362	4936	746	76	0	616	0	0	0	0	0	1450	0	0	0	176	0	1274	282	882	408	4180	1138	0	912	538	0	4560	864	0	0	0	0	0	0	0	0	0	0	0	0	0	0	0	0	0	0	0	0	0	0	0	0	0	0	0	0	0	0	0	0	0	0	0	0	0	0	1938	558	1804	214	0	0	0	0	0	0	0	0	110	0	0	0	0	0	0	0	0	0	0	0	0	0	0	0	0	0	0	0	0	0	0	0	0	0	0	0	0	0	0	0	0	0	
80576	Rectus_R	0	0	0	2400	0	7354	0	398	0	532	0	0	0	0	0	2282	0	0	0	0	1574	4564	0	1372	302	5140	912	0	100	2260	1372	2244	0	0	0	0	0	0	0	0	0	0	0	0	0	0	0	0	0	0	0	0	0	0	0	0	0	0	0	0	0	0	0	0	0	0	0	0	0	0	994	4012	546	1856	0	0	0	0	0	0	0	0	74	0	0	0	0	0	0	0	0	0	0	0	0	0	0	0	0	0	0	0	0	0	0	0	0	0	0	0	0	0	0	0	0	0	
685416	Insula_L	11982	502	43952	11652	4380	0	34628	3964	2218	0	17452	160	18924	376	15170	150	25082	118	22362	9000	4196	492	5696	2054	220	0	538	100	0	574	6418	1962	920	1760	440	484	9152	542	1804	0	2320	0	112	0	148	0	396	0	148	0	804	0	148	0	7206	0	7334	90	76	0	426	0	872	0	462	0	190	0	0	0	3808	996	17366	246	86	0	2524	986	7536	0	9830	0	7204	0	3606	0	0	0	7116	0	126	0	0	0	0	0	130	0	992	0	0	0	0	0	0	0	0	0	0	0	0	0	0	0	0	0	
385512	Insula_R	620	2310	1198	17016	0	1476	146	11598	0	698	0	13734	0	15764	180	8136	0	14386	1942	6382	892	3400	702	2762	0	322	0	2260	574	0	656	2630	134	1804	312	378	300	9064	128	3324	0	1482	0	160	0	0	0	690	0	0	0	0	0	646	94	4572	140	1986	0	96	0	0	0	1958	0	0	0	260	0	92	1930	5366	182	23634	0	158	712	3266	76	3266	0	5964	0	4154	0	2478	0	0	0	4062	0	0	0	0	0	0	0	0	0	104	0	0	0	0	0	0	0	0	0	0	0	0	0	0	0	0	
332516	Cingulum_Ant_L	682	0	17998	6914	4522	1602	6002	1490	236	0	512	156	600	200	624	848	0	0	7382	4198	3692	3856	21988	6738	6058	2208	4560	1372	6418	656	0	18330	4916	3648	84	0	0	0	0	0	0	0	0	0	0	0	0	0	0	0	0	0	0	0	0	0	0	0	0	0	0	0	0	0	0	0	0	0	0	0	9366	5590	10176	2062	0	304	0	0	0	0	0	0	270	0	0	0	0	0	0	0	0	0	0	0	0	0	0	0	0	0	0	0	0	0	0	0	0	0	0	0	0	0	0	0	0	0	
435660	Cingulum_Ant_R	332	640	6468	32890	284	2870	1836	6862	86	0	0	1218	108	2514	806	1196	0	456	7166	13154	1728	3272	10294	28872	982	5542	864	2244	1962	2630	18330	0	2234	18042	0	0	0	0	0	0	0	74	0	0	0	0	0	0	0	0	0	0	0	0	0	0	0	192	0	0	0	0	0	0	0	0	0	0	0	0	5254	21116	3850	10672	0	654	0	0	0	0	0	136	0	0	0	0	0	0	0	0	0	0	0	0	0	0	0	0	0	0	0	0	0	0	0	0	0	0	0	0	0	0	0	0	0	0	
139984	Cingulum_Mid_L	232	926	5080	1630	0	0	1738	0	0	0	0	0	1064	150	528	0	0	0	10694	4144	0	0	5500	1294	0	0	0	0	920	134	4916	2234	0	8780	3282	1028	120	0	0	0	0	0	888	0	1836	162	380	0	370	0	608	0	0	0	78	0	706	88	872	0	358	0	0	0	280	0	4396	1626	2004	648	0	0	118	0	0	0	0	0	0	0	0	0	0	0	102	0	0	0	78	0	0	0	0	0	0	0	0	0	0	0	0	0	0	0	0	0	0	0	0	0	0	0	0	0	0	0	
352368	Cingulum_Mid_R	2412	3644	4938	11010	0	0	1878	1030	0	0	0	160	116	2166	920	338	0	0	16648	33500	0	0	5516	11698	0	0	0	0	1760	1804	3648	18042	8780	0	4224	7740	0	104	0	74	0	0	0	876	422	1596	0	400	270	264	0	228	0	336	0	884	0	3302	0	150	0	234	0	154	0	166	1300	7312	4634	9868	162	416	0	130	120	0	98	0	0	0	0	76	0	0	0	316	0	0	0	320	0	0	0	0	0	0	0	0	0	0	0	0	0	0	0	0	0	0	0	0	0	0	0	0	0	0	
179408	Cingulum_Post_L	1812	1842	332	554	0	0	142	0	0	0	164	0	0	0	0	0	206	210	2142	2994	0	0	0	0	0	0	0	0	440	312	84	0	3282	4224	0	15312	6692	7244	2692	760	0	0	2736	104	1348	354	3224	390	212	0	274	0	0	0	3362	952	622	892	154	0	74	0	158	84	0	0	6456	2814	2186	2378	106	118	0	132	0	76	418	5810	998	120	180	0	0	0	168	0	0	0	1048	110	0	0	0	0	0	0	0	0	126	0	0	0	0	0	0	0	0	0	0	0	80	0	0	0	0	0	
212744	Cingulum_Post_R	1920	2166	360	590	0	0	166	0	0	0	174	0	0	0	0	0	208	220	980	3196	0	0	0	0	0	0	0	0	484	378	0	0	1028	7740	15312	0	5420	10156	1878	3184	0	0	146	1824	462	1652	752	3994	394	164	0	134	0	1258	1758	6486	288	2260	0	0	80	86	172	188	0	0	1664	13166	1006	3298	112	132	0	158	0	78	482	5768	970	144	144	0	0	0	0	134	0	0	240	688	0	0	0	0	0	0	0	178	0	90	0	0	0	0	0	0	0	0	0	0	262	0	0	0	0	0	
276796	Hippocampus_L	2432	1944	2134	534	0	0	414	72	0	0	826	0	0	0	304	0	532	148	1418	152	644	0	0	0	0	0	0	0	9152	300	0	0	120	0	6692	5420	0	6056	15714	346	7490	0	2084	0	384	0	6108	434	0	0	218	0	210	0	19352	396	510	0	0	0	0	0	88	0	0	0	3680	1442	94	0	584	260	7800	168	262	0	7562	7414	652	78	1456	0	1222	0	632	0	0	0	8892	90	616	0	0	0	0	0	608	90	2092	0	0	0	0	0	0	0	0	0	0	0	76	0	0	0	0	0	
340144	Hippocampus_R	1288	3280	394	2358	0	0	206	310	0	0	112	546	0	450	0	0	112	2864	972	1484	0	418	0	0	0	0	0	0	542	9064	0	0	0	104	7244	10156	6056	0	2140	26516	0	7658	78	1138	0	74	824	5416	0	0	0	0	0	820	1008	25630	276	1344	0	76	0	0	76	1268	0	0	1026	5334	106	296	316	1118	0	10416	0	1664	2234	10278	1052	1252	158	1436	0	1348	0	1556	0	964	124	5162	0	148	0	0	0	0	0	922	0	646	0	0	0	0	0	0	0	0	0	0	214	0	0	0	0	0	
120672	ParaHippocampal_L	514	412	286	112	0	0	138	0	0	0	78	0	0	0	196	0	0	0	220	0	416	0	0	0	0	0	0	0	1804	128	0	0	0	0	2692	1878	15714	2140	0	278	2874	0	394	0	0	0	3892	182	0	0	0	0	0	0	11184	250	0	0	0	0	0	0	0	0	0	0	908	242	0	0	0	0	1060	0	0	0	2336	2274	84	0	166	0	2074	0	226	0	864	0	2214	0	356	0	0	0	126	90	770	0	630	0	0	0	0	0	0	0	0	0	0	134	0	0	0	0	0	0	
221616	ParaHippocampal_R	346	1340	0	926	0	0	0	88	0	0	0	320	0	304	0	0	0	618	0	710	0	396	0	0	0	0	0	0	0	3324	0	0	0	74	760	3184	346	26516	278	0	0	6092	0	1406	0	0	118	5994	0	0	0	0	0	432	140	25366	72	242	0	0	0	0	0	216	0	0	150	3880	152	352	78	482	0	6492	0	884	106	1726	0	498	0	696	0	4886	0	508	0	4858	0	2838	0	218	0	0	0	118	0	1444	0	712	0	0	0	0	0	0	0	0	0	0	122	0	0	0	0	0	
46648	Amygdala_L	0	0	98	0	82	0	0	0	0	0	0	0	0	0	278	0	0	0	0	0	892	0	0	0	0	0	0	0	2320	0	0	0	0	0	0	0	7490	0	2874	0	0	0	0	0	0	0	0	0	0	0	0	0	0	0	5354	0	0	0	0	0	0	0	0	0	0	0	0	0	0	0	122	0	602	0	0	0	360	0	0	0	0	0	1238	0	0	0	0	0	1614	0	0	0	0	0	0	0	0	0	0	0	0	0	0	0	0	0	0	0	0	0	0	0	0	0	0	0	
64672	Amygdala_R	106	0	0	0	0	0	0	0	0	0	0	0	0	0	0	0	0	0	0	0	160	950	0	0	0	0	0	0	0	1482	0	74	0	0	0	0	0	7658	0	6092	0	0	0	0	0	0	0	0	0	0	0	0	0	0	0	6796	0	0	0	0	0	0	0	0	0	0	0	0	0	0	134	528	0	1230	0	428	0	342	0	0	0	0	0	3214	0	390	0	1560	0	1192	0	0	0	0	0	0	0	0	0	0	0	0	0	0	0	0	0	0	0	0	0	0	0	0	0	0	
360296	Calcarine_L	272	0	0	0	0	0	0	0	0	0	0	0	0	0	0	0	0	0	104	0	0	0	0	0	0	0	0	0	112	0	0	0	888	0	2736	146	2084	78	394	0	0	0	0	11914	15714	10536	23058	5746	13016	5010	25816	544	7394	164	12856	1602	846	0	738	0	532	0	92	0	446	0	15694	2678	832	0	0	0	0	0	0	0	776	0	130	0	592	0	0	0	4192	0	0	0	7588	0	1096	0	0	0	0	0	668	0	1740	0	0	0	0	0	0	0	0	0	0	0	500	824	0	0	0	0	
445960	Calcarine_R	0	522	0	0	0	0	0	0	0	0	0	124	0	0	0	0	0	186	0	144	0	0	0	0	0	0	0	0	0	160	0	0	0	876	104	1824	0	1138	0	1406	0	0	11914	0	7290	36046	4386	33414	680	31398	724	12532	718	7124	316	19628	0	2104	90	980	0	628	0	432	0	892	1312	28984	0	1814	0	0	0	0	0	0	0	0	0	0	0	106	0	0	0	4796	0	0	0	4132	94	142	0	0	0	0	292	348	918	654	0	0	0	0	0	0	0	0	0	0	632	976	0	0	0	0	
217088	Cuneus_L	0	0	0	0	0	0	0	0	0	0	0	0	0	0	0	0	0	0	362	0	0	0	0	0	0	0	0	0	148	0	0	0	1836	422	1348	462	384	0	0	0	0	0	15714	7290	0	11454	4136	1396	22564	3120	8656	110	1092	0	400	208	74	0	4088	0	86	0	0	0	0	0	17232	5210	284	0	0	0	0	0	0	0	0	0	0	0	0	0	0	0	296	0	0	0	84	0	0	0	0	0	0	0	0	0	88	0	0	0	0	0	0	0	0	0	0	0	0	0	0	0	0	0	
409544	Cuneus_R	0	438	0	0	0	0	0	0	0	0	0	0	0	0	0	0	0	270	0	96	0	0	0	0	0	0	0	0	0	0	0	0	162	1596	354	1652	0	74	0	0	0	0	10536	36046	11454	0	2310	10266	2056	43106	508	11358	464	1292	0	4812	0	1114	334	3612	0	1116	0	1228	0	1826	7086	36156	0	762	0	0	0	0	0	0	0	0	0	0	0	2758	0	0	0	7648	0	0	0	2128	0	0	0	0	0	0	0	0	76	0	0	0	0	0	0	0	0	0	0	0	0	78	0	0	0	0	
460856	Lingual_L	238	106	202	0	0	0	0	0	0	0	0	0	0	0	0	0	0	0	184	0	0	0	0	0	0	0	0	0	396	0	0	0	380	0	3224	752	6108	824	3892	118	0	0	23058	4386	4136	2310	0	11242	3438	1304	22442	220	14894	130	29238	1618	78	0	0	0	0	0	0	0	0	0	10084	1404	112	0	0	0	210	0	0	0	2552	744	192	0	380	0	0	0	1104	0	0	0	2984	0	7428	1722	210	192	190	206	15328	740	23422	3968	0	0	0	0	0	0	0	0	82	220	9104	11114	1650	96	72	0	
518520	Lingual_R	156	1004	0	0	0	0	0	0	0	0	0	0	0	0	0	0	0	234	0	218	0	0	0	0	0	0	0	0	0	690	0	0	0	400	390	3994	434	5416	182	5994	0	0	5746	33414	1396	10266	11242	0	250	10628	1346	5438	1902	7944	4462	38024	0	1584	0	154	0	0	0	154	0	0	608	16982	140	1464	0	0	0	92	0	0	0	400	0	254	0	164	0	0	0	610	0	0	0	1722	4112	4816	522	366	266	884	3896	7136	12942	15094	520	0	810	148	344	422	0	110	474	768	10844	15374	2438	586	484	406	
242204	Occipital_Sup_L	236	0	0	0	0	0	0	0	0	0	0	0	0	0	0	0	0	0	78	0	0	0	0	0	0	0	0	0	148	0	0	0	370	270	212	394	0	0	0	0	0	0	13016	680	22564	2056	3438	250	0	126	30180	0	2486	0	2106	88	1038	0	11200	0	3790	0	0	0	2044	0	14414	2896	484	0	0	0	0	0	0	0	0	0	0	0	0	0	0	0	5242	0	0	0	166	0	294	0	0	0	0	0	266	0	476	0	0	0	0	0	0	0	0	0	0	0	0	94	0	0	0	0	
387472	Occipital_Sup_R	0	352	0	0	0	0	0	0	0	0	0	0	0	0	0	0	0	336	0	0	0	0	0	0	0	0	0	0	0	0	0	0	0	264	0	164	0	0	0	0	0	0	5010	31398	3120	43106	1304	10628	126	0	0	28610	0	3336	0	6140	0	1160	0	8828	0	4738	0	780	0	10198	784	20962	0	330	0	0	0	0	0	0	0	0	0	0	0	2150	0	0	0	7382	0	0	0	2530	0	0	0	0	0	0	0	0	0	0	0	0	0	0	0	0	0	0	0	0	0	0	0	0	0	0	
597916	Occipital_Mid_L	4178	156	274	0	0	0	142	0	0	0	90	0	0	0	0	0	632	0	0	0	0	0	0	0	0	0	0	0	804	0	0	0	608	0	274	0	218	0	0	0	0	0	25816	724	8656	508	22442	1346	30180	0	0	0	31294	0	23822	158	9030	0	16490	0	15686	0	504	0	27618	0	8400	250	8092	0	0	0	0	0	0	0	1124	0	166	0	1562	0	0	0	31388	0	0	0	11790	0	1812	158	0	0	0	0	3402	0	5526	254	0	0	0	0	0	0	0	0	0	0	1862	1332	190	0	0	0	
233996	Occipital_Mid_R	0	464	0	0	0	0	0	0	0	0	0	0	0	0	0	0	0	112	0	0	0	0	0	0	0	0	0	0	0	0	0	0	0	228	0	134	0	0	0	0	0	0	544	12532	110	11358	220	5438	0	28610	0	0	0	4416	0	4352	0	638	0	2244	0	3576	0	658	0	13868	218	7636	0	440	0	0	0	0	0	0	0	0	0	0	0	706	0	0	0	14734	0	0	0	3284	0	0	0	0	0	0	118	0	84	0	0	0	0	0	0	0	0	0	0	0	198	78	0	0	0	0	
240436	Occipital_Inf_L	312	0	76	0	0	0	0	0	0	0	0	0	0	0	0	0	0	0	0	0	0	0	0	0	0	0	0	0	148	0	0	0	0	0	0	0	210	0	0	0	0	0	7394	718	1092	464	14894	1902	2486	0	31294	0	0	0	20652	522	738	0	126	0	0	0	0	0	420	0	916	0	906	0	0	0	0	0	0	0	280	0	0	0	1108	0	0	0	5006	0	0	0	5412	0	2152	262	0	0	0	0	5716	0	8764	760	0	0	0	0	0	0	0	0	0	0	2912	2422	154	0	0	0	
118616	Occipital_Inf_R	0	656	0	0	0	0	0	0	0	0	0	0	0	0	0	0	0	284	0	158	0	0	0	0	0	0	0	0	0	646	0	0	0	336	0	1258	0	820	0	432	0	0	164	7124	0	1292	130	7944	0	3336	0	4416	0	0	0	13952	0	428	0	132	0	102	0	284	0	192	0	3432	0	640	0	0	0	0	0	0	0	0	0	178	0	136	0	0	0	1546	0	0	0	5514	344	218	0	0	0	0	82	450	410	1146	74	0	128	0	0	0	0	0	0	0	258	526	140	0	0	0	
682096	Fusiform_L	1004	186	670	98	0	0	0	0	0	0	222	0	0	0	114	0	1238	0	602	0	214	0	0	0	0	0	0	0	7206	94	0	0	78	0	3362	1758	19352	1008	11184	140	5354	0	12856	316	400	0	29238	4462	2106	0	23822	0	20652	0	0	2252	970	0	96	0	216	0	154	0	346	0	5370	218	1246	0	78	0	4118	0	0	0	3426	650	1114	0	3752	0	5586	0	8530	0	1894	0	34028	0	25528	2088	518	202	386	202	22030	238	43252	5034	174	0	292	0	550	296	0	0	318	384	6574	9058	1284	430	308	122	
612472	Fusiform_R	352	2716	0	558	0	0	0	0	0	0	0	146	0	0	0	0	0	1390	0	954	0	146	0	0	0	0	0	0	0	4572	0	0	0	884	952	6486	396	25630	250	25366	0	6796	1602	19628	208	4812	1618	38024	88	6140	158	4352	522	13952	2252	0	86	1328	0	312	0	126	0	860	0	100	238	13536	176	1980	0	196	0	4292	0	1114	86	2816	0	902	0	1106	0	7166	0	2570	0	6240	0	19040	2270	12082	418	114	0	1126	1614	10476	5360	20344	400	0	630	236	144	240	0	72	242	554	5908	7206	952	302	238	88	
277864	Postcentral_L	25296	1830	6706	570	0	0	1936	472	0	0	3226	90	252	86	0	0	9922	0	2642	290	0	0	0	0	0	0	0	0	7334	140	0	0	706	0	622	288	510	276	0	72	0	0	846	0	74	0	78	0	1038	0	9030	0	738	0	970	86	0	426	5730	0	16294	0	7800	0	3176	0	2104	0	7410	78	166	1462	1062	482	134	0	1190	388	4018	0	4494	0	0	0	4754	0	0	0	1638	0	0	0	0	0	0	0	0	0	0	0	0	0	0	0	0	0	0	0	0	0	0	0	0	0	0	0	
173620	Postcentral_R	1250	11436	362	1404	0	0	168	1120	0	0	0	1706	0	0	0	0	0	4518	512	1904	0	0	0	86	0	0	0	0	90	1986	0	192	88	3302	892	2260	0	1344	0	242	0	0	0	2104	0	1114	0	1584	0	1160	0	638	0	428	0	1328	426	0	0	5258	0	6548	0	10720	0	2028	0	5778	290	6446	478	598	180	368	112	78	88	262	0	792	0	860	0	0	0	1152	0	0	0	1130	0	0	0	0	0	0	0	0	0	0	0	0	0	0	0	0	0	0	0	0	0	0	0	0	0	0	
159316	Parietal_Sup_L	134	0	0	0	0	0	0	0	0	0	0	0	0	0	0	0	0	0	0	0	0	0	0	0	0	0	0	0	76	0	0	0	872	0	154	0	0	0	0	0	0	0	738	90	4088	334	0	0	11200	0	16490	0	126	0	96	0	5730	0	0	0	12348	0	214	0	7926	0	12326	1384	288	0	0	0	0	0	0	0	0	0	0	0	104	0	0	0	4392	0	0	0	548	0	0	0	0	0	0	0	0	0	0	0	0	0	0	0	0	0	0	0	0	0	0	0	0	0	0	0	
116644	Parietal_Sup_R	0	306	0	80	0	0	0	0	0	0	0	284	0	0	0	0	0	112	0	80	0	0	0	0	0	0	0	0	0	96	0	0	0	150	0	0	0	76	0	0	0	0	0	980	0	3612	0	154	0	8828	0	2244	0	132	0	312	0	5258	0	0	0	9806	0	2456	0	9102	412	11642	0	334	0	0	0	74	0	0	0	0	0	0	0	200	0	0	0	770	0	0	0	822	0	0	0	0	0	0	0	0	0	0	0	0	0	0	0	0	0	0	0	0	0	0	0	0	0	0	
203068	Parietal_Inf_L	2680	366	534	0	0	0	0	0	0	0	96	0	0	0	0	0	654	0	304	0	0	0	0	0	0	0	0	0	426	0	0	0	358	0	74	80	0	0	0	0	0	0	532	0	86	0	0	0	3790	0	15686	0	0	0	216	0	16294	0	12348	0	0	0	12564	0	22956	0	1264	0	440	0	0	0	0	0	0	0	0	84	84	0	3316	0	0	0	4872	0	0	0	1430	0	0	0	0	0	0	0	0	0	0	0	0	0	0	0	0	0	0	0	0	0	0	0	0	0	0	0	
124016	Parietal_Inf_R	0	134	0	0	0	0	0	0	0	0	0	0	0	0	0	0	0	228	0	0	0	0	0	0	0	0	0	0	0	0	0	0	0	234	0	86	0	0	0	0	0	0	0	628	0	1116	0	0	0	4738	0	3576	0	102	0	126	0	6548	0	9806	0	0	0	11266	0	14800	0	3698	0	370	0	0	0	0	0	0	0	0	0	0	0	644	0	0	0	1508	0	0	0	2400	0	0	0	0	0	0	0	0	0	0	0	0	0	0	0	0	0	0	0	0	0	0	0	0	0	0	
106380	SupraMarginal_L	3016	90	1992	0	0	0	0	0	0	0	0	0	0	0	0	0	1926	0	232	0	0	0	0	0	0	0	0	0	872	0	0	0	0	0	158	172	88	76	0	0	0	0	92	0	0	0	0	0	0	0	504	0	0	0	154	0	7800	0	214	0	12564	0	0	0	5862	0	106	0	84	0	0	0	100	0	0	0	0	154	282	0	9510	0	0	0	5852	0	0	0	1290	0	0	0	0	0	0	0	0	0	0	0	0	0	0	0	0	0	0	0	0	0	0	0	0	0	0	0	
127896	SupraMarginal_R	136	614	0	94	0	0	0	0	0	0	0	0	0	0	0	0	0	3656	0	122	0	0	0	0	0	0	0	0	0	1958	0	0	0	154	84	188	0	1268	0	216	0	0	0	432	0	1228	0	154	0	780	0	658	0	284	0	860	0	10720	0	2456	0	11266	0	0	0	9692	0	2880	0	542	0	76	0	94	0	0	0	74	0	300	0	5876	0	0	0	1914	0	0	0	5172	0	0	0	0	0	0	0	0	0	0	0	0	0	0	0	0	0	0	0	0	0	0	0	0	0	0	
195412	Angular_L	1416	0	102	0	0	0	0	0	0	0	80	0	0	0	0	0	684	0	0	0	0	0	0	0	0	0	0	0	462	0	0	0	280	0	0	0	0	0	0	0	0	0	446	0	0	0	0	0	2044	0	27618	0	420	0	346	0	3176	0	7926	0	22956	0	5862	0	0	0	490	0	1498	0	0	0	0	0	0	0	0	0	0	0	3712	0	0	0	14744	0	0	0	3444	0	0	0	0	0	0	0	0	0	0	0	0	0	0	0	0	0	0	0	0	0	0	0	0	0	0	0	
172076	Angular_R	0	202	0	0	0	0	0	0	0	0	0	0	0	0	0	0	0	444	0	0	0	0	0	0	0	0	0	0	0	0	0	0	0	166	0	0	0	0	0	0	0	0	0	892	0	1826	0	0	0	10198	0	13868	0	192	0	100	0	2028	0	9102	0	14800	0	9692	0	0	0	6264	0	278	0	0	0	0	0	0	0	0	0	0	0	4462	0	0	0	7530	0	0	0	3994	0	0	0	0	0	0	0	0	0	0	0	0	0	0	0	0	0	0	0	0	0	0	0	0	0	0	
290684	Precuneus_L	274	0	0	0	0	0	0	0	0	0	0	0	0	0	0	0	0	0	546	0	0	0	0	0	0	0	0	0	190	0	0	0	4396	1300	6456	1664	3680	1026	908	150	0	0	15694	1312	17232	7086	10084	608	14414	784	8400	218	916	0	5370	238	2104	0	12326	412	1264	0	106	0	490	0	0	15552	1976	112	0	0	0	0	0	0	394	126	130	0	246	0	0	0	3136	0	0	0	3316	0	92	0	0	0	0	0	160	0	220	0	0	0	0	0	0	0	0	0	0	0	152	82	0	0	0	0	
527868	Precuneus_R	194	1670	0	198	0	0	0	112	0	0	0	426	0	0	0	0	0	686	378	824	0	0	0	0	0	0	0	0	0	260	0	0	1626	7312	2814	13166	1442	5334	242	3880	0	0	2678	28984	5210	36156	1404	16982	2896	20962	250	7636	0	3432	218	13536	0	5778	1384	11642	0	3698	0	2880	0	6264	15552	0	162	4732	76	0	96	148	96	0	78	128	0	328	0	5400	0	0	118	15746	0	0	0	7474	0	112	0	0	0	0	0	458	0	244	0	0	0	0	0	0	0	0	0	0	432	0	0	0	0	0	
164048	Paracentral_Lobule_L	12492	7002	1996	184	0	0	386	0	0	0	0	0	0	0	0	0	0	0	2716	7766	0	0	0	0	0	0	0	0	0	0	0	0	2004	4634	2186	1006	94	106	0	152	0	0	832	0	284	0	112	140	484	0	8092	0	906	0	1246	176	7410	290	288	0	440	0	84	0	1498	0	1976	162	0	5650	0	136	106	0	174	0	308	172	0	0	596	0	0	0	5494	0	0	0	2244	0	0	0	0	0	0	0	0	0	0	0	0	0	0	0	0	0	0	0	0	0	0	0	0	0	0	0	
146248	Paracentral_Lobule_R	3488	11098	350	356	0	0	140	0	0	0	0	106	0	0	0	0	0	0	614	11620	0	0	0	0	0	0	0	0	0	92	0	0	648	9868	2378	3298	0	296	0	352	0	0	0	1814	0	762	0	1464	0	330	0	440	0	640	0	1980	78	6446	0	334	0	370	0	542	0	278	112	4732	5650	0	0	0	0	0	0	0	0	0	0	0	0	282	0	0	0	832	0	0	0	1334	0	0	0	0	0	0	0	0	0	0	0	0	0	0	0	0	0	0	0	0	0	0	0	0	0	0	
352692	Caudate_L	1756	1720	15410	11254	1388	464	1060	3644	0	0	520	592	136	92	810	860	330	1752	14016	2564	7986	7124	1590	1526	958	262	1938	994	3808	1930	9366	5254	0	162	106	112	584	316	0	78	122	134	0	0	0	0	0	0	0	0	0	0	0	0	78	0	166	478	0	0	0	0	0	0	0	0	0	76	0	0	0	23196	22508	4564	5778	1806	11046	1714	188	134	0	576	1224	96	0	0	0	0	0	0	0	0	0	0	0	0	0	0	0	0	0	0	0	0	0	0	0	0	0	0	0	0	0	0	0	0	
513592	Caudate_R	9332	5032	2374	34478	118	7454	800	7016	0	2640	188	1126	0	476	0	4666	308	1156	1674	10920	4958	8538	604	13588	438	4254	558	4012	996	5366	5590	21116	0	416	118	132	260	1118	0	482	0	528	0	0	0	0	0	0	0	0	0	0	0	0	0	196	1462	598	0	0	0	0	0	76	0	0	0	0	136	0	23196	0	8712	29614	1364	3988	6148	17660	94	0	0	314	168	240	0	0	0	0	0	0	0	0	0	0	0	0	0	0	0	0	0	0	0	0	0	0	0	0	0	0	0	0	0	0	0	0	
346268	Putamen_L	1980	548	20670	1926	4972	244	3368	576	1490	0	2954	0	362	0	4394	490	1730	78	13926	1222	4002	4392	2470	298	976	152	1804	546	17366	182	10176	3850	118	0	0	0	7800	0	1060	0	602	0	0	0	0	0	210	0	0	0	0	0	0	0	4118	0	1062	180	0	0	0	0	100	0	0	0	0	96	106	0	22508	8712	0	1910	7400	1468	2776	0	178	0	938	0	1430	0	156	0	0	0	2092	0	88	0	0	0	0	0	0	0	882	0	0	0	0	0	0	0	0	0	0	0	0	0	0	0	0	0	
402964	Putamen_R	2006	1192	668	25460	0	5578	134	8364	0	3564	0	6896	0	2340	0	5920	0	3334	500	5886	1302	2424	464	8514	136	2086	214	1856	246	23634	2062	10672	0	130	132	158	168	10416	0	6492	0	1230	0	0	0	0	0	92	0	0	0	0	0	0	0	4292	482	368	0	74	0	0	0	94	0	0	0	148	0	0	4564	29614	1910	0	182	3002	1470	5876	84	124	0	718	0	1612	0	384	0	126	0	2088	0	0	0	0	0	0	0	0	0	0	0	0	0	0	0	0	0	0	0	0	0	0	0	0	0	0	
58748	Pallidum_L	528	460	3956	132	0	0	0	118	0	0	88	0	0	0	0	0	0	0	5702	228	0	338	0	0	0	0	0	0	86	0	0	0	0	120	0	0	262	0	0	0	0	0	0	0	0	0	0	0	0	0	0	0	0	0	0	0	134	112	0	0	0	0	0	0	0	0	0	96	174	0	5778	1364	7400	182	0	264	1706	146	0	0	0	0	0	0	0	0	0	0	0	0	0	0	0	0	0	0	0	0	0	0	0	0	0	0	0	0	0	0	0	0	0	0	0	0	0	0	
43644	Pallidum_R	324	120	0	1864	0	0	78	90	0	0	0	0	0	0	0	0	0	160	0	1778	0	436	0	0	0	0	0	0	0	158	304	654	0	0	76	78	0	1664	0	884	0	428	0	0	0	0	0	0	0	0	0	0	0	0	0	1114	0	78	0	0	0	0	0	0	0	0	0	0	0	0	1806	3988	1468	3002	264	0	0	566	0	0	0	0	0	0	0	140	0	0	0	300	0	0	0	0	0	0	0	0	0	0	0	0	0	0	0	0	0	0	0	0	0	0	0	0	0	0	
195084	Thalamus_L	11228	3858	2582	1594	0	0	1766	1142	0	0	520	106	0	0	0	126	328	406	836	248	0	0	0	0	0	0	0	0	2524	712	0	0	0	98	418	482	7562	2234	2336	106	360	0	776	0	0	0	2552	0	0	0	1124	0	280	0	3426	86	1190	88	0	0	0	0	0	0	0	0	394	78	308	0	11046	6148	2776	1470	1706	0	0	14696	1426	106	914	100	0	0	1046	0	0	0	4044	0	0	0	0	0	0	0	116	0	74	0	0	0	0	0	0	0	0	0	0	0	0	0	0	0	0	0	
254896	Thalamus_R	9388	12024	792	8248	0	0	334	206	0	0	272	244	0	0	0	0	278	906	678	4642	0	0	0	0	0	0	0	0	986	3266	0	0	0	0	5810	5768	7414	10278	2274	1726	0	342	0	0	0	0	744	400	0	0	0	0	0	0	650	2816	388	262	0	0	84	0	154	74	0	0	126	128	172	0	1714	17660	0	5876	146	566	14696	0	1416	482	252	484	0	0	0	218	0	0	166	1586	0	0	0	0	0	0	0	164	0	148	0	0	0	0	0	0	0	0	0	0	0	0	0	0	0	0	
78168	Heschl_L	2726	360	2090	124	0	0	82	0	0	0	350	0	0	0	0	0	5140	0	430	0	0	0	0	0	0	0	0	0	7536	76	0	0	0	0	998	970	652	1052	84	0	0	0	130	0	0	0	192	0	0	0	166	0	0	0	1114	0	4018	0	0	0	84	0	282	0	0	0	130	0	0	0	188	94	178	84	0	0	1426	1416	0	0	4148	0	0	0	1396	0	0	0	1368	0	0	0	0	0	0	0	0	0	0	0	0	0	0	0	0	0	0	0	0	0	0	0	0	0	0	0	
50684	Heschl_R	98	206	132	1278	0	0	0	240	0	0	0	0	0	0	0	0	0	6056	0	538	0	0	0	0	0	0	0	0	0	3266	0	0	0	0	120	144	78	1252	0	498	0	0	0	0	0	0	0	254	0	0	0	0	0	178	0	902	0	792	0	0	0	0	0	300	0	0	0	328	0	0	134	0	0	124	0	0	106	482	0	0	0	5706	0	192	0	1044	0	0	0	894	0	0	0	0	0	0	0	0	0	0	0	0	0	0	0	0	0	0	0	0	0	0	0	0	0	0	
251684	Temporal_Sup_L	3108	0	2848	490	0	0	612	166	0	0	1794	0	82	0	0	0	8638	0	1592	310	0	0	0	0	0	0	0	0	9830	0	0	0	0	0	180	144	1456	158	166	0	0	0	592	0	0	0	380	0	0	0	1562	0	1108	0	3752	0	4494	0	104	0	3316	0	9510	0	3712	0	246	0	596	0	0	0	938	0	0	0	914	252	4148	0	0	0	6086	0	35964	0	236	0	16036	0	0	0	0	0	0	0	0	0	322	0	0	0	0	0	0	0	0	0	0	0	0	0	0	0	0	0	
162416	Temporal_Sup_R	106	508	442	3168	0	0	0	490	0	0	0	780	0	0	0	330	0	9952	328	1178	0	0	0	0	0	0	0	0	0	5964	0	136	0	76	0	0	0	1436	0	696	0	0	0	106	0	2758	0	164	0	2150	0	706	0	136	0	1106	0	860	0	200	0	644	0	5876	0	4462	0	5400	0	282	576	314	0	718	0	0	100	484	0	5706	0	0	0	4238	0	15212	0	446	0	2884	0	0	0	0	0	0	0	0	0	90	0	0	0	0	0	0	0	0	0	0	0	0	0	0	0	0	
122552	Temporal_Pole_Sup_L	0	0	724	190	1278	0	750	0	324	0	1606	0	488	0	2492	0	1308	0	274	132	2306	394	0	0	0	0	110	74	7204	0	270	0	0	0	0	0	1222	0	2074	0	1238	0	0	0	0	0	0	0	0	0	0	0	0	0	5586	0	0	0	0	0	0	0	0	0	0	0	0	0	0	0	1224	168	1430	0	0	0	0	0	0	0	6086	0	0	0	9420	0	5520	0	7384	0	0	0	0	0	0	0	0	0	0	0	0	0	0	0	0	0	0	0	0	0	0	0	0	0	0	0	
111544	Temporal_Pole_Sup_R	0	0	0	764	0	0	0	448	0	0	0	1754	0	112	0	2014	0	1504	0	446	0	158	0	0	0	0	0	0	0	4154	0	0	0	0	0	0	0	1348	0	4886	0	3214	0	0	0	0	0	0	0	0	0	0	0	0	0	7166	0	0	0	0	0	0	0	0	0	0	0	0	0	0	96	240	0	1612	0	0	0	0	0	192	0	4238	0	0	0	5992	0	10428	0	5006	0	0	0	0	0	0	0	0	0	0	0	0	0	0	0	0	0	0	0	0	0	0	0	0	0	0	
400472	Temporal_Mid_L	2936	0	510	0	0	0	106	0	0	0	0	0	0	0	0	0	1502	0	318	0	0	0	0	0	0	0	0	0	3606	0	0	0	102	0	168	0	632	0	226	0	0	0	4192	0	296	0	1104	0	5242	0	31388	0	5006	0	8530	0	4754	0	4392	0	4872	0	5852	0	14744	0	3136	118	5494	0	0	0	156	0	0	0	1046	0	1396	0	35964	0	9420	0	0	0	4550	0	38178	0	166	0	0	0	0	0	0	0	134	0	0	0	0	0	0	0	0	0	0	0	0	0	0	0	0	0	
243392	Temporal_Mid_R	0	844	0	0	0	0	0	0	0	0	0	116	0	0	0	184	0	1226	0	110	0	0	0	0	0	0	0	0	0	2478	0	0	0	316	0	134	0	1556	0	508	0	390	0	4796	0	7648	0	610	0	7382	0	14734	0	1546	0	2570	0	1152	0	770	0	1508	0	1914	0	7530	0	15746	0	832	0	0	0	384	0	140	0	218	0	1044	0	15212	0	5992	0	0	0	2860	0	19246	0	0	0	0	0	0	0	0	0	0	0	0	0	0	0	0	0	0	0	0	0	0	0	0	0	0	
35764	Temporal_Pole_Mid_L	0	0	0	0	0	0	0	0	0	0	0	0	0	0	0	0	0	0	0	0	0	0	0	0	0	0	0	0	0	0	0	0	0	0	0	0	0	0	864	0	0	0	0	0	0	0	0	0	0	0	0	0	0	0	1894	0	0	0	0	0	0	0	0	0	0	0	0	0	0	0	0	0	0	0	0	0	0	0	0	0	236	0	5520	0	4550	0	0	0	4818	0	0	0	0	0	0	0	0	0	0	0	0	0	0	0	0	0	0	0	0	0	0	0	0	0	0	0	
63244	Temporal_Pole_Mid_R	0	0	0	0	0	0	0	0	0	0	0	0	0	0	0	102	0	0	0	0	0	0	0	0	0	0	0	0	0	0	0	0	0	0	0	0	0	964	0	4858	0	1560	0	0	0	0	0	0	0	0	0	0	0	0	0	6240	0	0	0	0	0	0	0	0	0	0	0	0	0	0	0	0	0	126	0	0	0	0	0	0	0	446	0	10428	0	2860	0	0	0	4038	0	0	0	0	0	0	0	0	0	0	0	0	0	0	0	0	0	0	0	0	0	0	0	0	0	0	
369720	Temporal_Inf_L	1862	90	1002	104	0	0	144	0	0	0	232	0	0	0	0	0	1816	0	646	0	92	0	0	0	0	0	0	0	7116	0	0	0	78	0	1048	240	8892	124	2214	0	1614	0	7588	0	84	0	2984	0	166	0	11790	0	5412	0	34028	0	1638	0	548	0	1430	0	1290	0	3444	0	3316	0	2244	0	0	0	2092	0	0	0	4044	166	1368	0	16036	0	7384	0	38178	0	4818	0	0	0	4208	0	0	0	0	0	184	0	2602	0	82	0	172	0	0	0	0	0	0	0	136	114	0	0	0	0	
229276	Temporal_Inf_R	0	1166	0	134	0	0	0	0	0	0	0	116	0	0	0	0	0	1114	0	362	0	0	0	0	0	0	0	0	0	4062	0	0	0	320	110	688	90	5162	0	2838	0	1192	0	4132	0	2128	0	1722	0	2530	0	3284	0	5514	0	19040	0	1130	0	822	0	2400	0	5172	0	3994	0	7474	0	1334	0	0	0	2088	0	300	0	1586	0	894	0	2884	0	5006	0	19246	0	4038	0	0	0	402	0	0	0	0	0	0	0	164	0	0	0	0	0	0	0	0	0	0	0	0	0	0	0	0	
686608	Cerebelum_Crus1_L	0	0	0	0	0	0	0	0	0	0	0	0	0	0	0	0	0	0	0	0	0	0	0	0	0	0	0	0	126	0	0	0	0	0	0	0	616	0	356	0	0	0	1096	94	0	0	7428	4112	294	0	1812	0	2152	344	25528	2270	0	0	0	0	0	0	0	0	0	0	92	0	0	0	0	0	88	0	0	0	0	0	0	0	0	0	0	0	166	0	0	0	4208	0	0	14230	38054	6054	2056	1874	21920	562	67202	15162	23012	434	33722	3132	8424	3764	1574	552	1984	3154	2616	14034	18262	5866	4036	842	
669908	Cerebelum_Crus1_R	0	0	0	0	0	0	0	0	0	0	0	0	0	0	0	0	0	0	0	0	0	0	0	0	0	0	0	0	0	0	0	0	0	0	0	0	0	148	0	218	0	0	0	142	0	0	1722	4816	0	0	158	0	262	218	2088	12082	0	0	0	0	0	0	0	0	0	0	0	112	0	0	0	0	0	0	0	0	0	0	0	0	0	0	0	0	0	0	0	0	0	402	14230	0	4040	37166	962	10448	5072	26244	12802	68410	4214	5790	5496	32566	3390	8218	518	6180	3250	6868	10638	11576	20948	8236	5084	240	
398640	Cerebelum_Crus2_L	0	0	0	0	0	0	0	0	0	0	0	0	0	0	0	0	0	0	0	0	0	0	0	0	0	0	0	0	0	0	0	0	0	0	0	0	0	0	0	0	0	0	0	0	0	0	210	522	0	0	0	0	0	0	518	418	0	0	0	0	0	0	0	0	0	0	0	0	0	0	0	0	0	0	0	0	0	0	0	0	0	0	0	0	0	0	0	0	0	0	38054	4040	0	13070	430	370	918	108	6540	2452	44910	4280	42014	5914	7010	1300	642	376	354	646	396	2606	11672	7990	1328	232	
367236	Cerebelum_Crus2_R	0	0	0	0	0	0	0	0	0	0	0	0	0	0	0	0	0	0	0	0	0	0	0	0	0	0	0	0	0	0	0	0	0	0	0	0	0	0	0	0	0	0	0	0	0	0	192	366	0	0	0	0	0	0	202	114	0	0	0	0	0	0	0	0	0	0	0	0	0	0	0	0	0	0	0	0	0	0	0	0	0	0	0	0	0	0	0	0	0	0	6054	37166	13070	0	374	664	622	336	2464	4442	9348	25884	9230	38330	1498	4020	482	1814	474	790	350	1294	14308	8232	1376	122	
52180	Cerebelum_3_L	0	0	0	0	0	0	0	0	0	0	0	0	0	0	0	0	0	0	0	0	0	0	0	0	0	0	0	0	0	0	0	0	0	0	0	0	0	0	126	0	0	0	0	0	0	0	190	266	0	0	0	0	0	0	386	0	0	0	0	0	0	0	0	0	0	0	0	0	0	0	0	0	0	0	0	0	0	0	0	0	0	0	0	0	0	0	0	0	0	0	2056	962	430	374	0	892	6366	208	2576	1056	138	0	300	0	1804	334	104	0	1194	3124	1220	520	626	288	338	212	
172764	Cerebelum_3_R	0	0	0	0	0	0	0	0	0	0	0	0	0	0	0	0	0	0	0	0	0	0	0	0	0	0	0	0	0	0	0	0	0	0	0	0	0	0	90	118	0	0	0	0	0	0	206	884	0	0	0	0	0	0	202	1126	0	0	0	0	0	0	0	0	0	0	0	0	0	0	0	0	0	0	0	0	0	0	0	0	0	0	0	0	0	0	0	0	0	0	1874	10448	370	664	892	0	2954	8964	2326	14678	482	0	886	1812	1070	3922	182	416	4074	9562	4782	1572	4348	4070	3168	240	
387320	Cerebelum_4_5_L	0	0	0	0	0	0	0	0	0	0	0	0	0	0	0	0	0	0	0	0	0	0	0	0	0	0	0	0	130	0	0	0	0	0	0	0	608	0	770	0	0	0	668	292	0	0	15328	3896	266	0	3402	118	5716	82	22030	1614	0	0	0	0	0	0	0	0	0	0	160	0	0	0	0	0	0	0	0	0	116	0	0	0	0	0	0	0	0	0	0	0	184	0	21920	5072	918	622	6366	2954	0	3814	42348	7172	480	0	1000	276	4716	1388	276	140	2676	5256	17444	6532	2296	1642	1780	1192	
258488	Cerebelum_4_5_R	0	0	0	0	0	0	0	0	0	0	0	0	0	0	0	0	0	0	0	0	0	0	0	0	0	0	0	0	0	0	0	0	0	0	0	178	90	922	0	1444	0	0	0	348	0	0	740	7136	0	0	0	0	0	450	238	10476	0	0	0	0	0	0	0	0	0	0	0	458	0	0	0	0	0	0	0	0	0	164	0	0	0	0	0	0	0	0	0	0	0	0	562	26244	108	336	208	8964	3814	0	1766	34494	0	0	222	1190	138	2226	0	336	742	3274	15252	1240	1614	1912	1856	102	
726836	Cerebelum_6_L	0	0	110	0	0	0	0	0	0	0	0	0	0	0	0	0	0	0	110	0	0	0	0	0	0	0	0	0	992	0	0	0	0	0	126	0	2092	0	630	0	0	0	1740	918	88	76	23422	12942	476	0	5526	84	8764	410	43252	5360	0	0	0	0	0	0	0	0	0	0	220	0	0	0	0	0	882	0	0	0	74	0	0	0	322	0	0	0	134	0	0	0	2602	0	67202	12802	6540	2464	2576	2326	42348	1766	0	20730	5334	0	8194	1220	5234	2950	684	362	2766	4144	14524	28338	11636	3396	3066	1464	
679140	Cerebelum_6_R	0	0	0	0	0	0	0	0	0	0	0	0	0	0	0	0	0	0	0	0	0	0	0	0	0	0	0	0	0	104	0	0	0	0	0	90	0	646	0	712	0	0	0	654	0	0	3968	15094	0	0	254	0	760	1146	5034	20344	0	0	0	0	0	0	0	0	0	0	0	244	0	0	0	0	0	0	0	0	0	148	0	0	0	90	0	0	0	0	0	0	0	164	15162	68410	2452	4442	1056	14678	7172	34494	20730	0	2368	464	3738	8740	3018	8162	442	5048	4566	10044	17670	23128	17376	8446	7168	1144	
349788	Cerebelum_7b_L	0	0	0	0	0	0	0	0	0	0	0	0	0	0	0	0	0	0	0	0	0	0	0	0	0	0	0	0	0	0	0	0	0	0	0	0	0	0	0	0	0	0	0	0	0	0	0	520	0	0	0	0	0	74	174	400	0	0	0	0	0	0	0	0	0	0	0	0	0	0	0	0	0	0	0	0	0	0	0	0	0	0	0	0	0	0	0	0	82	0	23012	4214	44910	9348	138	482	480	0	5334	2368	0	3296	41402	5238	6716	1234	1238	192	374	670	118	2004	10692	8472	1486	226	
148264	Cerebelum_7b_R	0	0	0	0	0	0	0	0	0	0	0	0	0	0	0	0	0	0	0	0	0	0	0	0	0	0	0	0	0	0	0	0	0	0	0	0	0	0	0	0	0	0	0	0	0	0	0	0	0	0	0	0	0	0	0	0	0	0	0	0	0	0	0	0	0	0	0	0	0	0	0	0	0	0	0	0	0	0	0	0	0	0	0	0	0	0	0	0	0	0	434	5790	4280	25884	0	0	0	0	0	464	3296	0	2076	21010	74	3880	0	80	0	0	0	94	2430	3524	570	246	
478036	Cerebelum_8_L	0	0	0	0	0	0	0	0	0	0	0	0	0	0	0	0	0	0	0	0	0	0	0	0	0	0	0	0	0	0	0	0	0	0	0	0	0	0	0	0	0	0	0	0	0	0	0	810	0	0	0	0	0	128	292	630	0	0	0	0	0	0	0	0	0	0	0	0	0	0	0	0	0	0	0	0	0	0	0	0	0	0	0	0	0	0	0	0	172	0	33722	5496	42014	9230	300	886	1000	222	8194	3738	41402	2076	0	10008	25414	5154	5584	782	628	1122	262	3276	15086	13536	6712	1142	
395248	Cerebelum_8_R	0	0	0	0	0	0	0	0	0	0	0	0	0	0	0	0	0	0	0	0	0	0	0	0	0	0	0	0	0	0	0	0	0	0	0	0	0	0	0	0	0	0	0	0	0	0	0	148	0	0	0	0	0	0	0	236	0	0	0	0	0	0	0	0	0	0	0	0	0	0	0	0	0	0	0	0	0	0	0	0	0	0	0	0	0	0	0	0	0	0	3132	32566	5914	38330	0	1812	276	1190	1220	8740	5238	21010	10008	0	2602	21530	1012	8212	1030	1892	516	1062	9856	10998	7526	1568	
234520	Cerebelum_9_L	0	0	0	0	0	0	0	0	0	0	0	0	0	0	0	0	0	0	0	0	0	0	0	0	0	0	0	0	0	0	0	0	0	0	0	0	0	0	0	0	0	0	0	0	0	0	0	344	0	0	0	0	0	0	550	144	0	0	0	0	0	0	0	0	0	0	0	0	0	0	0	0	0	0	0	0	0	0	0	0	0	0	0	0	0	0	0	0	0	0	8424	3390	7010	1498	1804	1070	4716	138	5234	3018	6716	74	25414	2602	0	6844	8144	180	1234	1986	964	2152	5062	5638	8522	4388	
272232	Cerebelum_9_R	0	0	0	0	0	0	0	0	0	0	0	0	0	0	0	0	0	0	0	0	0	0	0	0	0	0	0	0	0	0	0	0	0	0	0	0	0	0	0	0	0	0	0	0	0	0	0	422	0	0	0	0	0	0	296	240	0	0	0	0	0	0	0	0	0	0	0	0	0	0	0	0	0	0	0	0	0	0	0	0	0	0	0	0	0	0	0	0	0	0	3764	8218	1300	4020	334	3922	1388	2226	2950	8162	1234	3880	5154	21530	6844	0	1194	3236	3304	4354	1632	3080	8906	10852	17190	6484	
57004	Cerebelum_10_L	0	0	0	0	0	0	0	0	0	0	0	0	0	0	0	0	0	0	0	0	0	0	0	0	0	0	0	0	0	0	0	0	0	0	0	0	0	0	0	0	0	0	0	0	0	0	0	0	0	0	0	0	0	0	0	0	0	0	0	0	0	0	0	0	0	0	0	0	0	0	0	0	0	0	0	0	0	0	0	0	0	0	0	0	0	0	0	0	0	0	1574	518	642	482	104	182	276	0	684	442	1238	0	5584	1012	8144	1194	0	126	284	338	0	96	1436	1864	1702	580	
68844	Cerebelum_10_R	0	0	0	0	0	0	0	0	0	0	0	0	0	0	0	0	0	0	0	0	0	0	0	0	0	0	0	0	0	0	0	0	0	0	0	0	0	0	0	0	0	0	0	0	0	0	0	110	0	0	0	0	0	0	0	72	0	0	0	0	0	0	0	0	0	0	0	0	0	0	0	0	0	0	0	0	0	0	0	0	0	0	0	0	0	0	0	0	0	0	552	6180	376	1814	0	416	140	336	362	5048	192	80	782	8212	180	3236	126	0	280	478	354	834	1320	1068	1422	452	
