data	data	436720	300192	825128	813372	110928	75472	388016	231408	92496	17744	180052	204344	335464	236848	277472	249876	195476	143920	820036	702264	91548	86376	479256	379244	42104	109824	49600	86896	660524	488296	443112	435796	115652	424268	79884	91172	230928	326116	48732	192476	27936	64436	187476	278388	148104	269700	262640	394828	132444	330984	444660	339224	160772	50784	378844	527700	231252	204656	149460	118032	236536	121064	103012	101304	185908	157496	215968	336744	235692	169732	190796	530992	250344	484476	39900	19820	131932	179020	88012	26104	175260	128260	95136	69712	269716	245880	33992	18860	243080	202268	485208	528712	389176	379236	82752	120840	461912	447084	589792	618652	417316	292276	475416	385280	192420	182172	11608	9760	35216	129640	472460	297468	327480	182436	107352	22800	
data	data	Precentral_L	Precentral_R	Frontal_Sup_L	Frontal_Sup_R	Frontal_Sup_Orb_L	Frontal_Sup_Orb_R	Frontal_Mid_L	Frontal_Mid_R	Frontal_Mid_Orb_L	Frontal_Mid_Orb_R	Frontal_Inf_Oper_L	Frontal_Inf_Oper_R	Frontal_Inf_Tri_L	Frontal_Inf_Tri_R	Frontal_Inf_Orb_L	Frontal_Inf_Orb_R	Rolandic_Oper_L	Rolandic_Oper_R	Supp_Motor_Area_L	Supp_Motor_Area_R	Olfactory_L	Olfactory_R	Frontal_Sup_Medial_L	Frontal_Sup_Medial_R	Frontal_Med_Orb_L	Frontal_Med_Orb_R	Rectus_L	Rectus_R	Insula_L	Insula_R	Cingulum_Ant_L	Cingulum_Ant_R	Cingulum_Mid_L	Cingulum_Mid_R	Cingulum_Post_L	Cingulum_Post_R	Hippocampus_L	Hippocampus_R	ParaHippocampal_L	ParaHippocampal_R	Amygdala_L	Amygdala_R	Calcarine_L	Calcarine_R	Cuneus_L	Cuneus_R	Lingual_L	Lingual_R	Occipital_Sup_L	Occipital_Sup_R	Occipital_Mid_L	Occipital_Mid_R	Occipital_Inf_L	Occipital_Inf_R	Fusiform_L	Fusiform_R	Postcentral_L	Postcentral_R	Parietal_Sup_L	Parietal_Sup_R	Parietal_Inf_L	Parietal_Inf_R	SupraMarginal_L	SupraMarginal_R	Angular_L	Angular_R	Precuneus_L	Precuneus_R	Paracentral_Lobule_L	Paracentral_Lobule_R	Caudate_L	Caudate_R	Putamen_L	Putamen_R	Pallidum_L	Pallidum_R	Thalamus_L	Thalamus_R	Heschl_L	Heschl_R	Temporal_Sup_L	Temporal_Sup_R	Temporal_Pole_Sup_L	Temporal_Pole_Sup_R	Temporal_Mid_L	Temporal_Mid_R	Temporal_Pole_Mid_L	Temporal_Pole_Mid_R	Temporal_Inf_L	Temporal_Inf_R	Cerebelum_Crus1_L	Cerebelum_Crus1_R	Cerebelum_Crus2_L	Cerebelum_Crus2_R	Cerebelum_3_L	Cerebelum_3_R	Cerebelum_4_5_L	Cerebelum_4_5_R	Cerebelum_6_L	Cerebelum_6_R	Cerebelum_7b_L	Cerebelum_7b_R	Cerebelum_8_L	Cerebelum_8_R	Cerebelum_9_L	Cerebelum_9_R	Cerebelum_10_L	Cerebelum_10_R	Vermis_1_2	Vermis_3	Vermis_4_5	Vermis_6	Vermis_7	Vermis_8	Vermis_9	Vermis_10	
436720	Precentral_L	0	1658	21234	1316	0	0	15530	1006	0	0	11982	0	466	184	0	438	11424	68	21368	5926	0	0	0	0	0	0	0	0	14952	364	74	0	1222	3178	1054	660	8692	592	0	142	0	0	64	0	112	0	0	0	130	0	1762	0	94	0	634	76	25358	0	840	0	4384	76	2818	80	794	0	1018	0	21864	770	1014	4896	6858	170	3038	0	5792	2896	4526	0	3268	0	1046	0	256	0	0	0	196	0	0	0	0	0	0	0	0	0	0	0	0	0	0	0	0	0	0	0	0	0	0	0	0	0	0	0	
300192	Precentral_R	1658	0	702	20324	0	0	0	7464	0	0	0	9814	0	0	0	98	190	2764	1504	15502	0	0	0	0	0	0	0	0	80	3966	0	0	90	4302	84	392	344	7516	0	846	0	60	0	126	0	378	0	248	0	1150	0	448	0	92	0	1374	0	18224	0	1010	0	2790	0	3580	0	514	104	924	6630	10208	246	1800	0	3292	144	0	2650	12628	0	468	160	844	144	0	0	624	0	0	0	1504	0	0	0	0	0	0	0	0	0	0	0	0	0	0	0	0	0	0	0	0	92	0	0	0	0	0	
825128	Frontal_Sup_L	21234	702	0	3696	3366	0	59110	2158	2214	0	14474	406	30120	2570	16372	4536	8956	122	58506	2760	0	0	49182	5844	384	0	0	0	32562	1580	27584	5168	4038	2010	78	68	3766	724	0	114	0	0	0	0	0	0	0	0	0	0	0	0	0	0	1068	196	3814	82	0	0	284	134	188	164	92	0	0	0	2348	0	6368	10304	11274	3932	1784	66	512	784	902	0	2710	88	1066	0	0	0	0	0	0	0	0	0	0	0	0	0	0	0	0	0	0	0	0	0	0	0	0	0	0	0	0	0	0	0	0	0	
813372	Frontal_Sup_R	1316	20324	3696	0	0	1964	670	32924	0	110	0	8514	116	12496	0	4938	466	6768	30200	53632	0	160	14232	44578	0	3768	0	1424	442	23182	6510	35220	1966	19122	128	462	280	8924	0	2046	0	76	0	0	0	0	0	0	0	0	0	0	0	0	0	2654	82	1170	0	72	0	152	0	232	0	0	0	82	1910	216	272	16772	330	21438	0	714	1056	15328	0	124	416	1102	292	1244	0	118	0	0	0	256	0	0	0	0	0	0	0	0	0	0	0	0	0	0	0	0	0	0	0	0	0	0	0	0	0	0	
110928	Frontal_Sup_Orb_L	0	0	3366	0	0	0	830	0	9288	0	0	0	308	0	8880	0	0	0	0	0	3924	332	2082	0	3780	0	4790	62	7962	0	3760	0	0	0	0	0	0	0	656	0	520	0	0	0	0	0	0	0	0	0	0	0	0	0	0	0	0	0	0	0	0	0	0	0	0	0	0	0	0	0	902	172	1682	0	0	0	0	0	0	0	0	0	1650	0	0	0	518	0	0	0	0	0	0	0	0	0	0	0	0	0	0	0	0	0	0	0	0	0	0	0	0	0	0	0	0	0	
75472	Frontal_Sup_Orb_R	0	0	0	1964	0	0	0	122	0	3970	0	0	0	68	0	4918	0	0	310	326	132	1436	0	1434	322	5698	486	8226	0	1542	66	1302	0	0	0	0	0	0	0	0	0	0	0	0	0	0	0	0	0	0	0	0	0	0	0	0	0	0	0	0	0	0	0	0	0	0	0	0	0	0	0	2088	0	2990	0	0	0	0	0	0	0	0	0	336	0	0	0	0	0	0	0	0	0	0	0	0	0	0	0	0	0	0	0	0	0	0	0	0	0	0	0	0	0	0	0	0	
388016	Frontal_Mid_L	15530	0	59110	670	830	0	0	68	3052	0	13814	0	31868	200	7238	0	4224	0	7914	84	0	0	16034	1470	0	0	0	0	14658	140	6426	1126	1902	412	0	0	940	0	0	0	0	0	0	0	0	0	0	0	0	0	0	0	0	0	266	0	1336	0	0	0	626	0	304	0	72	0	0	0	122	0	632	240	1476	0	0	0	102	0	528	0	528	0	66	0	0	0	0	0	0	0	0	0	0	0	0	0	0	0	0	0	0	0	0	0	0	0	0	0	0	0	0	0	0	0	0	0	
231408	Frontal_Mid_R	1006	7464	2158	32924	0	122	68	0	0	312	0	8918	0	13506	0	2240	982	2878	1594	3506	0	0	982	5380	0	0	0	0	90	8700	524	1750	0	954	0	0	0	2522	0	780	0	0	0	0	0	0	0	102	0	204	0	114	0	0	0	1296	0	688	0	488	0	940	0	1284	0	104	0	140	0	0	230	2320	0	4138	0	70	0	148	0	190	872	1220	636	160	0	358	0	0	0	642	0	0	0	0	0	0	0	0	0	0	0	0	0	0	0	0	0	0	0	0	0	0	0	0	0	0	
92496	Frontal_Mid_Orb_L	0	0	2214	0	9288	0	3052	0	0	0	0	0	1672	0	13158	0	0	0	110	0	796	126	758	0	1438	0	2080	0	6454	0	2432	90	0	0	0	0	0	0	396	0	196	0	0	0	0	0	0	0	0	0	0	0	0	0	0	0	0	0	0	0	0	0	0	0	0	0	0	0	0	0	330	104	1176	0	0	0	0	0	0	0	0	0	378	0	0	0	0	0	0	0	0	0	0	0	0	0	0	0	0	0	0	0	0	0	0	0	0	0	0	0	0	0	0	0	0	0	
17744	Frontal_Mid_Orb_R	0	0	0	110	0	3970	0	312	0	0	0	0	0	108	0	3344	0	0	0	0	0	0	0	0	0	86	0	476	0	88	0	0	0	0	0	0	0	0	0	0	0	0	0	0	0	0	0	0	0	0	0	0	0	0	0	0	0	0	0	0	0	0	0	0	0	0	0	0	0	0	0	120	0	196	0	0	0	0	0	0	0	0	0	62	0	0	0	0	0	0	0	0	0	0	0	0	0	0	0	0	0	0	0	0	0	0	0	0	0	0	0	0	0	0	0	0	
180052	Frontal_Inf_Oper_L	11982	0	14474	0	0	0	13814	0	0	0	0	0	10550	0	0	0	8246	0	11460	0	0	0	0	0	0	0	0	0	12766	0	134	0	0	0	0	0	230	0	0	0	0	0	0	0	0	0	0	0	0	0	0	0	0	0	270	0	2032	0	0	0	104	0	166	0	0	0	0	0	0	0	78	0	616	0	0	0	0	0	592	0	1586	0	926	0	0	0	0	0	0	0	0	0	0	0	0	0	0	0	0	0	0	0	0	0	0	0	0	0	0	0	0	0	0	0	0	0	
204344	Frontal_Inf_Oper_R	0	9814	406	8514	0	0	0	8918	0	0	0	0	0	7210	0	1102	0	6438	6006	6978	0	0	604	554	0	0	0	0	0	15528	482	1590	0	1768	0	0	0	1994	0	928	0	0	0	0	0	0	0	0	0	264	0	82	0	0	0	1216	0	4528	0	370	0	1066	0	1568	0	122	0	78	0	0	138	2646	0	8222	0	104	0	0	0	128	0	1168	0	1178	0	192	0	0	0	268	0	0	0	0	0	0	0	0	0	0	0	0	0	0	0	0	0	0	0	0	0	0	0	0	0	0	
335464	Frontal_Inf_Tri_L	466	0	30120	116	308	0	31868	0	1672	0	10550	0	0	184	20492	232	384	0	8932	0	0	0	11608	170	0	0	0	0	29872	108	12998	658	244	106	0	0	0	0	0	0	0	0	0	0	0	0	0	0	0	0	0	0	0	0	0	0	152	0	0	0	0	0	0	0	0	0	0	0	0	0	3876	1108	1192	0	0	0	0	0	0	0	134	0	182	0	0	0	0	0	0	0	0	0	0	0	0	0	0	0	0	0	0	0	0	0	0	0	0	0	0	0	0	0	0	0	0	0	
236848	Frontal_Inf_Tri_R	184	0	2570	12496	0	68	200	13506	0	108	0	7210	184	0	0	14848	76	206	5248	4432	0	0	3046	5142	0	0	0	0	236	18540	1220	5880	242	5196	0	0	100	0	0	0	0	0	0	0	0	0	0	0	0	0	0	0	0	0	0	0	68	0	0	0	0	0	0	0	0	0	0	0	124	0	1044	12832	138	2564	0	0	230	486	0	0	0	0	0	0	0	0	0	0	0	0	0	0	0	0	0	0	0	0	0	0	0	0	0	0	0	0	0	0	0	0	0	0	0	0	0	0	
277472	Frontal_Inf_Orb_L	0	0	16372	0	8880	0	7238	0	13158	0	0	0	20492	0	0	0	0	0	1568	0	3714	0	10374	114	1022	0	1154	0	30630	0	11024	364	126	86	0	0	0	0	740	0	382	0	0	0	0	0	0	0	0	0	0	0	0	0	0	0	0	0	0	0	0	0	0	0	0	0	0	0	0	0	900	112	3164	0	0	0	0	0	0	0	0	0	5412	0	128	0	1520	0	62	0	0	0	0	0	0	0	0	0	0	0	0	0	0	0	0	0	0	0	0	0	0	0	0	0	0	0	
249876	Frontal_Inf_Orb_R	438	98	4536	4938	0	4918	0	2240	0	3344	0	1102	232	14848	0	0	410	96	6242	5372	90	2744	254	1406	0	1296	0	3076	404	16628	652	1544	0	550	0	0	170	76	0	60	0	398	0	0	0	0	0	0	0	0	0	0	0	0	0	0	148	0	0	0	0	0	0	0	0	0	0	0	258	80	2280	21904	254	14738	0	0	602	966	0	0	180	940	0	4104	0	142	0	180	0	0	0	0	0	0	0	0	0	0	0	0	0	0	0	0	0	0	0	0	0	0	0	0	0	0	0	0	
195476	Rolandic_Oper_L	11424	190	8956	466	0	0	4224	982	0	0	8246	0	384	76	0	410	0	72	7680	0	0	0	0	0	0	0	0	0	18202	366	162	0	0	0	0	0	1916	90	0	0	0	0	0	0	0	0	0	0	0	0	854	0	654	0	1596	0	5874	0	0	0	964	0	1826	0	1588	0	0	0	136	0	158	654	608	134	0	0	0	0	4164	0	8416	0	1928	0	2134	0	0	0	2204	0	0	0	0	0	0	0	0	0	0	0	0	0	0	0	0	0	0	0	0	0	0	0	0	0	0	0	
143920	Rolandic_Oper_R	68	2764	122	6768	0	0	0	2878	0	0	0	6438	0	206	0	96	72	0	4852	8268	0	0	0	132	0	0	0	0	0	16582	70	0	0	328	0	0	0	1636	0	190	0	0	0	0	0	0	0	0	0	0	0	0	0	0	0	396	0	5050	0	0	0	0	0	2358	0	0	0	0	0	0	0	206	0	4242	0	86	0	0	0	2372	66	3852	0	1630	0	104	0	0	0	128	0	0	0	0	0	0	0	0	0	0	0	0	0	0	0	0	0	0	0	0	0	0	0	0	0	0	
820036	Supp_Motor_Area_L	21368	1504	58506	30200	0	310	7914	1594	110	0	11460	6006	8932	5248	1568	6242	7680	4852	0	50300	0	0	7386	5674	0	790	0	522	20402	12850	7838	10682	7072	21398	100	0	2812	1464	0	642	0	0	0	0	0	0	0	0	0	0	0	0	0	0	1030	716	3270	118	0	0	90	62	204	84	0	0	0	0	16160	232	7350	17928	14874	14582	1364	150	1868	1436	414	114	2330	518	740	958	0	0	0	0	0	0	0	0	0	0	0	0	0	0	0	0	0	0	0	0	0	0	0	0	0	0	0	0	0	0	0	0	
702264	Supp_Motor_Area_R	5926	15502	2760	53632	0	326	84	3506	0	0	0	6978	0	4432	0	5372	0	8268	50300	0	0	0	2090	7998	0	810	0	542	92	15366	2682	11440	4420	35294	576	1056	430	7588	0	2754	0	0	0	258	0	126	0	394	0	164	0	392	0	90	0	3736	208	4852	0	158	0	212	0	470	0	192	0	1168	13200	15482	408	18438	0	23766	136	2720	2586	6896	0	436	0	1034	0	1104	0	626	0	0	0	1524	0	0	0	0	0	0	0	0	0	0	0	0	0	0	0	0	0	0	0	0	132	0	0	0	0	0	
91548	Olfactory_L	0	0	0	0	3924	132	0	0	796	0	0	0	0	0	3714	90	0	0	0	0	0	5706	108	0	360	84	3672	496	4338	72	2582	1120	0	0	0	0	0	0	1248	0	888	0	0	0	0	0	0	0	0	0	0	0	0	0	0	0	0	0	0	0	0	0	0	0	0	0	0	0	0	0	6810	3206	3622	634	0	0	0	0	0	0	0	0	1792	0	0	0	380	0	0	0	0	0	0	0	0	0	0	0	0	0	0	0	0	0	0	0	0	0	0	0	0	0	0	0	0	0	
86376	Olfactory_R	0	0	0	160	332	1436	0	0	126	0	0	0	0	0	0	2744	0	0	0	0	5706	0	0	218	74	956	2434	2984	0	2648	2266	2350	0	0	0	0	0	114	0	126	0	1016	0	0	0	0	0	0	0	0	0	0	0	0	0	0	0	0	0	0	0	0	0	0	0	0	0	0	0	0	6854	5366	3340	1446	0	0	0	108	0	0	0	0	0	384	0	0	0	0	0	0	0	0	0	0	0	0	0	0	0	0	0	0	0	0	0	0	0	0	0	0	0	0	0	0	0	0	
479256	Frontal_Sup_Medial_L	0	0	49182	14232	2082	0	16034	982	758	0	0	604	11608	3046	10374	254	0	0	7386	2090	108	0	0	24610	3076	458	80	0	13412	2750	39600	15084	3692	10466	0	0	0	0	0	0	0	0	0	0	0	0	0	0	0	0	0	0	0	0	0	0	0	0	0	0	0	0	0	0	0	0	0	0	0	0	2984	1700	2062	600	0	0	86	142	0	0	0	0	86	0	0	0	0	0	0	0	0	0	0	0	0	0	0	0	0	0	0	0	0	0	0	0	0	0	0	0	0	0	0	0	0	0	
379244	Frontal_Sup_Medial_R	0	0	5844	44578	0	1434	1470	5380	0	0	0	554	170	5142	114	1406	0	132	5674	7998	0	218	24610	0	156	7514	0	2340	424	4282	8146	30996	710	14878	0	0	0	0	0	0	0	110	0	0	0	0	0	0	0	0	0	0	0	0	0	0	0	0	0	0	0	0	0	0	0	0	0	0	0	0	0	7884	298	7160	0	0	0	0	0	0	0	0	0	0	0	0	0	0	0	0	0	0	0	0	0	0	0	0	0	0	0	0	0	0	0	0	0	0	0	0	0	0	0	0	0	0	
42104	Frontal_Med_Orb_L	0	0	384	0	3780	322	0	0	1438	0	0	0	0	0	1022	0	0	0	0	0	360	74	3076	156	0	1264	1790	308	1358	0	4768	116	0	0	0	0	0	0	0	0	0	0	0	0	0	0	0	0	0	0	0	0	0	0	0	0	0	0	0	0	0	0	0	0	0	0	0	0	0	0	400	106	330	0	0	0	0	0	0	0	0	0	0	0	0	0	0	0	0	0	0	0	0	0	0	0	0	0	0	0	0	0	0	0	0	0	0	0	0	0	0	0	0	0	0	0	
109824	Frontal_Med_Orb_R	0	0	0	3768	0	5698	0	0	0	86	0	0	0	0	0	1296	0	0	790	810	84	956	458	7514	1264	0	574	9034	0	1180	1268	6482	0	0	0	0	0	0	0	0	0	126	0	0	0	0	0	0	0	0	0	0	0	0	0	0	0	0	0	0	0	0	0	0	0	0	0	0	0	0	62	6568	0	6894	0	0	0	0	0	0	0	0	0	0	0	0	0	0	0	0	0	0	0	0	0	0	0	0	0	0	0	0	0	0	0	0	0	0	0	0	0	0	0	0	0	0	
49600	Rectus_L	0	0	0	0	4790	486	0	0	2080	0	0	0	0	0	1154	0	0	0	0	0	3672	2434	80	0	1790	574	0	1154	360	0	1284	326	0	0	0	0	0	0	0	0	0	0	0	0	0	0	0	0	0	0	0	0	0	0	0	0	0	0	0	0	0	0	0	0	0	0	0	0	0	0	2748	792	782	200	0	0	0	0	0	0	0	0	94	0	0	0	0	0	0	0	0	0	0	0	0	0	0	0	0	0	0	0	0	0	0	0	0	0	0	0	0	0	0	0	0	0	
86896	Rectus_R	0	0	0	1424	62	8226	0	0	0	476	0	0	0	0	0	3076	0	0	522	542	496	2984	0	2340	308	9034	1154	0	0	2088	146	1346	0	0	0	0	0	0	0	0	0	114	0	0	0	0	0	0	0	0	0	0	0	0	0	0	0	0	0	0	0	0	0	0	0	0	0	0	0	0	310	3278	178	4982	0	0	0	0	0	0	0	0	0	362	0	0	0	0	0	0	0	0	0	0	0	0	0	0	0	0	0	0	0	0	0	0	0	0	0	0	0	0	0	0	0	0	
660524	Insula_L	14952	80	32562	442	7962	0	14658	90	6454	0	12766	0	29872	236	30630	404	18202	0	20402	92	4338	0	13412	424	1358	0	360	0	0	158	21394	1388	508	96	488	336	15688	340	1366	186	3168	0	92	0	146	0	88	0	0	0	406	0	126	0	4502	0	6272	0	0	0	808	0	1484	0	1044	0	238	0	242	0	4080	2806	16790	74	238	0	524	1070	11646	0	8538	0	7886	0	1676	0	1546	0	3128	0	0	0	0	0	0	0	0	0	0	0	0	0	0	0	0	0	0	0	0	0	0	0	0	0	0	0	
488296	Insula_R	364	3966	1580	23182	0	1542	140	8700	0	88	0	15528	108	18540	0	16628	366	16582	12850	15366	72	2648	2750	4282	0	1180	0	2088	158	0	1106	5974	158	5898	0	0	0	7472	0	1820	0	998	0	0	0	0	0	142	0	62	0	82	0	0	0	4862	0	2828	0	60	0	166	0	588	0	290	0	160	0	0	232	9976	0	28730	0	82	0	0	0	3524	330	9628	200	5106	0	2494	0	0	0	2472	0	0	0	0	0	0	0	0	0	0	0	0	0	0	0	0	0	0	0	0	0	0	0	0	0	0	
443112	Cingulum_Ant_L	74	0	27584	6510	3760	66	6426	524	2432	0	134	482	12998	1220	11024	652	162	70	7838	2682	2582	2266	39600	8146	4768	1268	1284	146	21394	1106	0	20666	3086	2992	0	0	0	0	158	0	194	0	0	0	0	0	0	0	0	0	0	0	0	0	0	0	0	0	0	0	0	0	0	0	0	0	0	0	70	0	9750	5766	9498	1538	0	0	92	258	0	0	64	0	226	0	0	0	0	0	0	0	0	0	0	0	0	0	0	0	0	0	0	0	0	0	0	0	0	0	0	0	0	0	0	0	0	0	
435796	Cingulum_Ant_R	0	0	5168	35220	0	1302	1126	1750	90	0	0	1590	658	5880	364	1544	0	0	10682	11440	1120	2350	15084	30996	116	6482	326	1346	1388	5974	20666	0	2778	19916	0	0	0	0	0	0	0	0	0	0	0	0	0	0	0	0	0	0	0	0	0	0	0	0	0	0	0	0	0	0	0	0	0	0	0	0	2166	19152	1736	9412	0	0	0	76	0	0	0	0	0	0	0	0	0	0	0	0	0	0	0	0	0	0	0	0	0	0	0	0	0	0	0	0	0	0	0	0	0	0	0	0	0	0	
115652	Cingulum_Mid_L	1222	90	4038	1966	0	0	1902	0	0	0	0	0	244	242	126	0	0	0	7072	4420	0	0	3692	710	0	0	0	0	508	158	3086	2778	0	11470	1690	676	0	68	0	0	0	0	270	0	596	0	0	0	0	0	254	0	0	0	0	0	192	214	1168	74	0	0	0	0	0	0	2384	630	4044	564	70	884	0	264	0	0	0	0	0	0	0	0	0	0	60	0	0	0	0	0	0	0	0	0	0	0	0	0	0	0	0	0	0	0	0	0	0	0	0	0	0	0	0	0	0	0	
424268	Cingulum_Mid_R	3178	4302	2010	19122	0	0	412	954	0	0	0	1768	106	5196	86	550	0	328	21398	35294	0	0	10466	14878	0	0	0	0	96	5898	2992	19916	11470	0	1014	3976	0	672	0	190	0	0	0	646	0	972	0	1482	0	666	0	1666	0	236	0	404	0	3342	0	780	0	64	0	0	0	204	310	7698	7604	12590	60	1454	0	1722	0	0	654	158	0	0	0	246	0	0	0	1306	0	0	0	1184	0	0	0	0	0	0	0	0	0	0	0	0	0	0	0	0	0	0	0	0	414	0	0	0	0	0	
79884	Cingulum_Post_L	1054	84	78	128	0	0	0	0	0	0	0	0	0	0	0	0	0	0	100	576	0	0	0	0	0	0	0	0	488	0	0	0	1690	1014	0	6672	3970	2792	628	1062	0	0	1068	0	596	0	632	118	270	0	108	0	0	0	114	92	1090	316	60	0	0	0	0	0	0	0	5332	1148	3482	732	0	110	366	78	0	0	2138	1392	88	0	72	0	0	0	0	0	0	0	204	0	0	0	0	0	0	0	0	0	0	0	0	0	0	0	0	0	0	0	0	0	0	0	0	0	0	0	
91172	Cingulum_Post_R	660	392	68	462	0	0	0	0	0	0	0	0	0	0	0	0	0	0	0	1056	0	0	0	0	0	0	0	0	336	0	0	0	676	3976	6672	0	2796	5420	324	1700	0	0	0	182	0	162	0	1742	0	0	0	286	0	0	0	846	0	764	0	62	0	0	0	0	0	0	256	6022	558	3026	0	0	258	154	0	0	2796	2026	0	0	0	64	0	0	0	310	0	0	142	1226	0	0	0	0	0	0	0	0	0	0	0	0	0	0	0	0	0	0	0	0	166	0	0	0	0	0	
230928	Hippocampus_L	8692	344	3766	280	0	0	940	0	0	0	230	0	0	100	0	170	1916	0	2812	430	0	0	0	0	0	0	0	0	15688	0	0	0	0	0	3970	2796	0	2294	5628	1084	3822	0	1388	0	112	0	1992	152	0	0	378	0	220	0	8992	86	1988	0	0	0	142	0	346	0	110	0	2644	66	2550	158	170	3488	8430	138	2076	0	5306	3438	6626	0	1972	0	726	0	806	0	0	0	5860	0	0	0	0	0	0	0	0	0	0	0	0	0	0	0	0	0	0	0	0	142	0	0	0	0	0	0	
326116	Hippocampus_R	592	7516	724	8924	0	0	0	2522	0	0	0	1994	0	0	0	76	90	1636	1464	7588	0	114	0	0	0	0	0	0	340	7472	0	0	68	672	2792	5420	2294	0	318	27886	0	11396	0	236	0	0	0	2212	0	234	0	66	0	0	0	30584	0	1094	0	0	0	132	0	270	0	88	98	2932	236	1686	0	268	252	15606	0	752	2150	3374	0	574	130	1336	0	552	0	726	0	0	130	4726	0	0	0	0	0	0	0	418	0	114	0	0	0	0	0	0	0	0	0	0	184	0	0	0	0	0	
48732	ParaHippocampal_L	0	0	0	0	656	0	0	0	396	0	0	0	0	0	740	0	0	0	0	0	1248	0	0	0	0	0	0	0	1366	0	158	0	0	0	628	324	5628	318	0	202	1540	0	274	0	0	0	2176	116	0	0	188	0	190	0	3426	0	0	0	0	0	0	0	0	0	0	0	938	0	120	0	0	62	482	0	0	0	254	254	0	0	0	0	476	0	0	0	182	0	778	0	162	0	0	0	0	0	412	0	370	0	0	0	0	0	0	0	0	0	76	226	0	0	0	0	0	0	
192476	ParaHippocampal_R	142	846	114	2046	0	0	0	780	0	0	0	928	0	0	0	60	0	190	642	2754	0	126	0	0	0	0	0	0	186	1820	0	0	0	190	1062	1700	1084	27886	202	0	0	7042	0	422	0	0	0	2592	0	128	0	0	0	0	0	23340	0	290	0	0	0	72	0	114	0	0	0	1440	0	368	0	0	122	6956	0	512	1010	1846	0	90	0	474	0	1134	0	254	0	700	100	2796	0	0	0	0	0	62	0	1082	0	364	0	0	0	0	0	0	0	0	0	0	170	0	0	0	0	0	
27936	Amygdala_L	0	0	0	0	520	0	0	0	196	0	0	0	0	0	382	0	0	0	0	0	888	0	0	0	0	0	0	0	3168	0	194	0	0	0	0	0	3822	0	1540	0	0	0	0	0	0	0	0	0	0	0	0	0	0	0	1080	0	0	0	0	0	0	0	0	0	0	0	0	0	0	0	0	0	700	0	0	0	0	0	0	0	130	0	962	0	0	0	230	0	156	0	0	0	0	0	0	0	0	0	0	0	0	0	0	0	0	0	0	0	0	0	0	0	0	0	0	0	
64436	Amygdala_R	0	60	0	76	0	0	0	0	0	0	0	0	0	0	0	398	0	0	0	0	0	1016	0	110	0	126	0	114	0	998	0	0	0	0	0	0	0	11396	0	7042	0	0	0	0	0	0	0	0	0	0	0	0	0	0	0	6628	0	0	0	0	0	0	0	0	0	0	0	0	0	0	0	0	0	1572	0	0	0	66	0	0	0	98	0	1710	0	132	0	246	0	346	0	0	0	0	0	0	0	84	0	0	0	0	0	0	0	0	0	0	0	0	0	0	0	0	0	0	
187476	Calcarine_L	64	0	0	0	0	0	0	0	0	0	0	0	0	0	0	0	0	0	0	0	0	0	0	0	0	0	0	0	92	0	0	0	270	0	1068	0	1388	0	274	0	0	0	0	8122	15396	5900	12034	1380	9246	3346	15650	600	2352	0	1878	0	1182	0	120	0	72	0	0	0	0	0	10842	334	608	0	0	0	0	0	0	0	0	0	154	0	64	0	0	0	540	0	0	0	762	0	0	0	0	0	0	0	0	0	0	0	0	0	0	0	0	0	0	0	0	0	0	0	0	0	0	0	
278388	Calcarine_R	0	126	0	0	0	0	0	0	0	0	0	0	0	0	0	0	0	0	0	258	0	0	0	0	0	0	0	0	0	0	0	0	0	646	0	182	0	236	0	422	0	0	8122	0	3360	23586	2852	21216	242	23852	178	20680	0	4164	0	6596	0	758	0	514	0	74	0	0	0	156	290	11262	0	792	0	0	0	0	0	0	0	0	0	0	0	0	0	0	0	4562	0	0	0	2440	0	104	0	0	0	0	0	0	0	468	0	0	0	0	0	0	0	0	0	0	618	438	0	0	0	0	
148104	Cuneus_L	112	0	0	0	0	0	0	0	0	0	0	0	0	0	0	0	0	0	0	0	0	0	0	0	0	0	0	0	146	0	0	0	596	0	596	0	112	0	0	0	0	0	15396	3360	0	5412	2526	80	17890	1482	12328	72	520	0	878	0	1132	0	742	0	180	0	0	0	90	0	7992	260	622	0	0	0	0	0	0	0	0	0	260	0	98	0	0	0	478	0	0	0	692	0	0	0	0	0	0	0	0	0	0	0	0	0	0	0	0	0	0	0	0	0	0	0	0	0	0	0	
269700	Cuneus_R	0	378	0	0	0	0	0	0	0	0	0	0	0	0	0	0	0	0	0	126	0	0	0	0	0	0	0	0	0	0	0	0	0	972	0	162	0	0	0	0	0	0	5900	23586	5412	0	394	3002	468	38492	258	17430	0	334	0	88	0	2030	0	4218	0	782	0	0	0	1270	5608	20786	0	940	0	0	0	0	0	0	0	0	0	0	0	98	0	0	0	1800	0	0	0	132	0	0	0	0	0	0	0	0	0	96	0	0	0	0	0	0	0	0	0	0	0	88	0	0	0	0	
262640	Lingual_L	0	0	0	0	0	0	0	0	0	0	0	0	0	0	0	0	0	0	0	0	0	0	0	0	0	0	0	0	88	0	0	0	0	0	632	0	1992	0	2176	0	0	0	12034	2852	2526	394	0	3966	2160	376	21462	224	12230	0	18516	882	692	0	0	0	0	0	0	0	0	0	6234	92	410	0	0	0	0	0	0	0	0	0	68	0	0	0	0	0	96	0	0	0	452	0	5400	1046	170	116	70	178	9876	1788	12566	1746	194	0	330	80	86	110	0	0	0	88	4388	2210	168	76	80	0	
394828	Lingual_R	0	248	0	0	0	0	0	102	0	0	0	0	0	0	0	0	0	0	0	394	0	0	0	0	0	0	0	0	0	142	0	0	0	1482	118	1742	152	2212	116	2592	0	0	1380	21216	80	3002	3966	0	0	7642	0	7800	66	3012	2208	24588	0	646	0	88	0	582	0	0	0	714	244	13978	0	1402	0	0	0	0	0	0	74	110	0	0	0	102	0	0	0	1290	0	0	0	4602	6310	7564	172	102	368	462	8528	10266	12106	13418	268	0	508	200	762	162	0	0	100	324	16190	10256	940	174	142	0	
132444	Occipital_Sup_L	130	0	0	0	0	0	0	0	0	0	0	0	0	0	0	0	0	0	0	0	0	0	0	0	0	0	0	0	0	0	0	0	0	0	270	0	0	0	0	0	0	0	9246	242	17890	468	2160	0	0	0	22612	0	856	0	518	0	214	0	3620	0	780	0	0	0	270	0	6554	72	92	0	0	0	0	0	0	0	0	0	0	0	0	0	0	0	168	0	0	0	60	0	0	0	0	0	0	0	0	0	0	0	0	0	0	0	0	0	0	0	0	0	0	0	0	0	0	0	
330984	Occipital_Sup_R	0	1150	0	0	0	0	0	204	0	0	0	264	0	0	0	0	0	0	0	164	0	0	0	0	0	0	0	0	0	62	0	0	0	666	0	0	0	234	0	128	0	0	3346	23852	1482	38492	376	7642	0	0	0	32002	0	458	0	2008	0	3474	0	9362	0	2748	0	126	0	5986	4934	20298	0	1086	0	0	0	0	0	0	0	0	0	0	0	340	0	0	0	3182	0	0	0	834	0	0	0	0	0	0	0	0	0	192	0	0	0	0	0	0	0	0	0	0	252	148	0	0	0	0	
444660	Occipital_Mid_L	1762	0	0	0	0	0	0	0	0	0	0	0	0	0	0	0	854	0	0	0	0	0	0	0	0	0	0	0	406	0	0	0	254	0	108	0	378	0	188	0	0	0	15650	178	12328	258	21462	0	22612	0	0	0	26566	0	18742	0	5524	0	22602	0	19736	0	838	0	14666	0	10972	0	770	0	0	0	0	0	0	0	0	0	424	0	578	0	0	0	17722	0	0	0	5458	0	384	0	0	0	0	0	0	0	910	0	0	0	0	0	0	0	0	0	0	0	0	0	0	0	0	0	
339224	Occipital_Mid_R	0	448	0	0	0	0	0	114	0	0	0	82	0	0	0	0	0	0	0	392	0	0	0	0	0	0	0	0	0	82	0	0	0	1666	0	286	0	66	0	0	0	0	600	20680	72	17430	224	7800	0	32002	0	0	0	5070	0	3020	0	3752	0	6868	0	4566	0	152	0	15530	2550	18962	122	3240	0	0	0	0	0	0	0	0	0	0	0	972	0	0	0	20262	0	0	0	2086	0	0	0	0	0	0	0	0	0	0	0	0	0	0	0	0	0	0	0	0	516	0	0	0	0	0	
160772	Occipital_Inf_L	94	0	0	0	0	0	0	0	0	0	0	0	0	0	0	0	654	0	0	0	0	0	0	0	0	0	0	0	126	0	0	0	0	0	0	0	220	0	190	0	0	0	2352	0	520	0	12230	66	856	0	26566	0	0	0	17126	0	772	0	220	0	652	0	372	0	1550	0	466	0	116	0	0	0	0	0	0	0	0	0	162	0	298	0	0	0	6726	0	0	0	5258	0	938	0	0	0	0	0	180	0	1514	0	0	0	0	0	0	0	0	0	0	0	80	82	0	0	0	0	
50784	Occipital_Inf_R	0	92	0	0	0	0	0	0	0	0	0	0	0	0	0	0	0	0	0	90	0	0	0	0	0	0	0	0	0	0	0	0	0	236	0	0	0	0	0	0	0	0	0	4164	0	334	0	3012	0	458	0	5070	0	0	0	3946	0	190	0	0	0	0	0	0	0	102	0	1424	0	338	0	0	0	0	0	0	0	0	0	0	0	70	0	0	0	2286	0	0	0	3092	0	0	0	0	0	0	0	0	0	90	0	0	0	0	0	0	0	0	0	0	304	94	0	0	0	0	
378844	Fusiform_L	634	0	1068	0	0	0	266	0	0	0	270	0	0	0	0	0	1596	0	1030	0	0	0	0	0	0	0	0	0	4502	0	0	0	0	0	114	0	8992	0	3426	0	1080	0	1878	0	878	0	18516	2208	518	0	18742	0	17126	0	0	1408	1052	0	320	0	804	0	528	0	1588	0	1614	0	288	0	0	350	746	0	0	0	144	416	1062	0	3010	0	1900	0	9928	0	1286	0	15610	0	15942	738	1886	0	0	0	11592	2124	22460	1348	1832	0	1658	0	126	0	0	0	0	0	3394	1238	186	0	0	0	
527700	Fusiform_R	76	1374	196	2654	0	0	0	1296	0	0	0	1216	0	0	0	0	0	396	716	3736	0	0	0	0	0	0	0	0	0	4862	0	0	0	404	92	846	86	30584	0	23340	0	6628	0	6596	0	88	882	24588	0	2008	0	3020	0	3946	1408	0	0	764	0	64	0	186	0	226	0	356	0	4640	0	746	0	74	0	8630	0	434	94	368	0	424	0	1808	0	4004	0	5812	0	934	0	18888	4888	14010	128	438	464	342	7664	13094	10230	18848	148	256	334	300	902	182	0	0	102	444	11972	8222	1078	170	144	0	
231252	Postcentral_L	25358	0	3814	82	0	0	1336	0	0	0	2032	0	152	68	0	148	5874	0	3270	208	0	0	0	0	0	0	0	0	6272	0	0	0	192	0	1090	0	1988	0	0	0	0	0	1182	0	1132	0	692	0	214	0	5524	0	772	0	1052	0	0	0	6740	0	14360	0	9432	0	3222	0	5152	0	4516	0	138	1540	148	0	0	0	120	676	3472	0	1562	0	0	0	1410	0	0	0	686	0	0	0	0	0	0	0	0	0	0	0	0	0	0	0	0	0	0	0	0	0	0	0	0	0	0	0	
204656	Postcentral_R	0	18224	82	1170	0	0	0	688	0	0	0	4528	0	0	0	0	0	5050	118	4852	0	0	0	0	0	0	0	0	0	2828	0	0	214	3342	316	764	0	1094	0	290	0	0	0	758	0	2030	0	646	0	3474	0	3752	0	190	0	764	0	0	0	6458	0	6040	0	12924	0	1674	256	7152	106	6514	0	0	0	1520	0	0	0	0	0	300	0	392	0	0	0	1822	0	0	0	1674	0	0	0	0	0	0	0	0	0	0	0	0	0	0	0	0	0	0	0	0	322	0	0	0	0	0	
149460	Parietal_Sup_L	840	0	0	0	0	0	0	0	0	0	0	0	0	0	0	0	0	0	0	0	0	0	0	0	0	0	0	0	0	0	0	0	1168	0	60	0	0	0	0	0	0	0	120	0	742	0	0	0	3620	0	22602	0	220	0	320	0	6740	0	0	0	17572	0	168	0	4946	0	14176	124	806	0	0	0	0	0	0	0	0	0	0	0	0	0	0	0	432	0	0	0	74	0	0	0	0	0	0	0	0	0	0	0	0	0	0	0	0	0	0	0	0	0	0	0	0	0	0	0	
118032	Parietal_Sup_R	0	1010	0	72	0	0	0	488	0	0	0	370	0	0	0	0	0	0	0	158	0	0	0	0	0	0	0	0	0	60	0	0	74	780	0	62	0	0	0	0	0	0	0	514	0	4218	0	88	0	9362	0	6868	0	0	0	64	0	6458	0	0	0	6582	0	2580	0	6464	400	10172	0	1098	0	0	0	60	0	0	0	0	0	0	0	84	0	0	0	734	0	0	0	196	0	0	0	0	0	0	0	0	0	0	0	0	0	0	0	0	0	0	0	0	0	0	0	0	0	0	
236536	Parietal_Inf_L	4384	0	284	0	0	0	626	0	0	0	104	0	0	0	0	0	964	0	90	0	0	0	0	0	0	0	0	0	808	0	0	0	0	0	0	0	142	0	0	0	0	0	72	0	180	0	0	0	780	0	19736	0	652	0	804	0	14360	0	17572	0	0	0	13088	0	25160	0	2148	0	524	0	64	196	0	0	0	0	0	0	230	0	2620	0	0	0	7802	0	0	0	4878	0	0	0	0	0	0	0	0	0	0	0	0	0	0	0	0	0	0	0	0	0	0	0	0	0	0	0	
121064	Parietal_Inf_R	76	2790	134	152	0	0	0	940	0	0	0	1066	0	0	0	0	0	0	62	212	0	0	0	0	0	0	0	0	0	166	0	0	0	64	0	0	0	132	0	72	0	0	0	74	0	782	0	582	0	2748	0	4566	0	0	0	186	0	6040	0	6582	0	0	0	11732	0	14990	282	1634	74	244	0	0	0	190	0	0	0	0	0	0	0	1072	0	0	0	1822	0	0	0	544	0	0	0	0	0	0	0	0	0	0	0	0	0	0	0	0	0	0	0	0	522	0	0	0	0	0	
103012	SupraMarginal_L	2818	0	188	0	0	0	304	0	0	0	166	0	0	0	0	0	1826	0	204	0	0	0	0	0	0	0	0	0	1484	0	0	0	0	0	0	0	346	0	0	0	0	0	0	0	0	0	0	0	0	0	838	0	372	0	528	0	9432	0	168	0	13088	0	0	0	6818	0	86	0	318	0	0	96	0	0	0	0	0	0	848	0	6476	0	0	0	3060	0	0	0	2042	0	0	0	0	0	0	0	0	0	0	0	0	0	0	0	0	0	0	0	0	0	0	0	0	0	0	0	
101304	SupraMarginal_R	80	3580	164	232	0	0	0	1284	0	0	0	1568	0	0	0	0	0	2358	84	470	0	0	0	0	0	0	0	0	0	588	0	0	0	0	0	0	0	270	0	114	0	0	0	0	0	0	0	0	0	126	0	152	0	0	0	226	0	12924	0	2580	0	11732	0	0	0	4650	0	0	78	0	0	78	0	508	0	0	0	0	0	0	0	4158	0	0	0	1790	0	0	0	858	0	0	0	0	0	0	0	0	0	0	0	0	0	0	0	0	0	0	0	0	0	0	0	0	0	0	
185908	Angular_L	794	0	92	0	0	0	72	0	0	0	0	0	0	0	0	0	1588	0	0	0	0	0	0	0	0	0	0	0	1044	0	0	0	0	0	0	0	110	0	0	0	0	0	0	0	90	0	0	0	270	0	14666	0	1550	0	1588	0	3222	0	4946	0	25160	0	6818	0	0	0	486	0	162	0	0	120	0	0	0	0	0	0	486	0	3414	0	0	0	16510	0	0	0	9766	0	0	0	0	0	0	0	0	0	0	0	0	0	0	0	0	0	0	0	0	0	0	0	0	0	0	0	
157496	Angular_R	0	514	0	0	0	0	0	104	0	0	0	122	0	0	0	0	0	0	0	192	0	0	0	0	0	0	0	0	0	290	0	0	0	204	0	0	0	88	0	0	0	0	0	156	0	1270	0	714	0	5986	0	15530	0	102	0	356	0	1674	0	6464	0	14990	0	4650	0	0	350	2102	0	506	0	0	0	0	0	0	0	0	0	0	0	5066	0	0	0	13834	0	0	0	2872	0	0	0	0	0	0	0	0	0	0	0	0	0	0	0	0	0	0	0	0	612	0	0	0	0	0	
215968	Precuneus_L	1018	104	0	0	0	0	0	0	0	0	0	0	0	0	0	0	0	0	0	0	0	0	0	0	0	0	0	0	238	0	0	0	2384	310	5332	256	2644	98	938	0	0	0	10842	290	7992	5608	6234	244	6554	4934	10972	2550	466	0	1614	0	5152	256	14176	400	2148	282	86	0	486	350	0	8402	2526	270	0	0	68	0	0	0	0	0	210	0	86	0	0	0	346	258	0	0	736	0	0	0	0	0	0	0	0	0	0	0	0	0	0	0	0	0	0	0	0	0	124	0	0	0	0	0	
336744	Precuneus_R	0	924	0	82	0	0	0	140	0	0	0	78	0	0	0	0	0	0	0	1168	0	0	0	0	0	0	0	0	0	160	0	0	630	7698	1148	6022	66	2932	0	1440	0	0	334	11262	260	20786	92	13978	72	20298	0	18962	0	1424	0	4640	0	7152	124	10172	0	1634	0	0	0	2102	8402	0	278	7508	0	0	0	0	0	0	0	0	0	0	0	276	0	0	0	5574	0	0	0	6126	0	0	0	0	0	0	0	0	0	0	0	0	0	0	0	0	0	0	0	0	4428	0	0	0	0	0	
235692	Paracentral_Lobule_L	21864	6630	2348	1910	0	0	122	0	0	0	0	0	0	124	0	258	136	0	16160	13200	0	0	0	0	0	0	0	0	242	0	70	0	4044	7604	3482	558	2550	236	120	0	0	0	608	0	622	0	410	0	92	0	770	122	116	0	288	0	4516	106	806	0	524	74	318	78	162	0	2526	278	0	5412	892	3814	2424	84	1560	0	5784	3020	438	0	0	0	0	0	158	100	0	0	86	0	0	0	0	0	0	0	0	0	0	0	0	0	0	0	0	0	0	0	0	0	0	0	0	0	0	0	
169732	Paracentral_Lobule_R	770	10208	0	216	0	0	0	0	0	0	0	0	0	0	0	80	0	0	232	15482	0	0	0	0	0	0	0	0	0	0	0	0	564	12590	732	3026	158	1686	0	368	0	0	0	792	0	940	0	1402	0	1086	0	3240	0	338	0	746	0	6514	0	1098	0	244	0	0	0	506	270	7508	5412	0	146	340	0	0	130	0	1924	230	0	0	0	270	0	0	0	2874	0	0	0	2258	0	0	0	0	0	0	0	0	0	0	0	0	0	0	0	0	0	0	0	0	486	0	0	0	0	0	
190796	Caudate_L	1014	246	6368	272	902	0	632	230	330	0	78	138	3876	1044	900	2280	158	0	7350	408	6810	6854	2984	0	400	62	2748	310	4080	232	9750	2166	70	60	0	0	170	0	0	0	0	0	0	0	0	0	0	0	0	0	0	0	0	0	0	0	138	0	0	0	64	0	0	0	0	0	0	0	892	146	0	10590	11498	1750	372	0	6008	1018	0	0	0	0	0	0	0	0	0	0	0	0	0	0	0	0	0	0	0	0	0	0	0	0	0	0	0	0	0	0	0	0	0	0	0	0	0	0	
530992	Caudate_R	4896	1800	10304	16772	172	2088	240	2320	104	120	0	2646	1108	12832	112	21904	654	206	17928	18438	3206	5366	1700	7884	106	6568	792	3278	2806	9976	5766	19152	884	1454	110	0	3488	268	62	0	0	0	0	0	0	0	0	0	0	0	0	0	0	0	350	74	1540	0	0	0	196	0	96	78	120	0	0	0	3814	340	10590	0	5022	28608	394	1362	6952	17458	604	0	328	0	60	0	0	0	0	0	0	0	0	0	0	0	0	0	0	0	0	0	0	0	0	0	0	0	0	0	0	0	0	0	0	0	0	0	
250344	Putamen_L	6858	0	11274	330	1682	0	1476	0	1176	0	616	0	1192	138	3164	254	608	0	14874	0	3622	3340	2062	298	330	0	782	178	16790	0	9498	1736	0	0	366	258	8430	252	482	122	700	0	0	0	0	0	0	0	0	0	0	0	0	0	746	0	148	0	0	0	0	0	0	0	0	0	68	0	2424	0	11498	5022	0	528	5880	0	3130	786	134	0	396	0	1228	0	0	0	90	0	206	0	0	0	0	0	0	0	0	0	0	0	0	0	0	0	0	0	0	0	0	0	0	0	0	0	0	0	
484476	Putamen_R	170	3292	3932	21438	0	2990	0	4138	0	196	0	8222	0	2564	0	14738	134	4242	14582	23766	634	1446	600	7160	0	6894	200	4982	74	28730	1538	9412	264	1722	78	154	138	15606	0	6956	0	1572	0	0	0	0	0	0	0	0	0	0	0	0	0	8630	0	1520	0	60	0	190	0	508	0	0	0	0	84	0	1750	28608	528	0	0	2858	400	1434	0	208	102	1270	0	1054	0	120	0	0	0	350	0	0	0	0	0	0	0	0	0	0	0	0	0	0	0	0	0	0	0	0	0	0	0	0	0	0	
39900	Pallidum_L	3038	144	1784	0	0	0	0	0	0	0	0	0	0	0	0	0	0	0	1364	136	0	0	0	0	0	0	0	0	238	0	0	0	0	0	0	0	2076	0	0	0	0	0	0	0	0	0	0	0	0	0	0	0	0	0	0	0	0	0	0	0	0	0	0	0	0	0	0	0	1560	130	372	394	5880	0	0	0	2596	238	0	0	0	0	0	0	0	0	0	0	0	0	0	0	0	0	0	0	0	0	0	0	0	0	0	0	0	0	0	0	0	0	0	0	0	0	0	0	
19820	Pallidum_R	0	0	66	714	0	0	0	70	0	0	0	104	0	0	0	0	0	86	150	2720	0	0	0	0	0	0	0	0	0	82	0	0	0	0	0	0	0	752	0	512	0	0	0	0	0	0	0	0	0	0	0	0	0	0	0	434	0	0	0	0	0	0	0	0	0	0	0	0	0	0	0	1362	0	2858	0	0	0	0	0	0	0	0	0	0	0	0	0	0	0	0	0	0	0	0	0	0	0	0	0	0	0	0	0	0	0	0	0	0	0	0	0	0	0	0	0	0	
131932	Thalamus_L	5792	2650	512	1056	0	0	102	0	0	0	0	0	0	230	0	602	0	0	1868	2586	0	0	86	0	0	0	0	0	524	0	92	0	0	654	2138	2796	5306	2150	254	1010	0	0	0	0	0	0	0	74	0	0	0	0	0	0	144	94	120	0	0	0	0	0	0	0	0	0	0	0	5784	1924	6008	6952	3130	400	2596	0	0	7810	0	0	68	0	0	0	0	0	0	0	454	0	0	0	0	0	0	0	0	0	0	0	0	0	0	0	0	0	0	0	0	0	0	0	0	0	0	0	
179020	Thalamus_R	2896	12628	784	15328	0	0	0	148	0	0	0	0	0	486	0	966	0	0	1436	6896	0	108	142	0	0	0	0	0	1070	0	258	76	0	158	1392	2026	3438	3374	254	1846	0	66	0	0	0	0	0	110	0	0	0	0	0	0	416	368	676	0	0	0	0	0	0	0	0	0	0	0	3020	230	1018	17458	786	1434	238	0	7810	0	0	0	62	0	0	0	0	0	0	0	108	0	0	0	0	0	0	0	0	0	0	0	0	0	0	0	0	0	0	0	0	0	0	0	0	0	0	0	
88012	Heschl_L	4526	0	902	0	0	0	528	0	0	0	592	0	0	0	0	0	4164	0	414	0	0	0	0	0	0	0	0	0	11646	0	0	0	0	0	88	0	6626	0	0	0	0	0	154	0	260	0	68	0	0	0	424	0	162	0	1062	0	3472	0	0	0	230	0	848	0	486	0	210	0	438	0	0	604	134	0	0	0	0	0	0	0	2756	0	0	0	1714	0	0	0	1498	0	0	0	0	0	0	0	0	0	0	0	0	0	0	0	0	0	0	0	0	0	0	0	0	0	0	0	
26104	Heschl_R	0	468	0	124	0	0	0	190	0	0	0	128	0	0	0	0	0	2372	114	436	0	0	0	0	0	0	0	0	0	3524	0	0	0	0	0	0	0	574	0	90	0	0	0	0	0	0	0	0	0	0	0	0	0	0	0	424	0	300	0	0	0	0	0	0	0	0	0	0	0	0	0	0	0	208	0	0	0	0	0	0	0	1950	0	60	0	1144	0	0	0	946	0	0	0	0	0	0	0	0	0	0	0	0	0	0	0	0	0	0	0	0	0	0	0	0	0	0	
175260	Temporal_Sup_L	3268	160	2710	416	0	0	528	872	0	0	1586	0	134	0	0	180	8416	66	2330	0	0	0	0	0	0	0	0	0	8538	330	64	0	0	0	72	0	1972	130	0	0	130	0	64	0	98	0	0	0	0	0	578	0	298	0	3010	0	1562	0	0	0	2620	0	6476	0	3414	0	86	0	0	0	0	328	396	102	0	0	68	62	2756	0	0	0	3374	0	19106	0	0	0	11266	0	0	0	0	0	0	0	0	0	64	0	0	0	0	0	0	0	0	0	0	0	0	0	0	0	0	0	
128260	Temporal_Sup_R	0	844	88	1102	0	0	0	1220	0	0	0	1168	0	0	0	940	0	3852	518	1034	0	0	0	0	0	0	0	0	0	9628	0	0	0	246	0	64	0	1336	0	474	0	98	0	0	0	98	0	102	0	340	0	972	0	70	0	1808	0	392	0	84	0	1072	0	4158	0	5066	0	276	0	270	0	0	0	1270	0	0	0	0	0	1950	0	0	0	2896	0	16308	0	626	0	3760	0	0	0	0	0	0	0	0	0	0	0	0	0	0	0	0	0	0	0	0	0	0	0	0	0	0	
95136	Temporal_Pole_Sup_L	1046	144	1066	292	1650	0	66	636	378	0	926	0	182	0	5412	0	1928	0	740	0	1792	0	86	0	0	0	94	0	7886	200	226	0	0	0	0	0	726	0	476	0	962	0	0	0	0	0	0	0	0	0	0	0	0	0	1900	0	0	0	0	0	0	0	0	0	0	0	0	0	0	0	0	60	1228	0	0	0	0	0	0	0	3374	0	0	0	5022	0	5248	0	3822	0	0	0	0	0	0	0	0	0	0	0	0	0	0	0	0	0	0	0	0	0	0	0	0	0	0	0	
69712	Temporal_Pole_Sup_R	0	0	0	1244	0	336	0	160	0	62	0	1178	0	0	0	4104	0	1630	958	1104	0	384	0	0	0	0	0	362	0	5106	0	0	0	0	0	0	0	552	0	1134	0	1710	0	0	0	0	0	0	0	0	0	0	0	0	0	4004	0	0	0	0	0	0	0	0	0	0	0	0	0	0	0	0	0	1054	0	0	0	0	0	60	0	2896	0	0	0	2100	0	2502	0	2216	0	0	0	0	0	0	0	0	0	0	0	0	0	0	0	0	0	0	0	0	0	0	0	0	0	0	
269716	Temporal_Mid_L	256	0	0	0	0	0	0	0	0	0	0	0	0	0	128	0	2134	0	0	0	0	0	0	0	0	0	0	0	1676	0	0	0	60	0	0	0	806	0	0	0	0	0	540	0	478	0	96	0	168	0	17722	0	6726	0	9928	0	1410	0	432	0	7802	0	3060	0	16510	0	346	0	158	0	0	0	0	0	0	0	0	0	1714	0	19106	0	5022	0	0	0	2866	0	35566	0	70	0	0	0	0	0	0	0	78	0	0	0	0	0	0	0	0	0	0	0	0	0	0	0	0	0	
245880	Temporal_Mid_R	0	624	0	118	0	0	0	358	0	0	0	192	0	0	0	142	0	104	0	626	0	0	0	0	0	0	0	0	0	2494	0	0	0	1306	0	310	0	726	0	254	0	132	0	4562	0	1800	0	1290	0	3182	0	20262	0	2286	0	5812	0	1822	0	734	0	1822	0	1790	0	13834	258	5574	100	2874	0	0	0	120	0	0	0	0	0	1144	0	16308	0	2100	0	0	0	2578	0	25096	0	0	0	0	0	0	0	0	0	0	0	0	0	0	0	0	0	0	0	0	206	0	0	0	0	0	
33992	Temporal_Pole_Mid_L	0	0	0	0	518	0	0	0	0	0	0	0	0	0	1520	0	0	0	0	0	380	0	0	0	0	0	0	0	1546	0	0	0	0	0	0	0	0	0	182	0	230	0	0	0	0	0	0	0	0	0	0	0	0	0	1286	0	0	0	0	0	0	0	0	0	0	0	0	0	0	0	0	0	90	0	0	0	0	0	0	0	0	0	5248	0	2866	0	0	0	3130	0	0	0	0	0	0	0	0	0	0	0	0	0	0	0	0	0	0	0	0	0	0	0	0	0	0	0	
18860	Temporal_Pole_Mid_R	0	0	0	0	0	0	0	0	0	0	0	0	0	0	0	180	0	0	0	0	0	0	0	0	0	0	0	0	0	0	0	0	0	0	0	0	0	0	0	700	0	246	0	0	0	0	0	0	0	0	0	0	0	0	0	934	0	0	0	0	0	0	0	0	0	0	0	0	0	0	0	0	0	0	0	0	0	0	0	0	0	626	0	2502	0	2578	0	0	0	1664	0	0	0	0	0	0	0	0	0	0	0	0	0	0	0	0	0	0	0	0	0	0	0	0	0	0	
243080	Temporal_Inf_L	196	0	0	0	0	0	0	0	0	0	0	0	0	0	62	0	2204	0	0	0	0	0	0	0	0	0	0	0	3128	0	0	0	0	0	204	142	5860	130	778	100	156	0	762	0	692	0	452	0	60	0	5458	0	5258	0	15610	0	686	0	74	0	4878	0	2042	0	9766	0	736	0	86	0	0	0	206	0	0	0	454	108	1498	0	11266	0	3822	0	35566	0	3130	0	0	0	3424	0	596	0	0	0	200	0	1110	0	436	0	204	0	0	0	0	0	0	0	0	0	0	0	0	0	
202268	Temporal_Inf_R	0	1504	0	256	0	0	0	642	0	0	0	268	0	0	0	0	0	128	0	1524	0	0	0	0	0	0	0	0	0	2472	0	0	0	1184	0	1226	0	4726	0	2796	0	346	0	2440	0	132	0	4602	0	834	0	2086	0	3092	0	18888	0	1674	0	196	0	544	0	858	0	2872	0	6126	0	2258	0	0	0	350	0	0	0	0	0	946	0	3760	0	2216	0	25096	0	1664	0	0	0	1652	0	0	0	134	0	322	0	608	0	0	0	0	0	0	0	0	0	68	644	0	0	0	0	0	
485208	Cerebelum_Crus1_L	0	0	0	0	0	0	0	0	0	0	0	0	0	0	0	0	0	0	0	0	0	0	0	0	0	0	0	0	0	0	0	0	0	0	0	0	0	0	162	0	0	0	0	0	0	0	5400	6310	0	0	384	0	938	0	15942	4888	0	0	0	0	0	0	0	0	0	0	0	0	0	0	0	0	0	0	0	0	0	0	0	0	0	0	0	0	70	0	0	0	3424	0	0	6270	32752	454	940	688	22194	5936	51028	8938	20348	178	19518	1402	3402	526	322	0	270	894	11486	9850	6526	808	356	0	
528712	Cerebelum_Crus1_R	0	0	0	0	0	0	0	0	0	0	0	0	0	0	0	0	0	0	0	0	0	0	0	0	0	0	0	0	0	0	0	0	0	0	0	0	0	0	0	0	0	0	0	104	0	0	1046	7564	0	0	0	0	0	0	738	14010	0	0	0	0	0	0	0	0	0	0	0	0	0	0	0	0	0	0	0	0	0	0	0	0	0	0	0	0	0	0	0	0	0	1652	6270	0	2102	31694	1322	3688	8538	28364	11558	58508	2666	13526	3656	14918	2538	1584	98	0	278	2286	17422	15822	10036	1498	640	230	
389176	Cerebelum_Crus2_L	0	0	0	0	0	0	0	0	0	0	0	0	0	0	0	0	0	0	0	0	0	0	0	0	0	0	0	0	0	0	0	0	0	0	0	0	0	0	0	0	0	0	0	0	0	0	170	172	0	0	0	0	0	0	1886	128	0	0	0	0	0	0	0	0	0	0	0	0	0	0	0	0	0	0	0	0	0	0	0	0	0	0	0	0	0	0	0	0	596	0	32752	2102	0	12004	382	348	2824	520	6564	1438	48990	8464	39776	7370	5432	708	270	74	160	456	824	1434	14982	3334	428	0	
379236	Cerebelum_Crus2_R	0	0	0	0	0	0	0	0	0	0	0	0	0	0	0	0	0	0	0	0	0	0	0	0	0	0	0	0	0	0	0	0	0	0	0	0	0	0	0	0	0	0	0	0	0	0	116	102	0	0	0	0	0	0	0	438	0	0	0	0	0	0	0	0	0	0	0	0	0	0	0	0	0	0	0	0	0	0	0	0	0	0	0	0	0	0	0	0	0	0	454	31694	12004	0	74	764	500	4210	490	11748	10728	40680	8874	38078	260	6896	0	394	74	446	1100	602	14996	3594	302	0	
82752	Cerebelum_3_L	0	0	0	0	0	0	0	0	0	0	0	0	0	0	0	0	0	0	0	0	0	0	0	0	0	0	0	0	0	0	0	0	0	0	0	0	0	0	0	0	0	0	0	0	0	0	70	368	0	0	0	0	0	0	0	464	0	0	0	0	0	0	0	0	0	0	0	0	0	0	0	0	0	0	0	0	0	0	0	0	0	0	0	0	0	0	0	0	0	0	940	1322	382	74	0	1076	8372	2154	3640	2456	790	0	1246	388	3062	1460	72	0	1484	3774	2676	1772	1040	1084	1014	196	
120840	Cerebelum_3_R	0	0	0	0	0	0	0	0	0	0	0	0	0	0	0	0	0	0	0	0	0	0	0	0	0	0	0	0	0	0	0	0	0	0	0	0	0	0	0	62	0	0	0	0	0	0	178	462	0	0	0	0	0	0	0	342	0	0	0	0	0	0	0	0	0	0	0	0	0	0	0	0	0	0	0	0	0	0	0	0	0	0	0	0	0	0	0	0	0	134	688	3688	348	764	1076	0	2414	9500	1588	9362	600	564	1048	2198	746	3764	0	142	600	6782	4540	1364	2858	2290	2122	196	
461912	Cerebelum_4_5_L	0	0	0	0	0	0	0	0	0	0	0	0	0	0	0	0	0	0	0	0	0	0	0	0	0	0	0	0	0	0	0	0	0	0	0	0	0	0	412	0	0	0	0	0	0	0	9876	8528	0	0	0	0	180	0	11592	7664	0	0	0	0	0	0	0	0	0	0	0	0	0	0	0	0	0	0	0	0	0	0	0	0	0	0	0	0	0	0	0	0	200	0	22194	8538	2824	500	8372	2414	0	15150	44314	14082	4848	0	7230	1224	8540	2388	292	0	1774	5266	28362	6914	2362	2004	1632	1280	
447084	Cerebelum_4_5_R	0	0	0	0	0	0	0	0	0	0	0	0	0	0	0	0	0	0	0	0	0	0	0	0	0	0	0	0	0	0	0	0	0	0	0	0	0	418	0	1082	0	84	0	0	0	0	1788	10266	0	0	0	0	0	0	2124	13094	0	0	0	0	0	0	0	0	0	0	0	0	0	0	0	0	0	0	0	0	0	0	0	0	0	0	0	0	0	0	0	0	0	322	5936	28364	520	4210	2154	9500	15150	0	13284	45210	1008	2584	1920	3184	3106	3154	100	82	472	6512	29404	8718	4320	2186	2524	762	
589792	Cerebelum_6_L	0	0	0	0	0	0	0	0	0	0	0	0	0	0	0	0	0	0	0	0	0	0	0	0	0	0	0	0	0	0	0	0	0	0	0	0	0	0	370	0	0	0	0	0	0	0	12566	12106	0	0	910	0	1514	0	22460	10230	0	0	0	0	0	0	0	0	0	0	0	0	0	0	0	0	0	0	0	0	0	0	0	0	64	0	0	0	78	0	0	0	1110	0	51028	11558	6564	490	3640	1588	44314	13284	0	17614	9004	0	11650	1860	6954	1290	256	0	736	2466	23472	17204	5792	1616	986	122	
618652	Cerebelum_6_R	0	0	0	0	0	0	0	0	0	0	0	0	0	0	0	0	0	0	0	0	0	0	0	0	0	0	0	0	0	0	0	0	0	0	0	0	0	114	0	364	0	0	0	468	0	96	1746	13418	0	192	0	0	0	90	1348	18848	0	0	0	0	0	0	0	0	0	0	0	0	0	0	0	0	0	0	0	0	0	0	0	0	0	0	0	0	0	0	0	0	0	608	8938	58508	1438	11748	2456	9362	14082	45210	17614	0	1958	5756	3592	6002	3538	4510	138	276	772	6124	28144	22162	11386	3786	3956	578	
417316	Cerebelum_7b_L	0	0	0	0	0	0	0	0	0	0	0	0	0	0	0	0	0	0	0	0	0	0	0	0	0	0	0	0	0	0	0	0	0	0	0	0	0	0	0	0	0	0	0	0	0	0	194	268	0	0	0	0	0	0	1832	148	0	0	0	0	0	0	0	0	0	0	0	0	0	0	0	0	0	0	0	0	0	0	0	0	0	0	0	0	0	0	0	0	436	0	20348	2666	48990	10728	790	600	4848	1008	9004	1958	0	8540	49044	10606	7970	1340	472	74	346	1022	1788	1644	14044	6924	1026	0	
292276	Cerebelum_7b_R	0	0	0	0	0	0	0	0	0	0	0	0	0	0	0	0	0	0	0	0	0	0	0	0	0	0	0	0	0	0	0	0	0	0	0	0	0	0	0	0	0	0	0	0	0	0	0	0	0	0	0	0	0	0	0	256	0	0	0	0	0	0	0	0	0	0	0	0	0	0	0	0	0	0	0	0	0	0	0	0	0	0	0	0	0	0	0	0	0	0	178	13526	8464	40680	0	564	0	2584	0	5756	8540	0	7170	36316	366	7710	0	280	0	200	102	72	7300	5412	662	0	
475416	Cerebelum_8_L	0	0	0	0	0	0	0	0	0	0	0	0	0	0	0	0	0	0	0	0	0	0	0	0	0	0	0	0	0	0	0	0	0	0	0	0	0	0	0	0	0	0	0	0	0	0	330	508	0	0	0	0	0	0	1658	334	0	0	0	0	0	0	0	0	0	0	0	0	0	0	0	0	0	0	0	0	0	0	0	0	0	0	0	0	0	0	0	0	204	0	19518	3656	39776	8874	1246	1048	7230	1920	11650	3592	49044	7170	0	14378	21632	3448	1380	182	632	1796	3130	3028	15416	11342	3586	0	
385280	Cerebelum_8_R	0	0	0	0	0	0	0	0	0	0	0	0	0	0	0	0	0	0	0	0	0	0	0	0	0	0	0	0	0	0	0	0	0	0	0	0	0	0	0	0	0	0	0	0	0	0	80	200	0	0	0	0	0	0	0	300	0	0	0	0	0	0	0	0	0	0	0	0	0	0	0	0	0	0	0	0	0	0	0	0	0	0	0	0	0	0	0	0	0	0	1402	14918	7370	38078	388	2198	1224	3184	1860	6002	10606	36316	14378	0	2350	17436	0	936	480	1860	1858	1454	13354	11214	3074	120	
192420	Cerebelum_9_L	0	0	0	0	0	0	0	0	0	0	0	0	0	0	0	0	0	0	0	0	0	0	0	0	0	0	0	0	0	0	0	0	0	0	0	0	0	0	0	0	0	0	0	0	0	0	86	762	0	0	0	0	0	0	126	902	0	0	0	0	0	0	0	0	0	0	0	0	0	0	0	0	0	0	0	0	0	0	0	0	0	0	0	0	0	0	0	0	0	0	3402	2538	5432	260	3062	746	8540	3106	6954	3538	7970	366	21632	2350	0	2582	2250	0	510	1636	4032	3782	2498	3328	3014	806	
182172	Cerebelum_9_R	0	0	0	0	0	0	0	0	0	0	0	0	0	0	0	0	0	0	0	0	0	0	0	0	0	0	0	0	0	0	0	0	0	0	0	0	0	0	0	0	0	0	0	0	0	0	110	162	0	0	0	0	0	0	0	182	0	0	0	0	0	0	0	0	0	0	0	0	0	0	0	0	0	0	0	0	0	0	0	0	0	0	0	0	0	0	0	0	0	0	526	1584	708	6896	1460	3764	2388	3154	1290	4510	1340	7710	3448	17436	2582	0	0	1906	840	3310	2786	2402	5158	6262	7930	1242	
11608	Cerebelum_10_L	0	0	0	0	0	0	0	0	0	0	0	0	0	0	0	0	0	0	0	0	0	0	0	0	0	0	0	0	0	0	0	0	0	0	0	0	0	0	0	0	0	0	0	0	0	0	0	0	0	0	0	0	0	0	0	0	0	0	0	0	0	0	0	0	0	0	0	0	0	0	0	0	0	0	0	0	0	0	0	0	0	0	0	0	0	0	0	0	0	0	322	98	270	0	72	0	292	100	256	138	472	0	1380	0	2250	0	0	0	0	0	0	154	0	0	0	0	
9760	Cerebelum_10_R	0	0	0	0	0	0	0	0	0	0	0	0	0	0	0	0	0	0	0	0	0	0	0	0	0	0	0	0	0	0	0	0	0	0	0	0	0	0	0	0	0	0	0	0	0	0	0	0	0	0	0	0	0	0	0	0	0	0	0	0	0	0	0	0	0	0	0	0	0	0	0	0	0	0	0	0	0	0	0	0	0	0	0	0	0	0	0	0	0	0	0	0	74	394	0	142	0	82	0	276	74	280	182	936	0	1906	0	0	0	90	0	0	214	124	106	0	
35216	Vermis_1_2	0	0	0	0	0	0	0	0	0	0	0	0	0	0	0	0	0	0	0	0	0	0	0	0	0	0	0	0	0	0	0	0	0	0	0	0	0	0	76	0	0	0	0	0	0	0	0	100	0	0	0	0	0	0	0	102	0	0	0	0	0	0	0	0	0	0	0	0	0	0	0	0	0	0	0	0	0	0	0	0	0	0	0	0	0	0	0	0	0	0	270	278	160	74	1484	600	1774	472	736	772	346	0	632	480	510	840	0	0	0	4220	1414	380	616	660	504	108	
129640	Vermis_3	0	0	0	0	0	0	0	0	0	0	0	0	0	0	0	0	0	0	0	0	0	0	0	0	0	0	0	0	0	0	0	0	0	0	0	0	142	0	226	0	0	0	0	0	0	0	88	324	0	0	0	0	0	0	0	444	0	0	0	0	0	0	0	0	0	0	0	0	0	0	0	0	0	0	0	0	0	0	0	0	0	0	0	0	0	0	0	0	0	68	894	2286	456	446	3774	6782	5266	6512	2466	6124	1022	200	1796	1860	1636	3310	0	90	4220	0	6310	1062	2610	2462	1828	116	
472460	Vermis_4_5	0	92	0	0	0	0	0	0	0	0	0	0	0	0	0	0	0	0	0	132	0	0	0	0	0	0	0	0	0	0	0	0	0	414	0	166	0	184	0	170	0	0	0	618	0	0	4388	16190	0	252	0	516	80	304	3394	11972	0	322	0	0	0	522	0	0	0	612	124	4428	0	486	0	0	0	0	0	0	0	0	0	0	0	0	0	0	0	206	0	0	0	644	11486	17422	824	1100	2676	4540	28362	29404	23472	28144	1788	102	3130	1858	4032	2786	0	0	1414	6310	0	11648	3742	2044	1802	1928	
