data	data	509104	138768	1.1062e+06	1.07596e+06	260408	147720	504868	394404	75960	33040	308680	187176	248156	189272	186472	93124	313704	104944	800288	1.03724e+06	43572	51372	407596	488884	20436	102624	18836	61520	743608	364408	239660	477032	108644	544728	107228	155296	282260	327576	75824	194880	36760	61516	217852	314108	160924	263160	192600	232028	159640	298024	405460	235788	71680	56164	276316	338496	239864	173468	129256	98040	236760	124416	99624	121008	193464	139280	263832	305316	161952	146344	235752	416460	299948	359128	60848	21996	180736	231984	76368	20760	290308	108372	183476	32400	317772	197352	13200	9584	203652	140360	367300	369908	223740	279116	29680	67376	194976	216860	343376	377680	122468	97792	162000	188956	66420	93468	18260	2392	11836	43712	172712	209772	177600	107336	70304	27404	
data	data	Precentral_L	Precentral_R	Frontal_Sup_L	Frontal_Sup_R	Frontal_Sup_Orb_L	Frontal_Sup_Orb_R	Frontal_Mid_L	Frontal_Mid_R	Frontal_Mid_Orb_L	Frontal_Mid_Orb_R	Frontal_Inf_Oper_L	Frontal_Inf_Oper_R	Frontal_Inf_Tri_L	Frontal_Inf_Tri_R	Frontal_Inf_Orb_L	Frontal_Inf_Orb_R	Rolandic_Oper_L	Rolandic_Oper_R	Supp_Motor_Area_L	Supp_Motor_Area_R	Olfactory_L	Olfactory_R	Frontal_Sup_Medial_L	Frontal_Sup_Medial_R	Frontal_Med_Orb_L	Frontal_Med_Orb_R	Rectus_L	Rectus_R	Insula_L	Insula_R	Cingulum_Ant_L	Cingulum_Ant_R	Cingulum_Mid_L	Cingulum_Mid_R	Cingulum_Post_L	Cingulum_Post_R	Hippocampus_L	Hippocampus_R	ParaHippocampal_L	ParaHippocampal_R	Amygdala_L	Amygdala_R	Calcarine_L	Calcarine_R	Cuneus_L	Cuneus_R	Lingual_L	Lingual_R	Occipital_Sup_L	Occipital_Sup_R	Occipital_Mid_L	Occipital_Mid_R	Occipital_Inf_L	Occipital_Inf_R	Fusiform_L	Fusiform_R	Postcentral_L	Postcentral_R	Parietal_Sup_L	Parietal_Sup_R	Parietal_Inf_L	Parietal_Inf_R	SupraMarginal_L	SupraMarginal_R	Angular_L	Angular_R	Precuneus_L	Precuneus_R	Paracentral_Lobule_L	Paracentral_Lobule_R	Caudate_L	Caudate_R	Putamen_L	Putamen_R	Pallidum_L	Pallidum_R	Thalamus_L	Thalamus_R	Heschl_L	Heschl_R	Temporal_Sup_L	Temporal_Sup_R	Temporal_Pole_Sup_L	Temporal_Pole_Sup_R	Temporal_Mid_L	Temporal_Mid_R	Temporal_Pole_Mid_L	Temporal_Pole_Mid_R	Temporal_Inf_L	Temporal_Inf_R	Cerebelum_Crus1_L	Cerebelum_Crus1_R	Cerebelum_Crus2_L	Cerebelum_Crus2_R	Cerebelum_3_L	Cerebelum_3_R	Cerebelum_4_5_L	Cerebelum_4_5_R	Cerebelum_6_L	Cerebelum_6_R	Cerebelum_7b_L	Cerebelum_7b_R	Cerebelum_8_L	Cerebelum_8_R	Cerebelum_9_L	Cerebelum_9_R	Cerebelum_10_L	Cerebelum_10_R	Vermis_1_2	Vermis_3	Vermis_4_5	Vermis_6	Vermis_7	Vermis_8	Vermis_9	Vermis_10	
509104	Precentral_L	0	230	32856	522	0	0	25010	0	0	0	11332	0	2000	0	0	0	11068	0	9932	5708	0	0	304	0	0	0	0	0	16810	0	2116	0	1664	362	2314	1922	12738	806	1306	0	0	0	144	0	102	0	256	0	0	0	3536	0	0	0	326	0	27246	0	444	0	3936	0	1220	0	1832	0	476	0	22694	0	1226	396	14228	0	3028	0	17516	3162	4316	0	3588	0	514	0	4556	0	0	0	810	0	0	0	0	0	0	0	0	0	0	0	0	0	0	0	0	0	0	0	0	0	0	0	0	0	0	0	
138768	Precentral_R	230	0	482	3406	0	0	0	7090	0	0	0	6404	0	0	0	0	0	2482	1224	3942	0	0	0	0	0	0	0	0	166	2244	0	172	0	224	0	126	0	6358	0	146	0	0	0	0	0	0	0	0	0	0	0	0	0	0	0	146	0	19296	0	0	0	1940	0	4216	0	120	0	0	268	2406	210	3154	0	1398	0	172	0	1362	0	0	0	0	0	0	0	0	0	0	0	0	0	0	0	0	0	0	0	0	0	0	0	0	0	0	0	0	0	0	0	0	0	0	0	0	0	0	
1.1062e+06	Frontal_Sup_L	32856	482	0	15308	23790	0	78562	2140	4054	0	20442	0	21876	162	11724	0	15908	0	82846	20798	0	0	35974	1206	792	0	0	0	51266	176	15886	2374	1528	4692	372	462	8500	104	772	0	0	0	0	0	0	0	108	0	0	0	0	0	0	0	2136	0	3964	0	0	0	176	0	0	0	0	0	0	0	1088	0	17806	206	28056	118	4058	0	15552	846	768	0	11108	0	10632	0	216	0	0	0	1210	0	0	0	0	0	0	0	0	0	0	0	0	0	0	0	0	0	0	0	0	0	0	0	0	0	0	0	
1.07596e+06	Frontal_Sup_R	522	3406	15308	0	2668	10226	546	50104	192	2084	2094	7836	374	11170	644	6550	1044	3064	26258	101500	0	0	13752	51340	0	4472	0	734	5174	15530	3264	38414	1922	20836	302	510	292	7670	0	5738	0	208	0	0	0	0	0	0	0	0	0	0	0	0	0	3514	0	1374	0	0	0	0	0	166	0	0	0	0	668	0	13872	43848	784	24918	160	2570	1210	26772	0	0	986	0	1392	0	0	0	0	0	0	0	0	0	0	0	0	0	0	0	0	0	0	0	0	0	0	0	0	0	0	0	0	0	0	0	0	0	
260408	Frontal_Sup_Orb_L	0	0	23790	2668	0	0	8748	1796	12424	0	264	0	3738	0	12886	0	160	0	4870	386	1608	0	14084	212	2770	0	3400	0	16074	0	8766	238	116	142	0	0	176	0	346	0	476	0	0	0	0	0	0	0	0	0	0	0	0	0	0	0	0	0	0	0	0	0	0	0	0	0	0	0	0	0	2858	116	6706	0	0	0	0	0	0	0	112	0	274	0	0	0	0	0	0	0	0	0	0	0	0	0	0	0	0	0	0	0	0	0	0	0	0	0	0	0	0	0	0	0	0	0	
147720	Frontal_Sup_Orb_R	0	0	0	10226	0	0	0	2058	0	4822	0	640	0	1244	0	3038	0	0	0	2340	284	1388	924	6948	154	8930	0	8202	0	2178	728	4528	0	608	0	0	0	526	0	440	0	0	0	0	0	0	0	0	0	0	0	0	0	0	0	376	0	0	0	0	0	0	0	0	0	0	0	0	0	0	230	8726	0	4182	0	0	0	140	0	0	0	0	0	0	0	0	0	0	0	0	0	0	0	0	0	0	0	0	0	0	0	0	0	0	0	0	0	0	0	0	0	0	0	0	0	0	
504868	Frontal_Mid_L	25010	0	78562	546	8748	0	0	0	1796	0	9492	0	24516	0	9206	0	8464	0	10612	722	0	0	18580	694	0	0	0	0	15530	0	8328	714	868	964	0	0	2076	0	0	0	0	0	0	0	0	0	0	0	0	0	0	0	0	0	148	0	2848	0	0	0	118	0	0	0	0	0	0	0	0	0	996	0	7620	0	3900	0	5540	0	564	0	2738	0	2400	0	0	0	0	0	134	0	0	0	0	0	0	0	0	0	0	0	0	0	0	0	0	0	0	0	0	0	0	0	0	0	0	0	
394404	Frontal_Mid_R	0	7090	2140	50104	1796	2058	0	0	144	1372	646	12164	284	15808	532	6986	0	3476	3398	8186	0	0	2446	6144	0	0	0	0	2554	16312	266	6330	110	3928	464	674	358	4618	0	2104	0	0	0	0	0	0	0	0	0	0	0	0	0	0	0	784	0	1722	0	0	0	0	0	248	0	0	148	0	0	0	4734	9584	164	8632	0	1680	0	6442	110	0	110	0	352	0	0	0	0	0	0	0	0	0	0	0	0	0	0	0	0	0	0	0	0	0	0	0	0	0	0	0	0	0	0	0	0	0	
75960	Frontal_Mid_Orb_L	0	0	4054	192	12424	0	1796	144	0	0	0	0	1304	0	11864	0	0	0	350	0	0	0	0	0	0	0	1322	0	2906	0	410	0	0	0	0	0	0	0	0	0	0	0	0	0	0	0	0	0	0	0	0	0	0	0	0	0	0	0	0	0	0	0	0	0	0	0	0	0	0	0	192	0	1022	0	0	0	0	0	0	0	0	0	0	0	0	0	0	0	0	0	0	0	0	0	0	0	0	0	0	0	0	0	0	0	0	0	0	0	0	0	0	0	0	0	0	0	
33040	Frontal_Mid_Orb_R	0	0	0	2084	0	4822	0	1372	0	0	0	242	0	594	0	2688	0	0	0	326	0	0	0	664	0	116	0	672	0	736	0	0	0	168	0	0	0	188	0	180	0	0	0	0	0	0	0	0	0	0	0	0	0	0	0	160	0	0	0	0	0	0	0	0	0	0	0	0	0	0	0	794	0	714	0	0	0	0	0	0	0	0	0	0	0	0	0	0	0	0	0	0	0	0	0	0	0	0	0	0	0	0	0	0	0	0	0	0	0	0	0	0	0	0	0	0	
308680	Frontal_Inf_Oper_L	11332	0	20442	2094	264	0	9492	646	0	0	0	0	11798	0	268	0	14994	0	13558	2254	0	0	1638	188	0	0	0	0	30452	0	1086	216	180	944	0	178	1914	236	0	0	0	0	0	0	0	0	0	0	0	0	0	0	0	0	310	0	2040	0	0	0	0	0	0	0	0	0	0	0	0	0	1518	0	1814	0	162	0	0	0	718	0	10618	0	12746	0	0	0	0	0	240	0	0	0	0	0	0	0	0	0	0	0	0	0	0	0	0	0	0	0	0	0	0	0	0	0	0	0	
187176	Frontal_Inf_Oper_R	0	6404	0	7836	0	640	0	12164	0	242	0	0	0	13034	0	1186	0	6798	194	4692	0	0	0	1540	0	0	0	0	0	22180	0	214	0	2484	0	0	0	1142	0	472	0	0	0	0	0	0	0	0	0	0	0	0	0	0	0	276	0	3954	0	0	0	338	0	624	0	0	0	0	0	0	0	1702	0	4452	0	0	0	892	0	0	0	0	0	128	0	0	0	0	0	0	0	0	0	0	0	0	0	0	0	0	0	0	0	0	0	0	0	0	0	0	0	0	0	0	0	0	
248156	Frontal_Inf_Tri_L	2000	0	21876	374	3738	0	24516	284	1304	0	11798	0	0	0	16938	0	1288	0	8968	0	0	0	2548	0	0	0	0	0	24924	0	1332	134	0	184	0	0	0	0	0	0	0	0	0	0	0	0	0	0	0	0	0	0	0	0	0	0	376	0	0	0	0	0	0	0	0	0	0	0	0	0	238	0	456	0	0	0	0	0	0	0	278	0	524	0	0	0	0	0	0	0	0	0	0	0	0	0	0	0	0	0	0	0	0	0	0	0	0	0	0	0	0	0	0	0	0	0	
189272	Frontal_Inf_Tri_R	0	0	162	11170	0	1244	0	15808	0	594	0	13034	0	0	0	5556	0	314	478	7266	0	0	0	4324	0	0	0	108	0	23786	0	788	0	3960	0	0	0	358	0	308	0	0	0	0	0	0	0	0	0	0	0	0	0	0	0	132	0	0	0	0	0	0	0	0	0	0	0	0	0	0	118	1614	0	3514	0	0	0	0	0	0	0	0	0	0	0	0	0	0	0	0	0	0	0	0	0	0	0	0	0	0	0	0	0	0	0	0	0	0	0	0	0	0	0	0	0	0	
186472	Frontal_Inf_Orb_L	0	0	11724	644	12886	0	9206	532	11864	0	268	0	16938	0	0	0	156	0	2464	0	1634	0	936	0	0	0	786	0	17100	0	1458	0	0	0	0	0	132	0	258	0	468	0	0	0	0	0	0	0	0	0	0	0	0	0	0	0	0	0	0	0	0	0	0	0	0	0	0	0	0	0	1002	0	1934	0	0	0	0	0	0	0	0	0	846	0	0	0	0	0	0	0	0	0	0	0	0	0	0	0	0	0	0	0	0	0	0	0	0	0	0	0	0	0	0	0	0	0	
93124	Frontal_Inf_Orb_R	0	0	0	6550	0	3038	0	6986	0	2688	0	1186	0	5556	0	0	0	0	160	2250	0	1134	0	1928	0	0	0	1852	0	7146	0	196	0	602	0	0	0	190	0	180	0	0	0	0	0	0	0	0	0	0	0	0	0	0	0	156	0	0	0	0	0	0	0	0	0	0	0	0	0	0	0	1808	0	2956	0	0	0	0	0	0	0	0	0	0	0	0	0	0	0	0	0	0	0	0	0	0	0	0	0	0	0	0	0	0	0	0	0	0	0	0	0	0	0	0	0	0	
313704	Rolandic_Oper_L	11068	0	15908	1044	160	0	8464	0	0	0	14994	0	1288	0	156	0	0	0	5152	1790	0	0	868	104	0	0	0	0	31276	0	562	0	134	676	0	0	2482	0	0	0	0	0	0	0	0	0	0	0	0	0	260	0	0	0	190	0	11802	0	0	0	596	0	3742	0	396	0	0	0	234	0	402	0	2256	0	1680	0	2410	0	5380	0	19804	0	8182	0	3036	0	0	0	356	0	0	0	0	0	0	0	0	0	0	0	0	0	0	0	0	0	0	0	0	0	0	0	0	0	0	0	
104944	Rolandic_Oper_R	0	2482	0	3064	0	0	0	3476	0	0	0	6798	0	314	0	0	0	0	0	1342	0	0	0	0	0	0	0	0	0	14282	0	0	0	350	0	0	0	1680	0	0	0	0	0	0	0	0	0	0	0	0	0	518	0	0	0	114	0	4588	0	0	0	294	0	2794	0	282	0	0	0	422	0	166	0	2256	0	0	0	238	0	2382	0	4162	0	144	0	324	0	0	0	0	0	0	0	0	0	0	0	0	0	0	0	0	0	0	0	0	0	0	0	0	0	0	0	0	0	0	
800288	Supp_Motor_Area_L	9932	1224	82846	26258	4870	0	10612	3398	350	0	13558	194	8968	478	2464	160	5152	0	0	52788	0	0	15230	9004	0	0	0	0	27522	476	8356	10120	7930	22578	380	552	3050	0	402	0	0	0	0	0	0	0	0	0	0	0	230	0	0	0	1108	0	466	112	0	0	124	0	0	0	0	0	0	216	9942	882	13554	652	12046	250	2788	0	14692	582	176	0	6134	0	6466	0	154	0	0	0	718	0	0	0	0	0	0	0	0	0	0	0	0	0	0	0	0	0	0	0	0	0	0	0	0	0	0	0	
1.03724e+06	Supp_Motor_Area_R	5708	3942	20798	101500	386	2340	722	8186	0	326	2254	4692	0	7266	0	2250	1790	1342	52788	0	0	0	11666	33092	0	952	0	138	3140	9568	2266	29566	6610	64554	414	6700	0	4796	0	3272	0	176	0	1018	0	162	0	0	0	188	0	486	0	0	0	2406	0	1620	0	666	0	1094	0	672	0	1136	0	2000	7456	20300	9450	33114	920	15260	206	614	1410	20160	0	102	1366	476	1172	0	0	1400	0	0	0	568	0	0	0	0	0	0	0	0	0	0	0	0	0	0	0	0	0	0	0	0	0	0	0	0	0	0	
43572	Olfactory_L	0	0	0	0	1608	284	0	0	0	0	0	0	0	0	1634	0	0	0	0	0	0	2718	0	0	0	198	728	752	2420	0	1754	1434	0	0	0	0	0	0	594	0	912	0	0	0	0	0	0	0	0	0	0	0	0	0	0	0	0	0	0	0	0	0	0	0	0	0	0	0	0	0	2914	1760	1352	0	0	0	0	0	0	0	0	0	724	0	0	0	0	0	0	0	0	0	0	0	0	0	0	0	0	0	0	0	0	0	0	0	0	0	0	0	0	0	0	0	0	0	
51372	Olfactory_R	0	0	0	0	0	1388	0	0	0	0	0	0	0	0	0	1134	0	0	0	0	2718	0	0	0	0	646	0	2912	0	2494	1728	1930	0	0	0	0	0	870	0	536	0	882	0	0	0	0	0	0	0	0	0	0	0	0	0	224	0	0	0	0	0	0	0	0	0	0	0	0	0	0	3334	3156	1196	538	0	0	0	0	0	0	0	0	0	0	0	0	0	0	0	0	0	0	0	0	0	0	0	0	0	0	0	0	0	0	0	0	0	0	0	0	0	0	0	0	0	0	
407596	Frontal_Sup_Medial_L	304	0	35974	13752	14084	924	18580	2446	0	0	1638	0	2548	0	936	0	868	0	15230	11666	0	0	0	23320	1990	1058	0	0	2904	0	16366	17606	2804	16616	0	0	0	0	0	0	0	0	0	0	0	0	0	0	0	0	0	0	0	0	0	0	0	0	0	0	0	0	0	0	0	0	0	0	0	0	120	152	1012	142	0	0	0	0	0	0	346	0	412	0	0	0	0	0	0	0	0	0	0	0	0	0	0	0	0	0	0	0	0	0	0	0	0	0	0	0	0	0	0	0	0	0	
488884	Frontal_Sup_Medial_R	0	0	1206	51340	212	6948	694	6144	0	664	188	1540	0	4324	0	1928	104	0	9004	33092	0	0	23320	0	380	8538	0	1164	0	4206	4730	40090	374	25500	0	0	0	740	0	588	0	0	0	0	0	0	0	0	0	0	0	0	0	0	0	376	0	0	0	0	0	0	0	0	0	0	0	0	0	0	0	8550	0	8042	0	0	0	456	0	0	0	0	0	0	0	0	0	0	0	0	0	0	0	0	0	0	0	0	0	0	0	0	0	0	0	0	0	0	0	0	0	0	0	0	0	0	
20436	Frontal_Med_Orb_L	0	0	792	0	2770	154	0	0	0	0	0	0	0	0	0	0	0	0	0	0	0	0	1990	380	0	820	478	0	0	0	1854	194	0	0	0	0	0	0	0	0	0	0	0	0	0	0	0	0	0	0	0	0	0	0	0	0	0	0	0	0	0	0	0	0	0	0	0	0	0	0	114	0	672	0	0	0	0	0	0	0	0	0	0	0	0	0	0	0	0	0	0	0	0	0	0	0	0	0	0	0	0	0	0	0	0	0	0	0	0	0	0	0	0	0	0	0	
102624	Frontal_Med_Orb_R	0	0	0	4472	0	8930	0	0	0	116	0	0	0	0	0	0	0	0	0	952	198	646	1058	8538	820	0	0	5888	0	0	2180	7730	0	0	0	0	0	0	0	0	0	0	0	0	0	0	0	0	0	0	0	0	0	0	0	0	0	0	0	0	0	0	0	0	0	0	0	0	0	0	214	5950	152	3468	0	0	0	0	0	0	0	0	0	0	0	0	0	0	0	0	0	0	0	0	0	0	0	0	0	0	0	0	0	0	0	0	0	0	0	0	0	0	0	0	0	0	
18836	Rectus_L	0	0	0	0	3400	0	0	0	1322	0	0	0	0	0	786	0	0	0	0	0	728	0	0	0	478	0	0	0	680	0	798	0	0	0	0	0	0	0	0	0	198	0	0	0	0	0	0	0	0	0	0	0	0	0	0	0	0	0	0	0	0	0	0	0	0	0	0	0	0	0	196	0	832	0	0	0	0	0	0	0	0	0	0	0	0	0	0	0	0	0	0	0	0	0	0	0	0	0	0	0	0	0	0	0	0	0	0	0	0	0	0	0	0	0	0	0	
61520	Rectus_R	0	0	0	734	0	8202	0	0	0	672	0	0	0	108	0	1852	0	0	0	138	752	2912	0	1164	0	5888	0	0	0	1922	346	1746	0	0	0	0	0	0	0	0	0	0	0	0	0	0	0	0	0	0	0	0	0	0	0	0	0	0	0	0	0	0	0	0	0	0	0	0	0	0	636	2902	128	658	0	0	0	0	0	0	0	0	0	0	0	0	0	0	0	0	0	0	0	0	0	0	0	0	0	0	0	0	0	0	0	0	0	0	0	0	0	0	0	0	0	0	
743608	Insula_L	16810	166	51266	5174	16074	0	15530	2554	2906	0	30452	0	24924	0	17100	0	31276	0	27522	3140	2420	0	2904	0	0	0	680	0	0	0	2828	120	232	864	516	624	18096	676	1346	0	1652	0	0	0	0	0	0	0	0	0	296	0	124	0	5840	0	8364	0	0	0	842	0	770	0	448	0	138	0	154	0	5468	156	16000	0	1026	0	1394	554	10006	0	19722	0	16466	0	1844	0	124	0	4216	0	0	0	0	0	0	0	0	0	0	0	0	0	0	0	0	0	0	0	0	0	0	0	0	0	0	0	
364408	Insula_R	0	2244	176	15530	0	2178	0	16312	0	736	0	22180	0	23786	0	7146	0	14282	476	9568	0	2494	0	4206	0	0	0	1922	0	0	0	558	0	3876	0	106	0	8080	0	2378	0	1606	0	194	0	0	0	0	0	0	0	0	0	0	0	2078	0	3378	0	0	0	144	0	344	0	0	0	178	0	376	134	4316	0	20330	0	0	0	934	0	1914	0	3732	0	144	0	1126	0	0	0	3042	0	0	0	0	0	0	0	0	0	0	0	0	0	0	0	0	0	0	0	0	0	0	0	0	0	0	
239660	Cingulum_Ant_L	2116	0	15886	3264	8766	728	8328	266	410	0	1086	0	1332	0	1458	0	562	0	8356	2266	1754	1728	16366	4730	1854	2180	798	346	2828	0	0	10918	2836	2894	142	0	0	0	0	0	0	0	0	0	0	0	0	0	0	0	0	0	0	0	0	0	0	0	0	0	0	0	0	0	0	0	0	0	0	0	5820	2206	6650	376	0	0	0	0	0	0	252	0	328	0	0	0	0	0	0	0	0	0	0	0	0	0	0	0	0	0	0	0	0	0	0	0	0	0	0	0	0	0	0	0	0	0	
477032	Cingulum_Ant_R	0	172	2374	38414	238	4528	714	6330	0	0	216	214	134	788	0	196	0	0	10120	29566	1434	1930	17606	40090	194	7730	0	1746	120	558	10918	0	536	27850	0	116	0	718	0	432	0	0	0	0	0	0	0	0	0	0	0	0	0	0	0	134	0	0	0	0	0	0	0	0	0	0	0	0	0	0	2876	18010	794	9540	0	0	0	1180	0	0	0	0	0	0	0	0	0	0	0	0	0	0	0	0	0	0	0	0	0	0	0	0	0	0	0	0	0	0	0	0	0	0	0	0	0	0	
108644	Cingulum_Mid_L	1664	0	1528	1922	116	0	868	110	0	0	180	0	0	0	0	0	134	0	7930	6610	0	0	2804	374	0	0	0	0	232	0	2836	536	0	7716	1742	746	0	0	0	0	0	0	362	128	446	0	0	0	1232	102	2152	0	0	0	0	0	106	0	788	0	254	0	0	0	228	0	3820	1434	4554	474	0	0	0	0	0	0	0	0	0	0	0	0	0	0	194	0	0	0	0	0	0	0	0	0	0	0	0	0	0	0	0	0	0	0	0	0	0	0	0	0	0	0	0	0	0	0	
544728	Cingulum_Mid_R	362	224	4692	20836	142	608	964	3928	0	168	944	2484	184	3960	0	602	676	350	22578	64554	0	0	16616	25500	0	0	0	0	864	3876	2894	27850	7716	0	444	7272	0	824	0	178	0	0	0	2220	0	1196	0	0	0	2122	0	1092	0	0	0	186	0	2556	0	926	0	1516	0	328	0	1678	1416	11252	632	17118	1146	558	0	1352	0	0	0	0	0	0	372	292	214	0	0	1504	0	0	0	398	0	0	0	0	0	0	0	0	0	0	0	0	0	0	0	0	0	0	0	0	0	0	0	0	0	0	
107228	Cingulum_Post_L	2314	0	372	302	0	0	0	464	0	0	0	0	0	0	0	0	0	0	380	414	0	0	0	0	0	0	0	0	516	0	142	0	1742	444	0	6888	6216	2766	2384	186	0	0	2668	0	2142	0	640	126	742	0	1652	0	0	0	0	0	434	0	262	0	660	0	0	0	494	0	6662	844	2140	144	0	110	0	0	0	0	2180	4160	618	0	104	0	0	0	1058	0	0	0	244	0	0	0	0	0	0	0	0	0	0	0	0	0	0	0	0	0	0	0	0	0	0	0	0	0	0	0	
155296	Cingulum_Post_R	1922	126	462	510	0	0	0	674	0	0	178	0	0	0	0	0	0	0	552	6700	0	0	0	0	0	0	0	0	624	106	0	116	746	7272	6888	0	3552	7550	290	1508	0	0	0	2588	0	2088	0	2082	0	1326	0	626	0	0	0	246	266	0	0	0	0	0	0	0	0	0	3308	11328	136	3536	288	328	0	0	0	0	2666	5286	576	0	0	0	122	0	248	230	0	0	220	0	0	0	0	0	0	0	0	0	0	0	0	0	0	0	0	0	0	0	0	0	378	0	0	0	0	0	
282260	Hippocampus_L	12738	0	8500	292	176	0	2076	358	0	0	1914	0	0	0	132	0	2482	0	3050	0	0	0	0	0	0	0	0	0	18096	0	0	0	0	0	6216	3552	0	2450	9842	138	6160	0	1738	0	0	0	2212	0	0	0	256	0	0	0	14262	0	3676	0	0	0	186	0	0	0	182	0	2894	196	0	0	0	0	10134	0	1258	0	2746	3208	4364	0	2802	0	856	0	1660	0	232	0	9994	0	0	0	0	0	0	0	102	0	0	0	0	0	0	0	0	0	0	0	0	0	0	0	0	0	0	0	
327576	Hippocampus_R	806	6358	104	7670	0	526	0	4618	0	188	236	1142	0	358	0	190	0	1680	0	4796	0	870	0	740	0	0	0	0	676	8080	0	718	0	824	2766	7550	2450	0	132	28248	0	10404	0	1226	0	0	0	2370	0	0	0	0	0	178	0	22818	218	1736	0	0	0	236	0	1542	0	216	336	4996	0	1110	502	2328	0	15294	0	508	812	5954	510	782	102	976	166	1374	224	120	0	0	220	3870	0	108	0	0	0	0	0	470	0	138	0	0	0	0	0	0	0	0	0	0	218	0	0	0	0	0	
75824	ParaHippocampal_L	1306	0	772	0	346	0	0	0	0	0	0	0	0	0	258	0	0	0	402	0	594	0	0	0	0	0	0	0	1346	0	0	0	0	0	2384	290	9842	132	0	0	1898	0	2276	0	0	0	3224	0	0	0	582	0	166	0	4682	0	182	0	0	0	0	0	0	0	0	0	2792	0	0	0	0	0	528	0	0	0	282	194	0	0	198	0	532	0	926	0	278	0	480	0	0	0	0	0	206	0	618	0	196	0	0	0	0	0	0	0	0	0	0	0	0	0	0	0	0	0	
194880	ParaHippocampal_R	0	146	0	5738	0	440	0	2104	0	180	0	472	0	308	0	180	0	0	0	3272	0	536	0	588	0	0	0	0	0	2378	0	432	0	178	186	1508	138	28248	0	0	0	6740	0	798	0	0	0	1748	0	0	0	0	0	352	0	17120	0	194	0	0	0	0	0	0	0	0	0	1942	0	0	0	1666	0	12162	0	494	0	2110	0	168	0	0	0	1982	0	116	0	252	0	994	0	268	0	0	0	0	0	900	0	292	0	0	0	0	0	0	0	0	0	0	110	0	0	0	0	0	
36760	Amygdala_L	0	0	0	0	476	0	0	0	0	0	0	0	0	0	468	0	0	0	0	0	912	0	0	0	0	0	198	0	1652	0	0	0	0	0	0	0	6160	0	1898	0	0	0	0	0	0	0	0	0	0	0	0	0	0	0	3664	0	0	0	0	0	0	0	0	0	0	0	0	0	0	0	0	0	138	0	0	0	0	0	0	0	122	0	658	0	0	0	248	0	1786	0	0	0	0	0	0	0	0	0	0	0	0	0	0	0	0	0	0	0	0	0	0	0	0	0	0	0	
61516	Amygdala_R	0	0	0	208	0	0	0	0	0	0	0	0	0	0	0	0	0	0	0	176	0	882	0	0	0	0	0	0	0	1606	0	0	0	0	0	0	0	10404	0	6740	0	0	0	0	0	0	0	0	0	0	0	0	0	0	0	5940	0	0	0	0	0	0	0	0	0	0	0	0	0	0	0	0	0	2078	0	0	0	0	0	0	0	0	0	2512	0	0	0	0	0	108	0	0	0	0	0	0	0	104	0	0	0	0	0	0	0	0	0	0	0	0	0	0	0	0	0	0	
217852	Calcarine_L	144	0	0	0	0	0	0	0	0	0	0	0	0	0	0	0	0	0	0	0	0	0	0	0	0	0	0	0	0	0	0	0	362	0	2668	0	1738	0	2276	0	0	0	0	5544	11758	3994	12720	1082	9944	3014	21068	1022	3002	0	2222	0	170	0	1270	0	830	0	0	0	618	0	12442	290	554	0	0	0	0	0	0	0	0	0	0	0	0	0	0	0	4276	0	0	0	178	0	886	0	152	0	128	0	1494	0	1344	0	0	0	204	0	0	0	0	0	0	0	1532	0	0	0	0	0	
314108	Calcarine_R	0	0	0	0	0	0	0	0	0	0	0	0	0	0	0	0	0	0	0	1018	0	0	0	0	0	0	0	0	0	194	0	0	128	2220	0	2588	0	1226	0	798	0	0	5544	0	4518	29750	2272	20056	142	22900	0	12982	0	3510	0	8100	0	278	0	184	0	0	0	0	0	486	2458	24118	0	1214	0	0	0	0	0	0	0	0	0	0	0	0	0	0	0	5816	0	0	0	3278	0	0	0	0	0	0	0	150	0	474	0	0	0	0	0	0	0	0	0	0	652	0	0	0	0	0	
160924	Cuneus_L	102	0	0	0	0	0	0	0	0	0	0	0	0	0	0	0	0	0	0	0	0	0	0	0	0	0	0	0	0	0	0	0	446	0	2142	0	0	0	0	0	0	0	11758	4518	0	7506	1210	118	18814	2582	10328	694	392	0	138	0	0	0	2226	0	256	0	0	0	186	0	14796	1048	482	0	0	0	0	0	0	0	0	0	0	0	0	0	0	0	720	0	0	0	0	0	0	0	0	0	0	0	0	0	0	0	0	0	0	0	0	0	0	0	0	0	0	0	0	0	0	0	
263160	Cuneus_R	0	0	0	0	0	0	0	0	0	0	0	0	0	0	0	0	0	0	0	162	0	0	0	0	0	0	0	0	0	0	0	0	0	1196	0	2088	0	0	0	0	0	0	3994	29750	7506	0	248	3998	260	36092	0	12822	0	522	0	1234	0	0	0	2156	0	0	0	0	0	162	7460	19862	0	604	0	0	0	0	0	0	0	0	0	0	0	0	0	0	0	1126	0	0	0	0	0	0	0	0	0	0	0	0	0	0	0	0	0	0	0	0	0	0	0	0	338	0	0	0	0	0	
192600	Lingual_L	256	0	108	0	0	0	0	0	0	0	0	0	0	0	0	0	0	0	0	0	0	0	0	0	0	0	0	0	0	0	0	0	0	0	640	0	2212	0	3224	0	0	0	12720	2272	1210	248	0	2814	3980	208	14586	0	4188	0	14204	512	162	0	334	0	188	0	0	0	0	0	3172	0	112	0	0	0	0	0	0	0	0	0	0	0	0	0	0	0	178	0	0	0	0	0	5768	170	356	0	130	0	7568	160	9974	388	0	0	104	0	0	114	0	0	0	0	1786	1666	270	0	118	200	
232028	Lingual_R	0	0	0	0	0	0	0	0	0	0	0	0	0	0	0	0	0	0	0	0	0	0	0	0	0	0	0	0	0	0	0	0	0	0	126	2082	0	2370	0	1748	0	0	1082	20056	118	3998	2814	0	0	4630	0	3062	0	5104	258	18772	0	0	0	0	0	0	0	0	0	0	434	6688	0	0	0	0	0	0	0	0	0	106	0	0	0	0	0	0	0	1752	0	0	0	1458	884	5820	0	286	0	252	0	6512	1758	10400	0	0	0	156	0	326	0	0	0	126	4232	7252	684	326	342	0	
159640	Occipital_Sup_L	0	0	0	0	0	0	0	0	0	0	0	0	0	0	0	0	0	0	0	0	0	0	0	0	0	0	0	0	0	0	0	0	1232	0	742	0	0	0	0	0	0	0	9944	142	18814	260	3980	0	0	126	22966	0	1008	0	148	0	0	0	5718	0	254	0	0	0	0	0	13840	452	0	0	0	0	0	0	0	0	0	0	0	0	0	0	0	0	194	0	0	0	0	0	0	0	0	0	0	0	0	0	0	0	0	0	0	0	0	0	0	0	0	0	0	0	0	0	0	0	
298024	Occipital_Sup_R	0	0	0	0	0	0	0	0	0	0	0	0	0	0	0	0	0	0	0	188	0	0	0	0	0	0	0	0	0	0	0	0	102	2122	0	1326	0	0	0	0	0	0	3014	22900	2582	36092	208	4630	126	0	0	28070	0	644	0	1156	0	550	0	9942	0	1344	0	0	0	8054	4376	17872	0	1566	0	0	0	0	0	0	0	0	0	0	0	0	0	0	0	1986	0	0	0	162	0	0	0	0	0	0	0	0	0	0	0	0	0	0	0	0	0	0	0	0	0	0	0	0	0	0	
405460	Occipital_Mid_L	3536	0	0	0	0	0	0	0	0	0	0	0	0	0	0	0	260	0	230	0	0	0	0	0	0	0	0	0	296	0	0	0	2152	0	1652	0	256	0	582	0	0	0	21068	0	10328	0	14586	0	22966	0	0	0	16494	0	6184	0	4126	0	16966	0	18782	0	156	0	20646	0	11586	192	4614	0	0	0	0	0	0	0	0	0	336	0	350	0	0	0	22030	0	0	0	2356	0	0	0	0	0	0	0	0	0	0	0	0	0	0	0	0	0	0	0	0	0	0	0	0	0	0	0	
235788	Occipital_Mid_R	0	0	0	0	0	0	0	0	0	0	0	0	0	0	0	0	0	518	0	486	0	0	0	0	0	0	0	0	0	0	0	0	0	1092	0	626	0	0	0	0	0	0	1022	12982	694	12822	0	3062	0	28070	0	0	0	5040	0	2044	0	532	0	4344	0	4568	0	144	0	14212	990	8118	0	924	0	0	0	0	0	0	0	0	0	0	0	584	0	0	0	13040	0	0	0	1980	0	0	0	0	0	0	0	0	0	0	0	0	0	0	0	0	0	0	0	0	0	0	0	0	0	0	
71680	Occipital_Inf_L	0	0	0	0	0	0	0	0	0	0	0	0	0	0	0	0	0	0	0	0	0	0	0	0	0	0	0	0	124	0	0	0	0	0	0	0	0	0	166	0	0	0	3002	0	392	0	4188	0	1008	0	16494	0	0	0	4804	0	0	0	630	0	234	0	0	0	388	0	190	0	0	0	0	0	0	0	0	0	0	0	0	0	0	0	0	0	2456	0	0	0	1764	0	0	0	0	0	0	0	0	0	0	0	0	0	0	0	0	0	0	0	0	0	0	0	0	0	0	0	
56164	Occipital_Inf_R	0	0	0	0	0	0	0	0	0	0	0	0	0	0	0	0	0	0	0	0	0	0	0	0	0	0	0	0	0	0	0	0	0	0	0	0	0	178	0	352	0	0	0	3510	0	522	0	5104	0	644	0	5040	0	0	0	7174	0	0	0	0	0	0	0	0	0	0	0	176	0	0	0	0	0	0	0	0	0	0	0	0	0	0	0	0	0	638	0	0	0	2026	134	376	0	0	0	0	0	0	260	1284	0	0	0	0	0	0	0	0	0	0	0	664	0	0	0	0	
276316	Fusiform_L	326	0	2136	0	0	0	148	0	0	0	310	0	0	0	0	0	190	0	1108	0	0	0	0	0	0	0	0	0	5840	0	0	0	0	0	0	0	14262	0	4682	0	3664	0	2222	0	138	0	14204	258	148	0	6184	0	4804	0	0	212	0	0	152	0	138	0	0	0	194	0	724	0	122	0	0	0	1744	0	0	0	0	0	214	0	1828	0	2352	0	4186	0	728	0	15162	0	17152	152	1458	0	0	0	7768	0	21264	308	124	0	0	0	0	0	0	0	0	0	484	866	202	0	0	0	
338496	Fusiform_R	0	146	0	3514	0	376	0	784	0	160	0	276	0	132	0	156	0	114	0	2406	0	224	0	376	0	0	0	0	0	2078	0	134	0	186	0	246	0	22818	0	17120	0	5940	0	8100	0	1234	512	18772	0	1156	0	2044	0	7174	212	0	0	192	0	0	0	0	0	0	0	0	0	1268	0	146	0	1030	0	7838	0	402	0	414	0	522	0	2014	0	2412	0	1766	0	310	0	8196	774	9522	0	282	0	172	0	8192	1378	14060	0	0	0	132	0	312	0	0	0	0	3356	6886	650	298	334	0	
239864	Postcentral_L	27246	0	3964	0	0	0	2848	0	0	0	2040	0	376	0	0	0	11802	0	466	0	0	0	0	0	0	0	0	0	8364	0	0	0	106	0	434	266	3676	218	182	0	0	0	170	0	0	0	162	0	0	0	4126	0	0	0	0	0	0	0	5492	0	17984	0	6416	0	1488	0	1682	0	3636	0	0	0	4024	0	372	0	962	254	2880	0	5756	0	0	0	1982	0	0	0	558	0	0	0	0	0	0	0	0	0	0	0	0	0	0	0	0	0	0	0	0	0	0	0	0	0	0	0	
173468	Postcentral_R	0	19296	0	1374	0	0	0	1722	0	0	0	3954	0	0	0	0	0	4588	112	1620	0	0	0	0	0	0	0	0	0	3378	0	0	0	2556	0	0	0	1736	0	194	0	0	0	278	0	0	0	0	0	550	0	532	0	0	0	192	0	0	0	5384	0	8638	0	13184	0	2150	146	2180	0	5702	0	344	0	2564	0	108	0	368	0	208	0	584	0	0	0	2230	0	0	0	862	0	0	0	0	0	0	0	0	0	0	0	0	0	0	0	0	0	0	0	0	0	0	0	0	0	0	
129256	Parietal_Sup_L	444	0	0	0	0	0	0	0	0	0	0	0	0	0	0	0	0	0	0	0	0	0	0	0	0	0	0	0	0	0	0	0	788	0	262	0	0	0	0	0	0	0	1270	0	2226	0	334	0	5718	0	16966	0	630	0	152	0	5492	0	0	0	11504	0	0	0	5156	0	9966	498	1416	0	0	0	0	0	0	0	0	0	0	0	0	0	0	0	1806	0	0	0	0	0	0	0	0	0	0	0	0	0	0	0	0	0	0	0	0	0	0	0	0	0	0	0	0	0	0	0	
98040	Parietal_Sup_R	0	0	0	0	0	0	0	0	0	0	0	0	0	0	0	0	0	0	0	666	0	0	0	0	0	0	0	0	0	0	0	0	0	926	0	0	0	0	0	0	0	0	0	184	0	2156	0	0	0	9942	0	4344	0	0	0	0	0	5384	0	0	0	5176	0	598	0	9952	1204	6050	0	1908	0	0	0	0	0	0	0	0	0	0	0	202	0	0	0	224	0	0	0	104	0	0	0	0	0	0	0	0	0	0	0	0	0	0	0	0	0	0	0	0	0	0	0	0	0	0	
236760	Parietal_Inf_L	3936	0	176	0	0	0	118	0	0	0	0	0	0	0	0	0	596	0	124	0	0	0	0	0	0	0	0	0	842	0	0	0	254	0	660	0	186	0	0	0	0	0	830	0	256	0	188	0	254	0	18782	0	234	0	138	0	17984	0	11504	0	0	0	9284	0	29904	0	1394	0	3988	0	0	0	0	0	0	0	0	0	286	0	954	0	0	0	12768	0	0	0	2740	0	0	0	0	0	0	0	0	0	0	0	0	0	0	0	0	0	0	0	0	0	0	0	0	0	0	0	
124416	Parietal_Inf_R	0	1940	0	0	0	0	0	0	0	0	0	338	0	0	0	0	0	294	0	1094	0	0	0	0	0	0	0	0	0	144	0	0	0	1516	0	0	0	236	0	0	0	0	0	0	0	0	0	0	0	1344	0	4568	0	0	0	0	0	8638	0	5176	0	0	0	15640	0	14938	0	366	0	1480	0	0	0	0	0	0	0	0	0	0	0	1288	0	0	0	1936	0	0	0	1272	0	0	0	0	0	0	0	0	0	0	0	0	0	0	0	0	0	0	0	0	0	0	0	0	0	0	
99624	SupraMarginal_L	1220	0	0	0	0	0	0	0	0	0	0	0	0	0	0	0	3742	0	0	0	0	0	0	0	0	0	0	0	770	0	0	0	0	0	0	0	0	0	0	0	0	0	0	0	0	0	0	0	0	0	156	0	0	0	0	0	6416	0	0	0	9284	0	0	0	5730	0	0	0	2004	0	0	0	0	0	0	0	0	0	0	0	8082	0	0	0	9678	0	0	0	2730	0	0	0	0	0	0	0	0	0	0	0	0	0	0	0	0	0	0	0	0	0	0	0	0	0	0	0	
121008	SupraMarginal_R	0	4216	0	166	0	0	0	248	0	0	0	624	0	0	0	0	0	2794	0	672	0	0	0	0	0	0	0	0	0	344	0	0	0	328	0	0	0	1542	0	0	0	0	0	0	0	0	0	0	0	0	0	144	0	0	0	0	0	13184	0	598	0	15640	0	0	0	4364	0	0	0	668	0	110	0	126	0	0	0	0	0	0	0	5938	0	0	0	5526	0	0	0	3272	0	0	0	0	0	0	0	0	0	0	0	0	0	0	0	0	0	0	0	0	0	0	0	0	0	0	
193464	Angular_L	1832	0	0	0	0	0	0	0	0	0	0	0	0	0	0	0	396	0	0	0	0	0	0	0	0	0	0	0	448	0	0	0	228	0	494	0	182	0	0	0	0	0	618	0	186	0	0	0	0	0	20646	0	388	0	194	0	1488	0	5156	0	29904	0	5730	0	0	0	1052	0	2594	0	0	0	0	0	0	0	0	0	288	0	526	0	0	0	19416	0	0	0	4966	0	0	0	0	0	0	0	0	0	0	0	0	0	0	0	0	0	0	0	0	0	0	0	0	0	0	0	
139280	Angular_R	0	120	0	0	0	0	0	0	0	0	0	0	0	0	0	0	0	282	0	1136	0	0	0	0	0	0	0	0	0	0	0	0	0	1678	0	0	0	216	0	0	0	0	0	486	0	162	0	0	0	8054	0	14212	0	0	0	0	0	2150	0	9952	0	14938	0	4364	0	0	0	808	0	1520	0	0	0	0	0	0	0	0	0	0	0	2312	0	0	0	6632	0	0	0	618	0	0	0	0	0	0	0	0	0	0	0	0	0	0	0	0	0	0	0	0	0	0	0	0	0	0	
263832	Precuneus_L	476	0	0	0	0	0	0	148	0	0	0	0	0	0	0	0	0	0	0	0	0	0	0	0	0	0	0	0	138	0	0	0	3820	1416	6662	3308	2894	336	2792	0	0	0	12442	2458	14796	7460	3172	434	13840	4376	11586	990	190	0	724	0	1682	146	9966	1204	1394	0	0	0	1052	0	0	14022	3208	766	0	0	0	0	0	0	0	306	124	0	0	0	0	0	2790	110	0	0	152	0	0	0	0	0	0	0	0	0	0	0	0	0	0	0	0	0	0	0	0	0	536	0	0	0	0	0	
305316	Precuneus_R	0	0	0	0	0	0	0	0	0	0	0	0	0	0	0	0	0	0	216	2000	0	0	0	0	0	0	0	0	0	178	0	0	1434	11252	844	11328	196	4996	0	1942	0	0	290	24118	1048	19862	0	6688	452	17872	192	8118	0	176	0	1268	0	2180	498	6050	0	366	0	0	0	808	14022	0	0	7266	0	0	0	0	0	0	158	228	0	0	0	0	0	0	0	3766	0	0	0	1598	0	0	0	0	0	0	0	0	0	0	0	0	0	0	0	0	0	0	0	0	1248	0	0	0	0	0	
161952	Paracentral_Lobule_L	22694	268	1088	668	0	0	0	0	0	0	0	0	0	0	0	0	234	0	9942	7456	0	0	0	0	0	0	0	0	154	0	0	0	4554	632	2140	136	0	0	0	0	0	0	554	0	482	0	112	0	0	0	4614	0	0	0	122	0	3636	0	1416	0	3988	0	2004	0	2594	0	3208	0	0	0	1016	412	0	0	0	0	2562	328	0	0	364	0	0	0	3232	0	0	0	366	0	0	0	0	0	0	0	0	0	0	0	0	0	0	0	0	0	0	0	0	0	0	0	0	0	0	0	
146344	Paracentral_Lobule_R	0	2406	0	0	0	0	0	0	0	0	0	0	0	0	0	0	0	422	882	20300	0	0	0	0	0	0	0	0	0	376	0	0	474	17118	144	3536	0	1110	0	0	0	0	0	1214	0	604	0	0	0	1566	0	924	0	0	0	146	0	5702	0	1908	0	1480	0	668	0	1520	766	7266	0	0	0	0	0	0	0	0	0	0	0	104	0	472	0	0	0	1498	0	0	0	566	0	0	0	0	0	0	0	0	0	0	0	0	0	0	0	0	0	0	0	0	0	0	0	0	0	0	
235752	Caudate_L	1226	210	17806	13872	2858	230	996	4734	192	0	1518	0	238	118	1002	0	402	0	13554	9450	2914	3334	120	0	114	214	196	636	5468	134	5820	2876	0	1146	0	288	0	502	0	0	0	0	0	0	0	0	0	0	0	0	0	0	0	0	0	0	0	0	0	0	0	0	0	0	0	0	0	0	1016	0	0	5820	9964	538	1074	0	5538	482	0	0	254	0	1022	0	0	0	0	0	0	0	0	0	0	0	0	0	0	0	0	0	0	0	0	0	0	0	0	0	0	0	0	0	0	0	0	0	
416460	Caudate_R	396	3154	206	43848	116	8726	0	9584	0	794	0	1702	0	1614	0	1808	0	166	652	33114	1760	3156	152	8550	0	5950	0	2902	156	4316	2206	18010	0	558	110	328	0	2328	0	1666	0	0	0	0	0	0	0	0	0	0	0	0	0	0	0	1030	0	344	0	0	0	0	0	110	0	0	0	0	412	0	5820	0	1030	20104	0	2006	312	19034	0	0	0	0	0	0	0	0	0	0	0	0	0	0	0	0	0	0	0	0	0	0	0	0	0	0	0	0	0	0	0	0	0	0	0	0	0	0	
299948	Putamen_L	14228	0	28056	784	6706	0	7620	164	1022	0	1814	0	456	0	1934	0	2256	0	12046	920	1352	1196	1012	0	672	152	832	128	16000	0	6650	794	0	0	0	0	10134	0	528	0	138	0	0	0	0	0	0	0	0	0	0	0	0	0	1744	0	4024	0	0	0	0	0	0	0	0	0	0	0	0	0	9964	1030	0	0	8334	0	3558	0	248	0	1598	0	1132	0	0	0	0	0	748	0	0	0	0	0	0	0	0	0	0	0	0	0	0	0	0	0	0	0	0	0	0	0	0	0	0	0	
359128	Putamen_R	0	1398	118	24918	0	4182	0	8632	0	714	0	4452	0	3514	0	2956	0	2256	250	15260	0	538	142	8042	0	3468	0	658	0	20330	376	9540	0	1352	0	0	0	15294	0	12162	0	2078	0	0	0	0	0	0	0	0	0	0	0	0	0	7838	0	2564	0	0	0	0	0	126	0	0	0	0	0	0	538	20104	0	0	0	2444	0	2582	0	160	0	164	0	0	0	0	0	0	0	0	0	0	0	0	0	0	0	310	0	104	0	0	0	0	0	0	0	0	0	0	0	0	0	0	0	0	
60848	Pallidum_L	3028	0	4058	160	0	0	3900	0	0	0	162	0	0	0	0	0	1680	0	2788	206	0	0	0	0	0	0	0	0	1026	0	0	0	0	0	0	0	1258	0	0	0	0	0	0	0	0	0	0	0	0	0	0	0	0	0	0	0	372	0	0	0	0	0	0	0	0	0	0	0	0	0	1074	0	8334	0	0	0	2110	0	0	0	268	0	0	0	0	0	0	0	0	0	0	0	0	0	0	0	0	0	0	0	0	0	0	0	0	0	0	0	0	0	0	0	0	0	0	0	
21996	Pallidum_R	0	172	0	2570	0	0	0	1680	0	0	0	0	0	0	0	0	0	0	0	614	0	0	0	0	0	0	0	0	0	0	0	0	0	0	0	0	0	508	0	494	0	0	0	0	0	0	0	0	0	0	0	0	0	0	0	402	0	108	0	0	0	0	0	0	0	0	0	0	0	0	0	2006	0	2444	0	0	0	0	0	0	0	0	0	0	0	0	0	0	0	0	0	0	0	0	0	0	0	0	0	0	0	0	0	0	0	0	0	0	0	0	0	0	0	0	0	0	
180736	Thalamus_L	17516	0	15552	1210	0	0	5540	0	0	0	0	0	0	0	0	0	2410	0	14692	1410	0	0	0	0	0	0	0	0	1394	0	0	0	0	0	2180	2666	2746	812	282	0	0	0	0	0	0	0	0	0	0	0	0	0	0	0	0	0	962	0	0	0	0	0	0	0	0	0	0	158	2562	0	5538	312	3558	0	2110	0	0	6286	318	0	154	0	0	0	0	0	0	0	0	0	0	0	0	0	0	0	0	0	0	0	0	0	0	0	0	0	0	0	0	0	0	0	0	0	0	0	
231984	Thalamus_R	3162	1362	846	26772	0	140	0	6442	0	0	0	892	0	0	0	0	0	238	582	20160	0	0	0	456	0	0	0	0	554	934	0	1180	0	0	4160	5286	3208	5954	194	2110	0	0	0	0	0	0	0	106	0	0	0	0	0	0	0	414	254	368	0	0	0	0	0	0	0	0	306	228	328	0	482	19034	0	2582	0	0	6286	0	540	0	0	0	0	0	232	0	0	0	200	0	0	0	0	0	0	0	0	0	0	0	0	0	0	0	0	0	0	0	0	0	0	0	0	0	0	0	
76368	Heschl_L	4316	0	768	0	0	0	564	110	0	0	718	0	0	0	0	0	5380	0	176	0	0	0	0	0	0	0	0	0	10006	0	0	0	0	0	618	576	4364	510	0	0	0	0	0	0	0	0	0	0	0	0	336	0	0	0	214	0	2880	0	0	0	286	0	0	0	288	0	124	0	0	0	0	0	248	0	0	0	318	540	0	0	1732	0	0	0	1638	0	0	0	1474	0	0	0	0	0	0	0	0	0	0	0	0	0	0	0	0	0	0	0	0	0	0	0	0	0	0	0	
20760	Heschl_R	0	0	0	0	0	0	0	0	0	0	0	0	0	0	0	0	0	2382	0	102	0	0	0	0	0	0	0	0	0	1914	0	0	0	0	0	0	0	782	0	168	0	0	0	0	0	0	0	0	0	0	0	0	0	0	0	522	0	208	0	0	0	0	0	0	0	0	0	0	0	104	0	0	0	160	0	0	0	0	0	0	0	2818	0	0	0	462	0	0	0	758	0	0	0	0	0	0	0	0	0	0	0	0	0	0	0	0	0	0	0	0	0	0	0	0	0	0	
290308	Temporal_Sup_L	3588	0	11108	986	112	0	2738	110	0	0	10618	0	278	0	0	0	19804	0	6134	1366	0	0	346	0	0	0	0	0	19722	0	252	0	0	372	104	0	2802	102	198	0	122	0	0	0	0	0	0	0	0	0	350	0	0	0	1828	0	5756	0	0	0	954	0	8082	0	526	0	0	0	364	0	254	0	1598	0	268	0	154	0	1732	0	0	0	11902	0	22270	0	0	0	8254	0	0	0	0	0	0	0	0	0	0	0	0	0	0	0	0	0	0	0	0	0	0	0	0	0	0	0	
108372	Temporal_Sup_R	0	0	0	0	0	0	0	0	0	0	0	0	0	0	0	0	0	4162	0	476	0	0	0	0	0	0	0	0	0	3732	0	0	0	292	0	0	0	976	0	0	0	0	0	0	0	0	0	0	0	0	0	584	0	0	0	2014	0	584	0	202	0	1288	0	5938	0	2312	0	0	0	472	0	0	0	164	0	0	0	0	0	2818	0	0	0	864	0	18064	0	0	0	9244	0	0	0	0	0	0	0	0	0	0	0	0	0	0	0	0	0	0	0	0	0	0	0	0	0	0	
183476	Temporal_Pole_Sup_L	514	0	10632	1392	274	0	2400	352	0	0	12746	0	524	0	846	0	8182	0	6466	1172	724	0	412	0	0	0	0	0	16466	0	328	0	0	214	0	122	856	166	532	0	658	0	0	0	0	0	0	0	0	0	0	0	0	0	2352	0	0	0	0	0	0	0	0	0	0	0	0	0	0	0	1022	0	1132	0	0	0	0	0	0	0	11902	0	0	0	4066	0	1240	0	4046	0	0	0	0	0	0	0	0	0	0	0	0	0	0	0	0	0	0	0	0	0	0	0	0	0	0	0	
32400	Temporal_Pole_Sup_R	0	0	0	0	0	0	0	0	0	0	0	128	0	0	0	0	0	144	0	0	0	0	0	0	0	0	0	0	0	144	0	0	0	0	0	0	0	1374	0	1982	0	2512	0	0	0	0	0	0	0	0	0	0	0	0	0	2412	0	0	0	0	0	0	0	0	0	0	0	0	0	0	0	0	0	0	0	0	0	0	0	0	0	864	0	0	0	3216	0	1442	0	1982	0	0	0	0	0	0	0	0	0	0	0	0	0	0	0	0	0	0	0	0	0	0	0	0	0	0	
317772	Temporal_Mid_L	4556	0	216	0	0	0	0	0	0	0	0	0	0	0	0	0	3036	0	154	0	0	0	0	0	0	0	0	0	1844	0	0	0	194	0	1058	248	1660	224	926	0	0	0	4276	0	720	0	178	0	194	0	22030	0	2456	0	4186	0	1982	0	1806	0	12768	0	9678	0	19416	0	2790	0	3232	0	0	0	0	0	0	0	0	232	1638	0	22270	0	4066	0	0	0	2014	0	28838	0	0	0	0	0	0	0	0	0	0	0	0	0	0	0	0	0	0	0	0	0	0	0	0	0	0	0	
197352	Temporal_Mid_R	0	0	0	0	0	0	0	0	0	0	0	0	0	0	0	0	0	324	0	1400	0	0	0	0	0	0	0	0	0	1126	0	0	0	1504	0	230	0	120	0	116	0	0	0	5816	0	1126	0	1752	0	1986	0	13040	0	638	0	1766	0	2230	0	224	0	1936	0	5526	0	6632	110	3766	0	1498	0	0	0	0	0	0	0	0	0	462	0	18064	0	3216	0	0	0	1742	0	22326	0	0	0	0	0	0	0	0	0	0	0	0	0	0	0	0	0	0	0	0	0	0	0	0	0	0	
13200	Temporal_Pole_Mid_L	0	0	0	0	0	0	0	0	0	0	0	0	0	0	0	0	0	0	0	0	0	0	0	0	0	0	0	0	124	0	0	0	0	0	0	0	232	0	278	0	248	0	0	0	0	0	0	0	0	0	0	0	0	0	728	0	0	0	0	0	0	0	0	0	0	0	0	0	0	0	0	0	0	0	0	0	0	0	0	0	0	0	1240	0	2014	0	0	0	1736	0	0	0	0	0	0	0	0	0	0	0	0	0	0	0	0	0	0	0	0	0	0	0	0	0	0	0	
9584	Temporal_Pole_Mid_R	0	0	0	0	0	0	0	0	0	0	0	0	0	0	0	0	0	0	0	0	0	0	0	0	0	0	0	0	0	0	0	0	0	0	0	0	0	0	0	252	0	0	0	0	0	0	0	0	0	0	0	0	0	0	0	310	0	0	0	0	0	0	0	0	0	0	0	0	0	0	0	0	0	0	0	0	0	0	0	0	0	0	0	1442	0	1742	0	0	0	1046	0	0	0	0	0	0	0	0	0	0	0	0	0	0	0	0	0	0	0	0	0	0	0	0	0	0	
203652	Temporal_Inf_L	810	0	1210	0	0	0	134	0	0	0	240	0	0	0	0	0	356	0	718	0	0	0	0	0	0	0	0	0	4216	0	0	0	0	0	244	220	9994	220	480	0	1786	0	178	0	0	0	0	0	0	0	2356	0	1764	0	15162	0	558	0	0	0	2740	0	2730	0	4966	0	152	0	366	0	0	0	748	0	0	0	0	200	1474	0	8254	0	4046	0	28838	0	1736	0	0	0	3734	0	510	0	0	0	120	0	566	0	0	0	0	0	0	0	0	0	0	0	0	0	0	0	0	0	
140360	Temporal_Inf_R	0	0	0	0	0	0	0	0	0	0	0	0	0	0	0	0	0	0	0	568	0	0	0	0	0	0	0	0	0	3042	0	0	0	398	0	0	0	3870	0	994	0	108	0	3278	0	0	0	1458	0	162	0	1980	0	2026	0	8196	0	862	0	104	0	1272	0	3272	0	618	0	1598	0	566	0	0	0	0	0	0	0	0	0	758	0	9244	0	1982	0	22326	0	1046	0	0	0	452	0	0	0	0	0	0	0	0	0	0	0	0	0	0	0	0	0	0	0	0	0	0	0	0	
367300	Cerebelum_Crus1_L	0	0	0	0	0	0	0	0	0	0	0	0	0	0	0	0	0	0	0	0	0	0	0	0	0	0	0	0	0	0	0	0	0	0	0	0	0	0	0	0	0	0	886	0	0	0	5768	884	0	0	0	0	0	134	17152	774	0	0	0	0	0	0	0	0	0	0	0	0	0	0	0	0	0	0	0	0	0	0	0	0	0	0	0	0	0	0	0	0	3734	0	0	3576	34054	5004	866	0	15826	434	52752	4040	5950	868	6366	2438	892	172	314	0	0	0	3010	7750	8918	960	128	0	
369908	Cerebelum_Crus1_R	0	0	0	0	0	0	0	0	0	0	0	0	0	0	0	0	0	0	0	0	0	0	0	0	0	0	0	0	0	0	0	0	0	0	0	0	0	108	0	268	0	0	0	0	0	0	170	5820	0	0	0	0	0	376	152	9522	0	0	0	0	0	0	0	0	0	0	0	0	0	0	0	0	0	0	0	0	0	0	0	0	0	0	0	0	0	0	0	0	0	452	3576	0	1452	34338	0	3564	360	23446	3748	51974	126	2340	202	10230	0	1678	0	0	0	986	7200	10554	8490	2306	1402	114	
223740	Cerebelum_Crus2_L	0	0	0	0	0	0	0	0	0	0	0	0	0	0	0	0	0	0	0	0	0	0	0	0	0	0	0	0	0	0	0	0	0	0	0	0	0	0	0	0	0	0	152	0	0	0	356	0	0	0	0	0	0	0	1458	0	0	0	0	0	0	0	0	0	0	0	0	0	0	0	0	0	0	0	0	0	0	0	0	0	0	0	0	0	0	0	0	0	510	0	34054	1452	0	6456	520	0	3456	0	11680	1412	19358	1918	13476	2184	626	0	0	0	0	0	452	2752	8252	1346	0	0	
279116	Cerebelum_Crus2_R	0	0	0	0	0	0	0	0	0	0	0	0	0	0	0	0	0	0	0	0	0	0	0	0	0	0	0	0	0	0	0	0	0	0	0	0	0	0	0	0	0	0	0	0	0	0	0	286	0	0	0	0	0	0	0	282	0	0	0	0	0	0	0	0	0	0	0	0	0	0	0	0	0	0	0	0	0	0	0	0	0	0	0	0	0	0	0	0	0	0	5004	34338	6456	0	0	1462	338	4546	2218	13348	2924	16120	2680	21922	142	2946	0	0	0	496	1912	3138	13466	4316	1040	178	
29680	Cerebelum_3_L	0	0	0	0	0	0	0	0	0	0	0	0	0	0	0	0	0	0	0	0	0	0	0	0	0	0	0	0	0	0	0	0	0	0	0	0	0	0	206	0	0	0	128	0	0	0	130	0	0	0	0	0	0	0	0	0	0	0	0	0	0	0	0	0	0	0	0	0	0	0	0	0	0	0	0	0	0	0	0	0	0	0	0	0	0	0	0	0	0	0	866	0	520	0	0	0	5978	0	1644	0	0	0	244	0	1224	396	0	0	654	460	642	750	0	192	468	338	
67376	Cerebelum_3_R	0	0	0	0	0	0	0	0	0	0	0	0	0	0	0	0	0	0	0	0	0	0	0	0	0	0	0	0	0	0	0	0	0	0	0	0	0	0	0	0	0	0	0	0	0	0	0	252	0	0	0	0	0	0	0	172	0	0	0	0	0	0	0	0	0	0	0	0	0	0	0	0	0	0	0	0	0	0	0	0	0	0	0	0	0	0	0	0	0	0	0	3564	0	1462	0	0	442	6500	212	6994	0	0	0	542	0	1602	0	0	492	4868	1876	1134	984	1230	1204	158	
194976	Cerebelum_4_5_L	0	0	0	0	0	0	0	0	0	0	0	0	0	0	0	0	0	0	0	0	0	0	0	0	0	0	0	0	0	0	0	0	0	0	0	0	102	0	618	0	0	0	1494	0	0	0	7568	0	0	0	0	0	0	0	7768	0	0	0	0	0	0	0	0	0	0	0	0	0	0	0	0	0	0	0	0	0	0	0	0	0	0	0	0	0	0	0	0	0	120	0	15826	360	3456	338	5978	442	0	674	26554	398	1014	0	2030	300	3358	1218	478	0	0	664	10066	2832	338	488	1284	1722	
216860	Cerebelum_4_5_R	0	0	0	0	0	0	0	0	0	0	0	0	0	0	0	0	0	0	0	0	0	0	0	0	0	0	0	0	0	0	0	0	0	0	0	0	0	470	0	900	0	104	0	150	0	0	160	6512	0	0	0	0	0	0	0	8192	0	0	0	0	0	0	0	0	0	0	0	0	0	0	0	0	0	310	0	0	0	0	0	0	0	0	0	0	0	0	0	0	0	0	434	23446	0	4546	0	6500	674	0	570	33048	0	0	0	928	0	1228	0	0	0	1272	11456	3942	1328	1324	936	0	
343376	Cerebelum_6_L	0	0	0	0	0	0	0	0	0	0	0	0	0	0	0	0	0	0	0	0	0	0	0	0	0	0	0	0	0	0	0	0	0	0	0	0	0	0	196	0	0	0	1344	0	0	0	9974	1758	0	0	0	0	0	260	21264	1378	0	0	0	0	0	0	0	0	0	0	0	0	0	0	0	0	0	0	0	0	0	0	0	0	0	0	0	0	0	0	0	0	566	0	52752	3748	11680	2218	1644	212	26554	570	0	4678	2244	102	2922	678	1602	588	436	0	0	102	5738	10014	4932	522	642	370	
377680	Cerebelum_6_R	0	0	0	0	0	0	0	0	0	0	0	0	0	0	0	0	0	0	0	0	0	0	0	0	0	0	0	0	0	0	0	0	0	0	0	0	0	138	0	292	0	0	0	474	0	0	388	10400	0	0	0	0	0	1284	308	14060	0	0	0	0	0	0	0	0	0	0	0	0	0	0	0	0	0	104	0	0	0	0	0	0	0	0	0	0	0	0	0	0	0	0	4040	51974	1412	13348	0	6994	398	33048	4678	0	110	156	232	3492	0	2258	0	0	0	1666	9918	14362	7840	3056	2246	164	
122468	Cerebelum_7b_L	0	0	0	0	0	0	0	0	0	0	0	0	0	0	0	0	0	0	0	0	0	0	0	0	0	0	0	0	0	0	0	0	0	0	0	0	0	0	0	0	0	0	0	0	0	0	0	0	0	0	0	0	0	0	124	0	0	0	0	0	0	0	0	0	0	0	0	0	0	0	0	0	0	0	0	0	0	0	0	0	0	0	0	0	0	0	0	0	0	0	5950	126	19358	2924	0	0	1014	0	2244	110	0	1650	17996	2672	706	0	178	0	0	0	0	144	3062	2976	0	0	
97792	Cerebelum_7b_R	0	0	0	0	0	0	0	0	0	0	0	0	0	0	0	0	0	0	0	0	0	0	0	0	0	0	0	0	0	0	0	0	0	0	0	0	0	0	0	0	0	0	0	0	0	0	0	0	0	0	0	0	0	0	0	0	0	0	0	0	0	0	0	0	0	0	0	0	0	0	0	0	0	0	0	0	0	0	0	0	0	0	0	0	0	0	0	0	0	0	868	2340	1918	16120	0	0	0	0	102	156	1650	0	1484	16162	136	2386	0	0	0	0	128	288	2542	1980	464	172	
162000	Cerebelum_8_L	0	0	0	0	0	0	0	0	0	0	0	0	0	0	0	0	0	0	0	0	0	0	0	0	0	0	0	0	0	0	0	0	0	0	0	0	0	0	0	0	0	0	204	0	0	0	104	0	0	0	0	0	0	0	0	0	0	0	0	0	0	0	0	0	0	0	0	0	0	0	0	0	0	0	0	0	0	0	0	0	0	0	0	0	0	0	0	0	0	0	6366	202	13476	2680	244	0	2030	0	2922	232	17996	1484	0	4560	12988	528	3356	0	0	0	438	470	3552	5750	1418	0	
188956	Cerebelum_8_R	0	0	0	0	0	0	0	0	0	0	0	0	0	0	0	0	0	0	0	0	0	0	0	0	0	0	0	0	0	0	0	0	0	0	0	0	0	0	0	0	0	0	0	0	0	0	0	156	0	0	0	0	0	0	0	132	0	0	0	0	0	0	0	0	0	0	0	0	0	0	0	0	0	0	0	0	0	0	0	0	0	0	0	0	0	0	0	0	0	0	2438	10230	2184	21922	0	542	300	928	678	3492	2672	16162	4560	0	560	10226	0	228	0	282	796	1572	5868	6786	1430	334	
66420	Cerebelum_9_L	0	0	0	0	0	0	0	0	0	0	0	0	0	0	0	0	0	0	0	0	0	0	0	0	0	0	0	0	0	0	0	0	0	0	0	0	0	0	0	0	0	0	0	0	0	0	0	0	0	0	0	0	0	0	0	0	0	0	0	0	0	0	0	0	0	0	0	0	0	0	0	0	0	0	0	0	0	0	0	0	0	0	0	0	0	0	0	0	0	0	892	0	626	142	1224	0	3358	0	1602	0	706	136	12988	560	0	772	4368	0	0	0	940	924	430	1284	1608	650	
93468	Cerebelum_9_R	0	0	0	0	0	0	0	0	0	0	0	0	0	0	0	0	0	0	0	0	0	0	0	0	0	0	0	0	0	0	0	0	0	0	0	0	0	0	0	0	0	0	0	0	0	0	114	326	0	0	0	0	0	0	0	312	0	0	0	0	0	0	0	0	0	0	0	0	0	0	0	0	0	0	0	0	0	0	0	0	0	0	0	0	0	0	0	0	0	0	172	1678	0	2946	396	1602	1218	1228	588	2258	0	2386	528	10226	772	0	0	968	184	1492	2032	3746	1420	3250	4682	2210	
18260	Cerebelum_10_L	0	0	0	0	0	0	0	0	0	0	0	0	0	0	0	0	0	0	0	0	0	0	0	0	0	0	0	0	0	0	0	0	0	0	0	0	0	0	0	0	0	0	0	0	0	0	0	0	0	0	0	0	0	0	0	0	0	0	0	0	0	0	0	0	0	0	0	0	0	0	0	0	0	0	0	0	0	0	0	0	0	0	0	0	0	0	0	0	0	0	314	0	0	0	0	0	478	0	436	0	178	0	3356	0	4368	0	0	0	0	0	0	0	0	0	0	0	
2392	Cerebelum_10_R	0	0	0	0	0	0	0	0	0	0	0	0	0	0	0	0	0	0	0	0	0	0	0	0	0	0	0	0	0	0	0	0	0	0	0	0	0	0	0	0	0	0	0	0	0	0	0	0	0	0	0	0	0	0	0	0	0	0	0	0	0	0	0	0	0	0	0	0	0	0	0	0	0	0	0	0	0	0	0	0	0	0	0	0	0	0	0	0	0	0	0	0	0	0	0	0	0	0	0	0	0	0	0	228	0	968	0	0	0	0	0	0	0	0	0	0	
11836	Vermis_1_2	0	0	0	0	0	0	0	0	0	0	0	0	0	0	0	0	0	0	0	0	0	0	0	0	0	0	0	0	0	0	0	0	0	0	0	0	0	0	0	0	0	0	0	0	0	0	0	0	0	0	0	0	0	0	0	0	0	0	0	0	0	0	0	0	0	0	0	0	0	0	0	0	0	0	0	0	0	0	0	0	0	0	0	0	0	0	0	0	0	0	0	0	0	0	654	492	0	0	0	0	0	0	0	0	0	184	0	0	0	4198	390	0	0	0	0	0	
43712	Vermis_3	0	0	0	0	0	0	0	0	0	0	0	0	0	0	0	0	0	0	0	0	0	0	0	0	0	0	0	0	0	0	0	0	0	0	0	0	0	0	0	0	0	0	0	0	0	0	0	126	0	0	0	0	0	0	0	0	0	0	0	0	0	0	0	0	0	0	0	0	0	0	0	0	0	0	0	0	0	0	0	0	0	0	0	0	0	0	0	0	0	0	0	986	0	496	460	4868	664	1272	102	1666	0	0	0	282	0	1492	0	0	4198	0	1680	864	584	950	1006	160	
172712	Vermis_4_5	0	0	0	0	0	0	0	0	0	0	0	0	0	0	0	0	0	0	0	0	0	0	0	0	0	0	0	0	0	0	0	0	0	0	0	378	0	218	0	110	0	0	1532	652	0	338	1786	4232	0	0	0	0	0	0	484	3356	0	0	0	0	0	0	0	0	0	0	536	1248	0	0	0	0	0	0	0	0	0	0	0	0	0	0	0	0	0	0	0	0	0	0	3010	7200	452	1912	642	1876	10066	11456	5738	9918	0	128	438	796	940	2032	0	0	390	1680	0	6558	642	1242	2262	2108	
209772	Vermis_6	0	0	0	0	0	0	0	0	0	0	0	0	0	0	0	0	0	0	0	0	0	0	0	0	0	0	0	0	0	0	0	0	0	0	0	0	0	0	0	0	0	0	0	0	0	0	1666	7252	0	0	0	0	0	664	866	6886	0	0	0	0	0	0	0	0	0	0	0	0	0	0	0	0	0	0	0	0	0	0	0	0	0	0	0	0	0	0	0	0	0	0	7750	10554	2752	3138	750	1134	2832	3942	10014	14362	144	288	470	1572	924	3746	0	0	0	864	6558	0	6808	2608	3888	2454	
177600	Vermis_7	0	0	0	0	0	0	0	0	0	0	0	0	0	0	0	0	0	0	0	0	0	0	0	0	0	0	0	0	0	0	0	0	0	0	0	0	0	0	0	0	0	0	0	0	0	0	270	684	0	0	0	0	0	0	202	650	0	0	0	0	0	0	0	0	0	0	0	0	0	0	0	0	0	0	0	0	0	0	0	0	0	0	0	0	0	0	0	0	0	0	8918	8490	8252	13466	0	984	338	1328	4932	7840	3062	2542	3552	5868	430	1420	0	0	0	584	642	6808	0	5510	2028	0	
107336	Vermis_8	0	0	0	0	0	0	0	0	0	0	0	0	0	0	0	0	0	0	0	0	0	0	0	0	0	0	0	0	0	0	0	0	0	0	0	0	0	0	0	0	0	0	0	0	0	0	0	326	0	0	0	0	0	0	0	298	0	0	0	0	0	0	0	0	0	0	0	0	0	0	0	0	0	0	0	0	0	0	0	0	0	0	0	0	0	0	0	0	0	0	960	2306	1346	4316	192	1230	488	1324	522	3056	2976	1980	5750	6786	1284	3250	0	0	0	950	1242	2608	5510	0	4410	558	
70304	Vermis_9	0	0	0	0	0	0	0	0	0	0	0	0	0	0	0	0	0	0	0	0	0	0	0	0	0	0	0	0	0	0	0	0	0	0	0	0	0	0	0	0	0	0	0	0	0	0	118	342	0	0	0	0	0	0	0	334	0	0	0	0	0	0	0	0	0	0	0	0	0	0	0	0	0	0	0	0	0	0	0	0	0	0	0	0	0	0	0	0	0	0	128	1402	0	1040	468	1204	1284	936	642	2246	0	464	1418	1430	1608	4682	0	0	0	1006	2262	3888	2028	4410	0	1812	
