data	data	472180	283992	780928	928804	123380	191704	499792	252260	64828	33272	332480	429644	309400	182816	207940	116300	285784	284836	573904	797364	69804	86640	270556	366508	23644	87700	63120	59188	764848	618012	228816	401876	111792	414940	151492	163856	303064	315808	168616	172208	69732	56600	304220	369636	139532	340680	370956	425864	200532	354476	491988	283464	171756	168952	485368	482104	292376	227208	128568	211124	206108	216316	100860	266948	151840	162520	308856	421984	219052	263172	362604	550664	342972	322444	50344	36132	179968	173416	80932	36336	278940	149900	109428	95096	309212	275616	11752	14456	244836	254444	525856	436224	312820	294916	38500	53736	372824	359728	534612	505936	309244	171652	430816	358152	155284	200748	40324	19480	31768	65244	322008	260580	239092	173880	138420	51656	
data	data	Precentral_L	Precentral_R	Frontal_Sup_L	Frontal_Sup_R	Frontal_Sup_Orb_L	Frontal_Sup_Orb_R	Frontal_Mid_L	Frontal_Mid_R	Frontal_Mid_Orb_L	Frontal_Mid_Orb_R	Frontal_Inf_Oper_L	Frontal_Inf_Oper_R	Frontal_Inf_Tri_L	Frontal_Inf_Tri_R	Frontal_Inf_Orb_L	Frontal_Inf_Orb_R	Rolandic_Oper_L	Rolandic_Oper_R	Supp_Motor_Area_L	Supp_Motor_Area_R	Olfactory_L	Olfactory_R	Frontal_Sup_Medial_L	Frontal_Sup_Medial_R	Frontal_Med_Orb_L	Frontal_Med_Orb_R	Rectus_L	Rectus_R	Insula_L	Insula_R	Cingulum_Ant_L	Cingulum_Ant_R	Cingulum_Mid_L	Cingulum_Mid_R	Cingulum_Post_L	Cingulum_Post_R	Hippocampus_L	Hippocampus_R	ParaHippocampal_L	ParaHippocampal_R	Amygdala_L	Amygdala_R	Calcarine_L	Calcarine_R	Cuneus_L	Cuneus_R	Lingual_L	Lingual_R	Occipital_Sup_L	Occipital_Sup_R	Occipital_Mid_L	Occipital_Mid_R	Occipital_Inf_L	Occipital_Inf_R	Fusiform_L	Fusiform_R	Postcentral_L	Postcentral_R	Parietal_Sup_L	Parietal_Sup_R	Parietal_Inf_L	Parietal_Inf_R	SupraMarginal_L	SupraMarginal_R	Angular_L	Angular_R	Precuneus_L	Precuneus_R	Paracentral_Lobule_L	Paracentral_Lobule_R	Caudate_L	Caudate_R	Putamen_L	Putamen_R	Pallidum_L	Pallidum_R	Thalamus_L	Thalamus_R	Heschl_L	Heschl_R	Temporal_Sup_L	Temporal_Sup_R	Temporal_Pole_Sup_L	Temporal_Pole_Sup_R	Temporal_Mid_L	Temporal_Mid_R	Temporal_Pole_Mid_L	Temporal_Pole_Mid_R	Temporal_Inf_L	Temporal_Inf_R	Cerebelum_Crus1_L	Cerebelum_Crus1_R	Cerebelum_Crus2_L	Cerebelum_Crus2_R	Cerebelum_3_L	Cerebelum_3_R	Cerebelum_4_5_L	Cerebelum_4_5_R	Cerebelum_6_L	Cerebelum_6_R	Cerebelum_7b_L	Cerebelum_7b_R	Cerebelum_8_L	Cerebelum_8_R	Cerebelum_9_L	Cerebelum_9_R	Cerebelum_10_L	Cerebelum_10_R	Vermis_1_2	Vermis_3	Vermis_4_5	Vermis_6	Vermis_7	Vermis_8	Vermis_9	Vermis_10	
472180	Precentral_L	0	3478	18416	6260	0	326	28296	398	0	0	20980	1510	3488	262	0	676	10646	390	4554	9918	0	0	118	290	0	0	0	0	14116	2176	234	540	1230	3024	6576	1568	2802	794	342	384	0	0	420	0	82	0	0	108	452	0	1294	0	216	0	140	94	33730	102	1126	122	7530	140	2946	154	828	0	2078	0	14108	4786	2172	2362	2246	804	546	0	5380	586	4372	0	1434	0	0	0	1150	76	0	0	528	76	0	0	0	0	0	0	0	0	0	0	0	0	0	0	0	0	0	0	0	110	0	0	0	0	0	0	
283992	Precentral_R	3478	0	2452	20166	0	0	1794	16206	0	0	206	6652	0	1510	0	0	524	4228	2162	6212	0	0	0	78	0	0	0	0	658	3180	0	0	0	298	0	548	126	3890	0	472	0	0	0	500	0	662	0	288	0	186	0	688	0	526	0	1974	1046	22874	0	3396	70	4928	0	8040	0	66	0	1644	758	5552	2148	1016	2056	1362	954	460	310	2228	138	338	0	1310	0	80	0	666	0	0	0	892	0	0	0	0	0	0	0	0	0	0	0	0	0	0	0	0	0	0	0	0	0	0	0	0	0	0	
780928	Frontal_Sup_L	18416	2452	0	10856	2850	1320	60958	1514	866	0	16244	3730	11856	1410	6280	1254	13398	1658	56020	9938	0	0	34894	4408	324	0	184	0	26278	4780	11566	3672	2088	1764	510	306	4130	702	1074	66	0	0	0	0	0	0	0	134	0	0	0	0	0	0	352	0	10062	0	320	82	1932	92	800	102	224	0	172	0	1338	240	8344	10928	18304	4596	3236	654	5736	202	1584	0	2280	0	208	254	122	0	0	0	260	0	0	0	0	0	0	0	0	0	0	0	0	0	0	0	0	0	0	0	0	140	0	0	0	0	0	0	
928804	Frontal_Sup_R	6260	20166	10856	0	0	12416	4102	31504	0	1224	2002	18088	1374	7754	406	6626	1452	17862	16820	64032	240	398	7722	38390	0	2230	0	688	4786	28150	4022	32270	1224	19544	146	452	770	6438	170	1060	304	66	0	100	0	0	0	222	0	0	0	82	0	174	256	2116	3214	6084	0	148	128	602	0	2398	0	0	84	214	240	236	2976	28692	2006	14418	1014	1146	1458	15142	126	928	448	2214	450	2294	0	520	0	0	232	1938	0	0	0	0	0	0	0	88	0	0	0	0	0	0	0	0	0	0	0	0	0	0	0	0	0	0	
123380	Frontal_Sup_Orb_L	0	0	2850	0	0	420	498	0	7872	0	0	0	466	0	10464	0	0	0	66	0	2474	1338	2540	72	3034	0	6294	562	5350	0	3334	0	0	0	0	0	0	0	248	0	188	0	0	0	0	0	0	0	0	0	0	0	0	0	0	0	0	0	0	0	0	0	0	0	0	0	0	0	0	0	3608	170	8106	0	0	0	0	0	0	0	0	0	1736	0	0	0	0	0	0	0	0	0	0	0	0	0	0	0	0	0	0	0	0	0	0	0	0	0	0	0	0	0	0	0	0	0	
191704	Frontal_Sup_Orb_R	326	0	1320	12416	420	0	414	418	0	3428	1030	340	656	508	352	3192	294	0	1244	1752	1176	2428	1590	10084	68	6622	650	7254	1828	3174	458	6518	486	0	0	0	0	0	0	0	0	0	0	0	0	0	0	0	0	0	0	0	0	0	0	0	0	0	0	0	0	0	0	0	0	0	0	0	0	0	1968	10830	882	10850	0	0	0	0	0	0	164	0	262	450	0	0	0	0	0	0	0	0	0	0	0	0	0	0	0	0	0	0	0	0	0	0	0	0	0	0	0	0	0	0	0	0	
499792	Frontal_Mid_L	28296	1794	60958	4102	498	414	0	456	1296	0	15574	4392	22576	486	7580	964	6790	920	5408	3546	0	0	12532	966	0	0	0	0	18812	5170	4630	880	1274	704	636	964	2152	920	392	186	0	0	0	0	0	0	0	0	0	0	0	0	0	0	166	142	8346	98	292	94	2080	102	780	104	224	0	146	0	448	400	1768	5028	3394	1492	844	210	4516	772	446	0	988	84	74	350	0	0	0	0	0	90	0	0	0	0	0	0	0	0	0	0	0	0	0	0	0	0	0	0	0	150	0	0	0	0	0	0	
252260	Frontal_Mid_R	398	16206	1514	31504	0	418	456	0	0	550	202	10364	0	11244	0	2040	330	4752	1582	2666	0	0	112	1548	0	0	0	0	470	9532	0	990	0	1344	0	240	332	3122	0	460	154	0	0	0	0	0	0	124	0	0	0	0	0	0	126	1450	0	5212	0	100	0	658	0	2082	0	0	0	118	0	148	702	2686	648	3306	152	690	294	3014	0	114	0	568	0	494	0	152	0	0	84	678	0	0	0	0	0	0	0	0	0	0	0	0	0	0	0	0	0	0	0	0	0	0	0	0	0	0	
64828	Frontal_Mid_Orb_L	0	0	866	0	7872	0	1296	0	0	0	0	0	2256	0	10496	0	0	0	0	0	208	188	182	0	174	0	712	0	3440	0	216	0	0	0	0	0	0	0	0	0	0	0	0	0	0	0	0	0	0	0	0	0	0	0	0	0	0	0	0	0	0	0	0	0	0	0	0	0	0	0	370	0	3628	0	0	0	0	0	0	0	0	0	510	0	0	0	0	0	0	0	0	0	0	0	0	0	0	0	0	0	0	0	0	0	0	0	0	0	0	0	0	0	0	0	0	0	
33272	Frontal_Mid_Orb_R	0	0	0	1224	0	3428	0	550	0	0	0	0	0	396	0	6750	0	0	0	98	0	76	0	106	0	136	0	480	72	1408	0	0	0	0	0	0	0	0	0	0	0	0	0	0	0	0	0	0	0	0	0	0	0	0	0	0	0	0	0	0	0	0	0	0	0	0	0	0	0	0	82	414	0	1416	0	0	0	0	0	0	0	0	0	0	0	0	0	0	0	0	0	0	0	0	0	0	0	0	0	0	0	0	0	0	0	0	0	0	0	0	0	0	0	0	0	0	
332480	Frontal_Inf_Oper_L	20980	206	16244	2002	0	1030	15574	202	0	0	0	2118	12040	418	130	388	18816	1042	5516	170	0	0	394	824	0	0	0	0	27402	2766	596	1288	216	0	120	86	1118	250	450	0	0	0	0	0	0	0	0	0	0	0	0	0	0	0	168	0	9146	0	300	0	1526	0	768	0	208	0	68	0	104	0	3982	4830	1416	2134	120	84	334	0	788	0	4522	0	3082	150	0	0	0	0	124	0	0	0	0	0	0	0	0	0	0	0	0	0	0	0	0	0	0	0	0	0	0	0	0	0	0	0	
429644	Frontal_Inf_Oper_R	1510	6652	3730	18088	0	340	4392	10364	0	0	2118	0	6850	14926	1344	304	360	18698	2778	10900	0	0	992	2602	0	116	0	0	9288	47178	1306	4388	120	6336	0	0	112	606	0	324	0	0	0	0	0	0	0	0	0	0	0	0	0	0	0	78	0	2650	0	0	0	132	0	228	0	0	0	0	0	0	7710	14470	794	4062	0	612	0	376	0	0	90	1926	930	4042	0	0	0	0	0	0	0	0	0	0	0	0	0	0	0	0	0	0	0	0	0	0	0	0	0	0	0	0	0	0	0	0	
309400	Frontal_Inf_Tri_L	3488	0	11856	1374	466	656	22576	0	2256	0	12040	6850	0	1360	17166	404	1006	1778	3272	66	0	0	2470	546	0	0	0	0	33098	7108	2876	1206	272	0	0	0	236	224	138	72	0	0	0	0	0	0	0	0	0	0	0	0	0	0	106	0	1174	0	0	0	0	0	0	0	0	0	0	0	0	0	6936	7430	1324	1022	0	84	0	0	0	0	210	80	750	724	0	0	0	0	0	0	0	0	0	0	0	0	0	0	0	0	0	0	0	0	0	0	0	0	0	0	0	0	0	0	0	0	
182816	Frontal_Inf_Tri_R	262	1510	1410	7754	0	508	486	11244	0	396	418	14926	1360	0	126	6702	150	2612	1364	2576	0	0	480	3226	0	120	0	0	1538	13288	486	4578	0	1362	0	0	0	192	0	132	0	0	0	0	0	0	0	0	0	0	0	0	0	0	0	0	0	222	0	0	0	0	0	0	0	0	0	0	0	0	2258	7162	394	1138	0	146	80	0	0	0	0	74	100	628	0	0	0	0	0	0	0	0	0	0	0	0	0	0	0	0	0	0	0	0	0	0	0	0	0	0	0	0	0	0	0	0	
207940	Frontal_Inf_Orb_L	0	0	6280	406	10464	352	7580	0	10496	0	130	1344	17166	126	0	144	0	226	990	162	2038	1002	602	116	78	0	2322	322	21186	1418	326	254	0	0	0	0	248	0	220	0	292	0	0	0	0	0	0	0	0	0	0	0	0	0	0	0	0	0	0	0	0	0	0	0	0	0	0	0	0	0	4338	2036	7804	394	0	74	0	0	0	0	0	0	2946	88	0	0	0	0	0	0	0	0	0	0	0	0	0	0	0	0	0	0	0	0	0	0	0	0	0	0	0	0	0	0	0	0	
116300	Frontal_Inf_Orb_R	676	0	1254	6626	0	3192	964	2040	0	6750	388	304	404	6702	144	0	170	0	648	1122	0	750	0	1874	0	350	0	580	740	10996	326	1088	0	130	0	0	120	0	0	0	0	0	0	0	0	0	0	0	0	0	0	0	0	0	0	0	0	0	0	0	0	0	0	0	0	0	0	0	0	0	836	6226	200	1784	0	0	96	0	0	0	0	0	0	670	0	0	0	0	0	0	0	0	0	0	0	0	0	0	0	0	0	0	0	0	0	0	0	0	0	0	0	0	0	0	0	0	
285784	Rolandic_Oper_L	10646	524	13398	1452	0	294	6790	330	0	0	18816	360	1006	150	0	170	0	278	7964	380	0	0	146	308	0	0	0	0	28380	706	180	398	312	0	478	196	2072	250	806	0	0	0	112	0	0	0	0	0	94	0	892	0	168	0	408	0	8994	0	1280	0	2208	0	790	0	916	0	882	0	1632	0	2778	2178	1608	1306	156	122	426	114	4590	0	12632	0	398	0	1054	0	0	0	364	0	0	0	0	0	0	0	0	0	0	0	0	0	0	0	0	0	0	0	0	0	0	0	0	0	0	0	
284836	Rolandic_Oper_R	390	4228	1658	17862	0	0	920	4752	0	0	1042	18698	1778	2612	226	0	278	0	792	10346	0	0	270	170	0	0	0	0	2840	31416	434	914	0	3504	0	76	0	2320	0	270	0	0	0	0	0	0	0	0	0	0	0	0	0	0	0	598	0	3364	0	144	0	190	0	3634	0	0	0	88	0	154	1770	2278	96	3810	0	372	88	804	0	4634	124	6294	296	4222	0	748	0	0	0	914	0	0	0	0	0	0	0	0	0	0	0	0	0	0	0	0	0	0	0	0	0	0	0	0	0	0	
573904	Supp_Motor_Area_L	4554	2162	56020	16820	66	1244	5408	1582	0	0	5516	2778	3272	1364	990	648	7964	792	0	34346	0	0	6822	9948	0	0	0	0	13668	2858	4516	10896	7228	20650	924	328	3366	302	692	0	0	0	0	0	0	0	0	80	0	0	0	0	0	0	238	0	1870	0	0	76	98	90	0	96	0	0	66	106	7310	688	7988	6990	13004	3048	4606	332	8804	190	1058	0	1456	0	230	94	86	218	0	0	230	176	0	0	0	0	0	0	0	0	0	0	0	0	0	0	0	0	0	0	0	0	0	0	0	0	0	0	
797364	Supp_Motor_Area_R	9918	6212	9938	64032	0	1752	3546	2666	0	98	170	10900	66	2576	162	1122	380	10346	34346	0	0	92	3242	14944	0	446	0	134	672	13484	4110	17458	2892	48544	616	4858	268	3066	0	532	88	0	106	2178	0	2276	342	640	0	1518	0	1094	0	730	66	1022	774	4324	0	2732	102	4770	0	8072	0	826	0	6122	9512	33736	3144	11806	1206	7316	888	902	1258	6268	0	850	0	2358	0	1006	0	4058	0	0	0	3004	0	0	0	0	0	0	0	0	0	0	0	0	0	0	0	0	0	0	0	0	0	0	0	0	0	0	
69804	Olfactory_L	0	0	0	240	2474	1176	0	0	208	0	0	0	0	0	2038	0	0	0	0	0	0	5150	0	212	80	610	3718	1566	2060	0	1756	1148	0	0	0	0	330	0	590	0	1086	0	0	0	0	0	0	0	0	0	0	0	0	0	140	0	0	0	0	0	0	0	0	0	0	0	0	0	0	0	6178	1534	1954	270	0	0	0	0	0	0	0	0	384	0	0	0	0	0	0	0	0	0	0	0	0	0	0	0	0	0	0	0	0	0	0	0	0	0	0	0	0	0	0	0	0	0	
86640	Olfactory_R	0	0	0	398	1338	2428	0	0	188	76	0	0	0	0	1002	750	0	0	0	92	5150	0	0	378	0	1604	3222	3696	108	1974	2206	2158	0	0	0	0	0	0	0	86	0	422	0	0	0	0	0	0	0	0	0	0	0	0	0	0	0	0	0	0	0	0	0	0	0	0	0	0	0	0	7522	4136	3422	842	0	0	0	0	0	0	0	0	0	122	0	0	0	0	0	0	0	0	0	0	0	0	0	0	0	0	0	0	0	0	0	0	0	0	0	0	0	0	0	0	0	0	
270556	Frontal_Sup_Medial_L	118	0	34894	7722	2540	1590	12532	112	182	0	394	992	2470	480	602	0	146	270	6822	3242	0	0	0	13862	1796	766	370	0	3246	830	15450	7660	3688	5822	0	0	0	0	0	0	0	0	0	0	0	0	0	0	0	0	0	0	0	0	0	0	90	0	0	0	0	0	0	0	0	0	0	0	0	0	2186	1646	2414	344	0	0	0	0	0	0	0	0	0	0	0	0	0	0	0	0	0	0	0	0	0	0	0	0	0	0	0	0	0	0	0	0	0	0	0	0	0	0	0	0	0	0	
366508	Frontal_Sup_Medial_R	290	78	4408	38390	72	10084	966	1548	0	106	824	2602	546	3226	116	1874	308	170	9948	14944	212	378	13862	0	154	5412	0	656	1496	3602	4424	26206	402	15318	0	0	0	0	0	0	0	0	0	0	0	0	0	0	0	0	0	0	0	0	0	0	0	0	0	0	0	0	0	0	0	0	0	0	0	0	970	11278	436	7488	0	0	0	96	0	0	152	0	212	0	0	0	0	0	0	0	0	0	0	0	0	0	0	0	0	0	0	0	0	0	0	0	0	0	0	0	0	0	0	0	0	0	
23644	Frontal_Med_Orb_L	0	0	324	0	3034	68	0	0	174	0	0	0	0	0	78	0	0	0	0	0	80	0	1796	154	0	298	1426	0	0	0	3238	0	0	0	0	0	0	0	0	0	0	0	0	0	0	0	0	0	0	0	0	0	0	0	0	0	0	0	0	0	0	0	0	0	0	0	0	0	0	0	584	0	568	0	0	0	0	0	0	0	0	0	0	0	0	0	0	0	0	0	0	0	0	0	0	0	0	0	0	0	0	0	0	0	0	0	0	0	0	0	0	0	0	0	0	0	
87700	Frontal_Med_Orb_R	0	0	0	2230	0	6622	0	0	0	136	0	116	0	120	0	350	0	0	0	446	610	1604	766	5412	298	0	136	4988	0	462	680	5538	0	0	0	0	0	0	0	0	0	0	0	0	0	0	0	0	0	0	0	0	0	0	0	0	0	0	0	0	0	0	0	0	0	0	0	0	0	0	726	7366	426	4818	0	0	0	0	0	0	0	0	0	0	0	0	0	0	0	0	0	0	0	0	0	0	0	0	0	0	0	0	0	0	0	0	0	0	0	0	0	0	0	0	0	0	
63120	Rectus_L	0	0	184	0	6294	650	0	0	712	0	0	0	0	0	2322	0	0	0	0	0	3718	3222	370	0	1426	136	0	888	432	0	3132	728	0	0	0	0	0	0	0	0	70	0	0	0	0	0	0	0	0	0	0	0	0	0	0	0	0	0	0	0	0	0	0	0	0	0	0	0	0	0	4336	780	1798	0	0	0	0	0	0	0	0	0	362	0	0	0	0	0	0	0	0	0	0	0	0	0	0	0	0	0	0	0	0	0	0	0	0	0	0	0	0	0	0	0	0	0	
59188	Rectus_R	0	0	0	688	562	7254	0	0	0	480	0	0	0	0	322	580	0	0	0	134	1566	3696	0	656	0	4988	888	0	74	930	224	430	0	0	0	0	0	0	0	0	0	0	0	0	0	0	0	0	0	0	0	0	0	0	0	0	0	0	0	0	0	0	0	0	0	0	0	0	0	0	1732	2000	948	1442	0	0	0	0	0	0	0	0	0	0	0	0	0	0	0	0	0	0	0	0	0	0	0	0	0	0	0	0	0	0	0	0	0	0	0	0	0	0	0	0	0	0	
764848	Insula_L	14116	658	26278	4786	5350	1828	18812	470	3440	72	27402	9288	33098	1538	21186	740	28380	2840	13668	672	2060	108	3246	1496	0	0	432	74	0	10438	2272	2752	484	86	2730	1064	17202	1182	5986	220	5438	0	582	0	0	0	0	156	0	0	886	0	228	0	3878	78	5146	0	540	0	1030	0	310	114	178	0	1602	0	1054	0	12750	13886	20144	4384	180	308	3760	486	9836	0	13908	126	7552	780	2656	0	0	0	3880	0	0	0	0	0	0	0	0	0	0	0	0	0	0	0	0	0	0	0	0	114	0	0	0	0	0	0	
618012	Insula_R	2176	3180	4780	28150	0	3174	5170	9532	0	1408	2766	47178	7108	13288	1418	10996	706	31416	2858	13484	0	1974	830	3602	0	462	0	930	10438	0	1596	5356	134	5652	0	534	170	8268	66	1624	0	1168	0	0	0	0	0	156	0	0	0	0	0	80	0	3884	66	1252	0	0	0	0	0	244	0	0	0	216	0	464	8216	17492	904	15304	0	470	582	3212	0	2088	266	7562	1110	6410	0	3058	0	0	0	4144	0	72	0	0	0	0	0	94	0	68	0	0	0	0	0	0	0	0	0	0	0	0	0	0	0	0	
228816	Cingulum_Ant_L	234	0	11566	4022	3334	458	4630	0	216	0	596	1306	2876	486	326	326	180	434	4516	4110	1756	2206	15450	4424	3238	680	3132	224	2272	1596	0	12494	4254	3740	90	0	0	0	0	0	0	0	0	0	0	0	0	0	0	0	0	0	0	0	0	0	126	0	0	0	0	0	0	0	0	0	0	0	0	0	9456	3040	6150	200	0	0	118	0	0	0	0	0	70	76	0	0	0	0	0	0	0	0	0	0	0	0	0	0	0	0	0	0	0	0	0	0	0	0	0	0	0	0	0	0	0	0	
401876	Cingulum_Ant_R	540	0	3672	32270	0	6518	880	990	0	0	1288	4388	1206	4578	254	1088	398	914	10896	17458	1148	2158	7660	26206	0	5538	728	430	2752	5356	12494	0	2368	19014	0	0	0	144	0	0	0	0	0	0	0	0	0	0	0	0	0	0	0	0	0	0	0	0	0	0	0	0	0	0	0	0	0	0	0	0	3082	17602	730	5486	0	0	0	0	0	0	180	0	356	168	0	0	0	0	0	0	0	0	0	0	0	0	0	0	0	0	0	0	0	0	0	0	0	0	0	0	0	0	0	0	0	0	
111792	Cingulum_Mid_L	1230	0	2088	1224	0	486	1274	0	0	0	216	120	272	0	0	0	312	0	7228	2892	0	0	3688	402	0	0	0	0	484	134	4254	2368	0	6650	3220	406	0	0	0	0	0	0	0	0	0	266	0	0	1800	332	1544	206	74	0	0	0	110	0	310	0	0	0	0	0	132	78	4194	526	5060	356	0	792	0	274	0	0	0	0	0	0	476	0	0	0	346	0	0	0	72	0	0	0	0	0	0	0	0	0	0	0	0	0	0	0	0	0	0	0	0	0	0	0	0	0	0	0	
414940	Cingulum_Mid_R	3024	298	1764	19544	0	0	704	1344	0	0	0	6336	0	1362	0	130	0	3504	20650	48544	0	0	5822	15318	0	0	0	0	86	5652	3740	19014	6650	0	412	4386	0	232	0	108	0	0	140	2638	0	3762	654	660	0	2778	0	1148	0	614	0	142	0	384	0	122	0	144	0	132	0	370	136	6692	4566	9788	474	456	0	798	0	0	146	122	0	0	0	468	0	754	0	368	0	0	0	390	0	0	0	0	0	0	0	0	0	0	0	0	0	0	0	0	0	0	0	0	0	0	0	0	0	0	
151492	Cingulum_Post_L	6576	0	510	146	0	0	636	0	0	0	120	0	0	0	0	0	478	0	924	616	0	0	0	0	0	0	0	0	2730	0	90	0	3220	412	0	9250	6802	3132	1490	678	0	0	2882	0	630	0	1922	392	1604	0	1920	0	264	0	222	330	912	0	0	0	408	0	502	0	0	0	11070	2012	6478	86	0	84	258	0	0	0	2882	244	1152	0	200	0	0	0	970	0	0	0	398	0	0	0	0	0	0	0	0	0	0	0	0	0	0	0	0	0	0	0	0	0	114	0	0	0	0	0	
163856	Cingulum_Post_R	1568	548	306	452	0	0	964	240	0	0	86	0	0	0	0	0	196	76	328	4858	0	0	0	0	0	0	0	0	1064	534	0	0	406	4386	9250	0	5194	9546	444	2060	0	0	0	1344	0	1068	312	2364	0	504	0	436	0	430	0	2646	0	420	0	80	0	80	0	86	0	0	872	11202	328	4248	0	84	270	82	0	0	6106	3012	230	0	74	94	0	0	160	1162	0	0	136	1228	0	0	0	0	0	0	0	72	0	0	0	0	0	0	0	0	0	0	0	0	292	0	0	0	0	0	
303064	Hippocampus_L	2802	126	4130	770	0	0	2152	332	0	0	1118	112	236	0	248	120	2072	0	3366	268	330	0	0	0	0	0	0	0	17202	170	0	0	0	0	6802	5194	0	2460	22112	336	11274	0	1784	0	0	0	3676	956	0	0	216	0	536	0	13228	100	386	0	0	0	0	0	0	0	0	0	3312	1166	0	0	356	490	11452	418	1216	0	7306	1278	2828	0	3656	0	922	0	1770	0	0	0	7846	0	434	0	0	0	162	88	774	0	792	0	96	0	70	0	0	0	0	0	0	388	98	0	0	0	0	0	
315808	Hippocampus_R	794	3890	702	6438	0	0	920	3122	0	0	250	606	224	192	0	0	250	2320	302	3066	0	0	0	0	0	0	0	0	1182	8268	0	144	0	232	3132	9546	2460	0	224	25748	78	8592	0	972	0	280	124	3734	0	0	0	0	0	256	100	22386	0	618	0	0	0	88	0	574	0	0	0	4980	0	740	114	410	284	9626	0	2574	5110	8484	92	568	188	1626	0	1512	76	1688	0	0	158	3966	0	606	0	0	0	138	0	2202	0	806	0	0	0	0	0	0	0	0	0	0	142	0	0	0	0	0	
168616	ParaHippocampal_L	342	0	1074	170	248	0	392	0	0	0	450	0	138	0	220	0	806	0	692	0	590	0	0	0	0	0	0	0	5986	66	0	0	0	0	1490	444	22112	224	0	0	5580	0	1300	0	0	0	3680	226	0	0	420	0	880	0	14610	0	0	0	0	0	0	0	0	0	0	0	2210	70	0	0	128	166	5516	154	0	0	954	260	0	0	1146	0	1446	0	318	0	482	0	4428	0	872	0	94	0	250	72	1576	0	1504	0	150	0	128	0	0	0	0	0	0	244	0	0	0	0	0	0	
172208	ParaHippocampal_R	384	472	66	1060	0	0	186	460	0	0	0	324	72	132	0	0	0	270	0	532	0	86	0	0	0	0	0	0	220	1624	0	0	0	108	678	2060	336	25748	0	0	0	9970	0	360	0	166	0	2472	0	0	0	0	0	68	0	16284	0	172	0	0	0	0	0	0	0	0	0	850	0	112	0	126	0	3870	0	1614	1580	3956	0	0	0	192	0	3842	0	198	0	658	0	974	0	368	0	0	0	150	0	2512	0	792	0	0	0	0	0	0	0	0	0	0	0	0	0	0	0	0	
69732	Amygdala_L	0	0	0	304	188	0	0	154	0	0	0	0	0	0	292	0	0	0	0	88	1086	0	0	0	0	0	70	0	5438	0	0	0	0	0	0	0	11274	78	5580	0	0	0	0	0	0	0	0	128	0	0	0	0	0	0	5050	0	0	0	0	0	0	0	0	0	0	0	0	0	0	0	0	0	1302	206	0	0	0	750	0	0	164	0	1080	0	80	0	78	0	1400	0	0	0	0	0	0	0	76	0	0	0	0	0	0	0	0	0	0	0	0	0	0	0	0	0	0	0	
56600	Amygdala_R	0	0	0	66	0	0	0	0	0	0	0	0	0	0	0	0	0	0	0	0	0	422	0	0	0	0	0	0	0	1168	0	0	0	0	0	0	0	8592	0	9970	0	0	0	0	0	0	0	0	0	0	0	0	0	0	0	4380	0	0	0	0	0	0	0	0	0	0	0	0	0	0	0	82	0	866	0	0	0	186	0	0	0	0	0	2568	0	0	0	0	0	0	0	0	0	0	0	0	0	0	0	0	0	0	0	0	0	0	0	0	0	0	0	0	0	0	0	0	
304220	Calcarine_L	420	0	0	0	0	0	0	0	0	0	0	0	0	0	0	0	112	0	0	106	0	0	0	0	0	0	0	0	582	0	0	0	0	140	2882	0	1784	0	1300	0	0	0	0	12722	14106	11210	21466	2298	9824	5196	24030	1564	8378	392	4816	574	202	0	0	0	122	0	0	0	134	0	17520	958	290	134	0	0	0	0	0	0	0	0	380	0	68	0	0	0	3008	0	0	0	1488	68	354	150	0	0	0	0	436	216	568	364	0	0	0	0	0	0	0	0	0	0	428	1164	156	0	0	0	
369636	Calcarine_R	0	500	0	100	0	0	0	0	0	0	0	0	0	0	0	0	0	0	0	2178	0	0	0	0	0	0	0	0	0	0	0	0	0	2638	0	1344	0	972	0	360	0	0	12722	0	2492	30708	3794	22574	0	26662	0	16982	0	11586	0	9196	0	1618	0	336	0	226	0	252	0	290	920	22276	348	3400	0	0	0	0	0	0	0	0	0	0	0	0	0	0	0	2974	0	0	0	6396	0	0	0	0	0	0	0	0	0	118	0	0	0	0	0	0	0	0	0	0	0	856	0	0	0	0	
139532	Cuneus_L	82	0	0	0	0	0	0	0	0	0	0	0	0	0	0	0	0	0	0	0	0	0	0	0	0	0	0	0	0	0	0	0	0	0	630	0	0	0	0	0	0	0	14106	2492	0	3698	3374	70	15218	426	12518	114	1446	0	408	0	90	0	788	0	0	0	0	0	372	0	9240	388	604	0	0	0	0	0	0	0	0	0	0	0	172	0	0	0	2438	0	0	0	808	0	0	0	0	0	0	0	0	0	98	0	0	0	0	0	0	0	0	0	0	0	0	186	0	0	0	0	
340680	Cuneus_R	0	662	0	0	0	0	0	0	0	0	0	0	0	0	0	0	0	0	0	2276	0	0	0	0	0	0	0	0	0	0	0	0	266	3762	0	1068	0	280	0	166	0	0	11210	30708	3698	0	2558	8960	136	35394	114	12194	0	3182	0	2334	0	3280	0	4840	0	1170	0	972	0	1996	3654	27772	522	4764	0	0	0	0	0	0	0	0	0	0	0	0	0	0	0	600	0	0	0	1208	0	0	0	0	0	0	0	0	0	0	0	0	0	0	0	0	0	0	0	0	0	594	0	0	0	0	
370956	Lingual_L	0	0	0	0	0	0	0	0	0	0	0	0	0	0	0	0	0	0	0	342	0	0	0	0	0	0	0	0	0	0	0	0	0	654	1922	312	3676	124	3680	0	0	0	21466	3794	3374	2558	0	5346	5822	3112	22020	682	11204	190	24166	1206	0	0	0	0	0	0	0	0	0	0	7242	1294	160	400	0	0	0	0	0	0	382	0	0	0	0	0	0	0	936	0	0	0	690	74	7802	958	164	70	164	412	15832	2446	13822	2642	126	0	542	438	622	0	0	0	0	302	7654	3550	1004	0	0	100	
425864	Lingual_R	108	288	134	222	0	0	0	124	0	0	0	0	0	0	0	0	0	0	80	640	0	0	0	0	0	0	0	0	156	156	0	0	0	660	392	2364	956	3734	226	2472	128	0	2298	22574	70	8960	5346	0	0	10912	172	5806	406	6652	2174	24738	0	616	0	158	0	104	0	156	0	108	98	11942	70	876	0	0	176	0	0	0	406	802	0	0	0	0	0	0	0	1894	0	0	146	3488	5910	6598	720	1112	166	128	3480	13498	7826	13964	258	166	1270	496	402	414	120	0	0	106	12716	14258	3988	464	446	438	
200532	Occipital_Sup_L	452	0	0	0	0	0	0	0	0	0	0	0	0	0	0	0	94	0	0	0	0	0	0	0	0	0	0	0	0	0	0	0	1800	0	1604	0	0	0	0	0	0	0	9824	0	15218	136	5822	0	0	0	33776	0	888	0	164	0	1258	0	9734	0	1596	0	0	0	314	0	14420	288	2576	0	0	0	0	0	0	0	0	0	0	0	100	0	0	0	126	0	0	0	76	0	0	0	0	0	0	0	0	0	0	0	0	0	0	0	0	0	0	0	0	0	0	0	0	0	0	0	
354476	Occipital_Sup_R	0	186	0	0	0	0	0	0	0	0	0	0	0	0	0	0	0	0	0	1518	0	0	0	0	0	0	0	0	0	0	0	0	332	2778	0	504	0	0	0	0	0	0	5196	26662	426	35394	3112	10912	0	0	0	24558	0	5068	0	4088	0	2452	0	8524	0	1832	0	1386	0	4588	1622	26168	400	3686	0	0	0	0	0	0	0	0	0	0	0	336	0	0	0	2794	0	0	0	1992	0	0	0	0	0	0	0	0	0	0	0	0	0	0	0	0	0	0	0	0	0	724	0	0	0	0	
491988	Occipital_Mid_L	1294	0	0	0	0	0	0	0	0	0	0	0	0	0	0	0	892	0	0	0	0	0	0	0	0	0	0	0	886	0	0	0	1544	0	1920	0	216	0	420	0	0	0	24030	0	12518	114	22020	172	33776	0	0	0	24370	0	7958	0	2932	0	9942	0	11462	0	682	0	21288	0	20654	280	5616	0	0	0	0	0	0	0	0	0	818	0	5046	0	0	0	26660	0	0	0	5198	0	1116	0	0	0	0	0	418	80	842	146	0	0	0	0	0	0	0	0	0	0	334	220	130	0	0	0	
283464	Occipital_Mid_R	0	688	0	82	0	0	0	0	0	0	0	0	0	0	0	0	0	0	0	1094	0	0	0	0	0	0	0	0	0	0	0	0	206	1148	0	436	0	0	0	0	0	0	1564	16982	114	12194	682	5806	0	24558	0	0	0	14160	0	4146	0	2858	0	4806	0	3610	0	2570	0	13168	592	11224	82	2706	0	0	0	0	0	0	0	0	0	0	0	262	0	0	0	11724	0	0	0	3978	0	0	0	0	0	0	0	0	0	0	0	0	0	0	0	0	0	0	0	0	0	292	0	0	0	0	
171756	Occipital_Inf_L	216	0	0	0	0	0	0	0	0	0	0	0	0	0	0	0	168	0	0	0	0	0	0	0	0	0	0	0	228	0	0	0	74	0	264	0	536	0	880	0	0	0	8378	0	1446	0	11204	406	888	0	24370	0	0	0	10312	72	94	0	0	0	104	0	0	0	646	0	6112	0	220	0	0	0	0	0	0	0	162	0	220	0	570	0	0	0	5000	0	0	0	6640	0	1760	0	0	0	0	0	914	186	2082	220	0	0	0	0	0	0	0	0	0	0	712	614	180	0	0	0	
168952	Occipital_Inf_R	0	526	0	174	0	0	0	0	0	0	0	0	0	0	0	0	0	0	0	730	0	0	0	0	0	0	0	0	0	80	0	0	0	614	0	430	0	256	0	68	0	0	392	11586	0	3182	190	6652	0	5068	0	14160	0	0	0	9358	0	1506	0	910	0	930	0	638	0	734	0	6086	0	1010	0	0	0	0	0	0	0	118	0	0	0	198	0	0	0	7360	0	0	0	10500	0	230	0	0	0	0	0	0	0	244	0	0	0	0	0	0	0	0	0	0	0	472	74	0	0	0	
485368	Fusiform_L	140	0	352	256	0	0	166	126	0	0	168	0	106	0	0	0	408	0	238	66	140	0	0	0	0	0	0	0	3878	0	0	0	0	0	222	0	13228	100	14610	0	5050	0	4816	0	408	0	24166	2174	164	0	7958	0	10312	0	0	638	0	0	0	0	0	0	0	0	0	0	4048	0	0	0	80	104	2628	168	0	0	594	514	84	0	2438	0	4258	0	3196	0	1130	0	16014	0	29700	852	1132	0	1204	360	25084	2644	40048	2406	1598	0	2246	526	392	0	188	0	0	262	5978	2054	864	0	0	0	
482104	Fusiform_R	94	1974	0	2116	0	0	142	1450	0	0	0	78	0	0	0	0	0	598	0	1022	0	0	0	0	0	0	0	0	78	3884	0	0	0	142	330	2646	100	22386	0	16284	0	4380	574	9196	0	2334	1206	24738	0	4088	0	4146	72	9358	638	0	0	434	0	114	0	86	0	408	0	0	0	6202	0	644	0	0	0	2136	0	578	476	3018	0	198	0	2826	0	6020	0	6148	0	1044	0	18918	998	17172	88	1328	0	746	1220	14106	1570	23868	0	446	186	1630	128	318	0	0	0	0	4748	5754	2492	360	316	274	
292376	Postcentral_L	33730	1046	10062	3214	0	0	8346	0	0	0	9146	0	1174	0	0	0	8994	0	1870	774	0	0	90	0	0	0	0	0	5146	66	126	0	110	0	912	0	386	0	0	0	0	0	202	0	90	0	0	0	1258	0	2932	0	94	0	0	0	0	0	8694	0	18890	0	7128	0	2498	0	4058	0	8332	112	166	138	274	68	0	0	520	0	2632	0	2322	0	0	0	512	0	0	0	76	0	0	0	0	0	0	0	0	0	0	0	0	0	0	0	0	0	0	0	0	0	0	0	0	0	0	0	
227208	Postcentral_R	102	22874	0	6084	0	0	98	5212	0	0	0	2650	0	222	0	0	0	3364	0	4324	0	0	0	0	0	0	0	0	0	1252	0	0	0	384	0	420	0	618	0	172	0	0	0	1618	0	3280	0	616	0	2452	0	2858	0	1506	0	434	0	0	0	8914	0	11038	0	12188	0	616	0	7112	92	8656	0	116	66	634	0	438	82	272	0	816	0	674	0	0	0	944	0	0	0	406	0	0	0	0	0	0	0	0	0	0	0	0	0	0	0	0	0	0	0	0	0	0	0	0	0	0	
128568	Parietal_Sup_L	1126	0	320	0	0	0	292	0	0	0	300	0	0	0	0	0	1280	0	0	0	0	0	0	0	0	0	0	0	540	0	0	0	310	0	0	0	0	0	0	0	0	0	0	0	788	0	0	0	9734	0	9942	0	0	0	0	0	8694	0	0	0	12104	0	1126	0	1556	0	9560	166	3536	0	0	0	0	0	0	0	0	0	166	0	1898	0	0	0	846	0	0	0	0	0	0	0	0	0	0	0	0	0	0	0	0	0	0	0	0	0	0	0	0	0	0	0	0	0	0	0	
211124	Parietal_Sup_R	122	3396	82	148	0	0	94	100	0	0	0	0	0	0	0	0	0	144	76	2732	0	0	0	0	0	0	0	0	0	0	0	0	0	122	0	80	0	0	0	0	0	0	0	336	0	4840	0	158	0	8524	0	4806	0	910	0	114	0	8914	0	0	0	19626	0	17192	0	10412	310	9410	70	4008	318	0	84	116	0	0	0	0	0	100	0	1170	0	0	0	5212	0	0	0	1836	0	0	0	0	0	0	0	0	0	0	0	0	0	0	0	0	0	0	0	0	0	0	0	0	0	0	
206108	Parietal_Inf_L	7530	70	1932	128	0	0	2080	0	0	0	1526	0	0	0	0	0	2208	0	98	102	0	0	0	0	0	0	0	0	1030	0	0	0	0	0	408	0	0	0	0	0	0	0	122	0	0	0	0	0	1596	0	11462	0	104	0	0	0	18890	0	12104	0	0	0	11850	0	17102	0	2392	0	3320	0	0	90	76	0	0	0	0	0	302	0	3892	0	0	0	2562	0	0	0	78	0	0	0	0	0	0	0	0	0	0	0	0	0	0	0	0	0	0	0	0	0	0	0	0	0	0	0	
216316	Parietal_Inf_R	140	4928	92	602	0	0	102	658	0	0	0	132	0	0	0	0	0	190	90	4770	0	0	0	0	0	0	0	0	0	0	0	0	0	144	0	80	0	88	0	0	0	0	0	226	0	1170	0	104	0	1832	0	3610	0	930	0	86	0	11038	0	19626	0	0	0	26982	0	15204	0	2432	72	3598	330	0	112	126	0	0	0	0	0	110	0	1136	0	0	0	5422	0	0	0	1996	0	0	0	0	0	0	0	0	0	0	0	0	0	0	0	0	0	0	0	0	0	0	0	0	0	0	
100860	SupraMarginal_L	2946	0	800	0	0	0	780	0	0	0	768	0	0	0	0	0	790	0	0	0	0	0	0	0	0	0	0	0	310	0	0	0	0	0	502	0	0	0	0	0	0	0	0	0	0	0	0	0	0	0	682	0	0	0	0	0	7128	0	1126	0	11850	0	0	0	7490	0	924	0	2170	0	0	0	0	0	0	0	0	0	100	0	7678	0	0	0	4386	0	0	0	0	0	0	0	0	0	0	0	0	0	0	0	0	0	0	0	0	0	0	0	0	0	0	0	0	0	0	0	
266948	SupraMarginal_R	154	8040	102	2398	0	0	104	2082	0	0	0	228	0	0	0	0	0	3634	96	8072	0	0	0	0	0	0	0	0	114	244	0	0	0	132	0	86	0	574	0	0	0	0	0	252	0	972	0	156	0	1386	0	2570	0	638	0	408	0	12188	0	17192	0	26982	0	0	0	14060	0	2102	70	6464	344	0	110	154	0	0	0	112	0	562	0	6202	0	0	0	8964	0	0	0	5526	0	0	0	0	0	0	0	0	0	0	0	0	0	0	0	0	0	0	0	0	0	0	0	0	0	0	
151840	Angular_L	828	0	224	0	0	0	224	0	0	0	208	0	0	0	0	0	916	0	0	0	0	0	0	0	0	0	0	0	178	0	0	0	132	0	0	0	0	0	0	0	0	0	134	0	372	0	0	0	314	0	21288	0	646	0	0	0	2498	0	1556	0	17102	0	7490	0	0	0	1474	0	3062	0	0	0	0	0	0	0	0	0	0	0	5256	0	0	0	11756	0	0	0	262	0	0	0	0	0	0	0	0	0	0	0	0	0	0	0	0	0	0	0	0	0	0	0	0	0	0	0	
162520	Angular_R	0	66	0	0	0	0	0	0	0	0	0	0	0	0	0	0	0	0	0	826	0	0	0	0	0	0	0	0	0	0	0	0	78	370	0	0	0	0	0	0	0	0	0	290	0	1996	0	108	0	4588	0	13168	0	734	0	0	0	616	0	10412	0	15204	0	14060	0	0	0	3154	76	1382	0	0	0	0	0	0	0	0	0	0	0	3002	0	0	0	9364	0	0	0	1766	0	0	0	0	0	0	0	0	0	0	0	0	0	0	0	0	0	0	0	0	0	0	0	0	0	0	
308856	Precuneus_L	2078	0	172	84	0	0	146	0	0	0	68	0	0	0	0	0	882	0	66	0	0	0	0	0	0	0	0	0	1602	0	0	0	4194	136	11070	872	3312	0	2210	0	0	0	17520	920	9240	3654	7242	98	14420	1622	20654	592	6112	0	4048	0	4058	0	9560	310	2392	0	924	0	1474	0	0	6228	7386	0	0	0	0	0	0	0	0	0	976	0	1262	0	0	0	4734	0	0	0	1728	0	0	0	0	0	0	0	244	0	68	0	0	0	0	0	0	0	0	0	0	0	70	0	0	0	0	0	
421984	Precuneus_R	0	1644	0	214	0	0	0	118	0	0	0	0	0	0	0	0	0	88	106	6122	0	0	0	0	0	0	0	0	0	216	0	0	526	6692	2012	11202	1166	4980	70	850	0	0	958	22276	388	27772	1294	11942	288	26168	280	11224	0	6086	0	6202	0	7112	166	9410	0	2432	0	2102	0	3154	6228	0	666	13336	0	0	0	0	0	0	250	188	0	0	0	716	0	0	0	6910	0	0	0	6886	0	0	0	0	0	0	0	152	0	0	0	0	0	0	0	0	0	0	0	0	400	0	0	0	0	0	
219052	Paracentral_Lobule_L	14108	758	1338	240	0	0	448	0	0	0	104	0	0	0	0	0	1632	0	7310	9512	0	0	0	0	0	0	0	0	1054	0	0	0	5060	4566	6478	328	0	0	0	0	0	0	290	348	604	522	160	70	2576	400	5616	82	220	0	0	0	8332	92	3536	70	3320	72	2170	70	3062	76	7386	666	0	4474	1086	0	152	0	0	0	3204	0	328	0	2522	0	0	0	3594	272	0	0	998	220	0	0	0	0	0	0	0	0	0	0	0	0	0	0	0	0	0	0	0	0	0	0	0	0	0	0	
263172	Paracentral_Lobule_R	4786	5552	240	236	0	0	400	148	0	0	0	0	0	0	0	0	0	154	688	33736	0	0	0	0	0	0	0	0	0	464	0	0	356	9788	86	4248	0	740	0	112	0	0	134	3400	0	4764	400	876	0	3686	0	2706	0	1010	0	644	112	8656	0	4008	0	3598	0	6464	0	1382	0	13336	4474	0	1198	212	66	0	0	0	642	254	0	102	0	1316	0	0	0	3972	0	0	0	2440	0	0	0	0	0	0	0	0	0	0	0	0	0	0	0	0	0	0	0	0	0	0	0	0	0	0	
362604	Caudate_L	2172	2148	8344	2976	3608	1968	1768	702	370	82	3982	7710	6936	2258	4338	836	2778	1770	7988	3144	6178	7522	2186	970	584	726	4336	1732	12750	8216	9456	3082	0	474	0	0	356	114	128	0	0	0	0	0	0	0	0	0	0	0	0	0	0	0	80	0	166	0	0	318	0	330	0	344	0	0	0	0	1086	1198	0	17282	19672	2526	2424	228	7450	114	116	0	1056	0	1432	696	0	0	0	0	96	0	0	0	0	0	0	0	0	0	0	0	0	0	0	0	0	0	0	0	0	0	0	0	0	0	0	0	
550664	Caudate_R	2362	1016	10928	28692	170	10830	5028	2686	0	414	4830	14470	7430	7162	2036	6226	2178	2278	6990	11806	1534	4136	1646	11278	0	7366	780	2000	13886	17492	3040	17602	792	456	84	84	490	410	166	126	0	82	0	0	0	0	0	0	0	0	0	0	0	0	104	0	138	116	0	0	90	0	0	0	0	0	0	0	0	212	17282	0	4106	21008	214	1844	984	14404	98	0	866	82	1642	984	0	0	0	0	176	0	0	0	0	0	0	0	0	0	0	0	0	0	0	0	0	0	0	0	0	0	0	0	0	0	0	0	
342972	Putamen_L	2246	2056	18304	2006	8106	882	3394	648	3628	0	1416	794	1324	394	7804	200	1608	96	13004	1206	1954	3422	2414	436	568	426	1798	948	20144	904	6150	730	0	0	258	270	11452	284	5516	0	1302	0	0	0	0	0	0	176	0	0	0	0	0	0	2628	0	274	66	0	84	76	112	0	110	0	0	0	0	152	66	19672	4106	0	672	7034	138	3688	346	98	0	1258	0	1240	0	238	0	0	0	986	0	0	0	0	0	0	0	0	0	0	0	0	0	0	0	0	0	0	0	0	174	0	0	0	0	0	0	
322444	Putamen_R	804	1362	4596	14418	0	10850	1492	3306	0	1416	2134	4062	1022	1138	394	1784	1306	3810	3048	7316	270	842	344	7488	0	4818	0	1442	4384	15304	200	5486	274	798	0	82	418	9626	154	3870	206	866	0	0	0	0	0	0	0	0	0	0	0	0	168	2136	68	634	0	116	0	126	0	154	0	0	0	0	0	0	2526	21008	672	0	0	3890	232	4328	0	244	692	270	508	500	74	214	0	0	228	852	0	140	0	0	0	0	0	134	0	178	0	0	0	0	0	0	0	0	0	0	0	0	0	0	0	0	
50344	Pallidum_L	546	954	3236	1014	0	0	844	152	0	0	120	0	0	0	0	0	156	0	4606	888	0	0	0	0	0	0	0	0	180	0	0	0	0	0	0	0	1216	0	0	0	0	0	0	0	0	0	0	0	0	0	0	0	0	0	0	0	0	0	0	0	0	0	0	0	0	0	0	0	0	0	2424	214	7034	0	0	0	1588	0	0	0	0	0	0	0	0	0	0	0	0	0	0	0	0	0	0	0	0	0	0	0	0	0	0	0	0	0	0	0	0	0	0	0	0	0	0	0	
36132	Pallidum_R	0	460	654	1146	0	0	210	690	0	0	84	612	84	146	74	0	122	372	332	902	0	0	0	0	0	0	0	0	308	470	0	0	0	0	0	0	0	2574	0	1614	0	0	0	0	0	0	0	0	0	0	0	0	0	0	0	578	0	438	0	0	0	0	0	0	0	0	0	0	0	0	228	1844	138	3890	0	0	96	0	0	0	0	0	0	0	0	0	0	0	0	0	0	0	0	0	0	0	0	0	0	0	0	0	0	0	0	0	0	0	0	0	0	0	0	0	0	0	
179968	Thalamus_L	5380	310	5736	1458	0	0	4516	294	0	0	334	0	0	80	0	96	426	88	8804	1258	0	0	0	0	0	0	0	0	3760	582	118	0	0	146	2882	6106	7306	5110	954	1580	0	0	0	0	0	0	382	406	0	0	0	0	162	0	594	476	520	82	0	0	0	0	0	0	0	0	0	250	3204	642	7450	984	3688	232	1588	96	0	7498	390	0	702	0	0	0	854	76	0	0	1570	266	0	0	0	0	0	0	0	0	0	0	0	0	0	0	0	0	0	0	0	548	0	0	0	0	0	0	
173416	Thalamus_R	586	2228	202	15142	0	0	772	3014	0	0	0	376	0	0	0	0	114	804	190	6268	0	0	0	96	0	0	0	0	486	3212	0	0	0	122	244	3012	1278	8484	260	3956	750	186	0	0	0	0	0	802	0	0	0	0	0	118	514	3018	0	272	0	0	0	0	0	112	0	0	0	188	0	254	114	14404	346	4328	0	0	7498	0	0	0	80	338	0	0	0	236	0	0	340	1068	0	96	0	0	0	0	0	558	0	242	0	0	0	0	0	0	0	0	0	0	0	0	0	0	0	0	
80932	Heschl_L	4372	138	1584	126	0	0	446	0	0	0	788	0	0	0	0	0	4590	0	1058	0	0	0	0	0	0	0	0	0	9836	0	0	0	0	0	1152	230	2828	92	0	0	0	0	380	0	0	0	0	0	0	0	818	0	220	0	84	0	2632	0	166	0	302	0	100	0	0	0	976	0	328	0	116	98	98	0	0	0	390	0	0	0	3756	0	0	0	1964	0	0	0	798	0	0	0	0	0	0	0	0	0	0	0	0	0	0	0	0	0	0	0	0	0	0	0	0	0	0	0	
36336	Heschl_R	0	338	0	928	0	0	0	114	0	0	0	0	0	0	0	0	0	4634	0	850	0	0	0	0	0	0	0	0	0	2088	0	0	0	0	0	0	0	568	0	0	0	0	0	0	0	0	0	0	0	0	0	0	0	0	0	198	0	816	0	100	0	110	0	562	0	0	0	0	0	102	0	0	0	244	0	0	0	0	0	0	0	4358	0	0	0	1678	0	0	0	480	0	0	0	0	0	0	0	0	0	0	0	0	0	0	0	0	0	0	0	0	0	0	0	0	0	0	
278940	Temporal_Sup_L	1434	0	2280	448	0	164	988	0	0	0	4522	90	210	0	0	0	12632	124	1456	0	0	0	0	152	0	0	0	0	13908	266	0	180	476	0	200	74	3656	188	1146	0	164	0	68	0	172	0	0	0	100	0	5046	0	570	0	2438	0	2322	0	1898	0	3892	0	7678	0	5256	0	1262	0	2522	0	1056	866	1258	692	0	0	702	80	3756	0	0	0	4636	0	33034	0	0	0	15408	0	0	0	0	0	0	0	0	0	0	0	0	0	0	0	0	0	0	0	0	0	0	0	0	0	0	0	
149900	Temporal_Sup_R	0	1310	0	2214	0	0	84	568	0	0	0	1926	80	74	0	0	0	6294	0	2358	0	0	0	0	0	0	0	0	126	7562	0	0	0	468	0	94	0	1626	0	192	0	0	0	0	0	0	0	0	0	336	0	262	0	198	0	2826	0	674	0	1170	0	1136	0	6202	0	3002	0	716	0	1316	0	82	0	270	0	0	0	338	0	4358	0	0	0	4556	0	15848	0	1180	0	5504	0	0	0	0	0	0	0	0	0	0	0	0	0	0	0	0	0	0	0	0	0	0	0	0	0	0	
109428	Temporal_Pole_Sup_L	0	0	208	450	1736	262	74	0	510	0	3082	930	750	100	2946	0	398	296	230	0	384	0	0	212	0	0	362	0	7552	1110	70	356	0	0	0	0	922	0	1446	0	1080	0	0	0	0	0	0	0	0	0	0	0	0	0	4258	0	0	0	0	0	0	0	0	0	0	0	0	0	0	0	1432	1642	1240	508	0	0	0	0	0	0	4636	0	0	128	7146	0	1566	0	6692	0	0	0	0	0	0	0	0	0	0	0	0	0	0	0	0	0	0	0	0	0	0	0	0	0	0	0	
95096	Temporal_Pole_Sup_R	0	80	254	2294	0	450	350	494	0	0	150	4042	724	628	88	670	0	4222	94	1006	0	122	0	0	0	0	0	0	780	6410	76	168	0	754	0	0	0	1512	0	3842	0	2568	0	0	0	0	0	0	0	0	0	0	0	0	0	6020	0	0	0	0	0	0	0	0	0	0	0	0	0	0	696	984	0	500	0	0	0	0	0	0	0	4556	128	0	0	836	0	1598	0	452	0	0	0	0	0	0	0	0	0	0	0	0	0	0	0	0	0	0	0	0	0	0	0	0	0	0	
309212	Temporal_Mid_L	1150	0	122	0	0	0	0	0	0	0	0	0	0	0	0	0	1054	0	86	0	0	0	0	0	0	0	0	0	2656	0	0	0	346	0	970	160	1770	76	318	0	80	0	3008	0	2438	0	936	0	126	0	26660	0	5000	0	3196	0	512	0	846	0	2562	0	4386	0	11756	0	4734	0	3594	0	0	0	238	74	0	0	854	0	1964	0	33034	0	7146	0	0	0	1320	0	31434	0	0	0	0	0	0	0	0	0	0	0	0	0	0	0	0	0	0	0	0	0	0	0	0	0	0	0	
275616	Temporal_Mid_R	76	666	0	520	0	0	0	152	0	0	0	0	0	0	0	0	0	748	218	4058	0	0	0	0	0	0	0	0	0	3058	0	0	0	368	0	1162	0	1688	0	198	0	0	0	2974	0	600	0	1894	0	2794	0	11724	0	7360	0	6148	0	944	0	5212	0	5422	0	8964	0	9364	0	6910	272	3972	0	0	0	214	0	0	76	236	0	1678	0	15848	0	836	0	0	0	2018	0	29308	0	128	0	0	0	0	0	0	0	0	0	0	0	0	0	0	0	0	0	0	0	0	0	0	0	0	
11752	Temporal_Pole_Mid_L	0	0	0	0	0	0	0	0	0	0	0	0	0	0	0	0	0	0	0	0	0	0	0	0	0	0	0	0	0	0	0	0	0	0	0	0	0	0	482	0	78	0	0	0	0	0	0	0	0	0	0	0	0	0	1130	0	0	0	0	0	0	0	0	0	0	0	0	0	0	0	0	0	0	0	0	0	0	0	0	0	0	0	1566	0	1320	0	0	0	1300	0	0	0	0	0	0	0	0	0	0	0	0	0	0	0	0	0	0	0	0	0	0	0	0	0	0	0	
14456	Temporal_Pole_Mid_R	0	0	0	0	0	0	0	0	0	0	0	0	0	0	0	0	0	0	0	0	0	0	0	0	0	0	0	0	0	0	0	0	0	0	0	0	0	0	0	658	0	0	0	0	0	0	0	0	0	0	0	0	0	0	0	1044	0	0	0	0	0	0	0	0	0	0	0	0	0	0	0	0	0	0	0	0	0	0	0	0	0	1180	0	1598	0	2018	0	0	0	730	0	0	0	0	0	0	0	0	0	0	0	0	0	0	0	0	0	0	0	0	0	0	0	0	0	0	
244836	Temporal_Inf_L	528	0	260	232	0	0	0	84	0	0	124	0	0	0	0	0	364	0	230	0	0	0	0	0	0	0	0	0	3880	0	0	0	72	0	398	136	7846	158	4428	0	1400	0	1488	0	808	0	690	146	76	0	5198	0	6640	0	16014	0	76	0	0	0	78	0	0	0	262	0	1728	0	998	0	96	176	986	228	0	0	1570	340	798	0	15408	0	6692	0	31434	0	1300	0	0	0	4094	0	450	0	0	0	680	0	2020	0	490	0	1108	0	68	0	0	0	0	68	70	0	0	0	0	0	
254444	Temporal_Inf_R	76	892	0	1938	0	0	90	678	0	0	0	0	0	0	0	0	0	914	176	3004	0	0	0	0	0	0	0	0	0	4144	0	0	0	390	0	1228	0	3966	0	974	0	0	68	6396	0	1208	74	3488	0	1992	0	3978	0	10500	0	18918	0	406	0	1836	0	1996	0	5526	0	1766	0	6886	220	2440	0	0	0	852	0	0	266	1068	0	480	0	5504	0	452	0	29308	0	730	0	0	0	1356	0	118	0	0	0	334	0	286	0	66	0	234	0	0	0	0	0	0	0	0	0	0	0	0	
525856	Cerebelum_Crus1_L	0	0	0	0	0	0	0	0	0	0	0	0	0	0	0	0	0	0	0	0	0	0	0	0	0	0	0	0	0	0	0	0	0	0	0	0	434	0	872	0	0	0	354	0	0	0	7802	5910	0	0	1116	0	1760	0	29700	998	0	0	0	0	0	0	0	0	0	0	0	0	0	0	0	0	0	0	0	0	0	0	0	0	0	0	0	0	0	0	0	0	4094	0	0	3652	26216	2966	1598	256	23402	5242	59838	6256	15272	444	22698	1644	5700	1842	1748	214	746	1144	8274	9698	7238	972	1860	968	
436224	Cerebelum_Crus1_R	0	0	0	0	0	0	0	0	0	0	0	0	0	0	0	0	0	0	0	0	0	0	0	0	0	0	0	0	0	72	0	0	0	0	0	0	0	606	0	368	0	0	150	0	0	0	958	6598	0	0	0	0	0	230	852	17172	0	0	0	0	0	0	0	0	0	0	0	0	0	0	0	0	0	140	0	0	0	96	0	0	0	0	0	0	0	128	0	0	0	1356	3652	0	2062	31860	0	2248	2630	20412	2680	54410	692	9542	1090	22484	256	2640	0	470	74	942	9198	7054	10852	1974	1798	366	
312820	Cerebelum_Crus2_L	0	0	0	0	0	0	0	0	0	0	0	0	0	0	0	0	0	0	0	0	0	0	0	0	0	0	0	0	0	0	0	0	0	0	0	0	0	0	94	0	0	0	0	0	0	0	164	720	0	0	0	0	0	0	1132	88	0	0	0	0	0	0	0	0	0	0	0	0	0	0	0	0	0	0	0	0	0	0	0	0	0	0	0	0	0	0	0	0	450	0	26216	2062	0	7690	182	72	2012	1354	5532	2054	35978	4312	32330	6842	3588	2996	582	202	0	216	930	1320	9424	5254	2442	172	
294916	Cerebelum_Crus2_R	0	0	0	0	0	0	0	0	0	0	0	0	0	0	0	0	0	0	0	0	0	0	0	0	0	0	0	0	0	0	0	0	0	0	0	0	0	0	0	0	0	0	0	0	0	0	70	1112	0	0	0	0	0	0	0	1328	0	0	0	0	0	0	0	0	0	0	0	0	0	0	0	0	0	0	0	0	0	0	0	0	0	0	0	0	0	0	0	0	0	118	2966	31860	7690	0	0	154	242	2642	662	12038	3112	25634	2146	34142	160	3616	0	828	0	74	1154	1966	10070	2242	1236	196	
38500	Cerebelum_3_L	0	0	0	0	0	0	0	0	0	0	0	0	0	0	0	0	0	0	0	0	0	0	0	0	0	0	0	0	0	0	0	0	0	0	0	0	162	0	250	0	0	0	0	0	0	0	164	166	0	0	0	0	0	0	1204	0	0	0	0	0	0	0	0	0	0	0	0	0	0	0	0	0	0	0	0	0	0	0	0	0	0	0	0	0	0	0	0	0	0	0	1598	0	182	0	0	68	6494	66	3576	78	194	0	396	0	214	0	0	0	1348	1972	756	102	0	86	96	78	
53736	Cerebelum_3_R	0	0	0	0	0	0	0	0	0	0	0	0	0	0	0	0	0	0	0	0	0	0	0	0	0	0	0	0	0	0	0	0	0	0	0	0	88	138	72	150	0	0	0	0	0	0	412	128	0	0	0	0	0	0	360	746	0	0	0	0	0	0	0	0	0	0	0	0	0	0	0	0	0	0	0	0	0	0	0	0	0	0	0	0	0	0	0	0	0	0	256	2248	72	154	68	0	968	6482	484	5420	184	0	290	562	0	500	0	0	554	2778	2044	264	472	488	486	0	
372824	Cerebelum_4_5_L	0	0	0	0	0	0	0	0	0	0	0	0	0	0	0	0	0	0	0	0	0	0	0	0	0	0	0	0	0	0	0	0	0	0	0	0	774	0	1576	0	76	0	436	0	0	0	15832	3480	0	0	418	0	914	0	25084	1220	0	0	0	0	0	0	0	0	0	0	244	0	0	0	0	0	0	0	0	0	0	0	0	0	0	0	0	0	0	0	0	0	680	0	23402	2630	2012	242	6494	968	0	7058	42178	5436	2870	0	6156	986	3664	926	902	112	1866	3136	16884	4136	190	298	1302	1830	
359728	Cerebelum_4_5_R	0	0	0	88	0	0	0	0	0	0	0	0	0	0	0	0	0	0	0	0	0	0	0	0	0	0	0	0	0	94	0	0	0	0	0	72	0	2202	0	2512	0	0	216	0	0	0	2446	13498	0	0	80	0	186	0	2644	14106	0	0	0	0	0	0	0	0	0	0	0	152	0	0	0	0	0	134	0	0	0	558	0	0	0	0	0	0	0	0	0	0	0	334	5242	20412	1354	2642	66	6482	7058	0	7158	36678	1152	382	2612	3782	698	2816	204	80	376	2246	22392	7382	2748	2942	2738	900	
534612	Cerebelum_6_L	0	0	0	0	0	0	0	0	0	0	0	0	0	0	0	0	0	0	0	0	0	0	0	0	0	0	0	0	0	0	0	0	0	0	0	0	792	0	1504	0	0	0	568	0	98	0	13822	7826	0	0	842	0	2082	0	40048	1570	0	0	0	0	0	0	0	0	0	0	68	0	0	0	0	0	0	0	0	0	0	0	0	0	0	0	0	0	0	0	0	0	2020	0	59838	2680	5532	662	3576	484	42178	7158	0	6770	7360	0	14046	754	5850	1128	2088	138	1170	1868	14458	11910	3778	232	1268	1140	
505936	Cerebelum_6_R	0	0	0	0	0	0	0	0	0	0	0	0	0	0	0	0	0	0	0	0	0	0	0	0	0	0	0	0	0	68	0	0	0	0	0	0	0	806	0	792	0	0	364	118	0	0	2642	13964	0	0	146	0	220	244	2406	23868	0	0	0	0	0	0	0	0	0	0	0	0	0	0	0	0	0	178	0	0	0	242	0	0	0	0	0	0	0	0	0	0	0	286	6256	54410	2054	12038	78	5420	5436	36678	6770	0	992	2294	1814	11924	438	3674	156	200	330	1638	17128	14448	13684	3968	3700	1096	
309244	Cerebelum_7b_L	0	0	0	0	0	0	0	0	0	0	0	0	0	0	0	0	0	0	0	0	0	0	0	0	0	0	0	0	0	0	0	0	0	0	0	0	96	0	150	0	0	0	0	0	0	0	126	258	0	0	0	0	0	0	1598	0	0	0	0	0	0	0	0	0	0	0	0	0	0	0	0	0	0	0	0	0	0	0	0	0	0	0	0	0	0	0	0	0	490	0	15272	692	35978	3112	194	184	2870	1152	7360	992	0	3280	43492	6502	6622	3588	1866	156	310	664	1206	562	5476	7416	2736	222	
171652	Cerebelum_7b_R	0	0	0	0	0	0	0	0	0	0	0	0	0	0	0	0	0	0	0	0	0	0	0	0	0	0	0	0	0	0	0	0	0	0	0	0	0	0	0	0	0	0	0	0	0	0	0	166	0	0	0	0	0	0	0	446	0	0	0	0	0	0	0	0	0	0	0	0	0	0	0	0	0	0	0	0	0	0	0	0	0	0	0	0	0	0	0	0	0	66	444	9542	4312	25634	0	0	0	382	0	2294	3280	0	2228	28314	0	3162	0	146	0	0	144	84	2418	2620	144	0	
430816	Cerebelum_8_L	0	0	0	0	0	0	0	0	0	0	0	0	0	0	0	0	0	0	0	0	0	0	0	0	0	0	0	0	0	0	0	0	0	0	0	0	70	0	128	0	0	0	0	0	0	0	542	1270	0	0	0	0	0	0	2246	186	0	0	0	0	0	0	0	0	0	0	0	0	0	0	0	0	0	0	0	0	0	0	0	0	0	0	0	0	0	0	0	0	1108	0	22698	1090	32330	2146	396	290	6156	2612	14046	1814	43492	2228	0	7984	26654	7676	4720	262	634	1220	3458	2832	5816	12146	6306	852	
358152	Cerebelum_8_R	0	0	0	0	0	0	0	0	0	0	0	0	0	0	0	0	0	0	0	0	0	0	0	0	0	0	0	0	0	0	0	0	0	0	0	0	0	0	0	0	0	0	0	0	0	0	438	496	0	0	0	0	0	0	526	1630	0	0	0	0	0	0	0	0	0	0	0	0	0	0	0	0	0	0	0	0	0	0	0	0	0	0	0	0	0	0	0	0	0	234	1644	22484	6842	34142	0	562	986	3782	754	11924	6502	28314	7984	0	986	22978	0	2190	94	400	2024	1352	7120	9500	2868	320	
155284	Cerebelum_9_L	0	0	0	0	0	0	0	0	0	0	0	0	0	0	0	0	0	0	0	0	0	0	0	0	0	0	0	0	0	0	0	0	0	0	0	0	0	0	0	0	0	0	0	0	0	0	622	402	0	0	0	0	0	0	392	128	0	0	0	0	0	0	0	0	0	0	0	0	0	0	0	0	0	0	0	0	0	0	0	0	0	0	0	0	0	0	0	0	68	0	5700	256	3588	160	214	0	3664	698	5850	438	6622	0	26654	986	0	3032	6486	268	228	268	1572	1656	986	2438	3256	1010	
200748	Cerebelum_9_R	0	0	0	0	0	0	0	0	0	0	0	0	0	0	0	0	0	0	0	0	0	0	0	0	0	0	0	0	0	0	0	0	0	0	0	0	0	0	0	0	0	0	0	0	0	0	0	414	0	0	0	0	0	0	0	318	0	0	0	0	0	0	0	0	0	0	0	0	0	0	0	0	0	0	0	0	0	0	0	0	0	0	0	0	0	0	0	0	0	0	1842	2640	2996	3616	0	500	926	2816	1128	3674	3588	3162	7676	22978	3032	0	118	3734	208	648	1954	3630	5728	10212	9756	3080	
40324	Cerebelum_10_L	0	0	0	0	0	0	0	0	0	0	0	0	0	0	0	0	0	0	0	0	0	0	0	0	0	0	0	0	0	0	0	0	0	0	0	0	0	0	0	0	0	0	0	0	0	0	0	120	0	0	0	0	0	0	188	0	0	0	0	0	0	0	0	0	0	0	0	0	0	0	0	0	0	0	0	0	0	0	0	0	0	0	0	0	0	0	0	0	0	0	1748	0	582	0	0	0	902	204	2088	156	1866	0	4720	0	6486	118	0	0	0	72	330	288	0	0	222	72	
19480	Cerebelum_10_R	0	0	0	0	0	0	0	0	0	0	0	0	0	0	0	0	0	0	0	0	0	0	0	0	0	0	0	0	0	0	0	0	0	0	0	0	0	0	0	0	0	0	0	0	0	0	0	0	0	0	0	0	0	0	0	0	0	0	0	0	0	0	0	0	0	0	0	0	0	0	0	0	0	0	0	0	0	0	0	0	0	0	0	0	0	0	0	0	0	0	214	470	202	828	0	0	112	80	138	200	156	146	262	2190	268	3734	0	0	0	0	0	0	340	124	276	0	
