data	data	542996	280232	819124	739432	128224	73532	438452	222640	74160	38576	254716	195636	226424	149768	209776	102816	215252	143928	887272	795312	103060	107436	405732	330568	41712	92992	53984	110768	467200	259728	300684	494868	205620	576028	202984	209084	232940	276772	50600	100224	26604	44272	284708	557672	274476	328864	290620	376672	156200	375956	389636	254380	126392	101920	312896	325376	334896	274336	184608	185276	255644	116464	134496	75284	122724	129708	323988	548756	224732	231216	262288	350452	213248	326152	35588	34916	151492	191660	57520	25548	253848	114700	64912	46812	331260	263664	12736	11392	286296	271496	522596	345076	386260	241708	30284	81824	274392	190672	433372	359836	219416	69408	339656	258488	95968	70912	21600	12888	19264	75132	205140	187276	155140	95100	60184	30612	
data	data	Precentral_L	Precentral_R	Frontal_Sup_L	Frontal_Sup_R	Frontal_Sup_Orb_L	Frontal_Sup_Orb_R	Frontal_Mid_L	Frontal_Mid_R	Frontal_Mid_Orb_L	Frontal_Mid_Orb_R	Frontal_Inf_Oper_L	Frontal_Inf_Oper_R	Frontal_Inf_Tri_L	Frontal_Inf_Tri_R	Frontal_Inf_Orb_L	Frontal_Inf_Orb_R	Rolandic_Oper_L	Rolandic_Oper_R	Supp_Motor_Area_L	Supp_Motor_Area_R	Olfactory_L	Olfactory_R	Frontal_Sup_Medial_L	Frontal_Sup_Medial_R	Frontal_Med_Orb_L	Frontal_Med_Orb_R	Rectus_L	Rectus_R	Insula_L	Insula_R	Cingulum_Ant_L	Cingulum_Ant_R	Cingulum_Mid_L	Cingulum_Mid_R	Cingulum_Post_L	Cingulum_Post_R	Hippocampus_L	Hippocampus_R	ParaHippocampal_L	ParaHippocampal_R	Amygdala_L	Amygdala_R	Calcarine_L	Calcarine_R	Cuneus_L	Cuneus_R	Lingual_L	Lingual_R	Occipital_Sup_L	Occipital_Sup_R	Occipital_Mid_L	Occipital_Mid_R	Occipital_Inf_L	Occipital_Inf_R	Fusiform_L	Fusiform_R	Postcentral_L	Postcentral_R	Parietal_Sup_L	Parietal_Sup_R	Parietal_Inf_L	Parietal_Inf_R	SupraMarginal_L	SupraMarginal_R	Angular_L	Angular_R	Precuneus_L	Precuneus_R	Paracentral_Lobule_L	Paracentral_Lobule_R	Caudate_L	Caudate_R	Putamen_L	Putamen_R	Pallidum_L	Pallidum_R	Thalamus_L	Thalamus_R	Heschl_L	Heschl_R	Temporal_Sup_L	Temporal_Sup_R	Temporal_Pole_Sup_L	Temporal_Pole_Sup_R	Temporal_Mid_L	Temporal_Mid_R	Temporal_Pole_Mid_L	Temporal_Pole_Mid_R	Temporal_Inf_L	Temporal_Inf_R	Cerebelum_Crus1_L	Cerebelum_Crus1_R	Cerebelum_Crus2_L	Cerebelum_Crus2_R	Cerebelum_3_L	Cerebelum_3_R	Cerebelum_4_5_L	Cerebelum_4_5_R	Cerebelum_6_L	Cerebelum_6_R	Cerebelum_7b_L	Cerebelum_7b_R	Cerebelum_8_L	Cerebelum_8_R	Cerebelum_9_L	Cerebelum_9_R	Cerebelum_10_L	Cerebelum_10_R	Vermis_1_2	Vermis_3	Vermis_4_5	Vermis_6	Vermis_7	Vermis_8	Vermis_9	Vermis_10	
542996	Precentral_L	0	9870	15058	976	0	0	20480	0	0	0	7884	266	526	116	0	96	7550	0	8090	14086	156	0	0	0	0	0	0	0	9822	246	0	1042	278	6288	8984	3298	13790	1368	192	0	0	0	534	0	168	0	148	0	164	0	3018	0	492	0	1526	0	26824	316	2196	0	4036	0	1954	0	0	0	1868	0	22796	5754	7196	3886	7636	190	2560	160	22652	8136	4624	0	3572	0	0	0	5064	0	0	0	3566	0	0	0	0	0	0	0	0	0	0	0	0	0	0	0	0	0	0	0	0	0	0	0	0	0	0	0	
280232	Precentral_R	9870	0	262	7686	0	0	108	10870	0	0	0	8936	0	2808	0	0	0	3822	1028	7616	0	0	0	0	0	0	0	0	424	3908	0	0	184	994	4252	5578	3330	13152	0	582	0	0	0	226	0	0	0	336	0	352	0	112	0	172	0	1840	292	11962	0	704	0	360	0	950	0	126	0	1710	2762	7054	420	1288	0	5068	0	350	3530	8602	414	902	0	2270	0	0	116	894	0	0	0	1894	0	0	0	0	0	0	0	0	0	0	0	0	0	0	0	0	0	0	0	0	0	0	0	0	0	0	
819124	Frontal_Sup_L	15058	262	0	7528	8714	0	63616	204	6460	0	22546	610	18442	254	17896	0	15400	188	90248	11850	500	0	40374	3642	1740	0	292	0	30168	380	14432	2866	1902	4964	0	0	364	0	0	0	0	0	0	0	0	0	0	0	0	0	0	0	0	0	0	0	1882	0	198	0	154	0	0	0	0	0	0	0	2684	0	3572	1048	6412	284	732	0	108	0	306	0	9758	0	1524	0	0	0	0	0	0	0	0	0	0	0	0	0	0	0	0	0	0	0	0	0	0	0	0	0	0	0	0	0	0	0	0	0	
739432	Frontal_Sup_R	976	7686	7528	0	0	2482	952	30614	0	708	698	12864	0	8310	0	4366	0	8704	21590	59408	118	458	17086	37480	134	4714	0	1546	198	11148	5206	32432	8228	31102	0	0	0	2466	0	518	0	100	0	0	0	0	0	0	0	0	0	0	0	0	0	0	0	200	0	0	0	0	0	0	0	0	0	0	414	328	3026	13846	376	22284	0	3798	0	2762	0	504	0	1954	0	404	0	0	0	0	0	0	0	0	0	0	0	0	0	0	0	0	0	0	0	0	0	0	0	0	0	0	0	0	0	0	0	0	
128224	Frontal_Sup_Orb_L	0	0	8714	0	0	0	820	0	9248	0	152	0	778	0	9780	0	0	0	628	0	2610	538	4910	0	5128	250	6622	414	3270	0	6322	274	0	0	0	0	0	0	0	0	0	0	0	0	0	0	0	0	0	0	0	0	0	0	0	0	0	0	0	0	0	0	0	0	0	0	0	0	0	0	2224	150	692	0	0	0	0	0	0	0	0	0	588	0	0	0	0	0	0	0	0	0	0	0	0	0	0	0	0	0	0	0	0	0	0	0	0	0	0	0	0	0	0	0	0	0	
73532	Frontal_Sup_Orb_R	0	0	0	2482	0	0	0	2076	0	6638	0	0	0	234	0	6132	0	0	0	0	232	2436	0	2498	0	3808	0	5824	0	928	104	464	0	0	0	0	0	0	0	0	0	0	0	0	0	0	0	0	0	0	0	0	0	0	0	0	0	0	0	0	0	0	0	0	0	0	0	0	0	0	494	992	332	1092	0	0	0	0	0	0	0	0	0	0	0	0	0	0	0	0	0	0	0	0	0	0	0	0	0	0	0	0	0	0	0	0	0	0	0	0	0	0	0	0	0	0	
438452	Frontal_Mid_L	20480	108	63616	952	820	0	0	0	5944	0	11036	240	28294	210	12868	196	1192	0	22278	850	398	0	16566	1844	0	0	0	0	9818	246	4854	1640	826	1070	0	0	588	0	0	0	0	0	0	0	0	0	0	0	0	0	178	0	0	0	322	0	646	0	102	0	116	0	0	0	0	0	0	0	490	0	5274	1684	550	182	0	0	1130	132	0	0	602	0	314	0	182	0	0	0	388	0	0	0	0	0	0	0	0	0	0	0	0	0	0	0	0	0	0	0	0	0	0	0	0	0	0	0	
222640	Frontal_Mid_R	0	10870	204	30614	0	2076	0	0	0	3484	334	6784	182	10464	0	5582	0	3450	2034	4504	0	0	3660	5194	0	0	0	0	0	2818	110	1960	2640	5936	0	196	0	1420	0	140	0	0	0	0	0	0	0	0	0	0	0	0	0	0	0	0	0	486	0	0	0	0	0	0	0	0	0	206	0	0	262	400	0	3068	0	312	0	484	0	284	0	1162	0	0	0	0	0	0	0	0	0	0	0	0	0	0	0	0	0	0	0	0	0	0	0	0	0	0	0	0	0	0	0	0	0	0	
74160	Frontal_Mid_Orb_L	0	0	6460	0	9248	0	5944	0	0	0	0	0	1074	0	10410	0	0	0	830	0	0	0	442	0	662	0	1410	0	394	0	206	0	0	0	0	0	0	0	0	0	0	0	0	0	0	0	0	0	0	0	0	0	0	0	0	0	0	0	0	0	0	0	0	0	0	0	0	0	0	0	0	0	0	0	0	0	0	0	0	0	0	0	0	0	0	0	0	0	0	0	0	0	0	0	0	0	0	0	0	0	0	0	0	0	0	0	0	0	0	0	0	0	0	0	0	0	
38576	Frontal_Mid_Orb_R	0	0	0	708	0	6638	0	3484	0	0	0	0	0	414	0	7292	0	0	0	0	0	156	0	0	0	0	0	218	0	284	0	0	0	0	0	0	0	0	0	0	0	0	0	0	0	0	0	0	0	0	0	0	0	0	0	0	0	0	0	0	0	0	0	0	0	0	0	0	0	0	0	0	0	94	0	0	0	0	0	0	0	0	0	0	0	0	0	0	0	0	0	0	0	0	0	0	0	0	0	0	0	0	0	0	0	0	0	0	0	0	0	0	0	0	0	0	
254716	Frontal_Inf_Oper_L	7884	0	22546	698	152	0	11036	334	0	0	0	0	15246	816	1072	256	15158	0	16164	950	0	0	662	0	0	0	0	0	12614	322	1762	1390	0	204	0	0	0	0	0	0	0	0	0	0	0	0	0	0	0	0	0	0	0	0	0	0	744	0	0	0	0	0	0	0	0	0	0	0	0	0	2358	1966	1102	284	0	0	0	0	0	0	9770	0	1868	0	0	0	0	0	0	0	0	0	0	0	0	0	0	0	0	0	0	0	0	0	0	0	0	0	0	0	0	0	0	0	0	0	
195636	Frontal_Inf_Oper_R	266	8936	610	12864	0	0	240	6784	0	0	0	0	0	8266	0	538	0	7568	7318	12924	0	0	0	98	0	0	0	0	0	15320	0	170	330	776	0	218	0	1608	0	134	0	0	0	0	0	0	0	0	0	0	0	0	0	0	0	0	0	156	0	0	0	0	0	0	0	0	0	204	0	0	700	938	0	6632	0	274	0	662	0	862	0	738	0	1684	0	0	0	0	0	0	0	0	0	0	0	0	0	0	0	0	0	0	0	0	0	0	0	0	0	0	0	0	0	0	0	0	
226424	Frontal_Inf_Tri_L	526	0	18442	0	778	0	28294	182	1074	0	15246	0	0	312	17370	0	246	0	7250	212	0	0	1004	0	0	0	0	0	18084	114	2762	242	0	0	0	0	0	0	0	0	0	0	0	0	0	0	0	0	0	0	0	0	0	0	0	0	0	0	0	0	0	0	0	0	0	0	0	0	0	0	226	238	404	0	0	0	0	0	0	0	0	0	206	0	0	0	0	0	0	0	0	0	0	0	0	0	0	0	0	0	0	0	0	0	0	0	0	0	0	0	0	0	0	0	0	0	
149768	Frontal_Inf_Tri_R	116	2808	254	8310	0	234	210	10464	0	414	816	8266	312	0	0	7302	0	364	2406	4994	0	0	624	1026	0	0	0	0	0	13022	270	2970	370	2736	0	0	0	946	0	0	0	0	0	0	0	0	0	0	0	0	0	0	0	0	0	0	0	0	0	0	0	0	0	0	0	0	0	0	0	0	356	968	0	4326	0	0	0	0	0	0	0	0	0	0	0	0	0	0	0	0	0	0	0	0	0	0	0	0	0	0	0	0	0	0	0	0	0	0	0	0	0	0	0	0	0	0	
209776	Frontal_Inf_Orb_L	0	0	17896	0	9780	0	12868	0	10410	0	1072	0	17370	0	0	0	164	0	4552	0	2204	128	1270	0	0	0	536	104	19216	0	1932	0	0	0	0	0	0	0	186	0	0	0	0	0	0	0	0	0	0	0	0	0	0	0	0	0	0	0	0	0	0	0	0	0	0	0	0	0	0	0	1268	0	1884	0	0	0	0	0	0	0	96	0	1952	0	0	0	0	0	0	0	0	0	0	0	0	0	0	0	0	0	0	0	0	0	0	0	0	0	0	0	0	0	0	0	0	0	
102816	Frontal_Inf_Orb_R	96	0	0	4366	0	6132	196	5582	0	7292	256	538	0	7302	0	0	0	0	408	908	228	2196	256	476	0	0	0	2150	0	7990	0	810	116	364	0	0	0	0	0	0	0	0	0	0	0	0	0	0	0	0	0	0	0	0	0	0	0	0	0	0	0	0	0	0	0	0	0	0	0	0	350	1006	124	1970	0	0	0	0	0	0	0	106	0	190	0	0	0	0	0	0	0	0	0	0	0	0	0	0	0	0	0	0	0	0	0	0	0	0	0	0	0	0	0	0	0	0	
215252	Rolandic_Oper_L	7550	0	15400	0	0	0	1192	0	0	0	15158	0	246	0	164	0	0	0	14406	0	0	0	0	0	0	0	0	0	17316	0	234	0	172	0	0	0	258	0	0	0	0	0	0	0	0	0	0	0	0	0	0	0	0	0	388	0	6290	0	746	0	232	0	1472	0	0	0	166	0	774	0	698	220	316	0	0	0	0	0	2240	0	18242	0	1532	0	1182	0	0	0	1032	0	0	0	0	0	0	0	0	0	0	0	0	0	0	0	0	0	0	0	0	0	0	0	0	0	0	0	
143928	Rolandic_Oper_R	0	3822	188	8704	0	0	0	3450	0	0	0	7568	0	364	0	0	0	0	4210	8664	0	0	0	0	0	0	0	0	0	10134	0	0	0	0	0	0	0	1472	0	0	0	0	0	0	0	0	0	0	0	0	0	0	0	0	0	394	0	3978	0	0	0	0	0	3140	0	0	0	146	0	102	232	618	0	4148	0	654	0	466	0	1930	0	5478	0	1716	0	0	0	0	0	386	0	0	0	0	0	0	0	0	0	0	0	0	0	0	0	0	0	0	0	0	0	0	0	0	0	0	
887272	Supp_Motor_Area_L	8090	1028	90248	21590	628	0	22278	2034	830	0	16164	7318	7250	2406	4552	408	14406	4210	0	60320	178	0	15496	3908	0	0	0	0	20920	5128	12744	13122	17026	22012	1630	300	1264	118	0	0	0	0	238	0	256	0	0	0	0	0	0	0	0	0	0	0	2330	0	150	0	112	0	0	0	0	0	502	130	8172	576	10600	6256	16060	3972	4094	0	342	0	316	0	10234	134	630	926	0	0	0	0	0	0	0	0	0	0	0	0	0	0	0	0	0	0	0	0	0	0	0	0	0	0	0	0	0	0	0	0	
795312	Supp_Motor_Area_R	14086	7616	11850	59408	0	0	850	4504	0	0	950	12924	212	4994	0	908	0	8664	60320	0	0	0	2066	4772	0	0	0	0	366	11708	2990	17908	11208	48342	4962	8290	0	2028	0	302	0	0	238	746	210	0	0	432	0	0	0	0	0	0	0	574	154	5564	0	0	0	0	0	0	0	0	820	3740	12166	19432	3188	21104	414	14200	0	4824	106	4586	0	308	0	1316	0	1010	0	0	0	0	0	296	0	0	0	0	0	0	0	0	0	0	0	0	0	0	0	0	0	0	0	0	0	0	0	0	0	0	
103060	Olfactory_L	156	0	500	118	2610	232	398	0	0	0	0	0	0	0	2204	228	0	0	178	0	0	6010	106	138	500	480	3102	4354	4756	508	3498	3616	0	0	0	0	1002	0	904	0	1012	0	0	0	0	0	0	0	0	0	0	0	0	0	198	0	0	0	0	0	0	0	0	0	0	0	0	0	0	0	8000	1788	2530	354	0	0	0	0	0	0	238	0	1812	0	0	0	0	0	0	0	0	0	0	0	0	0	0	0	0	0	0	0	0	0	0	0	0	0	0	0	0	0	0	0	0	0	
107436	Olfactory_R	0	0	0	458	538	2436	0	0	0	156	0	0	0	0	128	2196	0	0	0	0	6010	0	0	658	188	1290	1780	7692	0	2916	2344	4352	0	0	0	0	0	0	0	0	0	178	0	0	0	0	0	0	0	0	0	0	0	0	0	0	0	0	0	0	0	0	0	0	0	0	0	0	0	0	8566	6060	4410	1362	0	0	0	0	0	0	0	0	0	0	0	0	0	0	0	0	0	0	0	0	0	0	0	0	0	0	0	0	0	0	0	0	0	0	0	0	0	0	0	0	0	0	
405732	Frontal_Sup_Medial_L	0	0	40374	17086	4910	0	16566	3660	442	0	662	0	1004	624	1270	256	0	0	15496	2066	106	0	0	20944	2818	1270	354	292	3654	226	15902	15582	10492	23176	0	0	0	0	0	0	0	0	0	0	0	0	0	0	0	0	0	0	0	0	0	0	0	0	0	0	0	0	0	0	0	0	0	0	0	0	542	374	2284	242	0	0	0	0	0	0	0	0	192	0	0	0	0	0	0	0	0	0	0	0	0	0	0	0	0	0	0	0	0	0	0	0	0	0	0	0	0	0	0	0	0	0	
330568	Frontal_Sup_Medial_R	0	0	3642	37480	0	2498	1844	5194	0	0	0	98	0	1026	0	476	0	0	3908	4772	138	658	20944	0	430	9390	98	3396	0	698	5408	25564	3796	20666	0	0	0	0	0	0	0	0	0	0	0	0	0	0	0	0	0	0	0	0	0	0	0	0	0	0	0	0	0	0	0	0	0	0	0	0	500	5194	210	7256	0	0	0	0	0	0	0	0	0	0	0	0	0	0	0	0	0	0	0	0	0	0	0	0	0	0	0	0	0	0	0	0	0	0	0	0	0	0	0	0	0	0	
41712	Frontal_Med_Orb_L	0	0	1740	134	5128	0	0	0	662	0	0	0	0	0	0	0	0	0	0	0	500	188	2818	430	0	1616	2002	308	0	0	3582	936	0	0	0	0	0	0	0	0	0	0	0	0	0	0	0	0	0	0	0	0	0	0	0	0	0	0	0	0	0	0	0	0	0	0	0	0	0	0	526	116	170	0	0	0	0	0	0	0	0	0	0	0	0	0	0	0	0	0	0	0	0	0	0	0	0	0	0	0	0	0	0	0	0	0	0	0	0	0	0	0	0	0	0	0	
92992	Frontal_Med_Orb_R	0	0	0	4714	250	3808	0	0	0	0	0	0	0	0	0	0	0	0	0	0	480	1290	1270	9390	1616	0	378	7382	0	0	3188	6374	0	96	0	0	0	0	0	0	0	0	0	0	0	0	0	0	0	0	0	0	0	0	0	0	0	0	0	0	0	0	0	0	0	0	0	0	0	0	762	2282	314	2902	0	0	0	0	0	0	0	0	0	0	0	0	0	0	0	0	0	0	0	0	0	0	0	0	0	0	0	0	0	0	0	0	0	0	0	0	0	0	0	0	0	0	
53984	Rectus_L	0	0	292	0	6622	0	0	0	1410	0	0	0	0	0	536	0	0	0	0	0	3102	1780	354	98	2002	378	0	1598	176	0	3676	1246	0	0	0	0	0	0	0	0	0	0	0	0	0	0	0	0	0	0	0	0	0	0	0	0	0	0	0	0	0	0	0	0	0	0	0	0	0	0	3132	300	290	0	0	0	0	0	0	0	0	0	0	0	0	0	0	0	0	0	0	0	0	0	0	0	0	0	0	0	0	0	0	0	0	0	0	0	0	0	0	0	0	0	0	0	
110768	Rectus_R	0	0	0	1546	414	5824	0	0	0	218	0	0	0	0	104	2150	0	0	0	0	4354	7692	292	3396	308	7382	1598	0	0	1640	2548	5958	0	94	0	0	0	0	0	0	0	0	0	0	0	0	0	0	0	0	0	0	0	0	0	0	0	0	0	0	0	0	0	0	0	0	0	0	0	0	4944	2394	2122	406	0	0	0	0	0	0	0	0	0	0	0	0	0	0	0	0	0	0	0	0	0	0	0	0	0	0	0	0	0	0	0	0	0	0	0	0	0	0	0	0	0	0	
467200	Insula_L	9822	424	30168	198	3270	0	9818	0	394	0	12614	0	18084	0	19216	0	17316	0	20920	366	4756	0	3654	0	0	0	176	0	0	0	5152	258	642	0	968	390	9608	322	1710	0	1828	0	176	0	0	0	0	0	0	0	100	0	0	0	2082	0	7764	0	172	0	0	0	1176	0	0	0	494	0	1154	0	3272	706	13726	0	0	0	490	408	5834	0	12298	0	6922	0	1806	0	218	0	2728	0	0	0	0	0	0	0	0	0	0	0	0	0	0	0	0	0	0	0	0	0	0	0	0	0	0	0	
259728	Insula_R	246	3908	380	11148	0	928	246	2818	0	284	322	15320	114	13022	0	7990	0	10134	5128	11708	508	2916	226	698	0	0	0	1640	0	0	148	1778	364	1172	0	864	0	5150	0	408	0	1416	0	0	0	0	0	0	0	0	0	0	0	0	0	932	0	1500	0	0	0	0	0	238	0	0	0	828	0	0	504	1420	0	16104	0	166	0	858	0	1326	0	2556	0	1398	0	386	0	0	0	664	0	0	0	0	0	0	0	0	0	0	0	0	0	0	0	0	0	0	0	0	0	0	0	0	0	0	
300684	Cingulum_Ant_L	0	0	14432	5206	6322	104	4854	110	206	0	1762	0	2762	270	1932	0	234	0	12744	2990	3498	2344	15902	5408	3582	3188	3676	2548	5152	148	0	17634	3382	5792	132	0	0	0	0	0	0	0	0	0	0	0	0	0	0	0	0	0	0	0	0	0	0	0	0	0	0	0	0	0	0	0	0	0	0	0	7680	5020	8526	2448	0	0	0	0	0	0	0	0	354	0	0	0	0	0	0	0	0	0	0	0	0	0	0	0	0	0	0	0	0	0	0	0	0	0	0	0	0	0	0	0	0	0	
494868	Cingulum_Ant_R	1042	0	2866	32432	274	464	1640	1960	0	0	1390	170	242	2970	0	810	0	0	13122	17908	3616	4352	15582	25564	936	6374	1246	5958	258	1778	17634	0	5622	29254	0	0	0	0	0	0	0	0	0	0	0	0	0	0	0	0	0	0	0	0	0	0	0	0	0	0	0	0	0	0	0	0	0	0	0	0	6992	25994	2064	16920	0	0	0	0	0	0	0	0	0	0	0	0	0	0	0	0	0	0	0	0	0	0	0	0	0	0	0	0	0	0	0	0	0	0	0	0	0	0	0	0	0	0	
205620	Cingulum_Mid_L	278	184	1902	8228	0	0	826	2640	0	0	0	330	0	370	0	116	172	0	17026	11208	0	0	10492	3796	0	0	0	0	642	364	3382	5622	0	18842	4118	1164	194	0	0	0	0	0	136	412	848	0	0	312	0	0	0	0	0	0	0	0	412	0	258	0	108	0	0	0	0	0	2452	1212	2152	1300	332	172	436	164	0	0	0	0	0	0	208	0	0	0	0	0	0	0	0	0	0	0	0	0	0	0	0	0	0	0	0	0	0	0	0	0	0	0	0	0	0	0	0	0	0	0	
576028	Cingulum_Mid_R	6288	994	4964	31102	0	0	1070	5936	0	0	204	776	0	2736	0	364	0	0	22012	48342	0	0	23176	20666	0	96	0	94	0	1172	5792	29254	18842	0	3394	11994	0	92	0	0	0	0	0	4784	0	320	0	2724	0	0	0	0	0	98	0	206	0	5226	0	0	0	0	0	0	0	0	1126	10908	4902	15820	170	1140	0	496	0	0	0	582	0	0	0	0	0	0	0	0	0	0	0	152	0	0	0	0	0	0	0	0	0	0	0	0	0	0	0	0	0	0	0	0	0	0	0	0	0	0	
202984	Cingulum_Post_L	8984	4252	0	0	0	0	0	0	0	0	0	0	0	0	0	0	0	0	1630	4962	0	0	0	0	0	0	0	0	968	0	132	0	4118	3394	0	9766	9712	2070	1626	0	0	0	3640	0	2214	0	2288	120	0	0	0	0	0	0	750	0	1506	1494	544	0	506	0	0	0	172	0	7560	1386	7460	3804	0	1174	92	0	0	0	5512	7246	1256	0	160	0	0	0	388	0	0	0	414	0	0	0	0	0	0	0	0	0	0	0	0	0	0	0	0	0	0	0	0	0	192	0	0	0	0	0	
209084	Cingulum_Post_R	3298	5578	0	0	0	0	0	196	0	0	0	218	0	0	0	0	0	0	300	8290	0	0	0	0	0	0	0	0	390	864	0	0	1164	11994	9766	0	4352	7274	0	906	0	0	0	2294	0	126	0	3228	0	0	0	0	0	0	160	146	292	5870	0	0	96	0	0	0	96	0	450	12890	1188	10472	0	480	0	0	0	0	3390	7604	428	0	0	0	0	0	176	0	0	0	164	0	0	0	0	0	0	0	0	0	0	0	0	0	0	0	0	0	0	0	0	0	402	0	0	0	0	0	
232940	Hippocampus_L	13790	3330	364	0	0	0	588	0	0	0	0	0	0	0	0	0	258	0	1264	0	1002	0	0	0	0	0	0	0	9608	0	0	0	194	0	9712	4352	0	2100	7016	0	5072	0	1812	0	0	0	3226	92	0	0	100	0	0	0	7220	0	1340	0	0	0	288	0	282	0	250	0	3876	0	564	0	1346	376	4814	0	138	0	7436	5236	2262	0	3316	0	1664	0	3008	0	338	0	8650	0	0	0	0	0	0	0	0	0	0	0	0	0	0	0	0	0	0	0	0	0	186	0	0	0	0	0	
276772	Hippocampus_R	1368	13152	0	2466	0	0	0	1420	0	0	0	1608	0	946	0	0	0	1472	118	2028	0	0	0	0	0	0	0	0	322	5150	0	0	0	92	2070	7274	2100	0	0	16228	0	7768	0	1618	0	0	0	3222	0	0	0	0	0	178	0	18186	236	1818	0	0	0	0	0	96	0	0	0	6414	0	1108	0	278	0	12302	0	676	772	6154	340	250	0	2740	0	1846	0	1222	0	0	0	12826	0	0	0	0	0	0	0	194	0	0	0	0	0	0	0	0	0	0	0	0	328	0	0	0	0	0	
50600	ParaHippocampal_L	192	0	0	0	0	0	0	0	0	0	0	0	0	0	186	0	0	0	0	0	904	0	0	0	0	0	0	0	1710	0	0	0	0	0	1626	0	7016	0	0	0	1708	0	1102	0	0	0	2770	96	0	0	0	0	0	0	2984	0	0	0	0	0	0	0	0	0	0	0	1916	0	0	0	0	0	378	0	0	0	320	0	0	0	444	0	838	0	0	0	120	0	588	0	0	0	0	0	218	0	184	0	0	0	0	0	0	0	0	0	0	0	0	0	0	0	0	0	0	0	
100224	ParaHippocampal_R	0	582	0	518	0	0	0	140	0	0	0	134	0	0	0	0	0	0	0	302	0	0	0	0	0	0	0	0	0	408	0	0	0	0	0	906	0	16228	0	0	0	4008	0	492	0	0	0	1900	0	0	0	0	0	0	0	9584	0	124	0	0	0	0	0	0	0	0	0	2006	0	0	0	0	0	2190	0	382	0	508	0	92	0	1710	0	1260	0	422	0	894	0	4886	0	0	0	0	0	0	0	308	0	0	0	0	0	0	0	0	0	0	0	0	128	0	0	0	0	0	
26604	Amygdala_L	0	0	0	0	0	0	0	0	0	0	0	0	0	0	0	0	0	0	0	0	1012	0	0	0	0	0	0	0	1828	0	0	0	0	0	0	0	5072	0	1708	0	0	0	0	0	0	0	0	0	0	0	0	0	0	0	1648	0	0	0	0	0	0	0	0	0	0	0	0	0	0	0	0	0	236	0	0	0	0	0	0	0	0	0	822	0	118	0	0	0	858	0	0	0	0	0	0	0	0	0	0	0	0	0	0	0	0	0	0	0	0	0	0	0	0	0	0	0	
44272	Amygdala_R	0	0	0	100	0	0	0	0	0	0	0	0	0	0	0	0	0	0	0	0	0	178	0	0	0	0	0	0	0	1416	0	0	0	0	0	0	0	7768	0	4008	0	0	0	0	0	0	0	0	0	0	0	0	0	0	0	3288	0	0	0	0	0	0	0	0	0	0	0	0	0	0	0	0	0	1936	0	0	0	0	0	0	0	0	0	2220	0	0	0	100	0	1122	0	0	0	0	0	0	0	0	0	0	0	0	0	0	0	0	0	0	0	0	0	0	0	0	0	0	
284708	Calcarine_L	534	0	0	0	0	0	0	0	0	0	0	0	0	0	0	0	0	0	238	238	0	0	0	0	0	0	0	0	176	0	0	0	136	0	3640	0	1812	0	1102	0	0	0	0	11636	14238	6732	14820	4630	11700	4520	20410	1500	6340	392	5388	266	2154	0	1030	0	472	0	328	0	0	0	16686	284	3510	0	0	0	0	0	0	0	0	0	204	0	258	0	0	0	3122	134	0	0	3370	106	0	0	0	0	0	0	0	0	0	0	0	0	0	0	0	0	0	0	0	0	248	0	0	0	0	0	
557672	Calcarine_R	0	226	0	0	0	0	0	0	0	0	0	0	0	0	0	0	0	0	0	746	0	0	0	0	0	0	0	0	0	0	0	0	412	4784	0	2294	0	1618	0	492	0	0	11636	0	12202	32682	1256	43638	0	31278	0	15462	0	8794	0	14436	0	12110	0	8984	0	1790	0	166	0	594	2440	45194	0	4888	0	0	0	0	0	0	0	0	0	0	0	0	0	0	0	10898	0	0	0	9816	0	0	0	0	0	0	0	0	0	0	0	0	0	0	0	0	0	0	0	0	0	0	0	0	0	0	
274476	Cuneus_L	168	0	0	0	0	0	0	0	0	0	0	0	0	0	0	0	0	0	256	210	0	0	0	0	0	0	0	0	0	0	0	0	848	0	2214	0	0	0	0	0	0	0	14238	12202	0	15336	4424	836	15676	10338	10350	2654	2298	2090	2094	676	6354	778	4022	792	2298	236	0	0	0	172	14898	3180	2610	360	0	0	92	0	0	0	0	0	0	0	92	0	0	0	1024	1380	0	0	798	1244	0	0	0	0	0	0	0	0	0	0	0	0	0	0	0	0	0	0	0	0	0	0	0	0	0	0	
328864	Cuneus_R	0	0	0	0	0	0	0	0	0	0	0	0	0	0	0	0	0	0	0	0	0	0	0	0	0	0	0	0	0	0	0	0	0	320	0	126	0	0	0	0	0	0	6732	32682	15336	0	232	4342	194	37210	0	16582	0	3510	0	1724	0	2248	0	4396	0	650	0	148	0	2044	5972	22406	0	720	0	0	0	0	0	0	0	0	0	0	0	0	0	0	0	4500	0	0	0	2358	0	0	0	0	0	0	0	0	0	0	0	0	0	0	0	0	0	0	0	0	0	0	0	0	0	0	
290620	Lingual_L	148	0	0	0	0	0	0	0	0	0	0	0	0	0	0	0	0	0	0	0	0	0	0	0	0	0	0	0	0	0	0	0	0	0	2288	0	3226	0	2770	0	0	0	14820	1256	4424	232	0	2648	5722	214	12834	0	5784	0	18556	96	472	0	216	0	0	0	0	0	0	0	6518	0	826	0	0	0	0	0	0	0	334	0	0	0	0	0	0	0	406	0	0	0	668	0	15270	1212	2310	112	0	244	8884	1454	19218	2534	456	0	1186	98	124	0	0	0	0	0	3678	3282	694	0	0	96	
376672	Lingual_R	0	336	0	0	0	0	0	0	0	0	0	0	0	0	0	0	0	0	0	432	0	0	0	0	0	0	0	0	0	0	0	0	312	2724	120	3228	92	3222	96	1900	0	0	4630	43638	836	4342	2648	0	0	8356	0	4092	0	1544	1004	13520	0	8128	0	5382	0	350	0	0	0	0	1512	27756	0	2196	0	0	0	0	0	0	0	694	0	0	0	0	0	0	0	448	0	0	0	1102	4474	4576	904	498	146	160	2958	2400	6414	7508	150	0	436	0	422	114	0	0	0	182	3812	7184	820	0	192	346	
156200	Occipital_Sup_L	164	0	0	0	0	0	0	0	0	0	0	0	0	0	0	0	0	0	0	0	0	0	0	0	0	0	0	0	0	0	0	0	0	0	0	0	0	0	0	0	0	0	11700	0	15676	194	5722	0	0	0	27362	0	3440	0	2594	0	1178	0	1392	0	708	0	224	0	138	0	3918	132	268	0	0	0	0	0	0	0	0	0	0	0	182	0	0	0	1982	0	0	0	1126	0	0	0	0	0	0	0	0	0	0	0	0	0	0	0	0	0	0	0	0	0	0	0	0	0	0	0	
375956	Occipital_Sup_R	0	352	0	0	0	0	0	0	0	0	0	0	0	0	0	0	0	0	0	0	0	0	0	0	0	0	0	0	0	0	0	0	0	0	0	0	0	0	0	0	0	0	4520	31278	10338	37210	214	8356	0	0	0	31906	0	3758	0	2734	0	1756	0	6174	0	3198	0	170	0	6650	7048	19100	0	420	0	0	0	0	0	0	0	0	0	0	0	310	0	0	0	9880	0	0	0	2606	0	0	0	0	0	0	0	0	0	0	0	0	0	0	0	0	0	0	0	0	0	0	0	0	0	0	
389636	Occipital_Mid_L	3018	0	0	0	0	0	178	0	0	0	0	0	0	0	0	0	0	0	0	0	0	0	0	0	0	0	0	0	100	0	0	0	0	0	0	0	100	0	0	0	0	0	20410	0	10350	0	12834	0	27362	0	0	0	22372	0	5844	0	9364	0	9668	0	10552	0	1400	0	12624	0	8272	0	4348	0	0	0	0	0	0	0	0	0	0	0	808	0	0	0	22872	0	0	0	12342	0	0	0	0	0	0	0	0	0	0	0	0	0	0	0	0	0	0	0	0	0	0	0	0	0	0	0	
254380	Occipital_Mid_R	0	112	0	0	0	0	0	0	0	0	0	0	0	0	0	0	0	0	0	0	0	0	0	0	0	0	0	0	0	0	0	0	0	0	0	0	0	0	0	0	0	0	1500	15462	2654	16582	0	4092	0	31906	0	0	0	3818	0	2044	0	290	0	3318	0	3904	0	142	0	15996	1786	6538	0	0	0	0	0	0	0	0	0	0	0	0	0	182	0	0	0	15402	0	0	0	1462	0	0	0	0	0	0	0	0	0	0	0	0	0	0	0	0	0	0	0	0	0	0	0	0	0	0	
126392	Occipital_Inf_L	492	0	0	0	0	0	0	0	0	0	0	0	0	0	0	0	0	0	0	0	0	0	0	0	0	0	0	0	0	0	0	0	0	0	0	0	0	0	0	0	0	0	6340	0	2298	0	5784	0	3440	0	22372	0	0	0	5354	0	910	0	128	0	392	0	238	0	722	0	1304	0	960	0	0	0	0	0	0	0	0	0	0	0	128	0	0	0	4476	0	0	0	7858	0	0	0	0	0	0	0	0	0	0	0	0	0	0	0	0	0	0	0	0	0	0	0	0	0	0	0	
101920	Occipital_Inf_R	0	172	0	0	0	0	0	0	0	0	0	0	0	0	0	0	0	0	0	0	0	0	0	0	0	0	0	0	0	0	0	0	0	98	0	0	0	178	0	0	0	0	392	8794	2090	3510	0	1544	0	3758	0	3818	0	0	0	10014	0	1310	0	0	0	0	0	0	0	122	94	3344	0	994	0	0	0	0	0	0	0	0	0	0	0	378	0	0	0	3252	0	0	0	6980	0	0	0	0	0	0	0	0	0	118	0	0	0	0	0	0	0	0	0	0	0	0	0	0	0	0	
312896	Fusiform_L	1526	0	0	0	0	0	322	0	0	0	0	0	0	0	0	0	388	0	0	0	198	0	0	0	0	0	0	0	2082	0	0	0	0	0	750	160	7220	0	2984	0	1648	0	5388	0	2094	0	18556	1004	2594	0	5844	0	5354	0	0	0	214	0	0	0	0	0	102	0	0	0	3122	0	974	0	0	0	248	0	0	0	414	202	1124	0	2096	0	1298	0	2566	0	710	0	13950	0	22522	410	6592	0	0	0	6304	334	23334	1114	2470	0	4062	0	162	0	0	0	0	0	1124	2310	578	0	0	0	
325376	Fusiform_R	0	1840	0	0	0	0	0	0	0	0	0	0	0	0	0	0	0	394	0	574	0	0	0	0	0	0	0	0	0	932	0	0	0	206	0	146	0	18186	0	9584	0	3288	266	14436	676	1724	96	13520	0	2734	0	2044	0	10014	0	0	0	2768	0	210	0	0	0	0	0	0	248	7582	0	2302	0	130	0	878	0	0	0	372	0	338	0	3526	0	3154	0	3216	0	1054	0	23330	164	10908	0	522	0	836	0	4080	296	13462	0	0	0	434	0	0	0	0	0	144	674	1100	300	0	0	0	
334896	Postcentral_L	26824	292	1882	0	0	0	646	0	0	0	744	0	0	0	0	0	6290	0	2330	154	0	0	0	0	0	0	0	0	7764	0	0	0	412	0	1506	292	1340	236	0	0	0	0	2154	0	6354	0	472	0	1178	0	9364	0	910	0	214	0	0	0	24324	0	27356	0	9720	0	2508	0	10204	0	4602	0	546	0	1326	0	446	0	288	304	2914	0	3436	0	0	0	5382	0	0	0	2734	0	0	0	0	0	0	0	0	0	0	0	0	0	0	0	0	0	0	0	0	0	0	0	0	0	0	0	
274336	Postcentral_R	316	11962	0	200	0	0	0	486	0	0	0	156	0	0	0	0	0	3978	0	5564	0	0	0	0	0	0	0	0	0	1500	0	0	0	5226	1494	5870	0	1818	0	124	0	0	0	12110	778	2248	0	8128	0	1756	0	290	0	1310	0	2768	0	0	0	6610	0	3934	0	9834	0	478	514	16782	474	18270	0	0	0	634	0	0	0	282	0	164	0	2076	0	0	0	3424	0	0	0	5610	0	0	0	0	0	0	0	0	0	0	0	0	0	0	0	0	0	0	0	0	0	0	0	0	0	0	
184608	Parietal_Sup_L	2196	0	198	0	0	0	102	0	0	0	0	0	0	0	0	0	746	0	150	0	0	0	0	0	0	0	0	0	172	0	0	0	258	0	544	0	0	0	0	0	0	0	1030	0	4022	0	216	0	1392	0	9668	0	128	0	0	0	24324	0	0	0	18518	0	3620	0	3286	0	13118	0	608	0	0	0	0	0	0	0	0	0	0	0	1472	0	0	0	4288	0	0	0	2248	0	0	0	0	0	0	0	0	0	0	0	0	0	0	0	0	0	0	0	0	0	0	0	0	0	0	0	
185276	Parietal_Sup_R	0	704	0	0	0	0	0	0	0	0	0	0	0	0	0	0	0	0	0	0	0	0	0	0	0	0	0	0	0	0	0	0	0	0	0	0	0	0	0	0	0	0	0	8984	792	4396	0	5382	0	6174	0	3318	0	0	0	210	0	6610	0	0	0	12472	0	2808	0	5794	1588	21888	0	142	0	0	0	0	0	0	0	0	0	0	0	1590	0	0	0	4850	0	0	0	4936	0	0	0	0	0	0	0	0	0	0	0	0	0	0	0	0	0	0	0	0	0	0	0	0	0	0	
255644	Parietal_Inf_L	4036	0	154	0	0	0	116	0	0	0	0	0	0	0	0	0	232	0	112	0	0	0	0	0	0	0	0	0	0	0	0	0	108	0	506	96	288	0	0	0	0	0	472	0	2298	0	0	0	708	0	10552	0	392	0	0	0	27356	0	18518	0	0	0	16700	0	20672	0	3734	0	220	0	0	0	0	0	0	0	118	122	0	0	2552	0	0	0	12980	0	0	0	4780	0	0	0	0	0	0	0	0	0	0	0	0	0	0	0	0	0	0	0	0	0	0	0	0	0	0	0	
116464	Parietal_Inf_R	0	360	0	0	0	0	0	0	0	0	0	0	0	0	0	0	0	0	0	0	0	0	0	0	0	0	0	0	0	0	0	0	0	0	0	0	0	0	0	0	0	0	0	1790	236	650	0	350	0	3198	0	3904	0	0	0	0	0	3934	0	12472	0	0	0	6096	0	10576	218	3872	0	0	0	0	0	0	0	0	0	0	0	0	0	264	0	0	0	6170	0	0	0	4142	0	0	0	0	0	0	0	0	0	0	0	0	0	0	0	0	0	0	0	0	0	0	0	0	0	0	
134496	SupraMarginal_L	1954	0	0	0	0	0	0	0	0	0	0	0	0	0	0	0	1472	0	0	0	0	0	0	0	0	0	0	0	1176	0	0	0	0	0	0	0	282	0	0	0	0	0	328	0	0	0	0	0	224	0	1400	0	238	0	102	0	9720	0	3620	0	16700	0	0	0	6458	0	456	0	364	0	0	0	0	0	0	0	0	0	0	0	7862	0	0	0	10552	0	0	0	4340	0	0	0	0	0	0	0	0	0	0	0	0	0	0	0	0	0	0	0	0	0	0	0	0	0	0	0	
75284	SupraMarginal_R	0	950	0	0	0	0	0	0	0	0	0	0	0	0	0	0	0	3140	0	0	0	0	0	0	0	0	0	0	0	238	0	0	0	0	0	0	0	96	0	0	0	0	0	166	0	148	0	0	0	170	0	142	0	0	0	0	0	9834	0	2808	0	6096	0	0	0	3596	0	2634	0	332	0	0	0	0	0	0	0	0	0	0	0	4946	0	0	0	1984	0	0	0	362	0	0	0	0	0	0	0	0	0	0	0	0	0	0	0	0	0	0	0	0	0	0	0	0	0	0	
122724	Angular_L	0	0	0	0	0	0	0	0	0	0	0	0	0	0	0	0	0	0	0	0	0	0	0	0	0	0	0	0	0	0	0	0	0	0	172	96	250	0	0	0	0	0	0	0	0	0	0	0	138	0	12624	0	722	0	0	0	2508	0	3286	0	20672	0	6458	0	0	0	316	0	0	0	0	0	0	0	0	0	116	122	0	0	828	0	0	0	10836	0	0	0	2218	0	0	0	0	0	0	0	0	0	0	0	0	0	0	0	0	0	0	0	0	0	0	0	0	0	0	0	
129708	Angular_R	0	126	0	0	0	0	0	0	0	0	0	0	0	0	0	0	0	0	0	0	0	0	0	0	0	0	0	0	0	0	0	0	0	0	0	0	0	0	0	0	0	0	0	594	172	2044	0	0	0	6650	0	15996	0	122	0	0	0	478	0	5794	0	10576	0	3596	0	0	406	3120	0	0	0	0	0	0	0	0	0	0	0	0	0	2378	0	0	0	11322	0	0	0	1480	0	0	0	0	0	0	0	0	0	0	0	0	0	0	0	0	0	0	0	0	0	0	0	0	0	0	
323988	Precuneus_L	1868	0	0	0	0	0	0	0	0	0	0	0	0	0	0	0	166	0	502	820	0	0	0	0	0	0	0	0	494	0	0	0	2452	1126	7560	450	3876	0	1916	0	0	0	16686	2440	14898	5972	6518	1512	3918	7048	8272	1786	1304	94	3122	248	10204	514	13118	1588	3734	218	456	0	316	406	0	16698	6546	372	0	0	108	0	0	0	0	0	424	0	500	238	0	0	3606	3964	0	0	3170	766	0	0	0	0	0	0	0	0	0	0	0	0	0	0	0	0	0	0	0	0	0	0	0	0	0	0	
548756	Precuneus_R	0	1710	0	0	0	0	0	206	0	0	0	204	0	0	0	0	0	146	130	3740	0	0	0	0	0	0	0	0	0	828	0	0	1212	10908	1386	12890	0	6414	0	2006	0	0	284	45194	3180	22406	0	27756	132	19100	0	6538	0	3344	0	7582	0	16782	0	21888	0	3872	0	2634	0	3120	16698	0	292	9166	0	0	0	0	0	0	0	772	0	0	0	1654	0	0	0	11468	0	0	0	8326	0	0	0	0	0	0	0	0	0	0	0	0	0	0	0	0	0	0	0	0	410	0	0	0	0	0	
224732	Paracentral_Lobule_L	22796	2762	2684	414	0	0	490	0	0	0	0	0	0	0	0	0	774	0	8172	12166	0	0	0	0	0	0	0	0	1154	0	0	0	2152	4902	7460	1188	564	0	0	0	0	0	3510	0	2610	0	826	0	268	0	4348	0	960	0	974	0	4602	474	608	0	220	0	364	0	0	0	6546	292	0	5018	94	534	262	0	710	0	354	648	1204	0	828	0	0	0	5174	0	0	0	3260	0	0	0	0	0	0	0	0	0	0	0	0	0	0	0	0	0	0	0	0	0	0	0	0	0	0	0	
231216	Paracentral_Lobule_R	5754	7054	0	328	0	0	0	0	0	0	0	0	0	0	0	0	0	102	576	19432	0	0	0	0	0	0	0	0	0	0	0	0	1300	15820	3804	10472	0	1108	0	0	0	0	0	4888	360	720	0	2196	0	420	0	0	0	994	0	2302	0	18270	0	142	0	0	0	332	0	0	372	9166	5018	0	0	258	0	0	0	0	0	412	0	94	0	762	0	0	0	1076	0	0	0	2076	0	0	0	0	0	0	0	0	0	0	0	0	0	0	0	0	0	0	0	0	0	0	0	0	0	0	
262288	Caudate_L	7196	420	3572	3026	2224	494	5274	262	0	0	2358	700	226	356	1268	350	698	232	10600	3188	8000	8566	542	500	526	762	3132	4944	3272	504	7680	6992	332	170	0	0	1346	0	0	0	0	0	0	0	0	0	0	0	0	0	0	0	0	0	0	0	546	0	0	0	0	0	0	0	0	0	0	0	94	0	0	11470	14148	2064	2054	0	10170	302	0	0	194	0	266	124	0	0	0	0	0	0	0	0	0	0	0	0	0	0	0	0	0	0	0	0	0	0	0	0	0	0	0	0	0	0	0	0	
350452	Caudate_R	3886	1288	1048	13846	150	992	1684	400	0	0	1966	938	238	968	0	1006	220	618	6256	21104	1788	6060	374	5194	116	2282	300	2394	706	1420	5020	25994	172	1140	1174	480	376	278	0	0	0	0	0	0	0	0	0	0	0	0	0	0	0	0	0	130	0	0	0	0	0	0	0	0	0	0	0	0	534	258	11470	0	4250	19850	0	2108	2504	21840	0	0	0	0	0	406	0	0	0	0	0	0	0	0	0	0	0	0	0	0	0	0	0	0	0	0	0	0	0	0	0	0	0	0	0	0	0	0	
213248	Putamen_L	7636	0	6412	376	692	332	550	0	0	0	1102	0	404	0	1884	124	316	0	16060	414	2530	4410	2284	210	170	314	290	2122	13726	0	8526	2064	436	0	92	0	4814	0	378	0	236	0	0	0	92	0	0	0	0	0	0	0	0	0	248	0	1326	0	0	0	0	0	0	0	0	0	108	0	262	0	14148	4250	0	732	4846	0	408	0	0	0	194	0	986	0	0	0	0	0	120	0	0	0	0	0	0	0	0	0	0	0	0	0	0	0	0	0	0	0	0	0	0	0	0	0	0	0	
326152	Putamen_R	190	5068	284	22284	0	1092	182	3068	0	94	284	6632	0	4326	0	1970	0	4148	3972	14200	354	1362	242	7256	0	2902	0	406	0	16104	2448	16920	164	496	0	0	0	12302	0	2190	0	1936	0	0	0	0	0	0	0	0	0	0	0	0	0	878	0	634	0	0	0	0	0	0	0	0	0	0	0	0	2064	19850	732	0	0	3372	0	1204	0	0	0	280	0	648	0	0	0	0	0	538	0	0	0	0	0	0	0	0	0	0	0	0	0	0	0	0	0	0	0	0	0	0	0	0	0	0	
35588	Pallidum_L	2560	0	732	0	0	0	0	0	0	0	0	0	0	0	0	0	0	0	4094	0	0	0	0	0	0	0	0	0	0	0	0	0	0	0	0	0	138	0	0	0	0	0	0	0	0	0	0	0	0	0	0	0	0	0	0	0	446	0	0	0	0	0	0	0	0	0	0	0	710	0	2054	0	4846	0	0	0	2214	0	0	0	0	0	0	0	0	0	0	0	0	0	0	0	0	0	0	0	0	0	0	0	0	0	0	0	0	0	0	0	0	0	0	0	0	0	0	0	
34916	Pallidum_R	160	350	0	3798	0	0	0	312	0	0	0	274	0	0	0	0	0	654	0	4824	0	0	0	0	0	0	0	0	0	166	0	0	0	0	0	0	0	676	0	382	0	0	0	0	0	0	0	0	0	0	0	0	0	0	0	0	0	0	0	0	0	0	0	0	0	0	0	0	0	0	0	2108	0	3372	0	0	0	382	0	0	0	0	0	0	0	0	0	0	0	0	0	0	0	0	0	0	0	0	0	0	0	0	0	0	0	0	0	0	0	0	0	0	0	0	0	0	
151492	Thalamus_L	22652	3530	108	0	0	0	1130	0	0	0	0	0	0	0	0	0	0	0	342	106	0	0	0	0	0	0	0	0	490	0	0	0	0	0	5512	3390	7436	772	320	0	0	0	0	0	0	0	334	0	0	0	0	0	0	0	414	0	288	0	0	0	118	0	0	0	116	0	0	0	354	0	10170	2504	408	0	2214	0	0	12320	190	0	0	0	0	0	210	0	0	0	318	0	0	0	0	0	0	0	0	0	0	0	0	0	0	0	0	0	0	0	0	0	0	0	0	0	0	0	
191660	Thalamus_R	8136	8602	0	2762	0	0	132	484	0	0	0	662	0	0	0	0	0	466	0	4586	0	0	0	0	0	0	0	0	408	858	0	0	0	582	7246	7604	5236	6154	0	508	0	0	0	0	0	0	0	694	0	0	0	0	0	0	202	372	304	282	0	0	122	0	0	0	122	0	0	772	648	412	302	21840	0	1204	0	382	12320	0	436	0	0	148	0	158	240	0	0	0	208	236	0	0	0	0	0	0	0	0	0	0	0	0	0	0	0	0	0	0	0	0	0	0	0	0	0	0	
57520	Heschl_L	4624	414	306	0	0	0	0	0	0	0	0	0	0	0	0	0	2240	0	316	0	0	0	0	0	0	0	0	0	5834	0	0	0	0	0	1256	428	2262	340	0	0	0	0	204	0	0	0	0	0	0	0	0	0	0	0	1124	0	2914	0	0	0	0	0	0	0	0	0	424	0	1204	0	0	0	0	0	0	0	190	436	0	0	2080	0	0	0	1302	0	0	0	862	0	0	0	0	0	0	0	0	0	0	0	0	0	0	0	0	0	0	0	0	0	0	0	0	0	0	0	
25548	Heschl_R	0	902	0	504	0	0	0	284	0	0	0	862	0	0	0	0	0	1930	0	308	0	0	0	0	0	0	0	0	0	1326	0	0	0	0	0	0	0	250	0	92	0	0	0	0	0	0	0	0	0	0	0	0	0	0	0	338	0	164	0	0	0	0	0	0	0	0	0	0	0	94	0	0	0	0	0	0	0	0	0	0	0	4824	0	0	0	558	0	0	0	338	0	0	0	0	0	0	0	0	0	0	0	0	0	0	0	0	0	0	0	0	0	0	0	0	0	0	
253848	Temporal_Sup_L	3572	0	9758	0	0	0	602	0	0	0	9770	0	0	0	96	0	18242	0	10234	0	238	0	0	0	0	0	0	0	12298	0	0	0	208	0	160	0	3316	0	444	0	0	0	258	0	92	0	0	0	182	0	808	0	128	0	2096	0	3436	0	1472	0	2552	0	7862	0	828	0	500	0	828	0	194	0	194	0	0	0	0	0	2080	0	0	0	2652	0	18362	0	0	0	13462	0	0	0	0	0	0	0	0	0	0	0	0	0	0	0	0	0	0	0	0	0	0	0	0	0	0	0	
114700	Temporal_Sup_R	0	2270	0	1954	0	0	0	1162	0	0	0	738	0	0	0	106	0	5478	134	1316	0	0	0	0	0	0	0	0	0	2556	0	0	0	0	0	0	0	2740	0	1710	0	0	0	0	0	0	0	0	0	310	0	182	0	378	0	3526	0	2076	0	1590	0	264	0	4946	0	2378	238	1654	0	762	0	0	0	280	0	0	0	148	0	4824	0	0	0	862	0	8242	0	100	0	4426	0	0	0	0	0	0	0	0	0	0	0	0	0	0	0	0	0	0	0	0	0	0	0	0	0	0	
64912	Temporal_Pole_Sup_L	0	0	1524	0	588	0	314	0	0	0	1868	0	206	0	1952	0	1532	0	630	0	1812	0	192	0	0	0	0	0	6922	0	354	0	0	0	0	0	1664	0	838	0	822	0	0	0	0	0	0	0	0	0	0	0	0	0	1298	0	0	0	0	0	0	0	0	0	0	0	0	0	0	0	266	0	986	0	0	0	0	0	0	0	2652	0	0	0	2500	0	1558	0	1978	0	0	0	0	0	0	0	0	0	0	0	0	0	0	0	0	0	0	0	0	0	0	0	0	0	0	0	
46812	Temporal_Pole_Sup_R	0	0	0	404	0	0	0	0	0	0	0	1684	0	0	0	190	0	1716	926	1010	0	0	0	0	0	0	0	0	0	1398	0	0	0	0	0	0	0	1846	0	1260	0	2220	0	0	0	0	0	0	0	0	0	0	0	0	0	3154	0	0	0	0	0	0	0	0	0	0	0	0	0	0	124	406	0	648	0	0	0	158	0	0	0	862	0	0	0	848	0	2276	0	2276	0	0	0	0	0	0	0	0	0	0	0	0	0	0	0	0	0	0	0	0	0	0	0	0	0	0	
331260	Temporal_Mid_L	5064	116	0	0	0	0	182	0	0	0	0	0	0	0	0	0	1182	0	0	0	0	0	0	0	0	0	0	0	1806	0	0	0	0	0	388	176	3008	0	0	0	118	0	3122	0	1024	0	406	0	1982	0	22872	0	4476	0	2566	0	5382	0	4288	0	12980	0	10552	0	10836	0	3606	0	5174	0	0	0	0	0	0	0	210	240	1302	0	18362	0	2500	0	0	0	1842	0	39868	0	0	0	0	0	0	0	0	0	0	0	0	0	0	0	0	0	0	0	0	0	0	0	0	0	0	0	
263664	Temporal_Mid_R	0	894	0	0	0	0	0	0	0	0	0	0	0	0	0	0	0	0	0	0	0	0	0	0	0	0	0	0	0	386	0	0	0	0	0	0	0	1222	0	422	0	0	134	10898	1380	4500	0	448	0	9880	0	15402	0	3252	0	3216	0	3424	0	4850	0	6170	0	1984	0	11322	3964	11468	0	1076	0	0	0	0	0	0	0	0	0	558	0	8242	0	848	0	0	0	430	0	25462	0	0	0	0	0	0	0	0	0	0	0	0	0	0	0	0	0	0	0	0	0	0	0	0	0	0	
12736	Temporal_Pole_Mid_L	0	0	0	0	0	0	0	0	0	0	0	0	0	0	0	0	0	0	0	0	0	0	0	0	0	0	0	0	218	0	0	0	0	0	0	0	338	0	120	0	0	0	0	0	0	0	0	0	0	0	0	0	0	0	710	0	0	0	0	0	0	0	0	0	0	0	0	0	0	0	0	0	0	0	0	0	0	0	0	0	0	0	1558	0	1842	0	0	0	1582	0	0	0	0	0	0	0	0	0	0	0	0	0	0	0	0	0	0	0	0	0	0	0	0	0	0	0	
11392	Temporal_Pole_Mid_R	0	0	0	0	0	0	0	0	0	0	0	0	0	0	0	0	0	0	0	0	0	0	0	0	0	0	0	0	0	0	0	0	0	0	0	0	0	0	0	894	0	100	0	0	0	0	0	0	0	0	0	0	0	0	0	1054	0	0	0	0	0	0	0	0	0	0	0	0	0	0	0	0	0	0	0	0	0	0	0	0	0	100	0	2276	0	430	0	0	0	842	0	0	0	0	0	0	0	0	0	0	0	0	0	0	0	0	0	0	0	0	0	0	0	0	0	0	
286296	Temporal_Inf_L	3566	0	0	0	0	0	388	0	0	0	0	0	0	0	0	0	1032	0	0	0	0	0	0	0	0	0	0	0	2728	0	0	0	0	0	414	164	8650	0	588	0	858	0	3370	0	798	0	668	0	1126	0	12342	0	7858	0	13950	0	2734	0	2248	0	4780	0	4340	0	2218	0	3170	0	3260	0	0	0	120	0	0	0	318	208	862	0	13462	0	1978	0	39868	0	1582	0	0	0	1710	0	904	0	0	0	0	0	402	0	242	0	242	0	0	0	0	0	0	0	0	0	0	0	0	0	
271496	Temporal_Inf_R	0	1894	0	0	0	0	0	0	0	0	0	0	0	0	0	0	0	386	0	296	0	0	0	0	0	0	0	0	0	664	0	0	0	152	0	0	0	12826	0	4886	0	1122	106	9816	1244	2358	0	1102	0	2606	0	1462	0	6980	0	23330	0	5610	0	4936	0	4142	0	362	0	1480	766	8326	0	2076	0	0	0	538	0	0	0	236	0	338	0	4426	0	2276	0	25462	0	842	0	0	0	1850	0	350	0	0	0	0	0	0	0	112	0	390	0	0	0	0	0	0	0	0	0	0	0	0	
522596	Cerebelum_Crus1_L	0	0	0	0	0	0	0	0	0	0	0	0	0	0	0	0	0	0	0	0	0	0	0	0	0	0	0	0	0	0	0	0	0	0	0	0	0	0	0	0	0	0	0	0	0	0	15270	4474	0	0	0	0	0	0	22522	164	0	0	0	0	0	0	0	0	0	0	0	0	0	0	0	0	0	0	0	0	0	0	0	0	0	0	0	0	0	0	0	0	1710	0	0	1568	54246	2644	1414	312	22974	1114	59148	3744	17044	466	27306	2622	2232	152	484	0	288	566	4822	7978	5436	274	224	100	
345076	Cerebelum_Crus1_R	0	0	0	0	0	0	0	0	0	0	0	0	0	0	0	0	0	0	0	0	0	0	0	0	0	0	0	0	0	0	0	0	0	0	0	0	0	0	0	0	0	0	0	0	0	0	1212	4576	0	0	0	0	0	0	410	10908	0	0	0	0	0	0	0	0	0	0	0	0	0	0	0	0	0	0	0	0	0	0	0	0	0	0	0	0	0	0	0	0	0	1850	1568	0	770	28592	102	3072	1592	14582	3454	48178	102	4090	678	19604	468	1292	0	0	0	1788	8186	8356	6020	778	310	0	
386260	Cerebelum_Crus2_L	0	0	0	0	0	0	0	0	0	0	0	0	0	0	0	0	0	0	0	0	0	0	0	0	0	0	0	0	0	0	0	0	0	0	0	0	0	0	0	0	0	0	0	0	0	0	2310	904	0	0	0	0	0	0	6592	0	0	0	0	0	0	0	0	0	0	0	0	0	0	0	0	0	0	0	0	0	0	0	0	0	0	0	0	0	0	0	0	0	904	0	54246	770	0	3466	1050	198	10660	454	20766	1222	34112	832	38992	1944	2188	0	1120	0	204	416	1898	2252	4844	616	170	0	
241708	Cerebelum_Crus2_R	0	0	0	0	0	0	0	0	0	0	0	0	0	0	0	0	0	0	0	0	0	0	0	0	0	0	0	0	0	0	0	0	0	0	0	0	0	0	0	0	0	0	0	0	0	0	112	498	0	0	0	0	0	0	0	522	0	0	0	0	0	0	0	0	0	0	0	0	0	0	0	0	0	0	0	0	0	0	0	0	0	0	0	0	0	0	0	0	0	350	2644	28592	3466	0	0	1606	312	3510	1186	9560	832	13200	2516	32696	698	1340	0	504	0	1136	884	1984	9908	2154	488	156	
30284	Cerebelum_3_L	0	0	0	0	0	0	0	0	0	0	0	0	0	0	0	0	0	0	0	0	0	0	0	0	0	0	0	0	0	0	0	0	0	0	0	0	0	0	218	0	0	0	0	0	0	0	0	146	0	0	0	0	0	0	0	0	0	0	0	0	0	0	0	0	0	0	0	0	0	0	0	0	0	0	0	0	0	0	0	0	0	0	0	0	0	0	0	0	0	0	1414	102	1050	0	0	108	6856	0	1118	136	124	0	664	0	438	0	0	0	532	1184	890	162	0	0	0	0	
81824	Cerebelum_3_R	0	0	0	0	0	0	0	0	0	0	0	0	0	0	0	0	0	0	0	0	0	0	0	0	0	0	0	0	0	0	0	0	0	0	0	0	0	0	0	0	0	0	0	0	0	0	244	160	0	0	0	0	0	0	0	836	0	0	0	0	0	0	0	0	0	0	0	0	0	0	0	0	0	0	0	0	0	0	0	0	0	0	0	0	0	0	0	0	0	0	312	3072	198	1606	108	0	1138	7416	376	6614	0	0	186	1928	322	840	0	0	250	7300	2706	1088	2232	1394	586	0	
274392	Cerebelum_4_5_L	0	0	0	0	0	0	0	0	0	0	0	0	0	0	0	0	0	0	0	0	0	0	0	0	0	0	0	0	0	0	0	0	0	0	0	0	0	0	184	0	0	0	0	0	0	0	8884	2958	0	0	0	0	0	0	6304	0	0	0	0	0	0	0	0	0	0	0	0	0	0	0	0	0	0	0	0	0	0	0	0	0	0	0	0	0	0	0	0	0	0	0	22974	1592	10660	312	6856	1138	0	2912	26754	3514	3186	0	6710	326	3468	1140	414	0	1064	2394	14724	4462	728	592	1134	1812	
190672	Cerebelum_4_5_R	0	0	0	0	0	0	0	0	0	0	0	0	0	0	0	0	0	0	0	0	0	0	0	0	0	0	0	0	0	0	0	0	0	0	0	0	0	194	0	308	0	0	0	0	0	0	1454	2400	0	0	0	0	0	0	334	4080	0	0	0	0	0	0	0	0	0	0	0	0	0	0	0	0	0	0	0	0	0	0	0	0	0	0	0	0	0	0	0	0	0	0	1114	14582	454	3510	0	7416	2912	0	1614	26380	0	0	442	3482	310	436	0	158	0	3606	12756	1864	3402	1458	538	132	
433372	Cerebelum_6_L	0	0	0	0	0	0	0	0	0	0	0	0	0	0	0	0	0	0	0	0	0	0	0	0	0	0	0	0	0	0	0	0	0	0	0	0	0	0	0	0	0	0	0	0	0	0	19218	6414	0	0	0	0	0	0	23334	296	0	0	0	0	0	0	0	0	0	0	0	0	0	0	0	0	0	0	0	0	0	0	0	0	0	0	0	0	0	0	0	0	402	0	59148	3454	20766	1186	1118	376	26754	1614	0	7284	7688	0	11854	754	1798	248	252	0	0	270	6642	12480	2672	334	214	116	
359836	Cerebelum_6_R	0	0	0	0	0	0	0	0	0	0	0	0	0	0	0	0	0	0	0	0	0	0	0	0	0	0	0	0	0	0	0	0	0	0	0	0	0	0	0	0	0	0	0	0	0	0	2534	7508	0	0	0	0	0	118	1114	13462	0	0	0	0	0	0	0	0	0	0	0	0	0	0	0	0	0	0	0	0	0	0	0	0	0	0	0	0	0	0	0	0	0	0	3744	48178	1222	9560	136	6614	3514	26380	7284	0	132	624	620	7526	808	940	0	334	0	2604	13318	13766	6654	898	326	0	
219416	Cerebelum_7b_L	0	0	0	0	0	0	0	0	0	0	0	0	0	0	0	0	0	0	0	0	0	0	0	0	0	0	0	0	0	0	0	0	0	0	0	0	0	0	0	0	0	0	0	0	0	0	456	150	0	0	0	0	0	0	2470	0	0	0	0	0	0	0	0	0	0	0	0	0	0	0	0	0	0	0	0	0	0	0	0	0	0	0	0	0	0	0	0	0	242	0	17044	102	34112	832	124	0	3186	0	7688	132	0	322	35006	1646	2004	0	728	0	0	0	294	180	1344	1646	0	0	
69408	Cerebelum_7b_R	0	0	0	0	0	0	0	0	0	0	0	0	0	0	0	0	0	0	0	0	0	0	0	0	0	0	0	0	0	0	0	0	0	0	0	0	0	0	0	0	0	0	0	0	0	0	0	0	0	0	0	0	0	0	0	0	0	0	0	0	0	0	0	0	0	0	0	0	0	0	0	0	0	0	0	0	0	0	0	0	0	0	0	0	0	0	0	0	0	112	466	4090	832	13200	0	0	0	0	0	624	322	0	340	12354	0	370	0	0	0	0	0	0	1652	342	0	0	
339656	Cerebelum_8_L	0	0	0	0	0	0	0	0	0	0	0	0	0	0	0	0	0	0	0	0	0	0	0	0	0	0	0	0	0	0	0	0	0	0	0	0	0	0	0	0	0	0	0	0	0	0	1186	436	0	0	0	0	0	0	4062	0	0	0	0	0	0	0	0	0	0	0	0	0	0	0	0	0	0	0	0	0	0	0	0	0	0	0	0	0	0	0	0	0	242	0	27306	678	38992	2516	664	186	6710	442	11854	620	35006	340	0	5958	14180	832	3340	142	0	188	990	704	3472	6184	2178	420	
258488	Cerebelum_8_R	0	0	0	0	0	0	0	0	0	0	0	0	0	0	0	0	0	0	0	0	0	0	0	0	0	0	0	0	0	0	0	0	0	0	0	0	0	0	0	0	0	0	0	0	0	0	98	0	0	0	0	0	0	0	0	434	0	0	0	0	0	0	0	0	0	0	0	0	0	0	0	0	0	0	0	0	0	0	0	0	0	0	0	0	0	0	0	0	0	390	2622	19604	1944	32696	0	1928	326	3482	754	7526	1646	12354	5958	0	1704	9416	0	1524	0	1546	1136	1130	9438	8332	2868	388	
95968	Cerebelum_9_L	0	0	0	0	0	0	0	0	0	0	0	0	0	0	0	0	0	0	0	0	0	0	0	0	0	0	0	0	0	0	0	0	0	0	0	0	0	0	0	0	0	0	0	0	0	0	124	422	0	0	0	0	0	0	162	0	0	0	0	0	0	0	0	0	0	0	0	0	0	0	0	0	0	0	0	0	0	0	0	0	0	0	0	0	0	0	0	0	0	0	2232	468	2188	698	438	322	3468	310	1798	808	2004	0	14180	1704	0	1080	4116	116	166	378	1284	1972	1288	2694	2572	992	
70912	Cerebelum_9_R	0	0	0	0	0	0	0	0	0	0	0	0	0	0	0	0	0	0	0	0	0	0	0	0	0	0	0	0	0	0	0	0	0	0	0	0	0	0	0	0	0	0	0	0	0	0	0	114	0	0	0	0	0	0	0	0	0	0	0	0	0	0	0	0	0	0	0	0	0	0	0	0	0	0	0	0	0	0	0	0	0	0	0	0	0	0	0	0	0	0	152	1292	0	1340	0	840	1140	436	248	940	0	370	832	9416	1080	0	0	1948	290	976	1900	2092	840	3538	4196	1476	
21600	Cerebelum_10_L	0	0	0	0	0	0	0	0	0	0	0	0	0	0	0	0	0	0	0	0	0	0	0	0	0	0	0	0	0	0	0	0	0	0	0	0	0	0	0	0	0	0	0	0	0	0	0	0	0	0	0	0	0	0	0	0	0	0	0	0	0	0	0	0	0	0	0	0	0	0	0	0	0	0	0	0	0	0	0	0	0	0	0	0	0	0	0	0	0	0	484	0	1120	0	0	0	414	0	252	0	728	0	3340	0	4116	0	0	0	128	120	98	0	0	0	0	0	
12888	Cerebelum_10_R	0	0	0	0	0	0	0	0	0	0	0	0	0	0	0	0	0	0	0	0	0	0	0	0	0	0	0	0	0	0	0	0	0	0	0	0	0	0	0	0	0	0	0	0	0	0	0	0	0	0	0	0	0	0	0	0	0	0	0	0	0	0	0	0	0	0	0	0	0	0	0	0	0	0	0	0	0	0	0	0	0	0	0	0	0	0	0	0	0	0	0	0	0	504	0	0	0	158	0	334	0	0	142	1524	116	1948	0	0	0	0	0	0	850	610	258	0	
19264	Vermis_1_2	0	0	0	0	0	0	0	0	0	0	0	0	0	0	0	0	0	0	0	0	0	0	0	0	0	0	0	0	0	0	0	0	0	0	0	0	0	0	0	0	0	0	0	0	0	0	0	0	0	0	0	0	0	0	0	0	0	0	0	0	0	0	0	0	0	0	0	0	0	0	0	0	0	0	0	0	0	0	0	0	0	0	0	0	0	0	0	0	0	0	288	0	204	0	532	250	1064	0	0	0	0	0	0	0	166	290	128	0	0	4160	1890	160	0	176	208	116	
75132	Vermis_3	0	0	0	0	0	0	0	0	0	0	0	0	0	0	0	0	0	0	0	0	0	0	0	0	0	0	0	0	0	0	0	0	0	0	0	0	0	0	0	0	0	0	0	0	0	0	0	182	0	0	0	0	0	0	0	144	0	0	0	0	0	0	0	0	0	0	0	0	0	0	0	0	0	0	0	0	0	0	0	0	0	0	0	0	0	0	0	0	0	0	566	1788	416	1136	1184	7300	2394	3606	270	2604	0	0	188	1546	378	976	120	0	4160	0	3308	894	1980	1382	818	226	
205140	Vermis_4_5	0	0	0	0	0	0	0	0	0	0	0	0	0	0	0	0	0	0	0	0	0	0	0	0	0	0	0	0	0	0	0	0	0	0	192	402	186	328	0	128	0	0	248	0	0	0	3678	3812	0	0	0	0	0	0	1124	674	0	0	0	0	0	0	0	0	0	0	0	410	0	0	0	0	0	0	0	0	0	0	0	0	0	0	0	0	0	0	0	0	0	0	4822	8186	1898	884	890	2706	14724	12756	6642	13318	294	0	990	1136	1284	1900	98	0	1890	3308	0	6288	1440	1464	1840	2630	
187276	Vermis_6	0	0	0	0	0	0	0	0	0	0	0	0	0	0	0	0	0	0	0	0	0	0	0	0	0	0	0	0	0	0	0	0	0	0	0	0	0	0	0	0	0	0	0	0	0	0	3282	7184	0	0	0	0	0	0	2310	1100	0	0	0	0	0	0	0	0	0	0	0	0	0	0	0	0	0	0	0	0	0	0	0	0	0	0	0	0	0	0	0	0	0	0	7978	8356	2252	1984	162	1088	4462	1864	12480	13766	180	0	704	1130	1972	2092	0	0	160	894	6288	0	4846	1844	2378	2882	
155140	Vermis_7	0	0	0	0	0	0	0	0	0	0	0	0	0	0	0	0	0	0	0	0	0	0	0	0	0	0	0	0	0	0	0	0	0	0	0	0	0	0	0	0	0	0	0	0	0	0	694	820	0	0	0	0	0	0	578	300	0	0	0	0	0	0	0	0	0	0	0	0	0	0	0	0	0	0	0	0	0	0	0	0	0	0	0	0	0	0	0	0	0	0	5436	6020	4844	9908	0	2232	728	3402	2672	6654	1344	1652	3472	9438	1288	840	0	850	0	1980	1440	4846	0	4638	1258	236	
95100	Vermis_8	0	0	0	0	0	0	0	0	0	0	0	0	0	0	0	0	0	0	0	0	0	0	0	0	0	0	0	0	0	0	0	0	0	0	0	0	0	0	0	0	0	0	0	0	0	0	0	0	0	0	0	0	0	0	0	0	0	0	0	0	0	0	0	0	0	0	0	0	0	0	0	0	0	0	0	0	0	0	0	0	0	0	0	0	0	0	0	0	0	0	274	778	616	2154	0	1394	592	1458	334	898	1646	342	6184	8332	2694	3538	0	610	176	1382	1464	1844	4638	0	5178	1024	
