data	data	361908	200132	1.05632e+06	798172	152856	108404	464884	228176	76000	20272	280280	169492	267820	181524	159240	136288	385660	126276	849856	623352	80912	117892	475912	495936	57096	220216	65144	90516	750064	529620	473484	648420	199372	489948	106168	105072	264692	362580	128032	243304	59552	123184	212736	292820	152936	212776	224072	308968	148508	232788	382096	187340	171852	37984	358208	404664	248620	130888	132712	86512	179032	87872	174536	91456	120900	81228	248796	281840	194432	76132	505840	881444	488892	590672	64168	151912	157212	198308	99988	46468	188776	127144	115740	93360	209460	182324	18776	35472	226500	177264	583564	457740	423952	333368	29008	88360	310384	301608	531488	395228	315068	126492	334756	246208	117112	109696	16992	20648	35228	74704	267004	245240	243256	105360	100640	72608	
data	data	Precentral_L	Precentral_R	Frontal_Sup_L	Frontal_Sup_R	Frontal_Sup_Orb_L	Frontal_Sup_Orb_R	Frontal_Mid_L	Frontal_Mid_R	Frontal_Mid_Orb_L	Frontal_Mid_Orb_R	Frontal_Inf_Oper_L	Frontal_Inf_Oper_R	Frontal_Inf_Tri_L	Frontal_Inf_Tri_R	Frontal_Inf_Orb_L	Frontal_Inf_Orb_R	Rolandic_Oper_L	Rolandic_Oper_R	Supp_Motor_Area_L	Supp_Motor_Area_R	Olfactory_L	Olfactory_R	Frontal_Sup_Medial_L	Frontal_Sup_Medial_R	Frontal_Med_Orb_L	Frontal_Med_Orb_R	Rectus_L	Rectus_R	Insula_L	Insula_R	Cingulum_Ant_L	Cingulum_Ant_R	Cingulum_Mid_L	Cingulum_Mid_R	Cingulum_Post_L	Cingulum_Post_R	Hippocampus_L	Hippocampus_R	ParaHippocampal_L	ParaHippocampal_R	Amygdala_L	Amygdala_R	Calcarine_L	Calcarine_R	Cuneus_L	Cuneus_R	Lingual_L	Lingual_R	Occipital_Sup_L	Occipital_Sup_R	Occipital_Mid_L	Occipital_Mid_R	Occipital_Inf_L	Occipital_Inf_R	Fusiform_L	Fusiform_R	Postcentral_L	Postcentral_R	Parietal_Sup_L	Parietal_Sup_R	Parietal_Inf_L	Parietal_Inf_R	SupraMarginal_L	SupraMarginal_R	Angular_L	Angular_R	Precuneus_L	Precuneus_R	Paracentral_Lobule_L	Paracentral_Lobule_R	Caudate_L	Caudate_R	Putamen_L	Putamen_R	Pallidum_L	Pallidum_R	Thalamus_L	Thalamus_R	Heschl_L	Heschl_R	Temporal_Sup_L	Temporal_Sup_R	Temporal_Pole_Sup_L	Temporal_Pole_Sup_R	Temporal_Mid_L	Temporal_Mid_R	Temporal_Pole_Mid_L	Temporal_Pole_Mid_R	Temporal_Inf_L	Temporal_Inf_R	Cerebelum_Crus1_L	Cerebelum_Crus1_R	Cerebelum_Crus2_L	Cerebelum_Crus2_R	Cerebelum_3_L	Cerebelum_3_R	Cerebelum_4_5_L	Cerebelum_4_5_R	Cerebelum_6_L	Cerebelum_6_R	Cerebelum_7b_L	Cerebelum_7b_R	Cerebelum_8_L	Cerebelum_8_R	Cerebelum_9_L	Cerebelum_9_R	Cerebelum_10_L	Cerebelum_10_R	Vermis_1_2	Vermis_3	Vermis_4_5	Vermis_6	Vermis_7	Vermis_8	Vermis_9	Vermis_10	
361908	Precentral_L	0	848	11388	2190	0	0	20306	236	0	0	5950	138	712	98	0	440	10818	0	7048	3788	0	0	134	418	0	0	0	0	16790	1028	512	646	470	1572	194	0	2872	522	648	136	0	0	0	0	0	0	0	0	0	0	2028	0	1138	0	814	210	16534	0	296	0	2602	0	2378	0	1326	0	128	0	11902	1050	4982	5122	3072	1376	372	0	18306	3048	4122	0	2968	0	614	0	3446	0	0	0	3218	0	0	0	0	0	0	0	0	0	0	0	0	0	0	0	0	0	0	0	0	0	0	0	0	0	0	0	
200132	Precentral_R	848	0	1760	14098	0	0	180	8140	0	0	0	8416	0	418	0	0	0	1312	1782	5656	0	0	0	0	0	0	0	0	0	2036	0	0	0	1532	160	226	0	4366	0	1964	0	0	0	300	0	136	0	888	0	0	0	122	0	0	0	2216	0	11424	0	138	0	2084	0	2452	0	0	0	832	1002	5794	268	2134	0	2168	0	1446	528	11998	0	162	0	336	0	0	0	240	0	0	0	504	0	0	0	0	0	0	0	0	0	0	0	0	0	0	0	0	0	0	0	0	0	0	0	0	0	0	
1.05632e+06	Frontal_Sup_L	11388	1760	0	11934	9324	358	67400	5272	2014	0	15270	894	18994	692	3586	996	20522	172	87498	12454	0	0	45890	9498	862	2294	308	0	37792	2390	23196	13404	5740	7218	158	0	4014	1846	450	518	0	130	0	0	0	0	0	0	0	0	372	0	204	0	1030	0	2700	324	0	0	338	0	512	0	202	0	0	0	2850	0	16364	18284	24286	6398	5570	752	8140	5140	746	0	2988	0	2960	0	440	0	0	0	1326	0	0	0	0	0	0	0	0	0	0	0	0	0	0	0	0	0	0	0	0	0	0	0	0	0	0	0	
798172	Frontal_Sup_R	2190	14098	11934	0	150	4174	3510	29710	0	204	1120	3432	214	4406	282	1306	356	3186	20662	52692	0	228	9978	43122	0	7336	0	202	1432	12310	6490	34602	1638	21652	200	0	0	4008	0	2118	0	1652	0	0	0	0	0	376	0	0	0	0	0	0	0	0	0	842	0	0	0	0	0	136	0	0	0	0	708	0	4272	38754	2032	29654	170	8170	586	11300	0	928	0	102	182	280	0	0	0	0	0	0	0	0	0	0	0	0	0	0	0	0	0	0	0	0	0	0	0	0	0	0	0	0	0	0	0	0	
152856	Frontal_Sup_Orb_L	0	0	9324	150	0	0	2378	0	9498	0	260	0	2674	0	10288	118	0	0	536	0	1464	0	4390	320	4946	330	5486	0	4506	164	6302	620	90	92	0	0	696	0	402	0	186	0	0	0	0	0	0	0	0	0	0	0	0	0	220	0	0	0	0	0	0	0	0	0	0	0	0	0	0	0	3978	662	5420	292	0	0	0	0	0	0	0	0	520	0	0	0	0	0	116	0	0	0	0	0	0	0	0	0	0	0	0	0	0	0	0	0	0	0	0	0	0	0	0	0	0	0	
108404	Frontal_Sup_Orb_R	0	0	358	4174	0	0	110	458	0	2816	0	0	0	148	0	3200	0	0	208	764	434	2656	388	4674	0	9408	126	8416	0	1092	760	2594	0	146	0	0	0	0	0	0	0	148	0	0	0	0	0	0	0	0	0	0	0	0	0	0	0	0	0	0	0	0	0	0	0	0	0	0	0	0	772	4786	462	4630	0	376	0	0	0	0	0	0	0	98	0	0	0	0	0	0	0	0	0	0	0	0	0	0	0	0	0	0	0	0	0	0	0	0	0	0	0	0	0	0	0	0	
464884	Frontal_Mid_L	20306	180	67400	3510	2378	110	0	482	2742	0	8866	426	22966	316	2262	564	6992	90	9562	1492	0	0	22378	3286	0	210	0	0	14120	1518	5490	3036	4816	3142	0	0	746	346	92	94	0	0	0	0	0	0	0	0	0	0	0	0	0	0	0	0	996	0	0	0	0	0	0	0	0	0	0	0	0	0	5710	4542	1980	2330	534	550	3492	652	90	0	694	0	664	0	0	0	0	0	290	0	0	0	0	0	0	0	0	0	0	0	0	0	0	0	0	0	0	0	0	0	0	0	0	0	0	0	
228176	Frontal_Mid_R	236	8140	5272	29710	0	458	482	0	0	322	92	4496	0	14528	0	4716	0	534	5894	3876	0	0	1398	5428	0	504	0	0	112	4590	876	2854	0	2894	0	0	0	1100	0	432	0	104	0	0	0	0	0	0	0	0	0	0	0	0	0	0	0	316	0	0	0	0	0	110	0	0	0	0	0	0	590	6674	180	3900	0	1794	136	1340	0	0	0	0	0	0	0	0	0	0	0	0	0	0	0	0	0	0	0	0	0	0	0	0	0	0	0	0	0	0	0	0	0	0	0	0	0	0	
76000	Frontal_Mid_Orb_L	0	0	2014	0	9498	0	2742	0	0	0	126	0	2194	0	13236	0	0	0	240	0	0	0	140	0	686	0	1472	0	1456	0	384	88	0	0	0	0	0	0	0	0	0	0	0	0	0	0	0	0	0	0	0	0	0	0	0	0	0	0	0	0	0	0	0	0	0	0	0	0	0	0	1312	324	1794	134	0	0	0	0	0	0	0	0	160	0	0	0	0	0	0	0	0	0	0	0	0	0	0	0	0	0	0	0	0	0	0	0	0	0	0	0	0	0	0	0	0	0	
20272	Frontal_Mid_Orb_R	0	0	0	204	0	2816	0	322	0	0	0	0	0	274	0	4588	0	0	0	92	0	184	0	0	0	154	0	488	0	390	0	0	0	0	0	0	0	0	0	0	0	0	0	0	0	0	0	0	0	0	0	0	0	0	0	0	0	0	0	0	0	0	0	0	0	0	0	0	0	0	0	294	0	330	0	0	0	0	0	0	0	0	0	0	0	0	0	0	0	0	0	0	0	0	0	0	0	0	0	0	0	0	0	0	0	0	0	0	0	0	0	0	0	0	0	0	
280280	Frontal_Inf_Oper_L	5950	0	15270	1120	260	0	8866	92	126	0	0	90	15286	118	498	618	14988	0	10546	1362	0	0	2130	218	0	0	0	0	26874	412	2684	926	882	508	0	0	732	0	0	0	0	0	0	0	0	0	0	0	0	0	0	0	0	0	300	0	2556	0	0	0	0	0	0	0	0	0	0	0	0	0	8840	3466	4524	558	110	0	178	0	0	0	3082	0	5742	0	88	0	0	0	140	0	0	0	0	0	0	0	0	0	0	0	0	0	0	0	0	0	0	0	0	0	0	0	0	0	0	0	
169492	Frontal_Inf_Oper_R	138	8416	894	3432	0	0	426	4496	0	0	90	0	0	8300	0	516	0	4686	2822	3940	0	0	232	822	0	88	0	0	110	14768	1000	3552	274	3980	0	0	0	1170	0	498	0	0	0	0	0	0	0	0	0	0	0	0	0	0	0	0	0	874	0	0	0	0	0	0	0	0	0	0	0	0	608	12206	144	4106	0	1028	0	164	0	194	0	170	0	602	0	0	0	0	0	0	0	0	0	0	0	0	0	0	0	0	0	0	0	0	0	0	0	0	0	0	0	0	0	0	0	0	
267820	Frontal_Inf_Tri_L	712	0	18994	214	2674	0	22966	0	2194	0	15286	0	0	100	9662	136	292	0	4612	126	0	0	9844	666	0	0	0	0	25064	148	3994	810	2844	1004	0	0	0	0	0	0	0	0	0	0	0	0	0	0	0	0	0	0	0	0	0	0	0	0	0	0	0	0	0	0	0	0	0	0	0	0	6808	1192	1868	330	0	0	0	0	0	0	284	0	1086	0	0	0	0	0	0	0	0	0	0	0	0	0	0	0	0	0	0	0	0	0	0	0	0	0	0	0	0	0	0	0	0	0	
181524	Frontal_Inf_Tri_R	98	418	692	4406	0	148	316	14528	0	274	118	8300	100	0	0	8164	0	468	2480	2724	0	0	1548	3072	0	130	0	0	152	16164	1292	5218	412	5674	0	0	0	0	0	0	0	0	0	0	0	0	0	0	0	0	0	0	0	0	0	0	0	0	0	0	0	0	0	0	0	0	0	0	0	0	434	10538	124	1978	0	688	0	0	0	0	0	0	0	104	0	0	0	0	0	0	0	0	0	0	0	0	0	0	0	0	0	0	0	0	0	0	0	0	0	0	0	0	0	0	0	0	
159240	Frontal_Inf_Orb_L	0	0	3586	282	10288	0	2262	0	13236	0	498	0	9662	0	0	120	0	0	1102	0	1964	0	830	290	350	0	2736	0	11432	200	608	370	0	100	0	0	1814	0	1328	0	1122	0	0	0	0	0	0	0	0	0	0	0	0	0	448	0	0	0	0	0	0	0	0	0	0	0	0	0	0	0	4552	956	5786	448	0	0	0	0	0	0	0	0	2996	0	0	0	0	0	254	0	0	0	0	0	0	0	0	0	0	0	0	0	0	0	0	0	0	0	0	0	0	0	0	0	0	0	
136288	Frontal_Inf_Orb_R	440	0	996	1306	118	3200	564	4716	0	4588	618	516	136	8164	120	0	278	0	1622	1148	0	1876	442	648	0	0	0	1212	834	12538	738	648	206	1816	0	0	0	0	0	120	0	188	0	0	0	0	0	0	0	0	0	0	0	0	0	0	0	0	0	0	0	0	0	0	0	0	0	0	0	0	3448	9538	1290	2676	0	262	0	286	0	0	92	0	266	490	0	0	0	0	0	0	0	0	0	0	0	0	0	0	0	0	0	0	0	0	0	0	0	0	0	0	0	0	0	0	0	0	
385660	Rolandic_Oper_L	10818	0	20522	356	0	0	6992	0	0	0	14988	0	292	0	0	278	0	0	11906	532	0	0	0	108	0	0	0	0	48724	208	238	182	98	0	0	0	2576	0	0	0	0	0	0	0	0	0	0	0	0	0	1294	0	504	0	1278	0	15740	0	372	0	1076	0	7806	0	668	0	126	0	894	0	2436	1112	8514	286	588	0	1336	152	6384	0	15040	0	4456	0	986	0	0	0	2964	0	0	0	0	0	0	0	0	0	0	0	0	0	0	0	0	0	0	0	0	0	0	0	0	0	0	0	
126276	Rolandic_Oper_R	0	1312	172	3186	0	0	90	534	0	0	0	4686	0	468	0	0	0	0	418	2970	0	0	0	104	0	0	0	0	0	16058	0	130	0	330	0	0	0	1414	0	302	0	0	0	0	0	0	0	0	0	0	0	0	0	0	0	826	0	2874	0	0	0	0	0	2896	0	0	0	0	0	0	128	2758	0	4996	0	1464	0	412	0	5628	0	7104	0	1144	0	378	0	0	0	356	0	0	0	0	0	0	0	0	0	0	0	0	0	0	0	0	0	0	0	0	0	0	0	0	0	0	
849856	Supp_Motor_Area_L	7048	1782	87498	20662	536	208	9562	5894	240	0	10546	2822	4612	2480	1102	1622	11906	418	0	41578	0	0	10970	7178	0	214	0	0	19486	6500	10616	11476	10456	24578	958	296	4124	1918	836	524	138	168	0	0	0	0	0	0	0	0	202	0	0	0	922	90	1242	338	0	0	154	0	196	0	152	0	0	0	6110	0	16602	22766	22908	6678	7298	736	7212	4840	202	0	1912	0	2460	0	192	0	0	0	764	0	0	0	0	0	0	0	0	0	0	0	0	0	0	0	0	0	0	0	0	0	0	0	0	0	0	0	
623352	Supp_Motor_Area_R	3788	5656	12454	52692	0	764	1492	3876	0	92	1362	3940	126	2724	0	1148	532	2970	41578	0	0	184	2964	10606	0	984	0	0	1528	14002	4078	10668	6306	31556	894	2104	0	2762	0	1066	0	934	0	0	0	0	0	232	0	0	0	0	0	0	0	848	0	918	0	100	0	0	0	126	0	0	0	224	8020	8188	3050	31286	754	18598	260	2526	334	8510	0	896	130	134	152	226	0	182	0	0	0	152	0	0	0	0	0	0	0	0	0	0	0	0	0	0	0	0	0	0	0	0	0	0	0	0	0	0	
80912	Olfactory_L	0	0	0	0	1464	434	0	0	0	0	0	0	0	0	1964	0	0	0	0	0	0	5094	0	0	310	1038	2320	2504	1576	0	2874	2354	0	0	0	0	2004	0	1866	0	1126	0	0	0	0	0	0	0	0	0	0	0	0	0	124	0	0	0	0	0	0	0	0	0	0	0	0	0	0	0	6242	1946	4102	98	0	0	0	142	0	0	0	0	874	0	0	0	0	0	0	0	0	0	0	0	0	0	0	0	0	0	0	0	0	0	0	0	0	0	0	0	0	0	0	0	0	0	
117892	Olfactory_R	0	0	0	228	0	2656	0	0	0	184	0	0	0	0	0	1876	0	0	0	184	5094	0	0	102	0	3152	1240	6730	0	4958	2996	4250	0	0	0	0	0	2020	0	942	0	3304	0	0	0	0	0	0	0	0	0	0	0	0	0	0	0	0	0	0	0	0	0	0	0	0	0	0	0	0	7020	4952	2700	1124	0	400	0	354	0	0	0	0	0	2480	0	0	0	0	0	0	0	0	0	0	0	0	0	0	0	0	0	0	0	0	0	0	0	0	0	0	0	0	0	0	0	0	
475912	Frontal_Sup_Medial_L	134	0	45890	9978	4390	388	22378	1398	140	0	2130	232	9844	1548	830	442	0	0	10970	2964	0	0	0	24310	2464	4340	104	0	5408	848	24844	20960	10858	13246	0	0	0	148	0	0	0	144	0	0	0	0	0	0	0	0	0	0	0	0	0	0	0	0	0	0	0	0	0	0	0	0	0	0	0	0	3640	4450	3222	4190	0	1124	0	0	0	0	0	0	0	0	0	0	0	0	0	0	0	0	0	0	0	0	0	0	0	0	0	0	0	0	0	0	0	0	0	0	0	0	0	0	0	0	
495936	Frontal_Sup_Medial_R	418	0	9498	43122	320	4674	3286	5428	0	0	218	822	666	3072	290	648	108	104	7178	10606	0	102	24310	0	494	14340	0	586	706	2524	9168	39758	1248	19286	0	0	0	272	0	152	0	258	0	0	0	0	0	0	0	0	0	0	0	0	0	0	0	0	0	0	0	0	0	0	0	0	0	0	0	0	2510	19310	1778	17216	0	2932	116	444	0	0	0	0	0	0	0	0	0	0	0	0	0	0	0	0	0	0	0	0	0	0	0	0	0	0	0	0	0	0	0	0	0	0	0	0	0	0	
57096	Frontal_Med_Orb_L	0	0	862	0	4946	0	0	0	686	0	0	0	0	0	350	0	0	0	0	0	310	0	2464	494	0	1634	4930	154	0	0	7552	878	0	0	0	0	0	0	0	0	0	0	0	0	0	0	0	0	0	0	0	0	0	0	0	0	0	0	0	0	0	0	0	0	0	0	0	0	0	0	1938	158	1192	0	0	0	0	0	0	0	0	0	0	0	0	0	0	0	0	0	0	0	0	0	0	0	0	0	0	0	0	0	0	0	0	0	0	0	0	0	0	0	0	0	0	0	
220216	Frontal_Med_Orb_R	0	0	2294	7336	330	9408	210	504	0	154	0	88	0	130	0	0	0	0	214	984	1038	3152	4340	14340	1634	0	964	8814	0	254	7752	16978	0	704	0	0	0	0	0	0	0	0	0	0	0	0	0	0	0	0	0	0	0	0	0	0	0	0	0	0	0	0	0	0	0	0	0	0	0	0	1454	13662	832	10344	0	2194	0	0	0	0	0	0	0	0	0	0	0	0	0	0	0	0	0	0	0	0	0	0	0	0	0	0	0	0	0	0	0	0	0	0	0	0	0	0	0	0	
65144	Rectus_L	0	0	308	0	5486	126	0	0	1472	0	0	0	0	0	2736	0	0	0	0	0	2320	1240	104	0	4930	964	0	960	328	0	4398	706	0	0	0	0	0	0	0	0	0	0	0	0	0	0	0	0	0	0	0	0	0	0	0	0	0	0	0	0	0	0	0	0	0	0	0	0	0	0	3940	608	1946	0	0	0	0	0	0	0	0	0	0	0	0	0	0	0	0	0	0	0	0	0	0	0	0	0	0	0	0	0	0	0	0	0	0	0	0	0	0	0	0	0	0	0	
90516	Rectus_R	0	0	0	202	0	8416	0	0	0	488	0	0	0	0	0	1212	0	0	0	0	2504	6730	0	586	154	8814	960	0	0	718	1740	3928	0	0	0	0	0	0	0	0	0	200	0	0	0	0	0	0	0	0	0	0	0	0	0	0	0	0	0	0	0	0	0	0	0	0	0	0	0	0	2756	2956	1644	1162	0	0	0	0	0	0	0	0	0	88	0	0	0	0	0	0	0	0	0	0	0	0	0	0	0	0	0	0	0	0	0	0	0	0	0	0	0	0	0	0	0	0	
750064	Insula_L	16790	0	37792	1432	4506	0	14120	112	1456	0	26874	110	25064	152	11432	834	48724	0	19486	1528	1576	0	5408	706	0	0	328	0	0	638	5562	1756	1078	960	0	0	11368	0	2754	0	1540	0	0	0	0	0	94	0	0	0	1590	0	1654	0	4300	0	10126	0	212	0	1120	0	6334	0	862	0	132	0	1020	0	15468	4646	27020	1134	656	0	2424	210	10796	0	16664	0	9348	0	4788	0	0	0	10348	0	0	0	0	0	0	0	0	0	0	0	0	0	0	0	0	0	0	0	0	0	0	0	0	0	0	0	
529620	Insula_R	1028	2036	2390	12310	164	1092	1518	4590	0	390	412	14768	148	16164	200	12538	208	16058	6500	14002	0	4958	848	2524	0	254	0	718	638	0	1692	6082	590	7478	118	248	0	10126	0	2976	0	5060	0	0	0	0	0	0	0	0	0	0	0	166	0	3626	0	4598	0	478	0	0	0	1826	0	0	0	338	90	306	3014	31272	1176	33160	0	4740	0	752	0	4166	0	10680	142	8400	0	3294	0	156	0	1446	0	0	0	0	0	0	0	158	0	0	0	0	0	0	0	0	0	0	0	0	0	0	0	0	0	0	
473484	Cingulum_Ant_L	512	0	23196	6490	6302	760	5490	876	384	0	2684	1000	3994	1292	608	738	238	0	10616	4078	2874	2996	24844	9168	7552	7752	4398	1740	5562	1692	0	34966	6604	7030	1018	0	0	0	0	0	0	0	0	0	0	0	0	0	0	0	0	0	0	0	0	0	0	0	0	0	0	0	0	0	0	0	0	0	188	0	20092	10644	12708	4708	0	538	0	132	0	0	102	0	176	0	0	0	0	0	0	0	0	0	0	0	0	0	0	0	0	0	0	0	0	0	0	0	0	0	0	0	0	0	0	0	0	0	
648420	Cingulum_Ant_R	646	0	13404	34602	620	2594	3036	2854	88	0	926	3552	810	5218	370	648	182	130	11476	10668	2354	4250	20960	39758	878	16978	706	3928	1756	6082	34966	0	4228	26822	0	0	0	158	0	0	0	98	0	0	0	0	0	0	0	0	0	0	0	0	0	0	0	0	0	0	0	0	0	0	0	0	0	0	0	0	9518	32400	5808	17346	174	2350	136	618	0	0	0	0	114	0	0	0	0	0	0	0	0	0	0	0	0	0	0	0	0	0	0	0	0	0	0	0	0	0	0	0	0	0	0	0	0	0	
199372	Cingulum_Mid_L	470	0	5740	1638	90	0	4816	0	0	0	882	274	2844	412	0	206	98	0	10456	6306	0	0	10858	1248	0	0	0	0	1078	590	6604	4228	0	15318	6006	1460	0	120	0	0	0	0	324	194	590	0	0	90	466	0	2698	0	0	0	0	128	0	0	386	0	172	0	0	0	572	0	5504	556	2758	700	526	928	158	154	0	0	0	118	0	0	0	0	0	0	662	114	0	0	0	146	0	0	0	0	0	0	0	0	0	0	0	0	0	0	0	0	0	0	0	0	0	0	0	0	0	0	
489948	Cingulum_Mid_R	1572	1532	7218	21652	92	146	3142	2894	0	0	508	3980	1004	5674	100	1816	0	330	24578	31556	0	0	13246	19286	0	704	0	0	960	7478	7030	26822	15318	0	1568	4696	0	440	0	202	0	292	0	1752	0	602	0	1530	0	278	0	168	0	0	0	476	0	1466	0	418	0	0	0	0	0	0	952	6268	1414	5058	1252	10788	340	3700	0	860	0	666	0	0	0	0	0	0	0	0	0	0	0	934	0	0	0	0	0	0	0	0	0	0	0	0	0	0	0	0	0	0	0	0	216	0	0	0	0	0	
106168	Cingulum_Post_L	194	160	158	200	0	0	0	0	0	0	0	0	0	0	0	0	0	0	958	894	0	0	0	0	0	0	0	0	0	118	1018	0	6006	1568	0	6522	804	2274	298	700	0	0	3316	0	1700	0	680	372	1274	0	3516	0	954	0	252	1326	0	0	0	104	184	92	122	0	996	0	8832	2438	1320	500	0	0	0	0	0	0	146	0	0	0	0	160	0	0	1486	482	0	0	370	450	0	0	0	0	0	0	0	0	0	0	0	0	0	0	0	0	0	0	0	0	140	0	0	0	0	0	
105072	Cingulum_Post_R	0	226	0	0	0	0	0	0	0	0	0	0	0	0	0	0	0	0	296	2104	0	0	0	0	0	0	0	0	0	248	0	0	1460	4696	6522	0	1060	3230	466	1436	0	0	104	2098	138	100	924	4900	118	246	0	144	0	0	0	2520	0	322	0	474	0	426	0	170	0	0	1822	9832	288	1010	0	0	0	0	0	0	224	146	0	134	0	382	0	0	0	270	0	0	0	728	0	0	0	0	0	0	290	172	0	0	0	0	0	0	0	0	0	0	0	0	2810	0	0	0	0	0	
264692	Hippocampus_L	2872	0	4014	0	696	0	746	0	0	0	732	0	0	0	1814	0	2576	0	4124	0	2004	0	0	0	0	0	0	0	11368	0	0	0	0	0	804	1060	0	434	17368	430	10220	0	290	0	0	0	1722	364	0	0	170	0	1458	0	18416	0	972	0	0	0	0	0	604	0	0	0	856	568	0	0	1080	226	15584	96	852	0	5740	396	1996	0	1468	0	3412	0	1288	0	296	0	12142	0	124	0	0	0	0	0	702	0	262	0	0	0	0	0	0	0	0	0	0	0	0	0	0	0	0	0	
362580	Hippocampus_R	522	4366	1846	4008	0	0	346	1100	0	0	0	1170	0	0	0	0	0	1414	1918	2762	0	2020	148	272	0	0	0	0	0	10126	0	158	120	440	2274	3230	434	0	202	33506	0	18162	0	140	0	0	668	2050	0	0	130	0	138	664	0	29766	0	916	0	430	0	0	0	628	0	0	284	1088	1160	986	102	1632	130	12890	0	7638	470	3820	0	760	0	1944	0	5536	152	2772	0	860	0	9184	0	172	0	0	0	0	188	2946	0	312	0	0	0	0	0	0	0	0	0	0	190	0	0	0	0	0	
128032	ParaHippocampal_L	648	0	450	0	402	0	92	0	0	0	0	0	0	0	1328	0	0	0	836	0	1866	0	0	0	0	0	0	0	2754	0	0	0	0	0	298	466	17368	202	0	256	5792	0	262	0	0	0	4864	128	0	0	192	0	2678	0	10168	0	0	0	0	0	0	0	0	0	0	0	636	182	0	0	386	0	3604	0	0	0	1176	252	120	0	0	0	1870	0	368	0	316	0	1646	0	366	0	0	0	0	0	1498	0	546	0	0	0	0	0	0	0	0	0	0	0	0	0	0	0	0	0	
243304	ParaHippocampal_R	136	1964	518	2118	0	0	94	432	0	0	0	498	0	0	0	120	0	302	524	1066	0	942	0	152	0	0	0	0	0	2976	0	0	0	202	700	1436	430	33506	256	0	0	10690	0	192	0	0	762	5656	0	0	0	0	0	748	0	22796	0	208	0	0	0	0	0	132	0	0	376	1174	236	268	0	744	0	5154	0	3188	326	2458	0	172	0	272	0	4244	0	420	0	2688	0	2658	0	482	0	236	0	220	224	5572	0	436	0	0	0	188	0	0	0	0	0	0	164	0	196	0	0	0	
59552	Amygdala_L	0	0	0	0	186	0	0	0	0	0	0	0	0	0	1122	0	0	0	138	0	1126	0	0	0	0	0	0	0	1540	0	0	0	0	0	0	0	10220	0	5792	0	0	0	0	0	0	0	0	0	0	0	0	0	0	0	4224	0	0	0	0	0	0	0	0	0	0	0	0	0	0	0	218	0	1170	0	0	0	220	0	0	0	0	0	2358	0	0	0	328	0	1134	0	0	0	0	0	0	0	0	0	0	0	0	0	0	0	0	0	0	0	0	0	0	0	0	0	0	0	
123184	Amygdala_R	0	0	130	1652	0	148	0	104	0	0	0	0	0	0	0	188	0	0	168	934	0	3304	144	258	0	0	0	200	0	5060	0	98	0	292	0	0	0	18162	0	10690	0	0	0	0	0	0	0	0	0	0	0	0	0	0	0	4950	0	0	0	0	0	0	0	0	0	0	0	0	0	0	0	816	0	4238	0	1530	0	92	0	0	0	0	0	6530	0	0	0	652	0	682	0	0	0	0	0	0	0	570	0	0	0	0	0	0	0	0	0	0	0	0	0	0	0	0	0	0	
212736	Calcarine_L	0	0	0	0	0	0	0	0	0	0	0	0	0	0	0	0	0	0	0	0	0	0	0	0	0	0	0	0	0	0	0	0	324	0	3316	104	290	0	262	0	0	0	0	8100	11792	6124	12334	1830	8258	4140	20762	1488	6658	0	2178	0	0	0	104	0	158	0	0	0	996	0	13754	862	112	0	0	0	0	0	0	0	0	0	0	0	0	0	0	0	1362	0	0	0	288	0	0	0	0	0	0	0	302	0	208	0	0	0	0	0	0	0	0	0	0	0	262	0	0	0	0	0	
292820	Calcarine_R	0	300	0	0	0	0	0	0	0	0	0	0	0	0	0	0	0	0	0	0	0	0	0	0	0	0	0	0	0	0	0	0	194	1752	0	2098	0	140	0	192	0	0	8100	0	3410	22514	806	21844	154	22788	196	19448	0	2178	0	3720	0	1680	0	526	0	244	0	0	0	250	1958	21234	0	1470	0	0	0	0	0	0	0	0	0	0	0	0	0	0	0	5376	0	0	0	2230	0	0	0	0	0	0	0	178	0	0	0	0	0	0	0	0	0	0	0	0	1430	0	0	0	0	0	
152936	Cuneus_L	0	0	0	0	0	0	0	0	0	0	0	0	0	0	0	0	0	0	0	0	0	0	0	0	0	0	0	0	0	0	0	0	590	0	1700	138	0	0	0	0	0	0	11792	3410	0	7962	1092	0	17412	5488	9790	458	464	0	0	0	0	0	2490	0	132	0	0	0	426	0	10736	1698	194	0	0	0	0	0	0	0	0	0	0	0	0	0	0	0	496	0	0	0	0	0	0	0	0	0	0	0	0	0	0	0	0	0	0	0	0	0	0	0	0	0	0	0	0	0	0	0	
212776	Cuneus_R	0	136	0	0	0	0	0	0	0	0	0	0	0	0	0	0	0	0	0	0	0	0	0	0	0	0	0	0	0	0	0	0	0	602	0	100	0	0	0	0	0	0	6124	22514	7962	0	96	2580	366	30808	90	8466	0	0	0	292	0	476	0	4386	0	0	0	0	0	0	2712	17730	0	292	0	0	0	0	0	0	0	0	0	0	0	0	0	0	0	210	0	0	0	446	0	0	0	0	0	0	0	0	0	0	0	0	0	0	0	0	0	0	0	0	0	0	0	0	0	0	
224072	Lingual_L	0	0	0	0	0	0	0	0	0	0	0	0	0	0	0	0	0	0	0	0	0	0	0	0	0	0	0	0	94	0	0	0	0	0	680	924	1722	668	4864	762	0	0	12334	806	1092	96	0	1758	4188	124	14788	0	12034	0	15866	272	0	0	0	0	0	0	0	0	142	0	4616	366	0	0	0	0	0	0	0	0	178	370	0	0	0	0	0	0	562	0	0	0	238	0	4780	744	136	0	206	0	9762	544	9778	1120	0	0	110	0	492	0	0	0	0	90	2870	1654	206	0	0	0	
308968	Lingual_R	0	888	0	376	0	0	0	0	0	0	0	0	0	0	0	0	0	0	0	232	0	0	0	0	0	0	0	0	0	0	0	0	90	1530	372	4900	364	2050	128	5656	0	0	1830	21844	0	2580	1758	0	0	4340	196	7888	132	2982	346	20164	0	460	0	174	0	276	0	98	0	142	1332	13038	140	952	0	0	0	0	0	0	146	1190	0	0	0	0	0	0	0	1768	0	0	0	656	2832	6374	492	0	0	126	2550	11152	3938	9804	0	0	0	0	176	0	0	0	0	0	9436	6190	396	0	0	0	
148508	Occipital_Sup_L	0	0	0	0	0	0	0	0	0	0	0	0	0	0	0	0	0	0	0	0	0	0	0	0	0	0	0	0	0	0	0	0	466	0	1274	118	0	0	0	0	0	0	8258	154	17412	366	4188	0	0	144	22840	0	1056	0	140	0	0	0	6548	0	142	0	0	0	0	0	10666	344	0	0	0	0	0	0	0	0	0	0	0	0	0	0	0	0	138	0	0	0	0	0	0	0	0	0	0	0	0	0	0	0	0	0	0	0	0	0	0	0	0	0	0	0	0	0	0	0	
232788	Occipital_Sup_R	0	0	0	0	0	0	0	0	0	0	0	0	0	0	0	0	0	0	0	0	0	0	0	0	0	0	0	0	0	0	0	0	0	278	0	246	0	0	0	0	0	0	4140	22788	5488	30808	124	4340	144	0	0	17222	0	240	0	464	0	310	0	8082	0	1138	0	0	0	4234	2170	13260	0	0	0	0	0	0	0	0	0	0	0	0	0	0	0	0	0	446	0	0	0	472	0	0	0	0	0	0	0	0	0	0	0	0	0	0	0	0	0	0	0	0	0	0	0	0	0	0	
382096	Occipital_Mid_L	2028	0	372	0	0	0	0	0	0	0	0	0	0	0	0	0	1294	0	202	0	0	0	0	0	0	0	0	0	1590	0	0	0	2698	0	3516	0	170	130	192	0	0	0	20762	196	9790	90	14788	196	22840	0	0	0	20974	0	6860	172	2116	0	12596	0	8294	0	1068	0	17000	0	16396	0	4264	0	0	0	0	0	0	0	0	0	622	0	266	0	0	0	15992	130	0	0	2482	0	0	0	0	0	0	0	362	0	448	0	0	0	0	0	0	0	0	0	0	0	152	0	0	0	0	0	
187340	Occipital_Mid_R	0	122	0	0	0	0	0	0	0	0	0	0	0	0	0	0	0	0	0	0	0	0	0	0	0	0	0	0	0	0	0	0	0	168	0	144	0	0	0	0	0	0	1488	19448	458	8466	0	7888	0	17222	0	0	0	2694	0	2034	0	350	0	1396	0	4400	0	0	0	10256	522	3470	0	132	0	0	0	0	0	0	0	0	0	0	0	336	0	0	0	11270	0	0	0	1406	0	0	0	0	0	0	0	0	0	0	0	0	0	0	0	0	0	0	0	0	0	0	0	0	0	0	
171852	Occipital_Inf_L	1138	0	204	0	0	0	0	0	0	0	0	0	0	0	0	0	504	0	0	0	0	0	0	0	0	0	0	0	1654	0	0	0	0	0	954	0	1458	138	2678	0	0	0	6658	0	464	0	12034	132	1056	0	20974	0	0	0	16354	148	142	0	0	0	314	0	572	0	594	0	2408	0	576	0	0	0	114	0	0	0	102	0	720	0	246	0	0	0	4046	0	0	0	5564	0	430	0	0	0	0	0	1124	0	1790	88	0	0	0	0	0	0	0	0	0	0	368	180	0	0	0	0	
37984	Occipital_Inf_R	0	0	0	0	0	0	0	0	0	0	0	0	0	0	0	0	0	0	0	0	0	0	0	0	0	0	0	0	0	166	0	0	0	0	0	0	0	664	0	748	0	0	0	2178	0	0	0	2982	0	240	0	2694	0	0	0	4938	0	0	0	0	0	0	0	0	0	0	0	464	0	0	0	0	0	0	0	0	0	0	0	0	0	0	0	0	0	1206	0	0	0	2712	0	0	0	0	0	0	0	0	0	0	0	0	0	0	0	0	0	0	0	0	0	0	0	0	0	0	
358208	Fusiform_L	814	0	1030	0	220	0	0	0	0	0	300	0	0	0	448	0	1278	0	922	0	124	0	0	0	0	0	0	0	4300	0	0	0	0	0	252	0	18416	0	10168	0	4224	0	2178	0	0	0	15866	346	140	0	6860	0	16354	0	0	152	306	0	0	0	0	0	514	0	240	0	1174	0	206	0	290	0	3612	0	0	0	146	0	1920	0	938	0	2288	0	2438	0	1436	0	16210	0	17222	470	1466	0	0	0	14506	258	23770	636	1070	0	810	0	0	0	0	0	0	0	1364	1196	226	0	0	0	
404664	Fusiform_R	210	2216	0	0	0	0	0	0	0	0	0	0	0	0	0	0	0	826	90	848	0	0	0	0	0	0	0	0	0	3626	0	0	128	476	1326	2520	0	29766	0	22796	0	4950	0	3720	0	292	272	20164	0	464	172	2034	148	4938	152	0	0	1266	0	800	0	130	0	1324	0	110	634	6208	614	1634	0	0	0	334	0	0	0	0	0	890	0	5284	0	2728	154	7040	0	3970	0	21708	1496	8898	220	146	0	470	1176	12164	1948	11690	0	0	0	0	0	0	0	0	0	0	4140	2716	306	0	0	0	
248620	Postcentral_L	16534	0	2700	0	0	0	996	0	0	0	2556	0	0	0	0	0	15740	0	1242	0	0	0	0	0	0	0	0	0	10126	0	0	0	0	0	0	0	972	0	0	0	0	0	0	0	0	0	0	0	0	0	2116	0	142	0	306	0	0	0	8556	0	16462	0	13262	0	1804	0	2258	0	13730	0	140	0	2428	0	160	0	2572	0	2440	0	6016	0	0	0	388	0	0	0	664	0	0	0	0	0	0	0	0	0	0	0	0	0	0	0	0	0	0	0	0	0	0	0	0	0	0	0	
130888	Postcentral_R	0	11424	324	842	0	0	0	316	0	0	0	874	0	0	0	0	0	2874	338	918	0	0	0	0	0	0	0	0	0	4598	0	0	0	1466	0	322	0	916	0	208	0	0	0	1680	0	476	0	460	0	310	0	350	0	0	0	1266	0	0	0	5618	0	6202	0	11034	0	348	204	3892	0	3864	0	242	0	406	0	208	0	0	0	316	0	1470	0	0	0	704	0	0	0	974	0	0	0	0	0	0	0	0	0	0	0	0	0	0	0	0	0	0	0	0	0	0	0	0	0	0	
132712	Parietal_Sup_L	296	0	0	0	0	0	0	0	0	0	0	0	0	0	0	0	372	0	0	0	0	0	0	0	0	0	0	0	212	0	0	0	386	0	0	0	0	0	0	0	0	0	104	0	2490	0	0	0	6548	0	12596	0	0	0	0	0	8556	0	0	0	13336	0	318	0	1484	0	11894	0	7668	0	0	0	0	0	0	0	0	0	96	0	0	0	0	0	0	0	0	0	0	0	0	0	0	0	0	0	0	0	0	0	0	0	0	0	0	0	0	0	0	0	0	0	0	0	0	0	
86512	Parietal_Sup_R	0	138	0	0	0	0	0	0	0	0	0	0	0	0	0	0	0	0	0	100	0	0	0	0	0	0	0	0	0	478	0	0	0	418	104	474	0	430	0	0	0	0	0	526	0	4386	0	174	0	8082	0	1396	0	0	0	800	0	5618	0	0	0	4338	0	566	0	4064	600	9062	0	192	0	0	0	0	0	0	0	0	0	158	0	414	0	0	0	244	0	0	0	494	0	0	0	0	0	0	0	0	0	0	0	0	0	0	0	0	0	0	0	0	0	0	0	0	0	0	
179032	Parietal_Inf_L	2602	0	338	0	0	0	0	0	0	0	0	0	0	0	0	0	1076	0	154	0	0	0	0	0	0	0	0	0	1120	0	0	0	172	0	184	0	0	0	0	0	0	0	158	0	132	0	0	0	142	0	8294	0	314	0	0	0	16462	0	13336	0	0	0	20766	0	10816	0	1086	0	6846	0	0	0	0	0	0	0	0	0	410	0	266	0	0	0	3114	0	0	0	1728	0	0	0	0	0	0	0	0	0	0	0	0	0	0	0	0	0	0	0	0	0	0	0	0	0	0	0	
87872	Parietal_Inf_R	0	2084	0	0	0	0	0	0	0	0	0	0	0	0	0	0	0	0	0	0	0	0	0	0	0	0	0	0	0	0	0	0	0	0	92	426	0	0	0	0	0	0	0	244	0	0	0	276	0	1138	0	4400	0	0	0	130	0	6202	0	4338	0	0	0	9510	0	10952	0	610	0	0	0	0	0	0	0	0	0	0	0	0	0	120	0	0	0	2470	0	0	0	944	0	0	0	0	0	0	0	0	0	0	0	0	0	0	0	0	0	0	0	0	0	0	0	0	0	0	
174536	SupraMarginal_L	2378	0	512	0	0	0	0	0	0	0	0	0	0	0	0	0	7806	0	196	0	0	0	0	0	0	0	0	0	6334	0	0	0	0	0	122	0	604	0	0	0	0	0	0	0	0	0	0	0	0	0	1068	0	572	0	514	0	13262	0	318	0	20766	0	0	0	6802	0	234	0	2500	0	0	0	0	0	0	0	0	0	2264	0	9514	0	0	0	8154	0	0	0	3348	0	0	0	0	0	0	0	0	0	0	0	0	0	0	0	0	0	0	0	0	0	0	0	0	0	0	0	
91456	SupraMarginal_R	0	2452	0	136	0	0	0	110	0	0	0	0	0	0	0	0	0	2896	0	126	0	0	0	0	0	0	0	0	0	1826	0	0	0	0	0	170	0	628	0	132	0	0	0	0	0	0	0	98	0	0	0	0	0	0	0	1324	0	11034	0	566	0	9510	0	0	0	2634	0	252	0	0	0	0	0	0	0	0	0	0	0	762	0	5498	0	0	0	3614	0	0	0	1960	0	0	0	0	0	0	0	0	0	0	0	0	0	0	0	0	0	0	0	0	0	0	0	0	0	0	
120900	Angular_L	1326	0	202	0	0	0	0	0	0	0	0	0	0	0	0	0	668	0	152	0	0	0	0	0	0	0	0	0	862	0	0	0	572	0	996	0	0	0	0	0	0	0	996	0	426	0	142	0	0	0	17000	0	594	0	240	0	1804	0	1484	0	10816	0	6802	0	0	0	1746	0	2188	0	0	0	0	0	0	0	0	0	460	0	1038	0	0	0	8178	0	0	0	1758	0	0	0	0	0	0	0	0	0	0	0	0	0	0	0	0	0	0	0	0	0	0	0	0	0	0	0	
81228	Angular_R	0	0	0	0	0	0	0	0	0	0	0	0	0	0	0	0	0	0	0	0	0	0	0	0	0	0	0	0	0	0	0	0	0	0	0	0	0	0	0	0	0	0	0	250	0	0	0	142	0	4234	0	10256	0	0	0	110	0	348	0	4064	0	10952	0	2634	0	0	0	214	0	0	0	0	0	0	0	0	0	0	0	0	0	1416	0	0	0	5806	0	0	0	188	0	0	0	0	0	0	0	0	0	0	0	0	0	0	0	0	0	0	0	0	0	0	0	0	0	0	
248796	Precuneus_L	128	0	0	0	0	0	0	0	0	0	0	0	0	0	0	0	126	0	0	0	0	0	0	0	0	0	0	0	132	0	0	0	5504	952	8832	1822	856	284	636	376	0	0	13754	1958	10736	2712	4616	1332	10666	2170	16396	522	2408	0	1174	634	2258	204	11894	600	1086	0	234	0	1746	0	0	9190	4218	0	0	0	0	0	0	0	0	0	0	0	0	0	0	0	2162	0	0	0	310	1280	0	0	0	0	0	0	314	0	0	0	0	0	0	0	0	0	0	0	0	0	176	0	0	0	0	0	
281840	Precuneus_R	0	832	0	0	0	0	0	0	0	0	0	0	0	0	0	0	0	0	0	224	0	0	0	0	0	0	0	0	0	338	0	0	556	6268	2438	9832	568	1088	182	1174	0	0	862	21234	1698	17730	366	13038	344	13260	0	3470	0	464	0	6208	0	3892	0	9062	0	610	0	252	0	214	9190	0	0	2576	0	0	0	0	0	0	0	0	0	334	0	508	0	0	0	1206	0	0	0	7168	0	0	0	0	0	0	122	504	0	0	0	0	0	0	0	0	0	0	0	0	3108	0	0	0	0	0	
194432	Paracentral_Lobule_L	11902	1002	2850	708	0	0	0	0	0	0	0	0	0	0	0	0	894	0	6110	8020	0	0	0	0	0	0	0	0	1020	90	188	0	2758	1414	1320	288	0	1160	0	236	0	0	112	0	194	0	0	140	0	0	4264	0	576	0	206	614	13730	0	7668	0	6846	0	2500	0	2188	0	4218	0	0	1860	1210	3554	0	0	0	0	188	4654	164	0	270	0	0	0	1096	332	0	0	496	176	0	0	0	0	0	0	0	0	0	0	0	0	0	0	0	0	0	0	0	0	0	0	0	0	0	0	
76132	Paracentral_Lobule_R	1050	5794	0	0	0	0	0	0	0	0	0	0	0	0	0	0	0	0	0	8188	0	0	0	0	0	0	0	0	0	306	0	0	700	5058	500	1010	0	986	0	268	0	0	0	1470	0	292	0	952	0	0	0	132	0	0	0	1634	0	3864	0	192	0	0	0	0	0	0	0	2576	1860	0	0	0	0	0	0	0	0	458	0	0	0	90	0	0	0	220	0	0	0	466	0	0	0	0	0	0	0	0	0	0	0	0	0	0	0	0	0	0	0	0	0	0	0	0	0	0	
505840	Caudate_L	4982	268	16364	4272	3978	772	5710	590	1312	0	8840	608	6808	434	4552	3448	2436	128	16602	3050	6242	7020	3640	2510	1938	1454	3940	2756	15468	3014	20092	9518	526	1252	0	0	1080	102	386	0	218	0	0	0	0	0	0	0	0	0	0	0	0	0	290	0	140	0	0	0	0	0	0	0	0	0	0	0	1210	0	0	24926	33942	7134	3468	618	8532	4296	0	0	596	0	1458	0	0	0	0	0	0	0	0	0	0	0	0	0	0	0	0	0	0	0	0	0	0	0	0	0	0	0	0	0	0	0	0	0	
881444	Caudate_R	5122	2134	18284	38754	662	4786	4542	6674	324	294	3466	12206	1192	10538	956	9538	1112	2758	22766	31286	1946	4952	4450	19310	158	13662	608	2956	4646	31272	10644	32400	928	10788	0	0	226	1632	0	744	0	816	0	0	0	0	0	0	0	0	0	0	0	0	0	0	0	242	0	0	0	0	0	0	0	0	0	0	3554	0	24926	0	8522	48372	1114	6750	3966	22162	0	0	244	132	606	600	0	0	0	0	0	0	0	0	0	0	0	0	0	0	0	0	0	0	0	0	0	0	0	0	0	0	0	0	0	0	0	0	
488892	Putamen_L	3072	0	24286	2032	5420	462	1980	180	1794	0	4524	144	1868	124	5786	1290	8514	0	22908	754	4102	2700	3222	1778	1192	832	1946	1644	27020	1176	12708	5808	158	340	0	0	15584	130	3604	0	1170	0	0	0	0	0	0	0	0	0	0	0	114	0	3612	0	2428	0	0	0	0	0	0	0	0	0	0	0	0	0	33942	8522	0	3900	9432	234	5396	124	338	0	940	0	2362	0	90	0	0	0	2760	0	0	0	0	0	0	0	0	0	0	0	0	0	0	0	0	0	0	0	0	0	0	0	0	0	0	0	
590672	Putamen_R	1376	2168	6398	29654	292	4630	2330	3900	134	330	558	4106	330	1978	448	2676	286	4996	6678	18598	98	1124	4190	17216	0	10344	0	1162	1134	33160	4708	17346	154	3700	0	0	96	12890	0	5154	0	4238	0	0	0	0	0	0	0	0	0	0	0	0	0	334	0	406	0	0	0	0	0	0	0	0	0	0	0	0	7134	48372	3900	0	154	19290	330	2254	0	1204	0	614	192	1952	0	388	0	0	0	92	0	0	0	0	0	0	0	140	0	0	0	0	0	0	0	0	0	0	0	0	0	0	0	0	0	0	
64168	Pallidum_L	372	0	5570	170	0	0	534	0	0	0	110	0	0	0	0	0	588	0	7298	260	0	0	0	0	0	0	0	0	656	0	0	174	0	0	0	0	852	0	0	0	0	0	0	0	0	0	0	0	0	0	0	0	0	0	0	0	160	0	0	0	0	0	0	0	0	0	0	0	0	0	3468	1114	9432	154	0	0	1058	114	0	0	0	0	0	0	0	0	0	0	0	0	0	0	0	0	0	0	0	0	0	0	0	0	0	0	0	0	0	0	0	0	0	0	0	0	0	0	
151912	Pallidum_R	0	1446	752	8170	0	376	550	1794	0	0	0	1028	0	688	0	262	0	1464	736	2526	0	400	1124	2932	0	2194	0	0	0	4740	538	2350	0	860	0	0	0	7638	0	3188	0	1530	0	0	0	0	0	0	0	0	0	0	0	0	0	0	0	208	0	0	0	0	0	0	0	0	0	0	0	0	618	6750	234	19290	0	0	0	704	0	330	0	0	0	536	0	0	0	0	0	0	0	0	0	0	0	0	0	0	0	0	0	0	0	0	0	0	0	0	0	0	0	0	0	0	0	0	
157212	Thalamus_L	18306	528	8140	586	0	0	3492	136	0	0	178	0	0	0	0	0	1336	0	7212	334	0	0	0	116	0	0	0	0	2424	0	0	136	0	0	146	224	5740	470	1176	326	220	0	0	0	0	0	178	146	0	0	0	0	102	0	146	0	2572	0	0	0	0	0	0	0	0	0	0	0	188	0	8532	3966	5396	330	1058	0	0	4228	160	0	136	0	0	0	0	0	0	0	242	0	0	0	0	0	0	0	0	0	0	0	0	0	0	0	0	0	0	0	0	0	0	0	0	0	0	0	
198308	Thalamus_R	3048	11998	5140	11300	0	0	652	1340	0	0	0	164	0	0	0	286	152	412	4840	8510	142	354	0	444	0	0	0	0	210	752	132	618	118	666	0	146	396	3820	252	2458	0	92	0	0	0	0	370	1190	0	0	0	0	0	0	0	0	0	0	0	0	0	0	0	0	0	0	0	0	4654	458	4296	22162	124	2254	114	704	4228	0	0	158	0	0	0	0	0	0	0	0	0	0	0	0	0	0	0	0	0	0	0	0	0	0	0	0	0	0	0	0	0	0	0	0	0	0	0	0	
99988	Heschl_L	4122	0	746	0	0	0	90	0	0	0	0	0	0	0	0	0	6384	0	202	0	0	0	0	0	0	0	0	0	10796	0	0	0	0	0	0	0	1996	0	120	0	0	0	0	0	0	0	0	0	0	0	622	0	720	0	1920	0	2440	0	96	0	410	0	2264	0	460	0	0	0	164	0	0	0	338	0	0	0	160	0	0	0	7286	0	0	0	3414	0	0	0	5244	0	0	0	0	0	0	0	0	0	0	0	0	0	0	0	0	0	0	0	0	0	0	0	0	0	0	0	
46468	Heschl_R	0	162	0	928	0	0	0	0	0	0	0	194	0	0	0	0	0	5628	0	896	0	0	0	0	0	0	0	0	0	4166	0	0	0	0	0	134	0	760	0	172	0	0	0	0	0	0	0	0	0	0	0	0	0	0	0	890	0	316	0	158	0	0	0	762	0	0	0	334	0	0	0	0	0	1204	0	330	0	158	0	0	0	4856	0	0	0	598	0	0	0	588	0	0	0	0	0	0	0	0	0	0	0	0	0	0	0	0	0	0	0	0	0	0	0	0	0	0	
188776	Temporal_Sup_L	2968	0	2988	0	0	0	694	0	0	0	3082	0	284	0	0	92	15040	0	1912	130	0	0	0	0	0	0	0	0	16664	0	102	0	0	0	0	0	1468	0	0	0	0	0	0	0	0	0	0	0	0	0	266	0	246	0	938	0	6016	0	0	0	266	0	9514	0	1038	0	0	0	270	0	596	244	940	0	0	0	136	0	7286	0	0	0	3540	0	10996	0	174	0	6498	0	0	0	0	0	0	0	0	0	0	0	0	0	0	0	0	0	0	0	0	0	0	0	0	0	0	0	
127144	Temporal_Sup_R	0	336	0	102	0	0	0	0	0	0	0	170	0	0	0	0	0	7104	0	134	0	0	0	0	0	0	0	0	0	10680	0	0	0	0	160	382	0	1944	0	272	0	0	0	0	0	0	0	0	0	0	0	336	0	0	0	5284	0	1470	0	414	0	120	0	5498	0	1416	0	508	0	90	0	132	0	614	0	0	0	0	0	4856	0	0	0	3674	0	14500	0	332	0	3044	0	0	0	0	0	0	0	0	0	0	0	0	0	0	0	0	0	0	0	0	0	0	0	0	0	0	
115740	Temporal_Pole_Sup_L	614	0	2960	182	520	0	664	0	160	0	5742	0	1086	0	2996	266	4456	0	2460	152	874	0	0	0	0	0	0	0	9348	142	176	114	0	0	0	0	3412	0	1870	0	2358	0	0	0	0	0	0	0	0	0	0	0	0	0	2288	0	0	0	0	0	0	0	0	0	0	0	0	0	0	0	1458	606	2362	192	0	0	0	0	0	0	3540	0	0	0	1926	0	2220	0	2726	0	0	0	0	0	0	0	0	0	0	0	0	0	0	0	0	0	0	0	0	0	0	0	0	0	0	0	
93360	Temporal_Pole_Sup_R	0	0	0	280	0	98	0	0	0	0	0	602	0	104	0	490	0	1144	0	226	0	2480	0	0	0	0	0	88	0	8400	0	0	0	0	0	0	0	5536	0	4244	0	6530	0	0	0	0	0	0	0	0	0	0	0	0	0	2728	0	0	0	0	0	0	0	0	0	0	0	0	0	0	0	600	0	1952	0	536	0	0	0	0	0	3674	0	0	0	2146	0	4018	0	478	0	0	0	0	0	0	0	326	0	0	0	0	0	0	0	0	0	0	0	0	0	0	0	0	0	0	
209460	Temporal_Mid_L	3446	0	440	0	0	0	0	0	0	0	88	0	0	0	0	0	986	0	192	0	0	0	0	0	0	0	0	0	4788	0	0	0	662	0	1486	0	1288	152	368	0	0	0	1362	0	496	0	562	0	138	0	15992	0	4046	0	2438	154	388	0	0	0	3114	0	8154	0	8178	0	2162	0	1096	0	0	0	90	0	0	0	0	0	3414	0	10996	0	1926	0	0	102	2008	0	24018	0	0	0	0	0	0	0	0	0	0	0	0	0	0	0	0	0	0	0	0	0	0	0	0	0	0	0	
182324	Temporal_Mid_R	0	240	0	0	0	0	0	0	0	0	0	0	0	0	0	0	0	378	0	182	0	0	0	0	0	0	0	0	0	3294	0	0	114	0	482	270	0	2772	0	420	0	0	0	5376	0	210	0	1768	0	446	130	11270	0	1206	0	7040	0	704	0	244	0	2470	0	3614	0	5806	0	1206	332	220	0	0	0	388	0	0	0	0	0	598	0	14500	0	2146	102	0	0	2226	0	21008	0	0	0	0	0	0	0	0	0	0	0	0	0	0	0	0	0	0	0	0	0	0	0	0	0	0	
18776	Temporal_Pole_Mid_L	0	0	0	0	0	0	0	0	0	0	0	0	0	0	0	0	0	0	0	0	0	0	0	0	0	0	0	0	0	0	0	0	0	0	0	0	296	0	316	0	328	0	0	0	0	0	0	0	0	0	0	0	0	0	1436	0	0	0	0	0	0	0	0	0	0	0	0	0	0	0	0	0	0	0	0	0	0	0	0	0	174	0	2220	0	2008	0	0	0	2610	0	0	0	0	0	0	0	0	0	0	0	0	0	0	0	0	0	0	0	0	0	0	0	0	0	0	0	
35472	Temporal_Pole_Mid_R	0	0	0	0	0	0	0	0	0	0	0	0	0	0	0	0	0	0	0	0	0	0	0	0	0	0	0	0	0	156	0	0	0	0	0	0	0	860	0	2688	0	652	0	0	0	0	0	0	0	0	0	0	0	0	0	3970	0	0	0	0	0	0	0	0	0	0	0	0	0	0	0	0	0	0	0	0	0	0	0	0	0	332	0	4018	0	2226	0	0	0	2586	0	0	0	0	0	0	0	248	0	0	0	0	0	0	0	0	0	0	0	0	0	0	0	0	0	0	
226500	Temporal_Inf_L	3218	0	1326	0	116	0	290	0	0	0	140	0	0	0	254	0	2964	0	764	0	0	0	0	0	0	0	0	0	10348	0	0	0	0	0	370	0	12142	0	1646	0	1134	0	288	0	0	0	238	0	0	0	2482	0	5564	0	16210	0	664	0	0	0	1728	0	3348	0	1758	0	310	0	496	0	0	0	2760	0	0	0	242	0	5244	0	6498	0	2726	0	24018	0	2610	0	0	0	886	0	98	0	0	0	96	0	274	0	0	0	0	0	0	0	0	0	0	0	0	0	0	0	0	0	
177264	Temporal_Inf_R	0	504	0	0	0	0	0	0	0	0	0	0	0	0	0	0	0	356	0	152	0	0	0	0	0	0	0	0	0	1446	0	0	146	934	450	728	0	9184	0	2658	0	682	0	2230	0	446	0	656	0	472	0	1406	0	2712	0	21708	0	974	0	494	0	944	0	1960	0	188	1280	7168	176	466	0	0	0	92	0	0	0	0	0	588	0	3044	0	478	0	21008	0	2586	0	0	0	110	0	0	0	0	0	206	0	0	0	0	0	0	0	0	0	0	0	0	0	0	0	0	0	0	
583564	Cerebelum_Crus1_L	0	0	0	0	0	0	0	0	0	0	0	0	0	0	0	0	0	0	0	0	0	0	0	0	0	0	0	0	0	0	0	0	0	0	0	0	124	0	366	0	0	0	0	0	0	0	4780	2832	0	0	0	0	430	0	17222	1496	0	0	0	0	0	0	0	0	0	0	0	0	0	0	0	0	0	0	0	0	0	0	0	0	0	0	0	0	0	0	0	0	886	0	0	7148	44406	9430	528	1768	26410	4238	61232	6794	22520	710	20944	3564	3394	2168	210	0	1100	2084	8864	13476	12670	2990	3608	3390	
457740	Cerebelum_Crus1_R	0	0	0	0	0	0	0	0	0	0	0	0	0	0	0	0	0	0	0	0	0	0	0	0	0	0	0	0	0	0	0	0	0	0	0	0	0	172	0	482	0	0	0	0	0	0	744	6374	0	0	0	0	0	0	470	8898	0	0	0	0	0	0	0	0	0	0	0	0	0	0	0	0	0	0	0	0	0	0	0	0	0	0	0	0	0	0	0	0	0	110	7148	0	2964	35584	0	5628	2654	26840	6490	55320	588	9072	598	18476	100	4166	0	1950	0	1566	9996	12120	8752	832	776	0	
423952	Cerebelum_Crus2_L	0	0	0	0	0	0	0	0	0	0	0	0	0	0	0	0	0	0	0	0	0	0	0	0	0	0	0	0	0	0	0	0	0	0	0	0	0	0	0	0	0	0	0	0	0	0	136	492	0	0	0	0	0	0	1466	220	0	0	0	0	0	0	0	0	0	0	0	0	0	0	0	0	0	0	0	0	0	0	0	0	0	0	0	0	0	0	0	0	98	0	44406	2964	0	15162	224	1056	2260	918	16072	1442	40336	3288	35034	4682	3992	1416	404	0	816	1364	2078	5864	16002	4548	2644	2592	
333368	Cerebelum_Crus2_R	0	0	0	0	0	0	0	0	0	0	0	0	0	0	0	0	0	0	0	0	0	0	0	0	0	0	0	0	0	0	0	0	0	0	0	0	0	0	0	236	0	0	0	0	0	0	0	0	0	0	0	0	0	0	0	146	0	0	0	0	0	0	0	0	0	0	0	0	0	0	0	0	0	0	0	0	0	0	0	0	0	0	0	0	0	0	0	0	0	0	9430	35584	15162	0	0	870	0	1452	3192	8696	9980	18500	7262	24886	0	2682	0	1284	0	294	140	3872	19062	3464	490	0	
29008	Cerebelum_3_L	0	0	0	0	0	0	0	0	0	0	0	0	0	0	0	0	0	0	0	0	0	0	0	0	0	0	0	0	0	0	0	0	0	0	0	0	0	0	0	0	0	0	0	0	0	0	206	0	0	0	0	0	0	0	0	0	0	0	0	0	0	0	0	0	0	0	0	0	0	0	0	0	0	0	0	0	0	0	0	0	0	0	0	0	0	0	0	0	0	0	528	0	224	0	0	90	6262	0	1116	0	0	0	166	0	1466	0	144	0	926	1696	1244	258	0	0	0	178	
88360	Cerebelum_3_R	0	0	0	0	0	0	0	0	0	0	0	0	0	0	0	0	0	0	0	0	0	0	0	0	0	0	0	0	0	0	0	0	0	0	0	0	0	0	0	220	0	0	0	0	0	0	0	126	0	0	0	0	0	0	0	470	0	0	0	0	0	0	0	0	0	0	0	0	0	0	0	0	0	0	0	0	0	0	0	0	0	0	0	0	0	0	0	0	0	0	1768	5628	1056	870	90	0	592	6952	1946	7614	332	0	368	624	150	2348	0	0	628	3388	2360	2216	1564	1136	1528	206	
310384	Cerebelum_4_5_L	0	0	0	0	0	0	0	0	0	0	0	0	0	0	0	0	0	0	0	0	0	0	0	0	0	0	0	0	0	0	0	0	0	0	0	290	702	188	1498	224	0	0	302	0	0	0	9762	2550	0	0	362	0	1124	0	14506	1176	0	0	0	0	0	0	0	0	0	0	314	122	0	0	0	0	0	0	0	0	0	0	0	0	0	0	0	0	0	0	0	0	96	0	26410	2654	2260	0	6262	592	0	4952	40460	4646	968	0	1494	0	5494	276	204	0	902	1924	14982	4858	0	0	458	2180	
301608	Cerebelum_4_5_R	0	0	0	0	0	0	0	0	0	0	0	0	0	0	0	0	0	0	0	0	0	0	0	0	0	0	0	0	0	158	0	0	0	0	0	172	0	2946	0	5572	0	570	0	178	0	0	544	11152	0	0	0	0	0	0	258	12164	0	0	0	0	0	0	0	0	0	0	0	504	0	0	0	0	0	140	0	0	0	0	0	0	0	0	0	326	0	0	0	248	0	206	4238	26840	918	1452	0	6952	4952	0	5022	37144	0	100	0	1426	346	732	0	204	0	2160	17102	4394	1170	326	188	0	
531488	Cerebelum_6_L	0	0	0	0	0	0	0	0	0	0	0	0	0	0	0	0	0	0	0	0	0	0	0	0	0	0	0	0	0	0	0	0	0	0	0	0	262	0	546	0	0	0	208	0	0	0	9778	3938	0	0	448	0	1790	0	23770	1948	0	0	0	0	0	0	0	0	0	0	0	0	0	0	0	0	0	0	0	0	0	0	0	0	0	0	0	0	0	0	0	0	274	0	61232	6490	16072	3192	1116	1946	40460	5022	0	8284	7926	288	9244	2178	5712	2534	134	0	1260	2408	12562	15870	5842	2194	5330	5486	
395228	Cerebelum_6_R	0	0	0	0	0	0	0	0	0	0	0	0	0	0	0	0	0	0	0	0	0	0	0	0	0	0	0	0	0	0	0	0	0	0	0	0	0	312	0	436	0	0	0	0	0	0	1120	9804	0	0	0	0	88	0	636	11690	0	0	0	0	0	0	0	0	0	0	0	0	0	0	0	0	0	0	0	0	0	0	0	0	0	0	0	0	0	0	0	0	0	0	6794	55320	1442	8696	0	7614	4646	37144	8284	0	102	562	114	3540	290	2376	0	1440	0	2000	15046	13492	3748	354	524	0	
315068	Cerebelum_7b_L	0	0	0	0	0	0	0	0	0	0	0	0	0	0	0	0	0	0	0	0	0	0	0	0	0	0	0	0	0	0	0	0	0	0	0	0	0	0	0	0	0	0	0	0	0	0	0	0	0	0	0	0	0	0	1070	0	0	0	0	0	0	0	0	0	0	0	0	0	0	0	0	0	0	0	0	0	0	0	0	0	0	0	0	0	0	0	0	0	0	0	22520	588	40336	9980	0	332	968	0	7926	102	0	2962	37618	4970	3384	910	844	0	128	282	184	912	12212	5812	2016	1478	
126492	Cerebelum_7b_R	0	0	0	0	0	0	0	0	0	0	0	0	0	0	0	0	0	0	0	0	0	0	0	0	0	0	0	0	0	0	0	0	0	0	0	0	0	0	0	0	0	0	0	0	0	0	0	0	0	0	0	0	0	0	0	0	0	0	0	0	0	0	0	0	0	0	0	0	0	0	0	0	0	0	0	0	0	0	0	0	0	0	0	0	0	0	0	0	0	0	710	9072	3288	18500	0	0	0	100	288	562	2962	0	2360	19238	0	1398	0	150	0	0	0	0	3354	1088	176	0	
334756	Cerebelum_8_L	0	0	0	0	0	0	0	0	0	0	0	0	0	0	0	0	0	0	0	0	0	0	0	0	0	0	0	0	0	0	0	0	0	0	0	0	0	0	0	0	0	0	0	0	0	0	110	0	0	0	0	0	0	0	810	0	0	0	0	0	0	0	0	0	0	0	0	0	0	0	0	0	0	0	0	0	0	0	0	0	0	0	0	0	0	0	0	0	0	0	20944	598	35034	7262	166	368	1494	0	9244	114	37618	2360	0	5508	14778	1382	2898	0	174	342	294	1066	10154	7866	4420	2374	
246208	Cerebelum_8_R	0	0	0	0	0	0	0	0	0	0	0	0	0	0	0	0	0	0	0	0	0	0	0	0	0	0	0	0	0	0	0	0	0	0	0	0	0	0	0	188	0	0	0	0	0	0	0	0	0	0	0	0	0	0	0	0	0	0	0	0	0	0	0	0	0	0	0	0	0	0	0	0	0	0	0	0	0	0	0	0	0	0	0	0	0	0	0	0	0	0	3564	18476	4682	24886	0	624	0	1426	2178	3540	4970	19238	5508	0	392	12806	0	2946	90	128	98	596	7734	6332	2702	0	
117112	Cerebelum_9_L	0	0	0	0	0	0	0	0	0	0	0	0	0	0	0	0	0	0	0	0	0	0	0	0	0	0	0	0	0	0	0	0	0	0	0	0	0	0	0	0	0	0	0	0	0	0	492	176	0	0	0	0	0	0	0	0	0	0	0	0	0	0	0	0	0	0	0	0	0	0	0	0	0	0	0	0	0	0	0	0	0	0	0	0	0	0	0	0	0	0	3394	100	3992	0	1466	150	5494	346	5712	290	3384	0	14778	392	0	1020	3658	0	260	360	2658	1922	522	1244	3548	3198	
109696	Cerebelum_9_R	0	0	0	0	0	0	0	0	0	0	0	0	0	0	0	0	0	0	0	0	0	0	0	0	0	0	0	0	0	0	0	0	0	0	0	0	0	0	0	0	0	0	0	0	0	0	0	0	0	0	0	0	0	0	0	0	0	0	0	0	0	0	0	0	0	0	0	0	0	0	0	0	0	0	0	0	0	0	0	0	0	0	0	0	0	0	0	0	0	0	2168	4166	1416	2682	0	2348	276	732	2534	2376	910	1398	1382	12806	1020	0	0	2160	856	1288	486	2648	2030	2342	5368	1456	
16992	Cerebelum_10_L	0	0	0	0	0	0	0	0	0	0	0	0	0	0	0	0	0	0	0	0	0	0	0	0	0	0	0	0	0	0	0	0	0	0	0	0	0	0	0	0	0	0	0	0	0	0	0	0	0	0	0	0	0	0	0	0	0	0	0	0	0	0	0	0	0	0	0	0	0	0	0	0	0	0	0	0	0	0	0	0	0	0	0	0	0	0	0	0	0	0	210	0	404	0	144	0	204	0	134	0	844	0	2898	0	3658	0	0	0	0	0	0	0	0	0	0	0	
20648	Cerebelum_10_R	0	0	0	0	0	0	0	0	0	0	0	0	0	0	0	0	0	0	0	0	0	0	0	0	0	0	0	0	0	0	0	0	0	0	0	0	0	0	0	0	0	0	0	0	0	0	0	0	0	0	0	0	0	0	0	0	0	0	0	0	0	0	0	0	0	0	0	0	0	0	0	0	0	0	0	0	0	0	0	0	0	0	0	0	0	0	0	0	0	0	0	1950	0	1284	0	0	0	204	0	1440	0	150	0	2946	0	2160	0	0	0	0	0	0	190	0	0	0	
35228	Vermis_1_2	0	0	0	0	0	0	0	0	0	0	0	0	0	0	0	0	0	0	0	0	0	0	0	0	0	0	0	0	0	0	0	0	0	0	0	0	0	0	0	0	0	0	0	0	0	0	0	0	0	0	0	0	0	0	0	0	0	0	0	0	0	0	0	0	0	0	0	0	0	0	0	0	0	0	0	0	0	0	0	0	0	0	0	0	0	0	0	0	0	0	1100	0	816	0	926	628	902	0	1260	0	128	0	174	90	260	856	0	0	0	5018	1628	1658	0	114	738	1318	
74704	Vermis_3	0	0	0	0	0	0	0	0	0	0	0	0	0	0	0	0	0	0	0	0	0	0	0	0	0	0	0	0	0	0	0	0	0	0	0	0	0	0	0	0	0	0	0	0	0	0	90	0	0	0	0	0	0	0	0	0	0	0	0	0	0	0	0	0	0	0	0	0	0	0	0	0	0	0	0	0	0	0	0	0	0	0	0	0	0	0	0	0	0	0	2084	1566	1364	294	1696	3388	1924	2160	2408	2000	282	0	342	128	360	1288	0	0	5018	0	4176	2848	672	594	1366	1304	
267004	Vermis_4_5	0	0	0	0	0	0	0	0	0	0	0	0	0	0	0	0	0	0	0	0	0	0	0	0	0	0	0	0	0	0	0	0	0	216	140	2810	0	190	0	164	0	0	262	1430	0	0	2870	9436	0	0	152	0	368	0	1364	4140	0	0	0	0	0	0	0	0	0	0	176	3108	0	0	0	0	0	0	0	0	0	0	0	0	0	0	0	0	0	0	0	0	0	0	8864	9996	2078	140	1244	2360	14982	17102	12562	15046	184	0	294	98	2658	486	0	0	1628	4176	0	8932	188	0	734	2924	
245240	Vermis_6	0	0	0	0	0	0	0	0	0	0	0	0	0	0	0	0	0	0	0	0	0	0	0	0	0	0	0	0	0	0	0	0	0	0	0	0	0	0	0	0	0	0	0	0	0	0	1654	6190	0	0	0	0	180	0	1196	2716	0	0	0	0	0	0	0	0	0	0	0	0	0	0	0	0	0	0	0	0	0	0	0	0	0	0	0	0	0	0	0	0	0	0	13476	12120	5864	3872	258	2216	4858	4394	15870	13492	912	0	1066	596	1922	2648	0	0	1658	2848	8932	0	5384	884	3168	4246	
