data	data	308188	239080	995856	738304	157244	78472	489068	324520	186952	44568	236732	130956	238256	123788	252952	95888	301604	232932	812880	906572	82784	110840	411436	365836	59260	100900	81404	90188	662284	331952	291476	406560	144952	625032	82652	90548	246092	250340	88312	147660	26368	48048	302052	313644	166776	336404	263376	261268	197500	393032	586836	243888	244688	101444	388260	401852	257856	201740	245960	173416	265588	102368	95108	79564	195472	162524	287924	400492	174616	166340	369988	429280	373032	362592	65620	46228	110272	155232	91572	29300	224884	91416	132816	57712	297816	154280	37984	27984	266376	117852	580000	467308	483084	321080	49944	120612	258624	237944	474460	473948	344672	249448	409208	359916	174624	136168	48960	23140	37132	73488	214808	208704	288508	132684	86928	34784	
data	data	Precentral_L	Precentral_R	Frontal_Sup_L	Frontal_Sup_R	Frontal_Sup_Orb_L	Frontal_Sup_Orb_R	Frontal_Mid_L	Frontal_Mid_R	Frontal_Mid_Orb_L	Frontal_Mid_Orb_R	Frontal_Inf_Oper_L	Frontal_Inf_Oper_R	Frontal_Inf_Tri_L	Frontal_Inf_Tri_R	Frontal_Inf_Orb_L	Frontal_Inf_Orb_R	Rolandic_Oper_L	Rolandic_Oper_R	Supp_Motor_Area_L	Supp_Motor_Area_R	Olfactory_L	Olfactory_R	Frontal_Sup_Medial_L	Frontal_Sup_Medial_R	Frontal_Med_Orb_L	Frontal_Med_Orb_R	Rectus_L	Rectus_R	Insula_L	Insula_R	Cingulum_Ant_L	Cingulum_Ant_R	Cingulum_Mid_L	Cingulum_Mid_R	Cingulum_Post_L	Cingulum_Post_R	Hippocampus_L	Hippocampus_R	ParaHippocampal_L	ParaHippocampal_R	Amygdala_L	Amygdala_R	Calcarine_L	Calcarine_R	Cuneus_L	Cuneus_R	Lingual_L	Lingual_R	Occipital_Sup_L	Occipital_Sup_R	Occipital_Mid_L	Occipital_Mid_R	Occipital_Inf_L	Occipital_Inf_R	Fusiform_L	Fusiform_R	Postcentral_L	Postcentral_R	Parietal_Sup_L	Parietal_Sup_R	Parietal_Inf_L	Parietal_Inf_R	SupraMarginal_L	SupraMarginal_R	Angular_L	Angular_R	Precuneus_L	Precuneus_R	Paracentral_Lobule_L	Paracentral_Lobule_R	Caudate_L	Caudate_R	Putamen_L	Putamen_R	Pallidum_L	Pallidum_R	Thalamus_L	Thalamus_R	Heschl_L	Heschl_R	Temporal_Sup_L	Temporal_Sup_R	Temporal_Pole_Sup_L	Temporal_Pole_Sup_R	Temporal_Mid_L	Temporal_Mid_R	Temporal_Pole_Mid_L	Temporal_Pole_Mid_R	Temporal_Inf_L	Temporal_Inf_R	Cerebelum_Crus1_L	Cerebelum_Crus1_R	Cerebelum_Crus2_L	Cerebelum_Crus2_R	Cerebelum_3_L	Cerebelum_3_R	Cerebelum_4_5_L	Cerebelum_4_5_R	Cerebelum_6_L	Cerebelum_6_R	Cerebelum_7b_L	Cerebelum_7b_R	Cerebelum_8_L	Cerebelum_8_R	Cerebelum_9_L	Cerebelum_9_R	Cerebelum_10_L	Cerebelum_10_R	Vermis_1_2	Vermis_3	Vermis_4_5	Vermis_6	Vermis_7	Vermis_8	Vermis_9	Vermis_10	
308188	Precentral_L	0	0	8006	0	0	0	12394	0	0	0	13074	0	4896	0	0	0	13116	0	5040	4714	0	0	0	0	0	0	0	0	11446	0	0	0	1358	4252	568	640	7138	542	384	0	0	0	324	0	212	0	0	0	240	0	2928	0	998	0	2106	0	19010	0	1140	0	1816	0	956	0	1072	0	496	164	15806	122	772	476	584	0	0	0	6582	1778	5468	0	1994	0	138	0	714	0	0	0	630	0	0	0	0	0	0	0	0	0	0	0	0	0	0	0	0	0	0	0	0	0	0	0	0	0	0	0	
239080	Precentral_R	0	0	648	4998	0	0	0	18200	192	0	0	4422	0	202	212	0	0	7874	1274	5948	0	0	0	0	0	0	0	0	0	8188	0	0	0	2068	0	494	0	6016	0	352	0	0	0	1056	0	2730	0	112	0	1608	0	634	0	254	0	774	0	17704	0	1230	0	2222	0	3960	0	1742	426	5764	230	5534	1532	2080	1664	2412	252	132	142	2414	0	328	0	616	0	0	0	698	0	0	0	202	0	0	0	0	0	0	0	0	0	0	0	0	0	0	0	0	0	0	0	0	0	0	0	0	0	0	
995856	Frontal_Sup_L	8006	648	0	6772	9642	0	74778	1368	7216	0	16128	0	18364	0	10150	0	19336	0	84666	10930	0	0	52178	10252	3028	700	746	0	49336	118	16192	7950	2738	9764	132	184	7424	786	312	246	0	0	0	0	0	0	0	0	0	0	298	0	0	0	264	148	4922	0	244	0	0	0	0	0	0	0	0	0	1032	0	13146	1674	24290	674	3816	0	4264	1556	1500	0	4790	0	4970	0	0	0	0	0	250	0	0	0	0	0	0	0	0	0	0	0	0	0	0	0	0	0	0	0	0	0	0	0	0	0	0	0	
738304	Frontal_Sup_R	0	4998	6772	0	384	2980	2878	35070	1580	1430	0	6518	126	4428	1994	3196	0	15946	13040	68588	0	184	11046	33370	206	4508	0	942	1804	15796	3882	23794	838	23510	98	0	162	2186	166	520	0	0	0	0	0	0	0	0	0	150	0	0	0	0	0	390	134	1718	0	112	0	130	0	218	0	0	0	112	0	154	10494	28694	4722	18124	550	2386	336	5748	0	728	0	968	166	178	0	0	0	0	0	0	0	0	0	0	0	0	0	0	0	0	0	0	0	0	0	0	0	0	0	0	0	0	0	0	0	0	
157244	Frontal_Sup_Orb_L	0	0	9642	384	0	0	1852	0	10668	0	0	0	480	0	7706	0	0	0	584	0	1472	394	7272	2172	7292	734	8706	0	2088	0	5694	1576	0	0	0	0	0	0	0	0	268	0	0	0	0	0	0	0	0	0	0	0	0	0	0	0	0	0	0	0	0	0	0	0	0	0	0	0	0	0	2314	478	5452	198	0	0	0	0	0	0	0	0	1196	0	0	0	0	0	0	0	0	0	0	0	0	0	0	0	0	0	0	0	0	0	0	0	0	0	0	0	0	0	0	0	0	0	
78472	Frontal_Sup_Orb_R	0	0	0	2980	0	0	0	602	0	2082	0	0	0	0	0	2580	0	202	286	844	352	1446	0	706	194	6310	602	8312	0	1130	0	2054	0	228	0	0	0	0	0	0	0	0	0	0	0	0	0	0	0	0	0	0	0	0	0	0	0	0	0	0	0	0	0	0	0	0	0	0	0	0	456	4152	124	2924	0	494	0	176	0	0	0	0	0	0	0	0	0	0	0	0	0	0	0	0	0	0	0	0	0	0	0	0	0	0	0	0	0	0	0	0	0	0	0	0	0	0	
489068	Frontal_Mid_L	12394	0	74778	2878	1852	0	0	144	4332	0	12622	0	31874	0	5974	0	12582	0	15290	1228	0	0	21438	4114	0	0	0	0	17570	0	4832	3342	986	3764	0	0	398	0	0	0	0	0	0	0	0	0	0	0	0	0	0	0	0	0	0	0	2550	0	0	0	0	0	0	0	0	0	0	0	0	0	3140	0	1774	0	0	0	3222	0	258	0	506	0	692	0	0	0	0	0	0	0	0	0	0	0	0	0	0	0	0	0	0	0	0	0	0	0	0	0	0	0	0	0	0	0	0	0	
324520	Frontal_Mid_R	0	18200	1368	35070	0	602	144	0	692	394	0	6120	0	12222	770	770	0	9616	5078	10064	0	0	2158	5690	0	0	0	0	410	7546	348	2544	244	9386	0	0	0	1234	0	240	0	0	0	0	0	104	0	0	0	224	0	0	0	154	0	604	0	2710	0	104	0	552	0	1388	0	972	0	170	0	260	4238	7812	1710	6792	0	944	0	214	0	834	0	1026	116	0	0	294	0	0	0	128	0	0	0	0	0	0	0	0	0	0	0	0	0	0	0	0	0	0	0	0	0	0	0	0	0	0	
186952	Frontal_Mid_Orb_L	0	192	7216	1580	10668	0	4332	692	0	0	0	174	1752	170	24432	0	0	150	4292	4468	180	172	190	256	1282	0	4002	0	4462	126	1096	390	88	2436	0	0	0	0	0	0	0	0	0	0	0	0	0	0	0	0	0	0	0	0	0	0	0	0	0	0	0	0	0	0	0	0	0	0	0	0	8112	234	7758	226	0	0	0	0	0	0	0	0	2348	0	0	0	0	0	0	0	0	0	0	0	0	0	0	0	0	0	0	0	0	0	0	0	0	0	0	0	0	0	0	0	0	0	
44568	Frontal_Mid_Orb_R	0	0	0	1430	0	2082	0	394	0	0	0	0	0	216	0	6486	0	478	286	1324	0	0	0	0	0	216	0	1194	0	650	0	0	0	102	0	0	0	0	0	0	0	0	0	0	0	0	0	0	0	0	0	0	0	0	0	0	0	0	0	0	0	0	0	0	0	0	0	0	0	0	0	3104	0	3766	0	556	0	0	0	0	0	0	0	0	0	0	0	0	0	0	0	0	0	0	0	0	0	0	0	0	0	0	0	0	0	0	0	0	0	0	0	0	0	0	0	0	
236732	Frontal_Inf_Oper_L	13074	0	16128	0	0	0	12622	0	0	0	0	0	16590	0	148	0	15476	0	12078	0	0	0	202	0	0	0	0	0	16958	0	0	0	0	0	0	0	100	0	0	0	0	0	0	0	0	0	0	0	0	0	0	0	0	0	0	0	5394	0	0	0	0	0	0	0	0	0	0	0	0	0	0	0	608	0	0	0	0	0	874	0	3438	0	4676	0	0	0	0	0	0	0	0	0	0	0	0	0	0	0	0	0	0	0	0	0	0	0	0	0	0	0	0	0	0	0	0	0	
130956	Frontal_Inf_Oper_R	0	4422	0	6518	0	0	0	6120	174	0	0	0	0	7672	200	126	0	6346	2398	8914	0	0	876	1374	0	0	0	0	144	7880	0	94	0	4720	0	0	0	564	0	224	0	0	0	0	0	0	0	0	0	0	0	0	0	0	0	194	0	1286	0	0	0	0	0	0	0	0	0	0	0	0	512	1422	112	2484	0	0	0	0	0	0	0	0	0	702	0	0	0	0	0	0	0	0	0	0	0	0	0	0	0	0	0	0	0	0	0	0	0	0	0	0	0	0	0	0	0	0	
238256	Frontal_Inf_Tri_L	4896	0	18364	126	480	0	31874	0	1752	0	16590	0	0	0	8436	0	4052	0	8766	274	0	0	542	0	0	0	0	0	17990	0	578	226	192	228	0	0	96	0	0	0	0	0	0	0	0	0	0	0	0	0	0	0	0	0	0	0	664	0	0	0	0	0	0	0	0	0	0	0	0	0	408	0	506	0	0	0	0	0	0	0	208	0	1880	0	0	0	0	0	0	0	0	0	0	0	0	0	0	0	0	0	0	0	0	0	0	0	0	0	0	0	0	0	0	0	0	0	
123788	Frontal_Inf_Tri_R	0	202	0	4428	0	0	0	12222	170	216	0	7672	0	0	192	1770	0	994	2272	5890	0	0	1730	3112	0	0	0	0	94	7228	234	896	190	7102	0	0	0	278	0	92	0	0	0	0	0	0	0	0	0	0	0	0	0	0	0	92	0	0	0	0	0	0	0	0	0	0	0	0	0	0	858	1322	92	2546	0	0	0	0	0	0	0	0	0	0	0	0	0	0	0	0	0	0	0	0	0	0	0	0	0	0	0	0	0	0	0	0	0	0	0	0	0	0	0	0	0	0	
252952	Frontal_Inf_Orb_L	0	212	10150	1994	7706	0	5974	770	24432	0	148	200	8436	192	0	0	0	160	7014	5914	1322	0	112	240	0	0	734	0	15504	148	1298	610	266	3448	0	0	0	0	0	0	266	0	0	0	0	0	0	0	0	0	0	0	0	0	0	0	0	0	0	0	0	0	0	0	0	0	0	0	0	0	9852	152	13998	152	0	0	92	0	0	0	0	0	4980	0	0	0	0	0	0	0	0	0	0	0	0	0	0	0	0	0	0	0	0	0	0	0	0	0	0	0	0	0	0	0	0	0	
95888	Frontal_Inf_Orb_R	0	0	0	3196	0	2580	0	770	0	6486	0	126	0	1770	0	0	0	794	912	3012	0	976	0	0	0	0	0	2392	0	8048	0	134	0	442	0	0	0	0	0	0	0	0	0	0	0	0	0	0	0	0	0	0	0	0	0	0	0	0	0	0	0	0	0	0	0	0	0	0	0	0	114	5146	0	9400	0	832	0	0	0	0	0	346	0	468	0	0	0	0	0	0	0	0	0	0	0	0	0	0	0	0	0	0	0	0	0	0	0	0	0	0	0	0	0	0	0	0	
301604	Rolandic_Oper_L	13116	0	19336	0	0	0	12582	0	0	0	15476	0	4052	0	0	0	0	0	10452	170	0	0	88	0	0	0	0	0	31934	0	0	0	0	0	0	0	3482	0	210	0	0	0	0	0	0	0	0	0	114	0	1006	0	550	0	912	0	9936	0	552	0	510	0	1884	0	316	0	264	0	290	0	0	0	3378	0	100	0	2476	0	5018	0	8352	0	2690	0	1056	0	0	0	500	0	0	0	0	0	0	0	0	0	0	0	0	0	0	0	0	0	0	0	0	0	0	0	0	0	0	0	
232932	Rolandic_Oper_R	0	7874	0	15946	0	202	0	9616	150	478	0	6346	0	994	160	794	0	0	1244	14146	0	0	0	238	0	0	0	0	0	19970	0	90	0	1416	0	0	0	2770	0	686	0	0	0	0	0	292	0	0	0	648	0	172	0	152	0	802	0	5494	0	366	0	152	0	1580	0	382	0	376	0	494	366	3042	90	7846	0	712	0	0	0	3124	0	5394	0	744	0	720	0	0	0	398	0	0	0	0	0	0	0	0	0	0	0	0	0	0	0	0	0	0	0	0	0	0	0	0	0	0	
812880	Supp_Motor_Area_L	5040	1274	84666	13040	584	286	15290	5078	4292	286	12078	2398	8766	2272	7014	912	10452	1244	0	45938	0	0	9372	1824	358	134	0	194	40590	1734	7390	4796	11532	25200	1072	438	6550	914	102	262	0	0	170	0	0	0	0	0	0	0	262	0	0	0	266	166	3380	0	170	0	0	0	0	0	0	0	154	0	6208	0	13566	3220	22614	2640	6628	0	4044	800	558	0	4136	0	3946	0	0	0	0	0	140	0	0	0	0	0	0	0	0	0	0	0	0	0	0	0	0	0	0	0	0	0	0	0	0	0	0	0	
906572	Supp_Motor_Area_R	4714	5948	10930	68588	0	844	1228	10064	4468	1324	0	8914	274	5890	5914	3012	170	14146	45938	0	164	242	2288	9688	0	0	0	564	6528	15034	2590	7802	6568	60490	318	2026	1414	3258	126	620	0	0	0	636	0	1058	0	86	0	1188	98	708	0	914	0	1810	320	4292	0	630	0	408	0	216	0	480	0	2466	8326	10242	16584	27956	8654	13708	1472	1304	4570	29492	194	584	0	886	292	278	0	872	0	0	0	304	0	0	0	0	0	0	0	0	0	0	0	0	0	0	0	0	0	0	0	172	0	0	0	0	0	0	
82784	Olfactory_L	0	0	0	0	1472	352	0	0	180	0	0	0	0	0	1322	0	0	0	0	164	0	6732	0	0	0	194	3736	1194	2576	0	2960	2576	0	0	0	0	120	0	322	0	534	0	0	0	0	0	0	0	0	0	0	0	0	0	0	0	0	0	0	0	0	0	0	0	0	0	0	0	0	0	7130	4594	2134	1872	580	0	0	164	0	0	0	0	484	0	0	0	0	0	0	0	0	0	0	0	0	0	0	0	0	0	0	0	0	0	0	0	0	0	0	0	0	0	0	0	0	0	
110840	Olfactory_R	0	0	0	184	394	1446	0	0	172	0	0	0	0	0	0	976	0	0	0	242	6732	0	0	144	138	1762	3240	4110	0	1724	3084	4952	0	0	0	0	0	0	0	170	0	492	0	0	0	0	0	0	0	0	0	0	0	0	0	0	0	0	0	0	0	0	0	0	0	0	0	0	0	0	7912	9454	2540	3370	1052	478	0	242	0	0	0	0	0	410	0	0	0	0	0	0	0	0	0	0	0	0	0	0	0	0	0	0	0	0	0	0	0	0	0	0	0	0	0	0	0	0	
411436	Frontal_Sup_Medial_L	0	0	52178	11046	7272	0	21438	2158	190	0	202	876	542	1730	112	0	88	0	9372	2288	0	0	0	29306	4084	1400	426	0	1560	0	19266	18388	3296	14416	0	0	0	0	0	0	0	0	0	0	0	0	0	0	0	0	0	0	0	0	0	0	0	0	0	0	0	0	0	0	0	0	0	0	0	0	2536	584	860	104	0	0	0	0	0	0	0	0	0	0	0	0	0	0	0	0	0	0	0	0	0	0	0	0	0	0	0	0	0	0	0	0	0	0	0	0	0	0	0	0	0	0	
365836	Frontal_Sup_Medial_R	0	0	10252	33370	2172	706	4114	5690	256	0	0	1374	0	3112	240	0	0	238	1824	9688	0	144	29306	0	1562	5368	164	396	222	350	8670	27554	812	25336	0	0	0	116	0	0	0	0	0	0	0	0	0	0	0	0	0	0	0	0	0	0	0	0	0	0	0	0	0	0	0	0	0	0	0	0	1090	5576	136	2694	0	386	0	0	0	0	0	0	0	0	0	0	0	0	0	0	0	0	0	0	0	0	0	0	0	0	0	0	0	0	0	0	0	0	0	0	0	0	0	0	0	0	
59260	Frontal_Med_Orb_L	0	0	3028	206	7292	194	0	0	1282	0	0	0	0	0	0	0	0	0	358	0	0	138	4084	1562	0	1318	3190	206	0	0	4204	1580	0	0	0	0	0	0	0	0	0	0	0	0	0	0	0	0	0	0	0	0	0	0	0	0	0	0	0	0	0	0	0	0	0	0	0	0	0	0	372	168	448	0	0	0	0	0	0	0	0	0	0	0	0	0	0	0	0	0	0	0	0	0	0	0	0	0	0	0	0	0	0	0	0	0	0	0	0	0	0	0	0	0	0	0	
100900	Frontal_Med_Orb_R	0	0	700	4508	734	6310	0	0	0	216	0	0	0	0	0	0	0	0	134	0	194	1762	1400	5368	1318	0	654	7968	0	0	2226	8404	0	0	0	0	0	0	0	0	0	0	0	0	0	0	0	0	0	0	0	0	0	0	0	0	0	0	0	0	0	0	0	0	0	0	0	0	0	0	266	4530	0	3436	0	322	0	0	0	0	0	0	0	0	0	0	0	0	0	0	0	0	0	0	0	0	0	0	0	0	0	0	0	0	0	0	0	0	0	0	0	0	0	0	0	0	
81404	Rectus_L	0	0	746	0	8706	602	0	0	4002	0	0	0	0	0	734	0	0	0	0	0	3736	3240	426	164	3190	654	0	1324	228	0	2966	1336	0	0	0	0	0	0	0	0	0	0	0	0	0	0	0	0	0	0	0	0	0	0	0	0	0	0	0	0	0	0	0	0	0	0	0	0	0	0	4266	1990	1470	922	0	0	0	0	0	0	0	0	0	0	0	0	0	0	0	0	0	0	0	0	0	0	0	0	0	0	0	0	0	0	0	0	0	0	0	0	0	0	0	0	0	0	
90188	Rectus_R	0	0	0	942	0	8312	0	0	0	1194	0	0	0	0	0	2392	0	0	194	564	1194	4110	0	396	206	7968	1324	0	0	1230	388	3662	0	0	0	0	0	0	0	0	0	0	0	0	0	0	0	0	0	0	0	0	0	0	0	0	0	0	0	0	0	0	0	0	0	0	0	0	0	0	1096	5040	258	3848	128	648	0	0	0	0	0	0	0	0	0	0	0	0	0	0	0	0	0	0	0	0	0	0	0	0	0	0	0	0	0	0	0	0	0	0	0	0	0	0	0	0	
662284	Insula_L	11446	0	49336	1804	2088	0	17570	410	4462	0	16958	144	17990	94	15504	0	31934	0	40590	6528	2576	0	1560	222	0	0	228	0	0	94	2012	824	714	4806	0	0	21022	0	1202	0	1662	0	0	0	0	0	0	0	0	0	646	0	374	0	4182	0	5134	0	392	0	0	0	0	0	0	0	0	0	238	0	5940	652	20592	0	272	0	2376	420	9606	0	11112	0	8600	0	2234	0	264	0	4328	0	0	0	0	0	0	0	0	0	0	0	0	0	0	0	0	0	0	0	0	0	0	0	0	0	0	0	
331952	Insula_R	0	8188	118	15796	0	1130	0	7546	126	650	0	7880	0	7228	148	8048	0	19970	1734	15034	0	1724	0	350	0	0	0	1230	94	0	104	826	0	3588	0	0	0	11012	0	1926	0	1514	0	234	0	820	0	0	0	1638	0	368	0	566	0	4476	0	1762	0	986	0	256	0	616	0	1200	0	1078	0	1470	838	5122	242	18200	0	698	0	232	0	1984	0	3450	0	1558	0	1346	0	0	0	872	0	0	0	0	0	0	0	0	0	0	0	0	0	0	0	0	0	0	0	0	0	0	0	0	0	0	
291476	Cingulum_Ant_L	0	0	16192	3882	5694	0	4832	348	1096	0	0	0	578	234	1298	0	0	0	7390	2590	2960	3084	19266	8670	4204	2226	2966	388	2012	104	0	24160	7980	5866	318	0	0	0	0	0	0	0	0	0	0	0	0	0	0	0	0	0	0	0	0	0	0	0	0	0	0	0	0	0	0	0	0	0	0	0	9838	3268	3310	860	0	0	0	0	0	0	0	0	124	0	0	0	0	0	0	0	0	0	0	0	0	0	0	0	0	0	0	0	0	0	0	0	0	0	0	0	0	0	0	0	0	0	
406560	Cingulum_Ant_R	0	0	7950	23794	1576	2054	3342	2544	390	0	0	94	226	896	610	134	0	90	4796	7802	2576	4952	18388	27554	1580	8404	1336	3662	824	826	24160	0	3114	25850	0	226	0	0	0	0	0	0	0	0	0	0	0	0	0	0	0	0	0	0	0	0	0	0	0	0	0	0	0	0	0	0	0	0	0	0	5026	12890	664	4444	0	398	0	108	0	0	0	0	0	0	0	0	0	0	0	0	0	0	0	0	0	0	0	0	0	0	0	0	0	0	0	0	0	0	0	0	0	0	0	0	0	0	
144952	Cingulum_Mid_L	1358	0	2738	838	0	0	986	244	88	0	0	0	192	190	266	0	0	0	11532	6568	0	0	3296	812	0	0	0	0	714	0	7980	3114	0	11706	5780	1446	140	0	0	0	0	0	472	0	0	0	164	0	0	0	416	0	166	0	0	0	456	0	0	0	376	0	0	0	0	0	3020	796	5344	0	416	0	360	0	268	0	234	0	0	0	0	0	0	0	0	0	0	0	0	0	0	0	0	0	0	0	0	0	0	0	0	0	0	0	0	0	0	0	0	0	0	0	0	0	0	0	
625032	Cingulum_Mid_R	4252	2068	9764	23510	0	228	3764	9386	2436	102	0	4720	228	7102	3448	442	0	1416	25200	60490	0	0	14416	25336	0	0	0	0	4806	3588	5866	25850	11706	0	380	5150	452	988	0	94	0	0	0	1438	0	1716	0	0	0	1150	0	604	0	340	0	600	0	3670	0	480	0	252	0	0	0	396	350	8042	6864	12072	7534	3108	1650	2548	200	188	766	310	120	0	0	0	190	0	0	576	0	0	0	164	0	0	0	0	0	0	0	0	0	0	0	0	0	0	0	0	0	0	0	0	0	0	0	0	0	0	
82652	Cingulum_Post_L	568	0	132	98	0	0	0	0	0	0	0	0	0	0	0	0	0	0	1072	318	0	0	0	0	0	0	0	0	0	0	318	0	5780	380	0	3972	1382	1162	616	120	0	0	6008	0	244	0	2740	0	0	0	1272	0	1332	0	1328	98	152	0	0	0	0	0	0	0	0	0	6942	648	2680	0	0	0	114	0	0	0	918	598	0	0	0	0	0	0	158	0	0	0	176	0	0	0	0	0	0	0	0	0	0	0	0	0	0	0	0	0	0	0	0	0	0	0	0	0	0	0	
90548	Cingulum_Post_R	640	494	184	0	0	0	0	0	0	0	0	0	0	0	0	0	0	0	438	2026	0	0	0	0	0	0	0	0	0	0	0	226	1446	5150	3972	0	424	4846	0	1298	0	0	0	1394	0	136	0	1360	0	134	0	150	0	1168	0	2594	0	332	0	0	0	0	0	0	0	0	416	8464	170	1716	114	0	126	190	0	0	1468	2480	0	0	0	0	0	0	0	742	0	0	0	208	0	0	0	0	0	0	0	102	0	0	0	0	0	0	0	0	0	0	0	0	666	0	0	0	0	0	
246092	Hippocampus_L	7138	0	7424	162	0	0	398	0	0	0	100	0	96	0	0	0	3482	0	6550	1414	120	0	0	0	0	0	0	0	21022	0	0	0	140	452	1382	424	0	444	9710	140	4734	0	446	0	0	0	1930	0	0	0	112	0	126	0	11132	0	1120	0	0	0	0	0	0	0	0	0	1608	164	152	0	234	548	8036	0	730	0	7472	986	5522	0	4352	0	812	0	1344	0	172	0	9730	0	86	0	0	0	120	108	198	0	130	0	0	0	0	0	0	0	0	0	90	254	0	0	0	0	0	0	
250340	Hippocampus_R	542	6016	786	2186	0	0	0	1234	0	0	0	564	0	278	0	0	0	2770	914	3258	0	0	0	116	0	0	0	0	0	11012	0	0	0	988	1162	4846	444	0	262	21190	0	7736	0	194	0	122	0	2892	0	256	0	0	0	542	0	24198	0	410	0	158	0	0	0	180	0	358	0	3030	0	300	710	88	366	12092	0	586	1036	4064	0	584	0	988	0	600	0	1312	0	0	0	2786	0	0	0	0	0	0	0	420	0	0	0	0	0	0	0	0	0	0	0	0	594	0	0	0	0	0	
88312	ParaHippocampal_L	384	0	312	166	0	0	0	0	0	0	0	0	0	0	0	0	210	0	102	126	322	0	0	0	0	0	0	0	1202	0	0	0	0	0	616	0	9710	262	0	256	692	0	126	0	0	0	2778	234	0	0	196	0	2074	0	7694	0	144	0	134	0	120	0	586	0	354	0	1406	0	0	0	0	94	932	228	150	106	1716	158	864	0	1380	0	486	0	1442	0	318	0	3488	0	198	0	0	0	432	434	698	0	224	0	0	0	0	0	0	0	0	0	136	466	0	0	0	0	0	0	
147660	ParaHippocampal_R	0	352	246	520	0	0	0	240	0	0	0	224	0	92	0	0	0	686	262	620	0	170	0	0	0	0	0	0	0	1926	0	0	0	94	120	1298	140	21190	256	0	0	4776	0	0	0	0	0	4704	0	0	0	0	0	0	0	16892	0	92	0	0	0	0	0	0	0	0	0	2134	0	0	124	0	0	4944	0	460	122	1208	0	170	0	336	0	2500	0	534	0	1948	0	1232	0	390	0	0	0	0	0	1676	0	584	0	0	0	0	0	0	0	0	0	0	568	0	0	0	0	0	
26368	Amygdala_L	0	0	0	0	268	0	0	0	0	0	0	0	0	0	266	0	0	0	0	0	534	0	0	0	0	0	0	0	1662	0	0	0	0	0	0	0	4734	0	692	0	0	0	0	0	0	0	0	0	0	0	0	0	0	0	2222	0	0	0	0	0	0	0	0	0	0	0	0	0	0	0	0	0	516	0	0	0	0	0	0	0	308	0	506	0	0	0	100	0	1376	0	0	0	0	0	0	0	0	0	0	0	0	0	0	0	0	0	0	0	0	0	0	0	0	0	0	0	
48048	Amygdala_R	0	0	0	0	0	0	0	0	0	0	0	0	0	0	0	0	0	0	0	0	0	492	0	0	0	0	0	0	0	1514	0	0	0	0	0	0	0	7736	0	4776	0	0	0	0	0	0	0	0	0	0	0	0	0	0	0	5136	0	0	0	0	0	0	0	0	0	0	0	0	0	0	0	0	0	1242	0	0	0	0	0	0	0	0	0	2424	0	0	0	602	0	102	0	0	0	0	0	0	0	0	0	0	0	0	0	0	0	0	0	0	0	0	0	0	0	0	0	0	
302052	Calcarine_L	324	0	0	0	0	0	0	0	0	0	0	0	0	0	0	0	0	0	170	0	0	0	0	0	0	0	0	0	0	0	0	0	472	0	6008	0	446	0	126	0	0	0	0	6378	12884	2414	18974	3640	15786	2098	30810	1388	16276	678	5148	376	1382	0	2154	0	730	0	0	0	142	0	16964	216	2102	0	0	0	0	0	0	0	0	0	0	0	0	0	0	0	1614	0	0	0	150	0	132	0	0	0	0	0	0	0	378	314	0	0	0	0	0	0	0	0	0	0	0	352	0	0	0	0	
313644	Calcarine_R	0	1056	0	0	0	0	0	0	0	0	0	0	0	0	0	0	0	0	0	636	0	0	0	0	0	0	0	0	0	234	0	0	0	1438	0	1394	0	194	0	0	0	0	6378	0	3268	25676	600	19460	120	30762	0	14334	0	7440	240	6766	0	1898	0	2782	0	746	0	0	0	1478	1232	19752	234	1998	0	0	0	0	0	0	0	0	0	0	0	0	0	0	0	1810	0	0	0	1878	296	0	0	0	0	0	0	174	564	800	0	0	0	0	0	0	0	0	0	0	450	734	0	0	0	0	
166776	Cuneus_L	212	0	0	0	0	0	0	0	0	0	0	0	0	0	0	0	0	0	0	0	0	0	0	0	0	0	0	0	0	0	0	0	0	0	244	0	0	0	0	0	0	0	12884	3268	0	5532	1702	520	16214	2246	11956	636	2716	0	310	0	762	106	3014	380	826	0	0	0	124	0	16408	1100	426	94	0	0	0	0	0	0	0	0	0	0	0	0	0	0	1622	86	0	0	0	0	0	0	0	0	0	0	0	0	0	0	0	0	0	0	0	0	0	0	0	0	0	0	0	0	0	0	
336404	Cuneus_R	0	2730	0	0	0	0	0	104	0	0	0	0	0	0	0	0	0	292	0	1058	0	0	0	0	0	0	0	0	0	820	0	0	0	1716	0	136	0	122	0	0	0	0	2414	25676	5532	0	0	2894	0	43706	0	12406	0	2048	0	1136	0	5448	0	10740	0	1134	0	0	0	2030	3402	32662	200	5518	0	0	0	0	0	0	0	0	0	0	0	0	0	0	0	3232	0	0	0	958	0	0	0	0	0	0	0	0	0	0	0	0	0	0	0	0	0	0	0	0	88	0	0	0	0	0	
263376	Lingual_L	0	0	0	0	0	0	0	0	0	0	0	0	0	0	0	0	0	0	0	0	0	0	0	0	0	0	0	0	0	0	0	0	164	0	2740	0	1930	0	2778	0	0	0	18974	600	1702	0	0	2222	7876	160	18596	96	8562	204	19282	760	150	0	1904	0	88	0	156	0	106	0	6448	0	164	0	0	0	0	0	0	0	318	0	0	0	234	0	0	0	700	0	0	0	770	0	6972	520	348	0	0	0	6408	0	13132	1532	384	0	376	0	0	0	0	0	0	0	698	3304	330	0	0	0	
261268	Lingual_R	0	112	0	0	0	0	0	0	0	0	0	0	0	0	0	0	0	0	0	86	0	0	0	0	0	0	0	0	0	0	0	0	0	0	0	1360	0	2892	234	4704	0	0	3640	19460	520	2894	2222	0	0	8988	0	5398	106	4684	720	19642	0	0	0	400	0	0	0	0	0	0	94	5736	0	0	0	0	0	0	0	0	0	282	0	0	0	0	0	0	0	0	0	0	0	118	1948	4460	246	340	220	1524	1426	6282	5116	9596	0	424	0	724	484	340	0	104	0	114	5726	6872	396	0	0	0	
197500	Occipital_Sup_L	240	0	0	0	0	0	0	0	0	0	0	0	0	0	0	0	114	0	0	0	0	0	0	0	0	0	0	0	0	0	0	0	0	0	0	0	0	0	0	0	0	0	15786	120	16214	0	7876	0	0	0	26792	0	4336	0	574	0	346	0	9420	0	870	0	0	0	110	0	13764	0	446	0	0	0	0	0	0	0	0	0	0	0	132	0	0	0	1610	0	0	0	0	0	0	0	0	0	0	0	0	0	0	0	0	0	0	0	0	0	0	0	0	0	0	0	0	0	0	0	
393032	Occipital_Sup_R	0	1608	0	150	0	0	0	224	0	0	0	0	0	0	0	0	0	648	0	1188	0	0	0	0	0	0	0	0	0	1638	0	0	0	1150	0	134	0	256	0	0	0	0	2098	30762	2246	43706	160	8988	0	0	0	27824	0	4196	0	3434	0	3610	0	14548	0	2356	0	0	0	5556	2286	28048	216	4296	0	0	0	0	0	0	0	0	0	178	0	338	0	0	0	3340	0	0	0	1000	0	0	0	0	0	0	0	0	0	200	0	0	0	0	0	0	0	0	0	0	0	134	0	0	0	0	
586836	Occipital_Mid_L	2928	0	298	0	0	0	0	0	0	0	0	0	0	0	0	0	1006	0	262	98	0	0	0	0	0	0	0	0	646	0	0	0	416	0	1272	0	112	0	196	0	0	0	30810	0	11956	0	18596	0	26792	0	0	0	34632	0	6018	0	8450	0	32838	0	28924	0	914	0	28194	0	21588	0	7358	0	0	0	0	0	0	0	0	0	104	0	1542	0	0	0	23438	0	0	0	3554	0	0	0	0	0	0	0	0	0	276	86	0	0	0	0	0	0	0	0	0	0	0	114	0	0	0	0	
243888	Occipital_Mid_R	0	634	0	0	0	0	0	0	0	0	0	0	0	0	0	0	0	172	0	708	0	0	0	0	0	0	0	0	0	368	0	0	0	604	0	150	0	0	0	0	0	0	1388	14334	636	12406	96	5398	0	27824	0	0	0	3434	0	2554	0	898	0	6780	0	3978	0	590	0	18278	812	7284	128	1210	0	0	0	0	0	0	0	0	0	0	0	1232	0	0	0	8884	0	0	0	928	0	0	0	0	0	0	0	0	0	142	0	0	0	0	0	0	0	0	0	0	0	94	0	0	0	0	
244688	Occipital_Inf_L	998	0	0	0	0	0	0	0	0	0	0	0	0	0	0	0	550	0	0	0	0	0	0	0	0	0	0	0	374	0	0	0	166	0	1332	0	126	0	2074	0	0	0	16276	0	2716	0	8562	106	4336	0	34632	0	0	0	12506	94	1232	0	2330	0	1672	0	840	0	640	0	4186	0	4210	0	0	0	0	0	0	0	0	0	580	0	1984	0	0	0	10258	0	0	0	8326	0	156	0	0	0	0	0	0	0	650	116	0	0	0	0	0	0	0	0	0	0	0	316	0	0	0	0	
101444	Occipital_Inf_R	0	254	0	0	0	0	0	154	0	0	0	0	0	0	0	0	0	152	0	914	0	0	0	0	0	0	0	0	0	566	0	0	0	340	0	1168	0	542	0	0	0	0	678	7440	0	2048	204	4684	0	4196	0	3434	0	0	0	10434	0	0	0	338	0	402	0	0	0	786	0	2610	0	266	0	0	0	0	0	0	0	0	0	0	0	0	0	0	0	1040	0	0	0	3948	364	114	0	0	0	0	0	412	548	1208	0	0	0	0	0	0	0	0	0	0	374	960	144	0	0	0	
388260	Fusiform_L	2106	0	264	0	0	0	0	0	0	0	0	0	0	0	0	0	912	0	266	0	0	0	0	0	0	0	0	0	4182	0	0	0	0	0	1328	0	11132	0	7694	0	2222	0	5148	240	310	0	19282	720	574	0	6018	0	12506	0	0	308	668	0	722	0	490	0	834	0	526	0	1818	0	1734	0	0	0	1356	0	0	0	410	0	3048	0	4800	0	3512	0	8042	0	3790	0	23160	0	21002	588	3358	0	148	0	6952	0	23778	1374	1550	0	1694	0	130	0	172	0	0	0	158	2512	592	0	0	0	
401852	Fusiform_R	0	774	148	390	0	0	0	604	0	0	0	194	0	92	0	0	0	802	166	1810	0	0	0	0	0	0	0	0	0	4476	0	0	0	600	98	2594	0	24198	0	16892	0	5136	376	6766	0	1136	760	19642	0	3434	0	2554	94	10434	308	0	0	150	0	402	0	104	0	0	0	234	0	4540	0	352	0	0	0	4562	0	206	94	340	0	488	0	2344	0	5088	0	3500	0	2854	0	12800	1124	14044	180	508	0	1814	574	8854	2474	18702	0	512	0	862	354	300	0	0	0	112	3698	3910	368	0	0	0	
257856	Postcentral_L	19010	0	4922	134	0	0	2550	0	0	0	5394	0	664	0	0	0	9936	0	3380	320	0	0	0	0	0	0	0	0	5134	0	0	0	456	0	152	0	1120	0	144	0	0	0	1382	0	762	0	150	0	346	0	8450	0	1232	0	668	0	0	0	9058	0	21268	0	8676	0	5320	0	4106	0	6016	0	0	106	654	0	0	0	108	110	2302	0	3206	0	90	0	1196	0	0	0	406	0	0	0	0	0	0	0	0	0	0	0	0	0	0	0	0	0	0	0	0	0	0	0	0	0	0	0	
201740	Postcentral_R	0	17704	0	1718	0	0	0	2710	0	0	0	1286	0	0	0	0	0	5494	0	4292	0	0	0	0	0	0	0	0	0	1762	0	0	0	3670	0	332	0	410	0	92	0	0	0	1898	106	5448	0	0	0	3610	0	898	0	0	0	150	0	0	0	5870	0	3332	0	8268	0	1286	352	15520	680	10700	180	300	302	976	166	0	0	0	0	106	0	1060	0	0	0	192	0	0	0	0	0	0	0	0	0	0	0	0	0	0	0	0	0	0	0	0	0	0	0	0	0	0	0	0	0	0	
245960	Parietal_Sup_L	1140	0	244	0	0	0	0	0	0	0	0	0	0	0	0	0	552	0	170	0	0	0	0	0	0	0	0	0	392	0	0	0	0	0	0	0	0	0	134	0	0	0	2154	0	3014	0	1904	0	9420	0	32838	0	2330	0	722	0	9058	0	0	0	19578	0	726	0	12624	0	14748	0	2926	0	0	0	0	0	0	0	0	0	0	0	860	0	0	0	5416	0	0	0	2030	0	0	0	0	0	0	0	0	0	0	0	0	0	0	0	0	0	0	0	0	0	0	0	0	0	0	0	
173416	Parietal_Sup_R	0	1230	0	112	0	0	0	104	0	0	0	0	0	0	0	0	0	366	0	630	0	0	0	0	0	0	0	0	0	986	0	0	0	480	0	0	0	158	0	0	0	0	0	2782	380	10740	0	400	0	14548	0	6780	0	338	0	402	0	5870	0	0	0	6128	0	660	0	8966	204	16860	92	6688	0	0	0	0	0	0	0	0	0	110	0	172	0	0	0	238	0	0	0	284	0	0	0	0	0	0	0	0	0	0	0	0	0	0	0	0	0	0	0	0	0	0	0	0	0	0	
265588	Parietal_Inf_L	1816	0	0	0	0	0	0	0	0	0	0	0	0	0	0	0	510	0	0	0	0	0	0	0	0	0	0	0	0	0	0	0	376	0	0	0	0	0	120	0	0	0	730	0	826	0	88	0	870	0	28924	0	1672	0	490	0	21268	0	19578	0	0	0	10114	0	24822	0	5784	0	2594	0	0	0	0	0	0	0	0	0	0	0	2132	0	0	0	8484	0	0	0	1596	0	0	0	0	0	0	0	0	0	0	0	0	0	0	0	0	0	0	0	0	0	0	0	0	0	0	0	
102368	Parietal_Inf_R	0	2222	0	130	0	0	0	552	0	0	0	0	0	0	0	0	0	152	0	408	0	0	0	0	0	0	0	0	0	256	0	0	0	252	0	0	0	0	0	0	0	0	0	746	0	1134	0	0	0	2356	0	3978	0	402	0	104	0	3332	0	6128	0	0	0	9324	0	14938	0	1998	0	1250	198	0	206	0	0	0	0	0	0	0	0	122	0	0	0	402	0	0	0	594	0	0	0	0	0	0	0	0	0	0	0	0	0	0	0	0	0	0	0	0	0	0	0	0	0	0	
95108	SupraMarginal_L	956	0	0	0	0	0	0	0	0	0	0	0	0	0	0	0	1884	0	0	0	0	0	0	0	0	0	0	0	0	0	0	0	0	0	0	0	0	0	586	0	0	0	0	0	0	0	156	0	0	0	914	0	840	0	834	0	8676	0	726	0	10114	0	0	0	5682	0	458	0	140	0	0	0	0	0	0	0	0	0	0	0	8790	0	0	0	4502	0	0	0	2296	0	0	0	0	0	0	0	0	0	0	0	0	0	0	0	0	0	0	0	0	0	0	0	0	0	0	0	
79564	SupraMarginal_R	0	3960	0	218	0	0	0	1388	0	0	0	0	0	0	0	0	0	1580	0	216	0	0	0	0	0	0	0	0	0	616	0	0	0	0	0	0	0	180	0	0	0	0	0	0	0	0	0	0	0	0	0	590	0	0	0	0	0	8268	0	660	0	9324	0	0	0	6270	0	0	0	0	242	118	268	0	0	0	0	0	0	0	0	3254	0	0	0	2390	0	0	0	240	0	0	0	0	0	0	0	0	0	0	0	0	0	0	0	0	0	0	0	0	0	0	0	0	0	0	
195472	Angular_L	1072	0	0	0	0	0	0	0	0	0	0	0	0	0	0	0	316	0	0	0	0	0	0	0	0	0	0	0	0	0	0	0	0	0	0	0	0	0	354	0	0	0	142	0	124	0	106	0	110	0	28194	0	640	0	526	0	5320	0	12624	0	24822	0	5682	0	0	0	3882	0	980	0	0	0	0	0	0	0	0	0	0	0	2184	0	0	0	9322	0	0	0	1336	0	0	0	0	0	0	0	0	0	0	0	0	0	0	0	0	0	0	0	0	0	0	0	0	0	0	0	
162524	Angular_R	0	1742	0	0	0	0	0	972	0	0	0	0	0	0	0	0	0	382	0	480	0	0	0	0	0	0	0	0	0	1200	0	0	0	396	0	0	0	358	0	0	0	0	0	1478	0	2030	0	0	0	5556	0	18278	0	786	0	234	0	1286	0	8966	0	14938	0	6270	0	0	0	2716	0	1648	0	0	0	0	0	0	0	0	0	0	0	3084	0	0	0	6938	0	0	0	1524	0	0	0	0	0	0	0	0	0	0	0	0	0	0	0	0	0	0	0	0	0	0	0	0	0	0	
287924	Precuneus_L	496	426	0	0	0	0	0	0	0	0	0	0	0	0	0	0	264	0	154	0	0	0	0	0	0	0	0	0	0	0	0	0	3020	350	6942	416	1608	0	1406	0	0	0	16964	1232	16408	3402	6448	94	13764	2286	21588	812	4186	0	1818	0	4106	352	14748	204	5784	0	458	0	3882	0	0	5098	2500	96	0	0	0	0	0	0	180	0	0	0	504	0	0	0	1354	250	0	0	362	0	0	0	0	0	0	0	0	0	0	0	0	0	0	0	0	0	0	0	0	0	0	0	0	0	0	0	
400492	Precuneus_R	164	5764	0	112	0	0	0	170	0	0	0	0	0	0	0	0	0	376	0	2466	0	0	0	0	0	0	0	0	0	1078	0	0	796	8042	648	8464	164	3030	0	2134	0	0	216	19752	1100	32662	0	5736	0	28048	0	7284	0	2610	0	4540	0	15520	0	16860	0	1998	0	0	0	2716	5098	0	622	14048	0	0	0	0	0	0	372	800	0	94	0	100	0	0	0	3912	0	0	0	848	0	0	0	0	0	0	0	1020	0	0	0	0	0	0	0	0	0	0	0	0	882	0	0	0	0	0	
174616	Paracentral_Lobule_L	15806	230	1032	0	0	0	0	0	0	0	0	0	0	0	0	0	290	0	6208	8326	0	0	0	0	0	0	0	0	238	0	0	0	5344	6864	2680	170	152	0	0	0	0	0	2102	234	426	200	164	0	446	216	7358	128	4210	0	1734	0	6016	680	2926	92	2594	0	140	0	980	0	2500	622	0	1646	258	650	114	0	96	0	0	764	0	0	224	0	0	0	2280	0	0	0	168	0	0	0	0	0	0	0	0	0	0	0	0	0	0	0	0	0	0	0	0	0	0	0	0	0	0	0	
166340	Paracentral_Lobule_R	122	5534	0	154	0	0	0	260	0	0	0	0	0	0	0	0	0	494	0	10242	0	0	0	0	0	0	0	0	0	1470	0	0	0	12072	0	1716	0	300	0	0	0	0	0	1998	94	5518	0	0	0	4296	0	1210	0	266	0	352	0	10700	0	6688	0	1250	0	0	0	1648	96	14048	1646	0	0	0	0	0	0	0	0	0	0	106	0	150	0	0	0	598	0	0	0	142	0	0	0	0	0	0	0	0	0	0	0	0	0	0	0	0	0	0	0	0	0	0	0	0	0	0	
369988	Caudate_L	772	1532	13146	10494	2314	456	3140	4238	8112	0	0	512	408	858	9852	114	0	366	13566	16584	7130	7912	2536	1090	372	266	4266	1096	5940	838	9838	5026	416	7534	0	114	234	710	0	124	0	0	0	0	0	0	0	0	0	0	0	0	0	0	0	0	0	180	0	0	0	198	0	242	0	0	0	0	258	0	0	10536	19630	3294	2846	248	4176	690	0	0	0	0	790	0	0	0	0	0	0	0	0	0	0	0	0	0	0	0	0	0	0	0	0	0	0	0	0	0	0	0	0	0	0	0	0	0	
429280	Caudate_R	476	2080	1674	28694	478	4152	0	7812	234	3104	0	1422	0	1322	152	5146	0	3042	3220	27956	4594	9454	584	5576	168	4530	1990	5040	652	5122	3268	12890	0	3108	0	0	548	88	94	0	0	0	0	0	0	0	0	0	0	0	0	0	0	0	0	0	106	300	0	0	0	0	0	118	0	0	0	0	650	0	10536	0	4132	27074	1548	4490	576	15928	0	146	0	182	0	184	0	0	0	0	0	0	0	0	0	0	0	0	0	0	0	0	0	0	0	0	0	0	0	0	0	0	0	0	0	0	0	0	
373032	Putamen_L	584	1664	24290	4722	5452	124	1774	1710	7758	0	608	112	506	92	13998	0	3378	90	22614	8654	2134	2540	860	136	448	0	1470	258	20592	242	3310	664	360	1650	114	126	8036	366	932	0	516	0	0	0	0	0	0	0	0	0	0	0	0	0	1356	0	654	302	0	0	0	206	0	268	0	0	0	0	114	0	19630	4132	0	1074	9412	0	1258	926	0	0	886	0	2034	0	0	0	0	0	1380	0	0	0	0	0	0	0	0	0	0	0	0	0	0	0	0	0	0	0	0	0	0	0	0	0	0	0	
362592	Putamen_R	0	2412	674	18124	198	2924	0	6792	226	3766	0	2484	0	2546	152	9400	0	7846	2640	13708	1872	3370	104	2694	0	3436	922	3848	0	18200	860	4444	0	2548	0	190	0	12092	228	4944	0	1242	0	0	0	0	0	0	0	0	0	0	0	0	0	4562	0	976	0	0	0	0	0	0	0	0	0	0	0	0	3294	27074	1074	0	344	6540	100	1100	0	316	0	512	0	316	0	0	0	0	0	202	0	0	0	0	0	0	0	0	0	0	0	0	0	0	0	0	0	0	0	0	0	0	0	0	0	0	
65620	Pallidum_L	0	252	3816	550	0	0	0	0	0	0	0	0	0	0	0	0	100	0	6628	1472	580	1052	0	0	0	0	0	128	272	0	0	0	268	200	0	0	730	0	150	0	0	0	0	0	0	0	0	0	0	0	0	0	0	0	0	0	0	166	0	0	0	0	0	0	0	0	0	0	96	0	2846	1548	9412	344	0	0	1950	250	0	0	0	0	0	0	0	0	0	0	0	0	0	0	0	0	0	0	0	0	0	0	0	0	0	0	0	0	0	0	0	0	0	0	0	0	0	0	
46228	Pallidum_R	0	132	0	2386	0	494	0	944	0	556	0	0	0	0	0	832	0	712	0	1304	0	478	0	386	0	322	0	648	0	698	0	398	0	188	0	0	0	586	106	460	0	0	0	0	0	0	0	0	0	0	0	0	0	0	0	206	0	0	0	0	0	0	0	0	0	0	0	0	0	0	248	4490	0	6540	0	0	0	0	0	0	0	0	0	0	0	0	0	0	0	0	0	0	0	0	0	0	0	0	0	0	0	0	0	0	0	0	0	0	0	0	0	0	0	0	0	0	
110272	Thalamus_L	6582	142	4264	336	0	0	3222	0	0	0	0	0	0	0	92	0	2476	0	4044	4570	0	0	0	0	0	0	0	0	2376	0	0	0	234	766	918	1468	7472	1036	1716	122	0	0	0	0	0	0	318	0	0	0	0	0	0	0	410	94	108	0	0	0	0	0	0	0	0	0	180	372	0	0	4176	576	1258	100	1950	0	0	2970	0	0	356	0	0	0	86	0	0	0	346	0	0	0	0	0	0	0	0	0	0	0	0	0	0	0	0	0	0	0	0	0	0	0	0	0	0	0	
155232	Thalamus_R	1778	2414	1556	5748	0	176	0	214	0	0	0	0	0	0	0	0	0	0	800	29492	164	242	0	0	0	0	0	0	420	232	0	108	0	310	598	2480	986	4064	158	1208	0	0	0	0	0	0	0	282	0	0	0	0	0	0	0	340	110	0	0	0	0	0	0	0	0	0	0	800	764	0	690	15928	926	1100	250	0	2970	0	0	0	0	0	0	0	0	0	0	0	0	0	0	0	0	0	0	0	0	0	0	0	0	0	0	0	0	0	0	0	0	186	122	0	0	0	0	0	
91572	Heschl_L	5468	0	1500	0	0	0	258	0	0	0	874	0	0	0	0	0	5018	0	558	194	0	0	0	0	0	0	0	0	9606	0	0	0	0	120	0	0	5522	0	864	0	0	0	0	0	0	0	0	0	0	0	104	0	580	0	3048	0	2302	0	0	0	0	0	0	0	0	0	0	0	0	0	0	0	0	0	0	0	0	0	0	0	4878	0	0	0	1932	0	0	0	2960	0	0	0	0	0	0	0	0	0	0	0	0	0	0	0	0	0	0	0	0	0	0	0	0	0	0	0	
29300	Heschl_R	0	328	0	728	0	0	0	834	0	0	0	0	0	0	0	0	0	3124	0	584	0	0	0	0	0	0	0	0	0	1984	0	0	0	0	0	0	0	584	0	170	0	0	0	0	0	0	0	0	0	178	0	0	0	0	0	488	0	106	0	110	0	0	0	0	0	0	0	94	0	106	0	146	0	316	0	0	0	0	0	0	0	3836	0	262	0	422	0	0	0	250	0	0	0	0	0	0	0	0	0	0	0	0	0	0	0	0	0	0	0	0	0	0	0	0	0	0	
224884	Temporal_Sup_L	1994	0	4790	0	0	0	506	0	0	0	3438	0	208	0	0	0	8352	0	4136	0	0	0	0	0	0	0	0	0	11112	0	0	0	0	0	0	0	4352	0	1380	0	308	0	0	0	0	0	234	0	132	0	1542	0	1984	0	4800	0	3206	0	860	0	2132	0	8790	0	2184	0	504	0	224	0	0	0	886	0	0	0	356	0	4878	0	0	0	4216	0	17964	0	0	0	16974	0	0	0	0	0	0	0	0	0	0	0	0	0	0	0	0	0	0	0	0	0	0	0	0	0	0	0	
91416	Temporal_Sup_R	0	616	0	968	0	0	0	1026	0	0	0	0	0	0	0	346	0	5394	0	886	0	0	0	0	0	0	0	0	0	3450	0	0	0	0	0	0	0	988	0	336	0	0	0	0	0	0	0	0	0	338	0	1232	0	0	0	2344	0	1060	0	172	0	122	0	3254	0	3084	0	100	0	150	0	182	0	512	0	0	0	0	0	3836	0	0	0	2462	0	9802	0	352	0	2696	0	0	0	0	0	0	0	0	0	0	0	0	0	0	0	0	0	0	0	0	0	0	0	0	0	0	
132816	Temporal_Pole_Sup_L	138	0	4970	166	1196	0	692	116	2348	0	4676	0	1880	0	4980	0	2690	0	3946	292	484	0	0	0	0	0	0	0	8600	0	124	0	0	190	0	0	812	0	486	0	506	0	0	0	0	0	0	0	0	0	0	0	0	0	3512	0	90	0	0	0	0	0	0	0	0	0	0	0	0	0	790	0	2034	0	0	0	0	0	0	0	4216	0	0	0	7734	0	3776	0	4964	0	0	0	0	0	0	0	0	0	0	0	0	0	0	0	0	0	0	0	0	0	0	0	0	0	0	0	
57712	Temporal_Pole_Sup_R	0	0	0	178	0	0	0	0	0	0	0	702	0	0	0	468	0	744	0	278	0	410	0	0	0	0	0	0	0	1558	0	0	0	0	0	0	0	600	0	2500	0	2424	0	0	0	0	0	0	0	0	0	0	0	0	0	5088	0	0	0	0	0	0	0	0	0	0	0	0	0	0	0	184	0	316	0	0	0	0	0	262	0	2462	0	0	0	3640	0	5348	0	1694	0	0	0	0	0	0	0	0	0	0	0	0	0	0	0	0	0	0	0	0	0	0	0	0	0	0	
297816	Temporal_Mid_L	714	0	0	0	0	0	0	0	0	0	0	0	0	0	0	0	1056	0	0	0	0	0	0	0	0	0	0	0	2234	0	0	0	0	0	158	0	1344	0	1442	0	0	0	1614	0	1622	0	700	0	1610	0	23438	0	10258	0	8042	0	1196	0	5416	0	8484	0	4502	0	9322	0	1354	0	2280	0	0	0	0	0	0	0	86	0	1932	0	17964	0	7734	0	0	0	4114	0	30122	0	170	0	0	0	0	0	0	0	0	0	0	0	0	0	0	0	0	0	0	0	0	0	0	0	0	0	
154280	Temporal_Mid_R	0	698	0	0	0	0	0	294	0	0	0	0	0	0	0	0	0	720	0	872	0	0	0	0	0	0	0	0	0	1346	0	0	0	576	0	742	0	1312	0	534	0	0	0	1810	86	3232	0	0	0	3340	0	8884	0	1040	0	3500	0	192	0	238	0	402	0	2390	0	6938	250	3912	0	598	0	0	0	0	0	0	0	0	0	422	0	9802	0	3640	0	0	0	1864	0	17506	0	0	0	0	0	0	0	0	0	0	0	0	0	0	0	0	0	0	0	0	0	0	0	0	0	0	
37984	Temporal_Pole_Mid_L	0	0	0	0	0	0	0	0	0	0	0	0	0	0	0	0	0	0	0	0	0	0	0	0	0	0	0	0	264	0	0	0	0	0	0	0	172	0	318	0	100	0	0	0	0	0	0	0	0	0	0	0	0	0	3790	0	0	0	0	0	0	0	0	0	0	0	0	0	0	0	0	0	0	0	0	0	0	0	0	0	0	0	3776	0	4114	0	0	0	6458	0	0	0	0	0	0	0	0	0	0	0	0	0	0	0	0	0	0	0	0	0	0	0	0	0	0	0	
27984	Temporal_Pole_Mid_R	0	0	0	0	0	0	0	0	0	0	0	0	0	0	0	0	0	0	0	0	0	0	0	0	0	0	0	0	0	0	0	0	0	0	0	0	0	0	0	1948	0	602	0	0	0	0	0	0	0	0	0	0	0	0	0	2854	0	0	0	0	0	0	0	0	0	0	0	0	0	0	0	0	0	0	0	0	0	0	0	0	0	352	0	5348	0	1864	0	0	0	1024	0	0	0	0	0	0	0	0	0	0	0	0	0	0	0	0	0	0	0	0	0	0	0	0	0	0	
266376	Temporal_Inf_L	630	0	250	0	0	0	0	0	0	0	0	0	0	0	0	0	500	0	140	0	0	0	0	0	0	0	0	0	4328	0	0	0	0	0	176	0	9730	0	3488	0	1376	0	150	0	0	0	770	0	0	0	3554	0	8326	0	23160	0	406	0	2030	0	1596	0	2296	0	1336	0	362	0	168	0	0	0	1380	0	0	0	346	0	2960	0	16974	0	4964	0	30122	0	6458	0	0	0	3142	0	660	0	0	0	150	0	594	0	380	0	286	0	0	0	0	0	0	0	0	0	0	0	0	0	
117852	Temporal_Inf_R	0	202	0	0	0	0	0	128	0	0	0	0	0	0	0	0	0	398	0	304	0	0	0	0	0	0	0	0	0	872	0	0	0	164	0	208	0	2786	0	1232	0	102	0	1878	0	958	0	118	0	1000	0	928	0	3948	0	12800	0	0	0	284	0	594	0	240	0	1524	0	848	0	142	0	0	0	202	0	0	0	0	0	250	0	2696	0	1694	0	17506	0	1024	0	0	0	2706	0	198	0	0	0	258	0	734	0	0	0	0	0	0	0	0	0	0	0	0	0	0	0	0	
580000	Cerebelum_Crus1_L	0	0	0	0	0	0	0	0	0	0	0	0	0	0	0	0	0	0	0	0	0	0	0	0	0	0	0	0	0	0	0	0	0	0	0	0	86	0	198	0	0	0	132	296	0	0	6972	1948	0	0	0	0	156	364	21002	1124	0	0	0	0	0	0	0	0	0	0	0	0	0	0	0	0	0	0	0	0	0	0	0	0	0	0	0	0	170	0	0	0	3142	0	0	11948	50810	6292	2180	820	18222	1728	51650	11360	22422	2890	26456	6746	4244	1252	1432	364	398	702	2626	9070	17288	1672	1296	542	
467308	Cerebelum_Crus1_R	0	0	0	0	0	0	0	0	0	0	0	0	0	0	0	0	0	0	0	0	0	0	0	0	0	0	0	0	0	0	0	0	0	0	0	0	0	0	0	390	0	0	0	0	0	0	520	4460	0	0	0	0	0	114	588	14044	0	0	0	0	0	0	0	0	0	0	0	0	0	0	0	0	0	0	0	0	0	0	0	0	0	0	0	0	0	0	0	0	0	2706	11948	0	8252	35242	230	3566	2208	17052	7724	49618	2244	15660	1586	19248	860	1462	0	364	470	886	7960	8594	14124	940	474	120	
483084	Cerebelum_Crus2_L	0	0	0	0	0	0	0	0	0	0	0	0	0	0	0	0	0	0	0	0	0	0	0	0	0	0	0	0	0	0	0	0	0	0	0	0	0	0	0	0	0	0	0	0	0	0	348	246	0	0	0	0	0	0	3358	180	0	0	0	0	0	0	0	0	0	0	0	0	0	0	0	0	0	0	0	0	0	0	0	0	0	0	0	0	0	0	0	0	660	0	50810	8252	0	13302	388	234	3382	680	9446	2990	50978	8378	46234	8912	6070	996	1872	318	0	124	486	1316	16308	4582	538	154	
321080	Cerebelum_Crus2_R	0	0	0	0	0	0	0	0	0	0	0	0	0	0	0	0	0	0	0	0	0	0	0	0	0	0	0	0	0	0	0	0	0	0	0	0	0	0	0	0	0	0	0	0	0	0	0	340	0	0	0	0	0	0	0	508	0	0	0	0	0	0	0	0	0	0	0	0	0	0	0	0	0	0	0	0	0	0	0	0	0	0	0	0	0	0	0	0	0	198	6292	35242	13302	0	0	902	392	1832	792	5586	6068	33774	4188	30784	336	1334	114	356	88	160	1246	622	12920	3058	106	0	
49944	Cerebelum_3_L	0	0	0	0	0	0	0	0	0	0	0	0	0	0	0	0	0	0	0	0	0	0	0	0	0	0	0	0	0	0	0	0	0	0	0	0	120	0	432	0	0	0	0	0	0	0	0	220	0	0	0	0	0	0	148	0	0	0	0	0	0	0	0	0	0	0	0	0	0	0	0	0	0	0	0	0	0	0	0	0	0	0	0	0	0	0	0	0	0	0	2180	230	388	0	0	586	7018	310	3700	1006	0	0	284	162	1150	116	0	0	1224	2416	2256	510	374	0	142	0	
120612	Cerebelum_3_R	0	0	0	0	0	0	0	0	0	0	0	0	0	0	0	0	0	0	0	0	0	0	0	0	0	0	0	0	0	0	0	0	0	0	0	0	108	0	434	0	0	0	0	0	0	0	0	1524	0	0	0	0	0	0	0	1814	0	0	0	0	0	0	0	0	0	0	0	0	0	0	0	0	0	0	0	0	0	0	0	0	0	0	0	0	0	0	0	0	0	0	820	3566	234	902	586	0	1286	9926	1074	11490	166	922	688	3226	390	2464	0	340	1826	5586	5092	626	2050	1400	1618	148	
258624	Cerebelum_4_5_L	0	0	0	0	0	0	0	0	0	0	0	0	0	0	0	0	0	0	0	0	0	0	0	0	0	0	0	0	0	0	0	0	0	0	0	0	198	0	698	0	0	0	0	0	0	0	6408	1426	0	0	0	0	0	0	6952	574	0	0	0	0	0	0	0	0	0	0	0	0	0	0	0	0	0	0	0	0	0	0	0	0	0	0	0	0	0	0	0	0	150	0	18222	2208	3382	392	7018	1286	0	2038	34488	4528	2810	308	4706	974	5980	796	964	132	1030	1726	11376	4588	1008	746	922	1278	
237944	Cerebelum_4_5_R	0	0	0	0	0	0	0	0	0	0	0	0	0	0	0	0	0	0	0	0	0	0	0	0	0	0	0	0	0	0	0	0	0	0	0	102	0	420	0	1676	0	0	0	174	0	0	0	6282	0	0	0	0	0	412	0	8854	0	0	0	0	0	0	0	0	0	0	0	1020	0	0	0	0	0	0	0	0	0	0	0	0	0	0	0	0	0	0	0	0	0	258	1728	17052	680	1832	310	9926	2038	0	2392	32018	310	1572	722	4230	768	1892	0	586	428	1726	13306	1902	2414	958	872	112	
474460	Cerebelum_6_L	0	0	0	0	0	0	0	0	0	0	0	0	0	0	0	0	0	0	0	0	0	0	0	0	0	0	0	0	0	0	0	0	0	0	0	0	130	0	224	0	0	0	378	564	0	0	13132	5116	0	0	276	0	650	548	23778	2474	0	0	0	0	0	0	0	0	0	0	0	0	0	0	0	0	0	0	0	0	0	0	0	0	0	0	0	0	0	0	0	0	594	0	51650	7724	9446	792	3700	1074	34488	2392	0	13712	5576	378	7844	1248	8276	1258	1376	140	674	834	8904	17556	6074	1050	1634	1566	
473948	Cerebelum_6_R	0	0	0	0	0	0	0	0	0	0	0	0	0	0	0	0	0	0	0	0	0	0	0	0	0	0	0	0	0	0	0	0	0	0	0	0	0	0	0	584	0	0	314	800	0	0	1532	9596	0	200	86	142	116	1208	1374	18702	0	0	0	0	0	0	0	0	0	0	0	0	0	0	0	0	0	0	0	0	0	0	0	0	0	0	0	0	0	0	0	0	0	734	11360	49618	2990	5586	1006	11490	4528	32018	13712	0	930	3642	1596	8038	1916	2428	0	854	1646	3236	14850	16082	11108	1162	1336	454	
344672	Cerebelum_7b_L	0	0	0	0	0	0	0	0	0	0	0	0	0	0	0	0	0	0	0	0	0	0	0	0	0	0	0	0	0	0	0	0	0	0	0	0	0	0	0	0	0	0	0	0	0	0	384	0	0	0	0	0	0	0	1550	0	0	0	0	0	0	0	0	0	0	0	0	0	0	0	0	0	0	0	0	0	0	0	0	0	0	0	0	0	0	0	0	0	380	0	22422	2244	50978	6068	0	166	2810	310	5576	930	0	3940	46174	4926	7086	694	2316	152	0	86	326	386	6964	5032	436	0	
249448	Cerebelum_7b_R	0	0	0	0	0	0	0	0	0	0	0	0	0	0	0	0	0	0	0	0	0	0	0	0	0	0	0	0	0	0	0	0	0	0	0	0	0	0	0	0	0	0	0	0	0	0	0	424	0	0	0	0	0	0	0	512	0	0	0	0	0	0	0	0	0	0	0	0	0	0	0	0	0	0	0	0	0	0	0	0	0	0	0	0	0	0	0	0	0	0	2890	15660	8378	33774	0	922	308	1572	378	3642	3940	0	3094	34452	288	1954	0	114	0	114	1376	340	7010	3582	0	0	
409208	Cerebelum_8_L	0	0	0	0	0	0	0	0	0	0	0	0	0	0	0	0	0	0	0	0	0	0	0	0	0	0	0	0	0	0	0	0	0	0	0	0	0	0	0	0	0	0	0	0	0	0	376	0	0	0	0	0	0	0	1694	0	0	0	0	0	0	0	0	0	0	0	0	0	0	0	0	0	0	0	0	0	0	0	0	0	0	0	0	0	0	0	0	0	286	0	26456	1586	46234	4188	284	688	4706	722	7844	1596	46174	3094	0	6850	20270	3262	6662	322	152	548	752	380	7536	8462	3266	214	
359916	Cerebelum_8_R	0	0	0	0	0	0	0	0	0	0	0	0	0	0	0	0	0	0	0	0	0	0	0	0	0	0	0	0	0	0	0	0	0	0	0	0	0	0	0	0	0	0	0	0	0	0	0	724	0	0	0	0	0	0	0	862	0	0	0	0	0	0	0	0	0	0	0	0	0	0	0	0	0	0	0	0	0	0	0	0	0	0	0	0	0	0	0	0	0	0	6746	19248	8912	30784	162	3226	974	4230	1248	8038	4926	34452	6850	0	1694	16256	436	2302	552	1218	2928	924	12060	7716	2194	296	
174624	Cerebelum_9_L	0	0	0	0	0	0	0	0	0	0	0	0	0	0	0	0	0	0	0	0	0	0	0	0	0	0	0	0	0	0	0	0	0	0	0	0	0	0	0	0	0	0	0	0	0	0	0	484	0	0	0	0	0	0	130	354	0	0	0	0	0	0	0	0	0	0	0	0	0	0	0	0	0	0	0	0	0	0	0	0	0	0	0	0	0	0	0	0	0	0	4244	860	6070	336	1150	390	5980	768	8276	1916	7086	288	20270	1694	0	2914	7306	0	234	508	2254	3260	2028	3066	3900	1546	
136168	Cerebelum_9_R	0	0	0	0	0	0	0	0	0	0	0	0	0	0	0	0	0	0	0	0	0	0	0	0	0	0	0	0	0	0	0	0	0	0	0	0	0	0	0	0	0	0	0	0	0	0	0	340	0	0	0	0	0	0	0	300	0	0	0	0	0	0	0	0	0	0	0	0	0	0	0	0	0	0	0	0	0	0	0	0	0	0	0	0	0	0	0	0	0	0	1252	1462	996	1334	116	2464	796	1892	1258	2428	694	1954	3262	16256	2914	0	370	3436	648	1882	1902	1562	3376	6304	7208	1678	
48960	Cerebelum_10_L	0	0	0	0	0	0	0	0	0	0	0	0	0	0	0	0	0	0	0	0	0	0	0	0	0	0	0	0	0	0	0	0	0	0	0	0	0	0	0	0	0	0	0	0	0	0	0	0	0	0	0	0	0	0	172	0	0	0	0	0	0	0	0	0	0	0	0	0	0	0	0	0	0	0	0	0	0	0	0	0	0	0	0	0	0	0	0	0	0	0	1432	0	1872	114	0	0	964	0	1376	0	2316	0	6662	436	7306	370	0	0	0	0	0	0	352	722	386	0	
23140	Cerebelum_10_R	0	0	0	0	0	0	0	0	0	0	0	0	0	0	0	0	0	0	0	0	0	0	0	0	0	0	0	0	0	0	0	0	0	0	0	0	0	0	0	0	0	0	0	0	0	0	0	104	0	0	0	0	0	0	0	0	0	0	0	0	0	0	0	0	0	0	0	0	0	0	0	0	0	0	0	0	0	0	0	0	0	0	0	0	0	0	0	0	0	0	364	364	318	356	0	340	132	586	140	854	152	114	322	2302	0	3436	0	0	0	120	448	0	482	384	252	0	
37132	Vermis_1_2	0	0	0	0	0	0	0	0	0	0	0	0	0	0	0	0	0	0	0	0	0	0	0	0	0	0	0	0	0	0	0	0	0	0	0	0	90	0	136	0	0	0	0	0	0	0	0	0	0	0	0	0	0	0	0	0	0	0	0	0	0	0	0	0	0	0	0	0	0	0	0	0	0	0	0	0	0	0	0	0	0	0	0	0	0	0	0	0	0	0	398	470	0	88	1224	1826	1030	428	674	1646	0	0	152	552	234	648	0	0	0	4638	1724	686	714	288	534	386	
73488	Vermis_3	0	0	0	0	0	0	0	0	0	0	0	0	0	0	0	0	0	0	0	172	0	0	0	0	0	0	0	0	0	0	0	0	0	0	0	0	254	0	466	0	0	0	0	0	0	0	0	114	0	0	0	0	0	0	0	112	0	0	0	0	0	0	0	0	0	0	0	0	0	0	0	0	0	0	0	0	0	186	0	0	0	0	0	0	0	0	0	0	0	0	702	886	124	160	2416	5586	1726	1726	834	3236	86	114	548	1218	508	1882	0	120	4638	0	3160	736	1838	1316	1652	228	
214808	Vermis_4_5	0	0	0	0	0	0	0	0	0	0	0	0	0	0	0	0	0	0	0	0	0	0	0	0	0	0	0	0	0	0	0	0	0	0	0	666	0	594	0	568	0	0	0	450	0	88	698	5726	0	0	0	0	0	374	158	3698	0	0	0	0	0	0	0	0	0	0	0	882	0	0	0	0	0	0	0	0	0	122	0	0	0	0	0	0	0	0	0	0	0	0	2626	7960	486	1246	2256	5092	11376	13306	8904	14850	326	1376	752	2928	2254	1902	0	448	1724	3160	0	5312	1268	512	1194	2122	
208704	Vermis_6	0	0	0	0	0	0	0	0	0	0	0	0	0	0	0	0	0	0	0	0	0	0	0	0	0	0	0	0	0	0	0	0	0	0	0	0	0	0	0	0	0	0	352	734	0	0	3304	6872	0	134	114	94	316	960	2512	3910	0	0	0	0	0	0	0	0	0	0	0	0	0	0	0	0	0	0	0	0	0	0	0	0	0	0	0	0	0	0	0	0	0	0	9070	8594	1316	622	510	626	4588	1902	17556	16082	386	340	380	924	3260	1562	0	0	686	736	5312	0	4906	456	1924	3312	
