data	data	395496	283000	925580	726780	128548	59780	470088	215996	95152	28068	290764	215488	440736	255392	298776	195152	319000	117008	733468	1.03975e+06	47144	60168	295512	257028	8136	46136	29980	46140	952600	525540	170296	265104	144296	695296	178804	265324	323160	440924	74476	399764	41108	53448	215084	243524	156124	347320	280548	320276	132300	404100	386828	271436	104128	112564	407316	585964	326796	250128	131740	111292	320656	132604	176680	156252	265640	130040	253340	464048	265060	403660	351700	520548	247000	385064	52624	25020	239480	220968	81900	18352	296804	88100	167180	41200	387056	250856	20208	18716	337336	208716	599472	513292	524240	532752	41532	74116	370216	320104	527972	491600	382852	268132	407552	341284	196284	136608	23444	8728	19976	47772	239148	201924	314828	229220	138440	47384	
data	data	Precentral_L	Precentral_R	Frontal_Sup_L	Frontal_Sup_R	Frontal_Sup_Orb_L	Frontal_Sup_Orb_R	Frontal_Mid_L	Frontal_Mid_R	Frontal_Mid_Orb_L	Frontal_Mid_Orb_R	Frontal_Inf_Oper_L	Frontal_Inf_Oper_R	Frontal_Inf_Tri_L	Frontal_Inf_Tri_R	Frontal_Inf_Orb_L	Frontal_Inf_Orb_R	Rolandic_Oper_L	Rolandic_Oper_R	Supp_Motor_Area_L	Supp_Motor_Area_R	Olfactory_L	Olfactory_R	Frontal_Sup_Medial_L	Frontal_Sup_Medial_R	Frontal_Med_Orb_L	Frontal_Med_Orb_R	Rectus_L	Rectus_R	Insula_L	Insula_R	Cingulum_Ant_L	Cingulum_Ant_R	Cingulum_Mid_L	Cingulum_Mid_R	Cingulum_Post_L	Cingulum_Post_R	Hippocampus_L	Hippocampus_R	ParaHippocampal_L	ParaHippocampal_R	Amygdala_L	Amygdala_R	Calcarine_L	Calcarine_R	Cuneus_L	Cuneus_R	Lingual_L	Lingual_R	Occipital_Sup_L	Occipital_Sup_R	Occipital_Mid_L	Occipital_Mid_R	Occipital_Inf_L	Occipital_Inf_R	Fusiform_L	Fusiform_R	Postcentral_L	Postcentral_R	Parietal_Sup_L	Parietal_Sup_R	Parietal_Inf_L	Parietal_Inf_R	SupraMarginal_L	SupraMarginal_R	Angular_L	Angular_R	Precuneus_L	Precuneus_R	Paracentral_Lobule_L	Paracentral_Lobule_R	Caudate_L	Caudate_R	Putamen_L	Putamen_R	Pallidum_L	Pallidum_R	Thalamus_L	Thalamus_R	Heschl_L	Heschl_R	Temporal_Sup_L	Temporal_Sup_R	Temporal_Pole_Sup_L	Temporal_Pole_Sup_R	Temporal_Mid_L	Temporal_Mid_R	Temporal_Pole_Mid_L	Temporal_Pole_Mid_R	Temporal_Inf_L	Temporal_Inf_R	Cerebelum_Crus1_L	Cerebelum_Crus1_R	Cerebelum_Crus2_L	Cerebelum_Crus2_R	Cerebelum_3_L	Cerebelum_3_R	Cerebelum_4_5_L	Cerebelum_4_5_R	Cerebelum_6_L	Cerebelum_6_R	Cerebelum_7b_L	Cerebelum_7b_R	Cerebelum_8_L	Cerebelum_8_R	Cerebelum_9_L	Cerebelum_9_R	Cerebelum_10_L	Cerebelum_10_R	Vermis_1_2	Vermis_3	Vermis_4_5	Vermis_6	Vermis_7	Vermis_8	Vermis_9	Vermis_10	
395496	Precentral_L	0	312	11260	992	0	0	15746	0	0	0	9080	194	384	0	0	78	12128	0	1500	8894	0	0	0	0	0	0	0	0	18394	488	0	0	632	3842	1014	1058	4052	796	0	516	0	0	0	0	0	0	0	0	0	0	694	0	0	0	686	822	30428	82	206	0	4606	0	5468	0	2348	0	224	304	19158	2378	670	1082	5584	308	438	0	14820	1288	2944	0	5178	0	2778	0	2010	0	0	0	1592	292	0	0	0	0	0	0	0	0	0	0	0	0	0	0	0	0	0	0	0	0	0	0	0	0	0	0	
283000	Precentral_R	312	0	5088	8940	0	0	84	5166	0	0	168	5058	646	426	606	124	252	464	3930	9396	0	0	0	0	0	0	0	0	2086	1622	0	158	0	6534	1066	1570	1020	7418	0	3848	0	0	0	0	0	1398	0	0	0	1742	114	678	0	0	788	2114	162	21160	0	210	0	1418	0	3562	0	2118	120	1986	514	11546	3092	2264	294	1192	0	804	368	9448	0	0	88	756	0	0	98	4526	0	0	880	2078	0	0	0	0	0	0	0	0	0	0	0	0	0	0	0	0	0	0	0	0	0	0	0	0	0	0	
925580	Frontal_Sup_L	11260	5088	0	12320	6638	0	61016	3140	3888	0	23900	1382	24760	900	7800	424	15656	694	70302	23572	78	0	36822	1634	102	0	82	0	46856	2174	7330	1030	6414	9658	0	88	5518	1386	0	1012	0	0	0	0	0	0	0	0	0	0	122	0	0	0	610	528	2678	1286	0	0	222	322	206	326	0	0	0	92	1142	878	14210	8048	7874	4184	2550	548	2152	764	210	0	9416	0	8416	0	506	0	0	0	2576	0	0	0	0	0	0	0	0	0	0	0	0	0	0	0	0	0	0	0	0	0	0	0	0	0	0	0	
726780	Frontal_Sup_R	992	8940	12320	0	0	2506	1336	30202	0	366	180	12928	1184	13326	682	7168	332	10524	25626	55016	0	140	9478	30590	0	2340	0	550	1944	27408	3710	24894	778	16074	0	0	78	4702	0	3208	0	0	0	0	0	0	0	0	0	0	0	0	0	0	0	1120	486	996	0	146	0	354	0	554	0	0	0	0	1324	82	1248	19308	244	14008	334	1438	0	11112	0	152	122	310	0	316	0	0	0	0	0	214	0	0	0	0	0	0	0	0	0	0	0	0	0	0	0	0	0	0	0	0	0	0	0	0	0	0	
128548	Frontal_Sup_Orb_L	0	0	6638	0	0	0	1078	0	14424	0	0	0	3238	0	13568	0	0	0	0	0	738	0	1594	80	598	0	2834	0	7860	0	1528	114	0	0	0	0	0	0	0	0	178	0	0	0	0	0	0	0	0	0	0	0	0	0	0	0	0	0	0	0	0	0	0	0	0	0	0	0	0	0	1480	98	8066	0	0	0	0	0	0	0	0	0	160	0	0	0	0	0	0	0	0	0	0	0	0	0	0	0	0	0	0	0	0	0	0	0	0	0	0	0	0	0	0	0	0	0	
59780	Frontal_Sup_Orb_R	0	0	0	2506	0	0	0	328	0	2986	0	0	0	240	0	2732	0	0	0	0	330	1422	168	1080	78	5346	132	5864	0	716	0	186	0	0	0	0	0	0	0	0	0	0	0	0	0	0	0	0	0	0	0	0	0	0	0	0	0	0	0	0	0	0	0	0	0	0	0	0	0	0	330	4212	0	1234	0	0	0	0	0	0	0	0	0	0	0	0	0	0	0	0	0	0	0	0	0	0	0	0	0	0	0	0	0	0	0	0	0	0	0	0	0	0	0	0	0	0	
470088	Frontal_Mid_L	15746	84	61016	1336	1078	0	0	320	1524	0	14198	156	33834	158	6472	156	6760	0	13406	2542	0	0	17582	1216	0	0	0	0	27960	260	750	198	4350	1874	0	104	2426	0	0	0	0	0	0	0	0	0	0	0	0	0	198	0	0	0	0	0	1712	0	0	0	1036	0	342	0	78	0	0	0	94	786	3256	740	3758	264	650	0	2184	216	706	0	1704	0	1382	0	182	0	0	0	250	0	0	0	0	0	0	0	0	0	0	0	0	0	0	0	0	0	0	0	0	0	0	0	0	0	0	0	
215996	Frontal_Mid_R	0	5166	3140	30202	0	328	320	0	0	162	0	6422	1088	10176	802	3324	0	2724	4680	3314	0	0	1548	4404	0	0	0	0	2042	7984	214	4464	0	3802	0	0	158	838	0	700	0	0	0	0	0	0	0	0	0	0	0	0	0	0	0	248	0	650	0	0	0	574	0	582	0	0	0	0	0	0	1486	1380	0	4412	0	446	0	140	0	0	0	0	0	0	0	0	0	0	78	0	0	0	0	0	0	0	0	0	0	0	0	0	0	0	0	0	0	0	0	0	0	0	0	0	0	0	
95152	Frontal_Mid_Orb_L	0	0	3888	0	14424	0	1524	0	0	0	0	0	2414	0	13760	0	0	0	0	0	306	0	0	0	0	0	370	0	6356	0	82	0	0	0	0	0	0	0	0	0	86	0	0	0	0	0	0	0	0	0	0	0	0	0	0	0	0	0	0	0	0	0	0	0	0	0	0	0	0	0	710	0	3522	0	0	0	0	0	0	0	0	0	134	0	0	0	0	0	0	0	0	0	0	0	0	0	0	0	0	0	0	0	0	0	0	0	0	0	0	0	0	0	0	0	0	0	
28068	Frontal_Mid_Orb_R	0	0	0	366	0	2986	0	162	0	0	0	0	0	512	0	5612	0	0	0	0	162	392	0	0	0	0	98	1184	0	248	0	0	0	0	0	0	0	0	0	0	0	0	0	0	0	0	0	0	0	0	0	0	0	0	0	0	0	0	0	0	0	0	0	0	0	0	0	0	0	0	162	1474	0	676	0	0	0	0	0	0	0	0	0	0	0	0	0	0	0	0	0	0	0	0	0	0	0	0	0	0	0	0	0	0	0	0	0	0	0	0	0	0	0	0	0	0	
290764	Frontal_Inf_Oper_L	9080	168	23900	180	0	0	14198	0	0	0	0	0	9240	152	246	106	19020	0	12060	654	0	0	0	0	0	0	0	0	25430	158	0	0	0	112	0	0	1104	0	0	0	0	0	0	0	0	0	0	0	0	0	0	0	0	0	0	0	3466	0	0	0	84	0	0	0	0	0	0	0	0	0	2626	682	1580	246	532	0	534	0	108	0	9546	0	9532	0	120	0	0	0	518	0	0	0	0	0	0	0	0	0	0	0	0	0	0	0	0	0	0	0	0	0	0	0	0	0	0	0	
215488	Frontal_Inf_Oper_R	194	5058	1382	12928	0	0	156	6422	0	0	0	0	950	8090	766	200	0	6206	8170	10422	0	0	0	282	0	0	0	0	1452	20018	100	580	0	1078	84	158	78	1400	0	1140	0	0	0	0	0	0	0	0	0	0	0	0	0	0	0	560	152	282	0	0	0	154	0	156	0	0	0	96	0	86	1274	5272	328	9452	174	0	0	1704	0	126	0	168	0	306	0	0	0	0	0	140	0	0	0	0	0	0	0	0	0	0	0	0	0	0	0	0	0	0	0	0	0	0	0	0	0	0	
440736	Frontal_Inf_Tri_L	384	646	24760	1184	3238	0	33834	1088	2414	0	9240	950	0	2546	31002	2392	1328	0	9770	818	0	0	5458	320	0	0	0	0	54196	2684	5132	434	2406	714	0	0	156	100	0	0	0	0	0	0	0	0	0	0	0	0	0	0	0	0	0	0	0	218	0	0	0	208	0	214	0	0	0	0	0	0	9058	6890	4442	616	0	98	230	76	0	0	498	0	626	0	0	0	0	0	0	0	0	0	0	0	0	0	0	0	0	0	0	0	0	0	0	0	0	0	0	0	0	0	0	0	0	0	
255392	Frontal_Inf_Tri_R	0	426	900	13326	0	240	158	10176	0	512	152	8090	2546	0	1870	15220	0	286	5280	7320	0	0	218	2724	0	238	0	0	2888	24506	164	4632	0	3826	0	0	94	900	0	670	0	0	0	0	0	0	0	0	0	0	0	0	0	0	0	242	0	0	0	0	0	0	0	0	0	0	0	0	0	0	1404	12244	188	5616	0	0	0	640	0	0	0	0	0	0	0	0	0	0	0	0	0	0	0	0	0	0	0	0	0	0	0	0	0	0	0	0	0	0	0	0	0	0	0	0	0	0	
298776	Frontal_Inf_Orb_L	0	606	7800	682	13568	0	6472	802	13760	0	246	766	31002	1870	0	1918	0	0	1510	312	630	0	2430	0	0	0	422	0	31302	1886	3320	358	1330	188	0	0	344	0	128	0	210	0	0	0	0	0	0	0	0	0	0	0	0	0	94	0	0	0	0	0	0	0	0	0	0	0	0	0	0	0	7668	5680	10436	516	0	100	0	84	0	0	0	0	948	0	0	0	0	0	0	0	0	0	0	0	0	0	0	0	0	0	0	0	0	0	0	0	0	0	0	0	0	0	0	0	0	0	
195152	Frontal_Inf_Orb_R	78	124	424	7168	0	2732	156	3324	0	5612	106	200	2392	15220	1918	0	0	96	1876	2614	92	1094	194	1932	0	350	0	1422	2808	14162	182	4622	94	1798	0	0	102	166	0	0	0	0	0	0	0	0	0	0	0	0	0	0	0	0	0	0	0	0	0	0	0	0	0	0	0	0	0	0	0	0	1382	15002	338	5894	0	0	0	1902	0	0	0	0	0	0	0	0	0	0	0	0	0	0	0	0	0	0	0	0	0	0	0	0	0	0	0	0	0	0	0	0	0	0	0	0	0	0	
319000	Rolandic_Oper_L	12128	252	15656	332	0	0	6760	0	0	0	19020	0	1328	0	0	0	0	0	5036	3764	0	0	0	0	0	0	0	0	27258	0	0	0	0	170	88	0	1486	0	0	0	0	0	0	0	0	0	0	0	0	0	238	0	0	0	880	0	11770	0	220	0	1644	0	4804	0	1146	0	0	0	764	0	780	462	1234	0	548	0	340	192	6278	0	17250	0	9276	0	5828	0	0	0	2568	0	0	0	0	0	0	0	0	0	0	0	0	0	0	0	0	0	0	0	0	0	0	0	0	0	0	0	
117008	Rolandic_Oper_R	0	464	694	10524	0	0	0	2724	0	0	0	6206	0	286	0	96	0	0	2740	5326	0	0	0	0	0	0	0	0	0	14434	0	154	0	124	0	0	0	1772	0	954	0	0	0	0	0	0	0	0	0	0	0	0	0	0	0	164	0	2428	0	192	0	126	0	1368	0	82	0	0	0	86	118	262	0	3380	0	318	0	82	0	1892	0	1070	0	438	0	0	0	0	0	0	0	0	0	0	0	0	0	0	0	0	0	0	0	0	0	0	0	0	0	0	0	0	0	0	0	0	
733468	Supp_Motor_Area_L	1500	3930	70302	25626	0	0	13406	4680	0	0	12060	8170	9770	5280	1510	1876	5036	2740	0	57566	0	0	7308	5694	0	0	0	0	23224	13178	2448	3480	6144	25902	182	136	2414	1146	0	854	0	0	0	0	0	0	0	0	0	0	0	0	0	0	776	452	174	1164	0	0	0	306	0	310	0	0	0	96	4828	160	11350	8878	6140	5316	1594	510	474	548	0	0	3116	0	3082	262	220	0	0	0	1416	0	0	0	0	0	0	0	0	0	0	0	0	0	0	0	0	0	0	0	0	0	0	0	0	0	0	0	
1.03975e+06	Supp_Motor_Area_R	8894	9396	23572	55016	0	0	2542	3314	0	0	654	10422	818	7320	312	2614	3764	5326	57566	0	0	0	1048	8760	0	0	0	0	4586	22002	1096	4054	1952	70742	2074	3450	2112	10614	0	8422	86	0	0	162	0	470	0	0	0	664	0	482	0	0	486	8294	5320	3696	0	152	910	1080	1206	5880	290	402	0	2306	11926	41408	9380	26290	2256	14768	2214	566	8310	26584	346	478	972	2318	278	310	382	2832	0	0	1158	2528	0	0	0	0	0	0	0	0	0	0	0	0	0	0	0	0	0	0	0	0	242	0	0	0	0	0	
47144	Olfactory_L	0	0	78	0	738	330	0	0	306	162	0	0	0	0	630	92	0	0	0	0	0	4572	0	0	0	220	1904	944	1952	0	1498	1200	0	0	0	0	548	0	328	0	694	0	0	0	0	0	0	0	0	0	0	0	0	0	144	0	0	0	0	0	0	0	0	0	0	0	0	0	0	0	4692	1324	1064	0	0	0	0	0	0	0	0	0	152	0	0	0	0	0	0	0	0	0	0	0	0	0	0	0	0	0	0	0	0	0	0	0	0	0	0	0	0	0	0	0	0	0	
60168	Olfactory_R	0	0	0	140	0	1422	0	0	0	392	0	0	0	0	0	1094	0	0	0	0	4572	0	0	112	0	914	1684	3040	0	1518	2796	2666	0	0	0	0	0	0	0	0	0	148	0	0	0	0	0	0	0	0	0	0	0	0	0	0	0	0	0	0	0	0	0	0	0	0	0	0	0	0	5344	3434	632	176	0	0	0	0	0	0	0	0	0	0	0	0	0	0	0	0	0	0	0	0	0	0	0	0	0	0	0	0	0	0	0	0	0	0	0	0	0	0	0	0	0	0	
295512	Frontal_Sup_Medial_L	0	0	36822	9478	1594	168	17582	1548	0	0	0	0	5458	218	2430	194	0	0	7308	1048	0	0	0	15846	544	202	82	0	4892	432	12748	11904	7748	8772	0	0	0	0	0	0	0	0	0	0	0	0	0	0	0	0	0	0	0	0	0	0	0	0	0	0	0	0	0	0	0	0	0	0	0	0	238	174	326	0	0	0	0	0	0	0	0	0	0	0	0	0	0	0	0	0	0	0	0	0	0	0	0	0	0	0	0	0	0	0	0	0	0	0	0	0	0	0	0	0	0	0	
257028	Frontal_Sup_Medial_R	0	0	1634	30590	80	1080	1216	4404	0	0	0	282	320	2724	0	1932	0	0	5694	8760	0	112	15846	0	0	2234	0	620	334	5328	4964	19408	230	14210	0	0	0	0	0	0	0	0	0	0	0	0	0	0	0	0	0	0	0	0	0	0	0	0	0	0	0	0	0	0	0	0	0	0	0	0	0	4142	0	2370	0	0	0	0	0	0	0	0	0	0	0	0	0	0	0	0	0	0	0	0	0	0	0	0	0	0	0	0	0	0	0	0	0	0	0	0	0	0	0	0	0	0	
8136	Frontal_Med_Orb_L	0	0	102	0	598	78	0	0	0	0	0	0	0	0	0	0	0	0	0	0	0	0	544	0	0	216	840	0	0	0	1266	174	0	0	0	0	0	0	0	0	0	0	0	0	0	0	0	0	0	0	0	0	0	0	0	0	0	0	0	0	0	0	0	0	0	0	0	0	0	0	250	0	0	0	0	0	0	0	0	0	0	0	0	0	0	0	0	0	0	0	0	0	0	0	0	0	0	0	0	0	0	0	0	0	0	0	0	0	0	0	0	0	0	0	0	0	
46136	Frontal_Med_Orb_R	0	0	0	2340	0	5346	0	0	0	0	0	0	0	238	0	350	0	0	0	0	220	914	202	2234	216	0	78	4390	0	654	644	1966	0	0	0	0	0	0	0	0	0	0	0	0	0	0	0	0	0	0	0	0	0	0	0	0	0	0	0	0	0	0	0	0	0	0	0	0	0	0	210	2596	0	470	0	0	0	0	0	0	0	0	0	0	0	0	0	0	0	0	0	0	0	0	0	0	0	0	0	0	0	0	0	0	0	0	0	0	0	0	0	0	0	0	0	0	
29980	Rectus_L	0	0	82	0	2834	132	0	0	370	98	0	0	0	0	422	0	0	0	0	0	1904	1684	82	0	840	78	0	504	92	0	2064	634	0	0	0	0	0	0	0	0	0	0	0	0	0	0	0	0	0	0	0	0	0	0	0	0	0	0	0	0	0	0	0	0	0	0	0	0	0	0	2438	0	732	0	0	0	0	0	0	0	0	0	0	0	0	0	0	0	0	0	0	0	0	0	0	0	0	0	0	0	0	0	0	0	0	0	0	0	0	0	0	0	0	0	0	0	
46140	Rectus_R	0	0	0	550	0	5864	0	0	0	1184	0	0	0	0	0	1422	0	0	0	0	944	3040	0	620	0	4390	504	0	0	742	162	566	0	0	0	0	0	0	0	0	0	0	0	0	0	0	0	0	0	0	0	0	0	0	0	0	0	0	0	0	0	0	0	0	0	0	0	0	0	0	922	1854	98	208	0	0	0	0	0	0	0	0	0	0	0	0	0	0	0	0	0	0	0	0	0	0	0	0	0	0	0	0	0	0	0	0	0	0	0	0	0	0	0	0	0	0	
952600	Insula_L	18394	2086	46856	1944	7860	0	27960	2042	6356	0	25430	1452	54196	2888	31302	2808	27258	0	23224	4586	1952	0	4892	334	0	0	92	0	0	3252	4378	614	1864	1390	352	332	20144	412	1494	300	2664	0	0	0	0	0	0	0	0	0	656	0	0	0	6322	254	11594	392	348	0	1896	252	4182	258	1194	0	104	138	824	166	18648	10180	19434	1788	434	182	5478	652	9100	0	18990	0	13062	0	7472	0	0	0	11192	0	0	0	0	0	0	0	0	0	0	0	0	0	0	0	0	0	0	0	0	0	0	0	0	0	0	0	
525540	Insula_R	488	1622	2174	27408	0	716	260	7984	0	248	158	20018	2684	24506	1886	14162	0	14434	13178	22002	0	1518	432	5328	0	654	0	742	3252	0	274	5328	74	7916	1342	1484	278	8370	0	4806	0	556	0	0	0	76	0	0	0	132	0	116	0	0	182	3912	304	588	0	268	0	236	0	408	0	108	0	290	310	2212	2114	17414	438	27538	182	332	146	2572	0	1084	0	1522	0	612	0	1518	0	0	170	1704	0	0	0	0	0	0	0	0	0	0	0	0	0	0	0	0	0	0	0	0	0	0	0	0	0	0	
170296	Cingulum_Ant_L	0	0	7330	3710	1528	0	750	214	82	0	0	100	5132	164	3320	182	0	0	2448	1096	1498	2796	12748	4964	1266	644	2064	162	4378	274	0	13970	4178	3368	404	0	0	0	0	0	0	0	0	0	0	0	0	0	0	0	0	0	0	0	0	0	0	0	0	0	0	0	0	0	0	0	0	0	0	0	3160	1878	1340	0	0	0	0	0	0	0	0	0	0	0	0	0	0	0	0	0	0	0	0	0	0	0	0	0	0	0	0	0	0	0	0	0	0	0	0	0	0	0	0	0	0	0	
265104	Cingulum_Ant_R	0	158	1030	24894	114	186	198	4464	0	0	0	580	434	4632	358	4622	0	154	3480	4054	1200	2666	11904	19408	174	1966	634	566	614	5328	13970	0	916	12860	0	0	0	186	0	76	0	0	0	0	0	0	0	0	0	0	0	0	0	0	0	0	0	0	0	0	0	0	0	0	0	0	0	0	0	0	2224	6664	222	1616	0	0	0	0	0	0	0	0	0	0	0	0	0	0	0	0	0	0	0	0	0	0	0	0	0	0	0	0	0	0	0	0	0	0	0	0	0	0	0	0	0	0	
144296	Cingulum_Mid_L	632	0	6414	778	0	0	4350	0	0	0	0	0	2406	0	1330	94	0	0	6144	1952	0	0	7748	230	0	0	0	0	1864	74	4178	916	0	6936	3006	80	0	0	0	0	0	0	726	0	528	0	88	0	2010	0	4886	0	0	0	164	0	946	0	1224	0	842	0	266	0	868	0	4750	220	1954	154	132	0	0	0	0	0	116	0	0	0	458	0	0	0	2382	0	0	0	302	0	0	0	0	0	0	0	0	0	0	0	0	0	0	0	0	0	0	0	0	0	0	0	0	0	0	0	
695296	Cingulum_Mid_R	3842	6534	9658	16074	0	0	1874	3802	0	0	112	1078	714	3826	188	1798	170	124	25902	70742	0	0	8772	14210	0	0	0	0	1390	7916	3368	12860	6936	0	3148	6284	808	4894	0	4658	86	0	0	1088	0	2462	0	372	0	2594	148	1344	0	224	1132	6848	808	8108	0	358	142	672	0	3718	128	484	424	8010	14202	43960	6496	1912	510	708	678	0	8156	2326	0	346	94	1676	0	0	142	2286	0	0	720	2266	0	0	0	0	0	0	0	0	0	0	0	0	0	0	0	0	0	0	0	0	338	0	0	0	0	0	
178804	Cingulum_Post_L	1014	1066	0	0	0	0	0	0	0	0	0	84	0	0	0	0	88	0	182	2074	0	0	0	0	0	0	0	0	352	1342	404	0	3006	3148	0	15476	4012	5864	1228	5110	0	0	3050	0	780	138	3268	120	512	168	1672	108	594	0	4710	7632	328	1070	0	0	630	0	186	0	578	0	5178	2404	1858	3024	0	0	0	0	0	0	1044	0	0	0	0	0	0	0	824	130	0	0	2908	1718	102	0	0	0	0	0	0	0	0	0	0	0	0	0	0	0	0	0	0	0	218	0	0	0	0	0	
265324	Cingulum_Post_R	1058	1570	88	0	0	0	104	0	0	0	0	158	0	0	0	0	0	0	136	3450	0	0	0	0	0	0	0	0	332	1484	0	0	80	6284	15476	0	5228	12854	762	11982	0	0	0	2466	0	1552	0	4570	0	1718	156	652	0	198	3040	17300	292	1734	0	0	98	0	0	78	108	0	526	16656	1376	4846	212	0	0	0	0	0	3252	236	0	0	0	0	0	0	160	884	0	0	1846	3490	0	138	0	0	0	0	0	518	0	96	0	0	0	0	0	0	0	0	0	0	3418	0	0	0	0	0	
323160	Hippocampus_L	4052	1020	5518	78	0	0	2426	158	0	0	1104	78	156	94	344	102	1486	0	2414	2112	548	0	0	0	0	0	0	0	20144	278	0	0	0	808	4012	5228	0	4040	11766	1002	8606	0	578	0	0	120	1954	380	0	134	0	84	0	0	15018	930	1258	324	0	0	0	0	232	0	0	0	1522	1062	1780	662	1414	1380	6076	384	1016	0	11220	914	1224	0	5882	0	2748	0	5164	0	100	0	19426	280	74	0	0	0	0	0	216	78	174	0	0	0	0	0	0	0	0	0	0	198	0	0	0	0	0	0	
440924	Hippocampus_R	796	7418	1386	4702	0	0	0	838	0	0	0	1400	100	900	0	166	0	1772	1146	10614	0	0	0	0	0	0	0	0	412	8370	0	186	0	4894	5864	12854	4040	0	622	46834	0	8208	0	0	0	0	0	960	0	96	0	0	0	0	884	35312	224	608	0	0	0	0	0	180	0	0	0	6360	786	5182	1092	3818	166	18478	0	414	3558	5728	0	304	0	0	0	1266	0	2144	0	166	698	5832	0	132	0	0	0	0	0	940	0	480	0	0	0	0	0	0	0	0	0	0	1132	0	0	0	0	0	
74476	ParaHippocampal_L	0	0	0	0	0	0	0	0	0	0	0	0	0	0	128	0	0	0	0	0	328	0	0	0	0	0	0	0	1494	0	0	0	0	0	1228	762	11766	622	0	0	2488	0	390	0	0	0	3302	398	0	0	80	0	0	0	6512	0	0	0	0	0	0	0	0	0	0	0	2228	200	0	0	0	0	440	0	0	0	1268	0	0	0	88	0	392	0	226	0	0	0	1864	0	122	0	0	0	116	0	228	0	168	0	0	0	0	0	0	0	0	0	0	400	0	0	0	0	0	0	
399764	ParaHippocampal_R	516	3848	1012	3208	0	0	0	700	0	0	0	1140	0	670	0	0	0	954	854	8422	0	0	0	0	0	0	0	0	300	4806	0	76	0	4658	5110	11982	1002	46834	0	0	0	8280	154	868	104	316	0	5462	0	458	0	472	0	686	836	38492	222	628	0	0	0	0	0	138	0	0	0	9808	670	4970	812	2034	126	12934	0	366	542	2264	0	86	0	0	0	2466	0	1194	0	984	618	2266	0	356	0	78	0	0	0	2046	0	508	0	0	0	0	0	0	0	0	0	0	1546	0	0	0	0	0	
41108	Amygdala_L	0	0	0	0	178	0	0	0	86	0	0	0	0	0	210	0	0	0	0	86	694	0	0	0	0	0	0	0	2664	0	0	0	0	86	0	0	8606	0	2488	0	0	0	0	0	0	0	0	0	0	0	0	0	0	0	2758	0	0	0	0	0	0	0	0	0	0	0	0	0	0	84	84	0	486	0	0	0	94	0	0	0	0	0	684	0	0	0	0	0	1266	0	0	0	0	0	0	0	0	0	0	0	0	0	0	0	0	0	0	0	0	0	0	0	0	0	0	0	
53448	Amygdala_R	0	0	0	0	0	0	0	0	0	0	0	0	0	0	0	0	0	0	0	0	0	148	0	0	0	0	0	0	0	556	0	0	0	0	0	0	0	8208	0	8280	0	0	0	0	0	0	0	0	0	0	0	0	0	0	0	5304	0	0	0	0	0	0	0	0	0	0	0	0	0	0	0	0	0	760	0	0	0	0	0	0	0	0	0	2390	0	134	0	342	0	602	0	0	0	0	0	0	0	0	0	0	0	0	0	0	0	0	0	0	0	0	0	0	0	0	0	0	
215084	Calcarine_L	0	0	0	0	0	0	0	0	0	0	0	0	0	0	0	0	0	0	0	0	0	0	0	0	0	0	0	0	0	0	0	0	726	0	3050	0	578	0	390	154	0	0	0	8304	14386	6192	12896	3944	7206	4274	16668	1338	3054	270	2514	1016	0	0	90	0	1046	0	102	0	1204	0	12878	582	284	0	0	0	0	0	0	0	0	0	0	0	0	0	0	0	2724	100	0	0	870	0	320	0	0	0	0	0	206	0	176	0	0	0	0	0	0	0	0	0	0	0	0	0	0	0	0	0	
243524	Calcarine_R	0	0	0	0	0	0	0	0	0	0	0	0	0	0	0	0	0	0	0	162	0	0	0	0	0	0	0	0	0	0	0	0	0	1088	0	2466	0	0	0	868	0	0	8304	0	4972	19522	0	20702	0	17458	0	10700	0	5678	78	6524	0	0	0	140	0	0	0	0	0	98	582	16418	202	662	0	0	0	0	0	0	0	0	0	0	0	0	0	0	0	1916	0	0	0	2892	0	0	0	0	0	0	0	74	0	76	0	0	0	0	0	0	0	0	0	0	180	0	0	0	0	0	
156124	Cuneus_L	0	0	0	0	0	0	0	0	0	0	0	0	0	0	0	0	0	0	0	0	0	0	0	0	0	0	0	0	0	0	0	0	528	0	780	0	0	0	0	104	0	0	14386	4972	0	9352	1448	1142	12970	5670	9388	872	588	266	576	968	0	0	1584	0	408	0	0	0	432	0	8936	1066	0	0	0	0	0	0	0	0	0	0	0	0	0	0	0	0	1344	128	0	0	0	0	154	0	0	0	0	0	0	0	0	0	0	0	0	0	0	0	0	0	0	0	0	0	0	0	0	0	
347320	Cuneus_R	0	1398	0	0	0	0	0	0	0	0	0	0	0	0	0	0	0	0	0	470	0	0	0	0	0	0	0	0	0	76	0	0	0	2462	138	1552	120	0	0	316	0	0	6192	19522	9352	0	0	5826	192	46342	0	18452	0	4348	102	2562	0	4930	0	4834	0	352	0	212	0	1736	4070	28700	80	3156	0	0	0	0	0	0	0	148	0	0	0	74	0	0	0	3866	0	0	0	1930	0	0	0	0	0	0	0	0	0	0	0	0	0	0	0	0	0	0	0	0	150	0	0	0	0	0	
280548	Lingual_L	0	0	0	0	0	0	0	0	0	0	0	0	0	0	0	0	0	0	0	0	0	0	0	0	0	0	0	0	0	0	0	0	88	0	3268	0	1954	0	3302	0	0	0	12896	0	1448	0	0	2116	3218	0	10052	0	3052	0	19336	0	0	0	80	0	370	0	100	0	330	0	9626	0	344	0	0	0	0	0	0	0	0	0	0	0	0	0	0	0	958	0	0	0	1336	0	13966	548	1330	192	268	112	15632	520	23282	1150	150	0	164	0	0	76	0	0	0	166	3402	4338	956	0	0	148	
320276	Lingual_R	0	0	0	0	0	0	0	0	0	0	0	0	0	0	0	0	0	0	0	0	0	0	0	0	0	0	0	0	0	0	0	0	0	372	120	4570	380	960	398	5462	0	0	3944	20702	1142	5826	2116	0	0	8230	0	6956	0	3434	276	15862	0	0	0	0	0	0	0	0	0	0	182	15046	100	154	0	0	0	0	0	0	172	0	0	0	0	0	0	0	0	716	0	0	0	434	2954	6664	2092	1246	220	110	2470	7088	4740	14280	82	0	146	110	1172	126	0	0	0	0	7244	8114	2620	132	436	538	
132300	Occipital_Sup_L	0	0	0	0	0	0	0	0	0	0	0	0	0	0	0	0	0	0	0	0	0	0	0	0	0	0	0	0	0	0	0	0	2010	0	512	0	0	0	0	0	0	0	7206	0	12970	192	3218	0	0	0	19678	0	464	0	264	0	82	0	7146	0	390	0	0	0	396	0	9398	398	92	0	0	0	0	0	0	0	0	0	0	0	0	0	0	0	1734	0	0	0	0	0	0	0	0	0	0	0	0	0	0	0	0	0	0	0	0	0	0	0	0	0	0	0	0	0	0	0	
404100	Occipital_Sup_R	0	1742	0	0	0	0	0	0	0	0	0	0	0	0	0	0	0	0	0	664	0	0	0	0	0	0	0	0	0	132	0	0	0	2594	168	1718	134	96	0	458	0	0	4274	17458	5670	46342	0	8230	0	0	0	32212	0	5988	128	3968	0	5696	0	10716	0	2210	0	422	0	6420	2582	28952	108	3572	0	0	0	0	0	0	0	200	0	0	0	192	0	0	0	6020	0	0	82	2684	0	0	0	0	0	0	0	0	0	0	0	0	0	0	0	0	0	0	0	0	218	0	0	0	0	0	
386828	Occipital_Mid_L	694	114	122	0	0	0	198	0	0	0	0	0	0	0	0	0	238	0	0	0	0	0	0	0	0	0	0	0	656	0	0	0	4886	148	1672	156	0	0	80	0	0	0	16668	0	9388	0	10052	0	19678	0	0	0	20062	0	5842	0	5904	104	13186	0	19350	0	1316	0	19520	0	14980	0	4296	128	0	0	0	0	0	0	0	0	186	0	366	0	0	0	19028	0	0	0	3672	0	650	0	0	0	0	0	0	0	74	0	0	0	0	0	0	0	0	0	0	0	0	0	0	0	0	0	
271436	Occipital_Mid_R	0	678	0	0	0	0	0	0	0	0	0	0	0	0	0	0	0	0	0	482	0	0	0	0	0	0	0	0	0	116	0	0	0	1344	108	652	84	0	0	472	0	0	1338	10700	872	18452	0	6956	0	32212	0	0	0	8650	0	3682	0	1276	0	4252	0	2294	0	448	0	7998	1548	14944	0	1112	0	0	0	0	0	0	0	0	0	0	0	270	0	0	0	12140	0	0	0	2526	0	0	0	0	0	0	0	0	0	0	0	0	0	0	0	0	0	0	0	0	112	0	0	0	0	0	
104128	Occipital_Inf_L	0	0	0	0	0	0	0	0	0	0	0	0	0	0	0	0	0	0	0	0	0	0	0	0	0	0	0	0	0	0	0	0	0	0	594	0	0	0	0	0	0	0	3054	0	588	0	3052	0	464	0	20062	0	0	0	9768	0	0	0	0	0	500	0	0	0	688	0	1514	0	1872	0	0	0	0	0	0	0	0	0	0	0	0	0	0	0	5314	0	0	0	2996	0	1254	0	0	0	0	0	76	0	268	0	0	0	0	0	0	0	0	0	0	0	0	0	0	0	0	0	
112564	Occipital_Inf_R	0	0	0	0	0	0	0	0	0	0	0	0	0	0	0	0	0	0	0	0	0	0	0	0	0	0	0	0	0	0	0	0	0	224	0	198	0	0	0	686	0	0	270	5678	266	4348	0	3434	0	5988	0	8650	0	0	0	7574	0	0	0	1508	0	0	0	0	0	376	118	4088	0	262	0	0	0	0	0	0	0	0	0	0	0	0	0	0	0	4364	0	0	0	7012	0	262	0	0	0	0	0	108	0	636	0	0	0	0	0	0	0	0	0	0	102	130	0	0	0	0	
407316	Fusiform_L	686	788	610	0	0	0	0	0	0	0	0	0	0	0	94	0	880	0	776	486	144	0	0	0	0	0	0	0	6322	182	0	0	164	1132	4710	3040	15018	884	6512	836	2758	0	2514	78	576	102	19336	276	264	128	5842	0	9768	0	0	1510	982	762	142	0	492	0	434	0	222	0	4244	506	1978	1236	0	0	972	0	0	0	220	0	1244	0	2546	0	2138	0	4438	0	1114	0	20540	594	24458	0	528	0	0	0	15502	172	28810	190	162	0	352	0	0	0	0	0	0	0	1574	616	74	0	0	0	
585964	Fusiform_R	822	2114	528	1120	0	0	0	248	0	0	0	560	0	242	0	0	0	164	452	8294	0	0	0	0	0	0	0	0	254	3912	0	0	0	6848	7632	17300	930	35312	0	38492	0	5304	1016	6524	968	2562	0	15862	0	3968	0	3682	0	7574	1510	0	282	754	0	206	0	132	0	176	0	300	0	15042	1086	7026	444	1412	0	5118	0	118	182	580	0	0	0	412	0	4102	0	7572	0	2170	992	18014	354	15620	324	1224	0	272	0	9418	118	19150	0	164	0	520	190	0	0	0	0	0	3662	842	534	82	194	0	
326796	Postcentral_L	30428	162	2678	486	0	0	1712	0	0	0	3466	152	0	0	0	0	11770	0	174	5320	0	0	0	0	0	0	0	0	11594	304	0	0	946	808	328	292	1258	224	0	222	0	0	0	0	0	0	0	0	82	0	5904	0	0	0	982	282	0	116	10198	0	26584	0	16366	0	6378	0	2950	0	3696	700	94	578	0	218	0	0	256	536	3628	0	5454	0	1710	0	2590	0	0	0	1772	0	0	0	0	0	0	0	0	0	0	0	0	0	0	0	0	0	0	0	0	0	0	0	0	0	0	0	
250128	Postcentral_R	82	21160	1286	996	0	0	0	650	0	0	0	282	218	0	0	0	0	2428	1164	3696	0	0	0	0	0	0	0	0	392	588	0	0	0	8108	1070	1734	324	608	0	628	0	0	0	0	0	4930	0	0	0	5696	104	1276	0	0	762	754	116	0	0	3800	0	11802	0	15342	0	3188	178	7384	1142	13368	692	106	0	80	0	0	286	76	0	84	0	1136	0	0	92	5468	0	0	536	1252	0	0	0	0	0	0	0	0	0	0	0	0	0	0	0	0	0	0	0	0	0	0	0	0	0	0	
131740	Parietal_Sup_L	206	0	0	0	0	0	0	0	0	0	0	0	0	0	0	0	220	0	0	0	0	0	0	0	0	0	0	0	348	0	0	0	1224	0	0	0	0	0	0	0	0	0	90	0	1584	0	80	0	7146	0	13186	0	0	0	142	0	10198	0	0	0	12192	0	1704	0	3210	0	12580	0	228	0	0	0	0	0	0	0	0	0	210	0	398	0	0	0	924	0	0	0	0	0	0	0	0	0	0	0	0	0	0	0	0	0	0	0	0	0	0	0	0	0	0	0	0	0	0	0	
111292	Parietal_Sup_R	0	210	0	146	0	0	0	0	0	0	0	0	0	0	0	0	0	192	0	152	0	0	0	0	0	0	0	0	0	268	0	0	0	358	0	0	0	0	0	0	0	0	0	140	0	4834	0	0	0	10716	0	4252	0	1508	0	206	0	3800	0	0	0	4880	0	1286	0	5136	1698	11288	0	920	0	0	0	0	0	0	0	0	0	112	0	1024	0	0	0	1874	0	0	0	646	0	0	0	0	0	0	0	0	0	0	0	0	0	0	0	0	0	0	0	0	0	0	0	0	0	0	
320656	Parietal_Inf_L	4606	0	222	0	0	0	1036	0	0	0	84	0	0	0	0	0	1644	0	0	910	0	0	0	0	0	0	0	0	1896	0	0	0	842	142	630	98	0	0	0	0	0	0	1046	0	408	0	370	0	390	0	19350	0	500	0	492	0	26584	0	12192	0	0	0	20934	0	38242	0	4756	0	1700	118	0	0	0	0	0	0	0	0	1066	0	2022	0	0	0	12812	0	0	0	5236	0	0	0	0	0	0	0	0	0	0	0	0	0	0	0	0	0	0	0	0	0	0	0	0	0	0	0	
132604	Parietal_Inf_R	0	1418	322	354	0	0	0	574	0	0	0	154	208	0	0	0	0	126	306	1080	0	0	0	0	0	0	0	0	252	236	0	0	0	672	0	0	0	0	0	0	0	0	0	0	0	352	0	0	0	2210	0	2294	0	0	0	132	0	11802	0	4880	0	0	0	19272	0	10484	0	518	0	952	226	0	0	0	0	0	0	0	0	0	0	3184	0	0	0	3682	0	0	0	612	0	0	0	0	0	0	0	0	0	0	0	0	0	0	0	0	0	0	0	0	0	0	0	0	0	0	
176680	SupraMarginal_L	5468	0	206	0	0	0	342	0	0	0	0	0	0	0	0	0	4804	0	0	1206	0	0	0	0	0	0	0	0	4182	0	0	0	266	0	186	0	232	0	0	0	0	0	102	0	0	0	100	0	0	0	1316	0	0	0	434	0	16366	0	1704	0	20934	0	0	0	10070	0	194	0	1278	0	0	0	0	0	0	0	0	0	1578	0	7828	0	0	0	8004	0	0	0	1540	0	0	0	0	0	0	0	0	0	0	0	0	0	0	0	0	0	0	0	0	0	0	0	0	0	0	0	
156252	SupraMarginal_R	0	3562	326	554	0	0	0	582	0	0	0	156	214	0	0	0	0	1368	310	5880	0	0	0	0	0	0	0	0	258	408	0	0	0	3718	0	78	0	180	0	138	0	0	0	0	0	212	0	0	0	422	0	448	0	0	0	176	0	15342	0	1286	0	19272	0	0	0	8136	0	470	0	2972	230	0	0	0	0	0	0	0	0	150	0	5984	0	0	0	4616	0	0	0	678	0	0	0	0	0	0	0	0	0	0	0	0	0	0	0	0	0	0	0	0	0	0	0	0	0	0	
265640	Angular_L	2348	0	0	0	0	0	78	0	0	0	0	0	0	0	0	0	1146	0	0	290	0	0	0	0	0	0	0	0	1194	0	0	0	868	128	578	108	0	0	0	0	0	0	1204	0	432	0	330	0	396	0	19520	0	688	0	222	0	6378	0	3210	0	38242	0	10070	0	0	0	2352	0	1596	116	0	0	0	0	0	0	0	0	758	0	5540	0	0	0	25518	0	0	0	9510	0	0	0	0	0	0	0	0	0	0	0	0	0	0	0	0	0	0	0	0	0	0	0	0	0	0	0	
130040	Angular_R	0	2118	0	0	0	0	0	0	0	0	0	0	0	0	0	0	0	82	0	402	0	0	0	0	0	0	0	0	0	108	0	0	0	484	0	0	0	0	0	0	0	0	0	98	0	1736	0	0	0	6420	0	7998	0	376	0	300	0	3188	0	5136	0	10484	0	8136	0	0	138	2610	0	496	0	0	0	0	0	0	0	0	0	0	0	4782	0	0	0	9120	0	0	0	808	0	0	0	0	0	0	0	0	0	0	0	0	0	0	0	0	0	0	0	0	0	0	0	0	0	0	
253340	Precuneus_L	224	120	0	0	0	0	0	0	0	0	0	0	0	0	0	0	0	0	0	0	0	0	0	0	0	0	0	0	104	0	0	0	4750	424	5178	526	1522	0	2228	0	0	0	12878	582	8936	4070	9626	182	9398	2582	14980	1548	1514	118	4244	0	2950	178	12580	1698	4756	0	194	0	2352	138	0	7194	2130	288	0	0	0	0	0	0	0	0	0	0	0	0	0	0	4012	0	0	0	1388	104	388	0	0	0	0	0	330	0	256	0	0	0	0	0	0	0	0	0	0	0	0	0	0	0	0	0	
464048	Precuneus_R	304	1986	92	0	0	0	0	0	0	0	0	96	0	0	0	0	0	0	96	2306	0	0	0	0	0	0	0	0	138	290	0	0	220	8010	2404	16656	1062	6360	200	9808	0	0	582	16418	1066	28700	0	15046	398	28952	0	14944	0	4088	506	15042	0	7384	0	11288	0	518	0	470	0	2610	7194	0	956	8760	170	0	0	0	0	0	994	342	0	0	0	198	0	0	0	5346	0	0	374	4238	0	204	0	0	0	0	0	1436	0	164	0	0	0	0	0	0	0	0	0	0	3608	0	0	0	0	0	
265060	Paracentral_Lobule_L	19158	514	1142	1324	0	0	94	0	0	0	0	0	0	0	0	0	764	0	4828	11926	0	0	0	0	0	0	0	0	824	310	0	0	1954	14202	1858	1376	1780	786	0	670	0	0	284	202	0	80	344	100	92	108	4296	0	1872	0	1978	1086	3696	1142	228	0	1700	0	1278	0	1596	0	2130	956	0	6784	1100	672	2926	0	808	0	18860	808	358	0	2718	0	0	0	7084	0	0	0	3352	284	0	0	0	0	0	0	0	0	0	0	0	0	0	0	0	0	0	0	0	0	98	0	0	0	0	0	
403660	Paracentral_Lobule_R	2378	11546	878	82	0	0	786	0	0	0	0	86	0	0	0	0	0	86	160	41408	0	0	0	0	0	0	0	0	166	2212	0	0	154	43960	3024	4846	662	5182	0	4970	84	0	0	662	0	3156	0	154	0	3572	128	1112	0	262	1236	7026	700	13368	0	920	118	952	0	2972	116	496	288	8760	6784	0	5078	1544	86	0	508	0	6740	4590	0	346	0	1760	0	0	102	2296	0	0	748	2320	0	0	0	0	0	0	0	0	0	0	0	0	0	0	0	0	0	0	0	0	260	0	0	0	0	0	
351700	Caudate_L	670	3092	14210	1248	1480	330	3256	1486	710	162	2626	1274	9058	1404	7668	1382	780	118	11350	9380	4692	5344	238	0	250	210	2438	922	18648	2114	3160	2224	132	6496	0	212	1414	1092	0	812	84	0	0	0	0	0	0	0	0	0	0	0	0	0	0	444	94	692	0	0	0	226	0	230	0	0	0	170	1100	5078	0	13078	8660	4224	1896	440	13734	1404	0	0	710	0	844	0	0	0	0	0	660	0	0	0	0	0	0	0	0	0	0	0	0	0	0	0	0	0	0	0	0	0	0	0	0	0	0	0	
520548	Caudate_R	1082	2264	8048	19308	98	4212	740	1380	0	1474	682	5272	6890	12244	5680	15002	462	262	8878	26290	1324	3434	174	4142	0	2596	0	1854	10180	17414	1878	6664	0	1912	0	0	1380	3818	0	2034	0	0	0	0	0	0	0	0	0	0	0	0	0	0	0	1412	578	106	0	0	0	0	0	0	0	0	0	0	672	1544	13078	0	2970	31070	854	2354	1568	23778	0	0	302	0	120	0	0	0	0	0	628	168	0	0	0	0	0	0	0	0	0	0	0	0	0	0	0	0	0	0	0	0	0	0	0	0	0	0	
247000	Putamen_L	5584	294	7874	244	8066	0	3758	0	3522	0	1580	328	4442	188	10436	338	1234	0	6140	2256	1064	632	326	0	0	0	732	98	19434	438	1340	222	0	510	0	0	6076	166	440	126	486	0	0	0	0	0	0	0	0	0	0	0	0	0	972	0	0	0	0	0	0	0	0	0	0	0	0	0	2926	86	8660	2970	0	828	7400	182	3946	1230	0	0	1386	0	3330	0	168	0	0	0	1042	0	0	0	0	0	0	0	0	0	0	0	0	0	0	0	0	0	0	0	0	0	0	0	0	0	0	0	
385064	Putamen_R	308	1192	4184	14008	0	1234	264	4412	0	676	246	9452	616	5616	516	5894	0	3380	5316	14768	0	176	0	2370	0	470	0	208	1788	27538	0	1616	0	708	0	0	384	18478	0	12934	0	760	0	0	0	0	0	0	0	0	0	0	0	0	0	5118	218	80	0	0	0	0	0	0	0	0	0	0	0	0	4224	31070	828	0	282	3294	328	4322	0	332	0	202	0	0	0	722	0	0	114	1886	0	0	0	0	0	0	0	0	0	0	0	0	0	0	0	0	0	0	0	0	0	0	0	0	0	0	
52624	Pallidum_L	438	0	2550	334	0	0	650	0	0	0	532	174	0	0	0	0	548	0	1594	2214	0	0	0	0	0	0	0	0	434	182	0	0	0	678	0	0	1016	0	0	0	0	0	0	0	0	0	0	0	0	0	0	0	0	0	0	0	0	0	0	0	0	0	0	0	0	0	0	0	808	508	1896	854	7400	282	0	0	1630	670	0	0	472	0	448	0	0	0	0	0	0	0	0	0	0	0	0	0	0	0	0	0	0	0	0	0	0	0	0	0	0	0	0	0	0	0	0	0	
25020	Pallidum_R	0	804	548	1438	0	0	0	446	0	0	0	0	98	0	100	0	0	318	510	566	0	0	0	0	0	0	0	0	182	332	0	0	0	0	0	0	0	414	0	366	0	0	0	0	0	0	0	0	0	0	0	0	0	0	0	118	0	0	0	0	0	0	0	0	0	0	0	0	0	0	440	2354	182	3294	0	0	0	0	0	0	0	0	0	0	0	0	0	0	0	0	0	0	0	0	0	0	0	0	0	0	0	0	0	0	0	0	0	0	0	0	0	0	0	0	0	0	
239480	Thalamus_L	14820	368	2152	0	0	0	2184	0	0	0	534	0	230	0	0	0	340	0	474	8310	0	0	0	0	0	0	0	0	5478	146	0	0	116	8156	1044	3252	11220	3558	1268	542	94	0	0	0	0	0	0	172	0	0	0	0	0	0	220	182	256	286	0	0	0	0	0	0	0	0	0	994	18860	6740	13734	1568	3946	328	1630	0	0	2082	424	0	906	0	252	0	1134	0	0	0	1666	0	0	0	0	0	0	0	0	74	0	0	0	0	0	0	0	0	0	0	0	0	0	0	0	0	0	0	
220968	Thalamus_R	1288	9448	764	11112	0	0	216	140	0	0	0	1704	76	640	84	1902	192	82	548	26584	0	0	0	0	0	0	0	0	652	2572	0	0	0	2326	0	236	914	5728	0	2264	0	0	0	0	0	148	0	0	0	200	0	0	0	0	0	580	536	76	0	0	0	0	0	0	0	0	0	342	808	4590	1404	23778	1230	4322	670	0	2082	0	0	0	100	0	0	0	0	0	0	0	146	0	0	0	0	0	0	0	0	0	0	0	0	0	0	0	0	0	0	0	0	0	0	0	0	0	0	0	
81900	Heschl_L	2944	0	210	0	0	0	706	0	0	0	108	0	0	0	0	0	6278	0	0	346	0	0	0	0	0	0	0	0	9100	0	0	0	0	0	0	0	1224	0	0	0	0	0	0	0	0	0	0	0	0	0	186	0	0	0	1244	0	3628	0	210	0	1066	0	1578	0	758	0	0	0	358	0	0	0	0	0	0	0	424	0	0	0	3450	0	78	0	4888	0	0	0	2166	0	0	0	0	0	0	0	0	0	0	0	0	0	0	0	0	0	0	0	0	0	0	0	0	0	0	0	
18352	Heschl_R	0	0	0	152	0	0	0	0	0	0	0	126	0	0	0	0	0	1892	0	478	0	0	0	0	0	0	0	0	0	1084	0	0	0	346	0	0	0	304	0	86	0	0	0	0	0	0	0	0	0	0	0	0	0	0	0	0	0	84	0	112	0	0	0	150	0	0	0	0	0	346	0	0	0	332	0	0	0	0	0	0	0	3328	0	144	0	212	0	0	0	0	0	0	0	0	0	0	0	0	0	0	0	0	0	0	0	0	0	0	0	0	0	0	0	0	0	0	
296804	Temporal_Sup_L	5178	88	9416	122	0	0	1704	0	0	0	9546	0	498	0	0	0	17250	0	3116	972	0	0	0	0	0	0	0	0	18990	0	0	0	458	94	0	0	5882	0	88	0	0	0	0	0	0	0	0	0	0	0	366	0	0	0	2546	0	5454	0	398	0	2022	0	7828	0	5540	0	0	0	2718	0	710	302	1386	0	472	0	906	100	3450	0	0	0	10228	0	20900	0	0	0	9674	0	0	0	0	0	0	0	0	0	0	0	0	0	0	0	0	0	0	0	0	0	0	0	0	0	0	0	
88100	Temporal_Sup_R	0	756	0	310	0	0	0	0	0	0	0	168	0	0	0	0	0	1070	0	2318	0	0	0	0	0	0	0	0	0	1522	0	0	0	1676	0	0	0	0	0	0	0	0	0	0	0	74	0	0	0	192	0	270	0	0	0	412	0	1136	0	1024	0	3184	0	5984	0	4782	0	198	0	1760	0	0	0	202	0	0	0	0	0	3328	0	0	0	1944	0	10342	0	212	0	1186	0	0	0	0	0	0	0	0	0	0	0	0	0	0	0	0	0	0	0	0	0	0	0	0	0	0	
167180	Temporal_Pole_Sup_L	2778	0	8416	0	160	0	1382	0	134	0	9532	0	626	0	948	0	9276	0	3082	278	152	0	0	0	0	0	0	0	13062	0	0	0	0	0	0	0	2748	0	392	0	684	0	0	0	0	0	0	0	0	0	0	0	0	0	2138	0	1710	0	0	0	0	0	0	0	0	0	0	0	0	0	844	120	3330	0	448	0	252	0	78	0	10228	0	0	0	4254	0	2740	0	3798	0	0	0	0	0	0	0	0	0	0	0	0	0	0	0	0	0	0	0	0	0	0	0	0	0	0	0	
41200	Temporal_Pole_Sup_R	0	0	0	316	0	0	0	0	0	0	0	306	0	0	0	0	0	438	262	310	0	0	0	0	0	0	0	0	0	612	0	0	0	0	0	0	0	1266	0	2466	0	2390	0	0	0	0	0	0	0	0	0	0	0	0	0	4102	0	0	0	0	0	0	0	0	0	0	0	0	0	0	0	0	0	0	0	0	0	0	0	144	0	1944	0	0	0	2390	0	3120	0	534	0	0	0	0	0	0	0	0	0	0	0	0	0	0	0	0	0	0	0	0	0	0	0	0	0	0	
387056	Temporal_Mid_L	2010	98	506	0	0	0	182	0	0	0	120	0	0	0	0	0	5828	0	220	382	0	0	0	0	0	0	0	0	7472	0	0	0	2382	142	824	160	5164	0	226	0	0	0	2724	0	1344	0	958	0	1734	0	19028	0	5314	0	4438	0	2590	92	924	0	12812	0	8004	0	25518	0	4012	0	7084	102	0	0	168	0	0	0	1134	0	4888	0	20900	0	4254	0	0	0	3200	0	36454	0	136	0	0	0	0	0	0	0	0	0	0	0	0	0	0	0	0	0	0	0	0	0	0	0	0	0	
250856	Temporal_Mid_R	0	4526	0	0	0	0	0	0	0	0	0	0	0	0	0	0	0	0	0	2832	0	0	0	0	0	0	0	0	0	1518	0	0	0	2286	130	884	0	2144	0	1194	0	134	100	1916	128	3866	0	716	0	6020	0	12140	0	4364	0	7572	0	5468	0	1874	0	3682	0	4616	0	9120	0	5346	0	2296	0	0	0	722	0	0	0	0	0	212	0	10342	0	2390	0	0	0	1030	0	25264	0	124	0	0	0	0	0	118	0	236	0	0	0	0	0	0	0	0	0	0	118	0	0	0	0	0	
20208	Temporal_Pole_Mid_L	0	0	0	0	0	0	0	0	0	0	0	0	0	0	0	0	0	0	0	0	0	0	0	0	0	0	0	0	0	0	0	0	0	0	0	0	100	0	0	0	0	0	0	0	0	0	0	0	0	0	0	0	0	0	1114	0	0	0	0	0	0	0	0	0	0	0	0	0	0	0	0	0	0	0	0	0	0	0	0	0	0	0	2740	0	3200	0	0	0	2950	0	0	0	0	0	0	0	0	0	0	0	0	0	0	0	0	0	0	0	0	0	0	0	0	0	0	0	
18716	Temporal_Pole_Mid_R	0	0	0	0	0	0	0	0	0	0	0	0	0	0	0	0	0	0	0	0	0	0	0	0	0	0	0	0	0	0	0	0	0	0	0	0	0	166	0	984	0	342	0	0	0	0	0	0	0	0	0	0	0	0	0	2170	0	0	0	0	0	0	0	0	0	0	0	0	0	0	0	0	0	0	0	0	0	0	0	0	0	212	0	3120	0	1030	0	0	0	1334	0	0	0	0	0	0	0	0	0	0	0	0	0	0	0	0	0	0	0	0	0	0	0	0	0	0	
337336	Temporal_Inf_L	1592	880	2576	0	0	0	250	78	0	0	518	0	0	0	0	0	2568	0	1416	1158	0	0	0	0	0	0	0	0	11192	170	0	0	302	720	2908	1846	19426	698	1864	618	1266	0	870	0	0	0	1336	0	0	82	3672	0	2996	0	20540	992	1772	536	0	0	5236	0	1540	0	9510	0	1388	374	3352	748	660	628	1042	114	0	0	1666	146	2166	0	9674	0	3798	0	36454	0	2950	0	0	284	1356	0	0	0	0	0	342	0	398	0	0	0	0	0	0	0	0	0	0	0	0	0	0	0	0	0	
208716	Temporal_Inf_R	292	2078	0	214	0	0	0	0	0	0	0	140	0	0	0	0	0	0	0	2528	0	0	0	0	0	0	0	0	0	1704	0	0	0	2266	1718	3490	280	5832	0	2266	0	602	0	2892	0	1930	0	434	0	2684	0	2526	0	7012	594	18014	0	1252	0	646	0	612	0	678	0	808	104	4238	284	2320	0	168	0	1886	0	0	0	0	0	0	0	1186	0	534	0	25264	0	1334	284	0	0	1922	0	0	0	0	0	220	0	958	0	0	0	0	0	0	0	0	0	0	164	0	0	0	0	0	
599472	Cerebelum_Crus1_L	0	0	0	0	0	0	0	0	0	0	0	0	0	0	0	0	0	0	0	0	0	0	0	0	0	0	0	0	0	0	0	0	0	0	102	0	74	0	122	0	0	0	320	0	154	0	13966	2954	0	0	650	0	1254	0	24458	354	0	0	0	0	0	0	0	0	0	0	388	0	0	0	0	0	0	0	0	0	0	0	0	0	0	0	0	0	136	0	0	0	1356	0	0	4532	46318	3362	2854	88	41926	1132	73812	4758	16632	388	22602	502	7532	236	1446	0	0	0	3914	5778	11350	1790	2248	248	
513292	Cerebelum_Crus1_R	0	0	0	0	0	0	0	0	0	0	0	0	0	0	0	0	0	0	0	0	0	0	0	0	0	0	0	0	0	0	0	0	0	0	0	138	0	132	0	356	0	0	0	0	0	0	548	6664	0	0	0	0	0	262	0	15620	0	0	0	0	0	0	0	0	0	0	0	204	0	0	0	0	0	0	0	0	0	0	0	0	0	0	0	0	0	124	0	0	0	1922	4532	0	5034	51306	238	3372	1008	34508	1782	63612	656	8908	780	23624	294	1570	0	128	0	506	7598	4310	11640	3506	1764	0	
524240	Cerebelum_Crus2_L	0	0	0	0	0	0	0	0	0	0	0	0	0	0	0	0	0	0	0	0	0	0	0	0	0	0	0	0	0	0	0	0	0	0	0	0	0	0	0	0	0	0	0	0	0	0	1330	2092	0	0	0	0	0	0	528	324	0	0	0	0	0	0	0	0	0	0	0	0	0	0	0	0	0	0	0	0	0	0	0	0	0	0	0	0	0	0	0	0	0	0	46318	5034	0	20458	846	84	8574	1154	16560	4110	50256	6352	45248	3008	11758	216	1028	0	0	0	1740	3582	20838	9056	1384	242	
532752	Cerebelum_Crus2_R	0	0	0	0	0	0	0	0	0	0	0	0	0	0	0	0	0	0	0	0	0	0	0	0	0	0	0	0	0	0	0	0	0	0	0	0	0	0	0	78	0	0	0	0	0	0	192	1246	0	0	0	0	0	0	0	1224	0	0	0	0	0	0	0	0	0	0	0	0	0	0	0	0	0	0	0	0	0	0	0	0	0	0	0	0	0	0	0	0	0	0	3362	51306	20458	0	236	1288	952	13772	1146	23284	15780	32124	11416	39384	1326	3160	0	390	0	206	4396	1570	21218	14736	2126	0	
41532	Cerebelum_3_L	0	0	0	0	0	0	0	0	0	0	0	0	0	0	0	0	0	0	0	0	0	0	0	0	0	0	0	0	0	0	0	0	0	0	0	0	0	0	116	0	0	0	0	0	0	0	268	220	0	0	0	0	0	0	0	0	0	0	0	0	0	0	0	0	0	0	0	0	0	0	0	0	0	0	0	0	0	0	0	0	0	0	0	0	0	0	0	0	0	0	2854	238	846	236	0	76	6036	226	3602	414	414	0	366	0	886	0	0	0	582	1036	1440	578	174	0	84	74	
74116	Cerebelum_3_R	0	0	0	0	0	0	0	0	0	0	0	0	0	0	0	0	0	0	0	0	0	0	0	0	0	0	0	0	0	0	0	0	0	0	0	0	0	0	0	0	0	0	0	0	0	0	112	110	0	0	0	0	0	0	0	272	0	0	0	0	0	0	0	0	0	0	0	0	0	0	0	0	0	0	0	0	0	0	0	0	0	0	0	0	0	0	0	0	0	0	88	3372	84	1288	76	0	614	4716	142	4668	0	446	0	990	708	2716	0	0	986	3916	2150	2762	1070	1948	2680	1144	
370216	Cerebelum_4_5_L	0	0	0	0	0	0	0	0	0	0	0	0	0	0	0	0	0	0	0	0	0	0	0	0	0	0	0	0	0	0	0	0	0	0	0	0	216	0	228	0	0	0	206	0	0	0	15632	2470	0	0	0	0	76	0	15502	0	0	0	0	0	0	0	0	0	0	0	330	0	0	0	0	0	0	0	0	0	0	0	0	0	0	0	0	0	0	0	0	0	342	0	41926	1008	8574	952	6036	614	0	2418	54198	2616	2880	0	3804	0	2470	778	0	0	412	958	12838	4022	350	122	1388	1742	
320104	Cerebelum_4_5_R	0	0	0	0	0	0	0	0	0	0	0	0	0	0	0	0	0	0	0	0	0	0	0	0	0	0	0	0	0	0	0	0	0	0	0	518	78	940	0	2046	0	0	0	74	0	0	520	7088	0	0	0	0	0	108	172	9418	0	0	0	0	0	0	0	0	0	0	0	1436	0	0	0	0	0	0	0	0	74	0	0	0	0	0	0	0	0	118	0	0	0	220	1132	34508	1154	13772	226	4716	2418	0	1386	43174	142	1540	198	5484	1414	1616	0	0	0	726	11630	2988	3296	2600	2452	670	
527972	Cerebelum_6_L	0	0	0	0	0	0	0	0	0	0	0	0	0	0	0	0	0	0	0	0	0	0	0	0	0	0	0	0	0	0	0	0	0	0	0	0	174	0	168	0	0	0	176	0	0	0	23282	4740	0	0	74	0	268	0	28810	118	0	0	0	0	0	0	0	0	0	0	256	0	0	0	0	0	0	0	0	0	0	0	0	0	0	0	0	0	0	0	0	0	398	0	73812	1782	16560	1146	3602	142	54198	1386	0	4738	6466	0	8118	0	7324	164	1556	0	0	106	9484	8608	3772	448	1822	288	
491600	Cerebelum_6_R	0	0	0	0	0	0	0	0	0	0	0	0	0	0	0	0	0	0	0	0	0	0	0	0	0	0	0	0	0	0	0	0	0	0	0	96	0	480	0	508	0	0	0	76	0	0	1150	14280	0	0	0	0	0	636	190	19150	0	0	0	0	0	0	0	0	0	0	0	164	0	0	0	0	0	0	0	0	0	0	0	0	0	0	0	0	0	236	0	0	0	958	4758	63612	4110	23284	414	4668	2616	43174	4738	0	226	2906	368	9074	2296	2120	0	548	0	576	11862	10268	8884	4032	3034	308	
382852	Cerebelum_7b_L	0	0	0	0	0	0	0	0	0	0	0	0	0	0	0	0	0	0	0	0	0	0	0	0	0	0	0	0	0	0	0	0	0	0	0	0	0	0	0	0	0	0	0	0	0	0	150	82	0	0	0	0	0	0	162	0	0	0	0	0	0	0	0	0	0	0	0	0	0	0	0	0	0	0	0	0	0	0	0	0	0	0	0	0	0	0	0	0	0	0	16632	656	50256	15780	414	0	2880	142	6466	226	0	8456	47338	4158	13770	0	1274	0	0	0	276	110	11924	9864	410	0	
268132	Cerebelum_7b_R	0	0	0	0	0	0	0	0	0	0	0	0	0	0	0	0	0	0	0	0	0	0	0	0	0	0	0	0	0	0	0	0	0	0	0	0	0	0	0	0	0	0	0	0	0	0	0	0	0	0	0	0	0	0	0	164	0	0	0	0	0	0	0	0	0	0	0	0	0	0	0	0	0	0	0	0	0	0	0	0	0	0	0	0	0	0	0	0	0	0	388	8908	6352	32124	0	446	0	1540	0	2906	8456	0	9178	36384	1590	5988	0	210	0	0	146	0	7222	10508	1556	0	
407552	Cerebelum_8_L	0	0	0	0	0	0	0	0	0	0	0	0	0	0	0	0	0	0	0	0	0	0	0	0	0	0	0	0	0	0	0	0	0	0	0	0	0	0	0	0	0	0	0	0	0	0	164	146	0	0	0	0	0	0	352	0	0	0	0	0	0	0	0	0	0	0	0	0	0	0	0	0	0	0	0	0	0	0	0	0	0	0	0	0	0	0	0	0	0	0	22602	780	45248	11416	366	0	3804	198	8118	368	47338	9178	0	6960	22728	314	1902	0	0	0	250	288	10224	9674	1358	0	
341284	Cerebelum_8_R	0	0	0	0	0	0	0	0	0	0	0	0	0	0	0	0	0	0	0	0	0	0	0	0	0	0	0	0	0	0	0	0	0	0	0	0	0	0	0	0	0	0	0	0	0	0	0	110	0	0	0	0	0	0	0	520	0	0	0	0	0	0	0	0	0	0	0	0	0	0	0	0	0	0	0	0	0	0	0	0	0	0	0	0	0	0	0	0	0	0	502	23624	3008	39384	0	990	0	5484	0	9074	4158	36384	6960	0	1786	16426	0	794	0	256	742	138	7664	9844	2794	0	
196284	Cerebelum_9_L	0	0	0	0	0	0	0	0	0	0	0	0	0	0	0	0	0	0	0	0	0	0	0	0	0	0	0	0	0	0	0	0	0	0	0	0	0	0	0	0	0	0	0	0	0	0	0	1172	0	0	0	0	0	0	0	190	0	0	0	0	0	0	0	0	0	0	0	0	0	0	0	0	0	0	0	0	0	0	0	0	0	0	0	0	0	0	0	0	0	0	7532	294	11758	1326	886	708	2470	1414	7324	2296	13770	1590	22728	1786	0	1172	4166	0	0	322	1478	4168	2744	2294	4160	394	
136608	Cerebelum_9_R	0	0	0	0	0	0	0	0	0	0	0	0	0	0	0	0	0	0	0	0	0	0	0	0	0	0	0	0	0	0	0	0	0	0	0	0	0	0	0	0	0	0	0	0	0	0	76	126	0	0	0	0	0	0	0	0	0	0	0	0	0	0	0	0	0	0	0	0	0	0	0	0	0	0	0	0	0	0	0	0	0	0	0	0	0	0	0	0	0	0	236	1570	216	3160	0	2716	778	1616	164	2120	0	5988	314	16426	1172	0	0	2188	714	2008	1830	4692	3944	5946	7670	2634	
23444	Cerebelum_10_L	0	0	0	0	0	0	0	0	0	0	0	0	0	0	0	0	0	0	0	0	0	0	0	0	0	0	0	0	0	0	0	0	0	0	0	0	0	0	0	0	0	0	0	0	0	0	0	0	0	0	0	0	0	0	0	0	0	0	0	0	0	0	0	0	0	0	0	0	0	0	0	0	0	0	0	0	0	0	0	0	0	0	0	0	0	0	0	0	0	0	1446	0	1028	0	0	0	0	0	1556	0	1274	0	1902	0	4166	0	0	0	0	0	0	88	262	0	0	0	
8728	Cerebelum_10_R	0	0	0	0	0	0	0	0	0	0	0	0	0	0	0	0	0	0	0	0	0	0	0	0	0	0	0	0	0	0	0	0	0	0	0	0	0	0	0	0	0	0	0	0	0	0	0	0	0	0	0	0	0	0	0	0	0	0	0	0	0	0	0	0	0	0	0	0	0	0	0	0	0	0	0	0	0	0	0	0	0	0	0	0	0	0	0	0	0	0	0	128	0	390	0	0	0	0	0	548	0	210	0	794	0	2188	0	0	0	0	0	0	106	0	0	0	
19976	Vermis_1_2	0	0	0	0	0	0	0	0	0	0	0	0	0	0	0	0	0	0	0	0	0	0	0	0	0	0	0	0	0	0	0	0	0	0	0	0	0	0	0	0	0	0	0	0	0	0	0	0	0	0	0	0	0	0	0	0	0	0	0	0	0	0	0	0	0	0	0	0	0	0	0	0	0	0	0	0	0	0	0	0	0	0	0	0	0	0	0	0	0	0	0	0	0	0	582	986	412	0	0	0	0	0	0	0	0	714	0	0	0	3714	1318	782	122	264	638	456	
47772	Vermis_3	0	0	0	0	0	0	0	0	0	0	0	0	0	0	0	0	0	0	0	0	0	0	0	0	0	0	0	0	0	0	0	0	0	0	0	0	198	0	400	0	0	0	0	0	0	0	166	0	0	0	0	0	0	0	0	0	0	0	0	0	0	0	0	0	0	0	0	0	0	0	0	0	0	0	0	0	0	0	0	0	0	0	0	0	0	0	0	0	0	0	0	506	0	206	1036	3916	958	726	106	576	0	0	0	256	322	2008	0	0	3714	0	2518	2002	486	1056	1770	960	
239148	Vermis_4_5	0	0	0	0	0	0	0	0	0	0	0	0	0	0	0	0	0	0	0	242	0	0	0	0	0	0	0	0	0	0	0	0	0	338	218	3418	0	1132	0	1546	0	0	0	180	0	150	3402	7244	0	218	0	112	0	102	1574	3662	0	0	0	0	0	0	0	0	0	0	0	3608	98	260	0	0	0	0	0	0	0	0	0	0	0	0	0	0	0	118	0	0	0	164	3914	7598	1740	4396	1440	2150	12838	11630	9484	11862	276	146	250	742	1478	1830	0	0	1318	2518	0	8794	620	408	2778	3578	
