data	data	332808	208360	883628	1.00293e+06	106624	120496	505436	293396	74912	53480	186268	179932	343976	168228	282392	146996	201540	195232	717416	1.01879e+06	87624	92496	288324	389788	25568	79900	36372	57396	667344	471544	258516	425576	203136	598712	108060	204340	296192	380692	123752	229784	26660	68588	307400	435904	208732	426280	320428	408372	259956	423916	583068	276224	207936	123220	513752	485144	220264	160304	150464	125092	229784	123508	112872	103088	197504	168548	408740	448220	159556	157804	308304	348220	463292	323544	43320	10300	139932	217596	84584	38808	211192	142736	102608	85604	355976	226160	25704	29752	361028	251108	613956	531580	483592	311324	67396	54684	461136	360944	633036	506092	373984	206452	430112	315112	215400	199132	67828	20696	67580	139672	413412	300400	270244	312284	188196	34916	
data	data	Precentral_L	Precentral_R	Frontal_Sup_L	Frontal_Sup_R	Frontal_Sup_Orb_L	Frontal_Sup_Orb_R	Frontal_Mid_L	Frontal_Mid_R	Frontal_Mid_Orb_L	Frontal_Mid_Orb_R	Frontal_Inf_Oper_L	Frontal_Inf_Oper_R	Frontal_Inf_Tri_L	Frontal_Inf_Tri_R	Frontal_Inf_Orb_L	Frontal_Inf_Orb_R	Rolandic_Oper_L	Rolandic_Oper_R	Supp_Motor_Area_L	Supp_Motor_Area_R	Olfactory_L	Olfactory_R	Frontal_Sup_Medial_L	Frontal_Sup_Medial_R	Frontal_Med_Orb_L	Frontal_Med_Orb_R	Rectus_L	Rectus_R	Insula_L	Insula_R	Cingulum_Ant_L	Cingulum_Ant_R	Cingulum_Mid_L	Cingulum_Mid_R	Cingulum_Post_L	Cingulum_Post_R	Hippocampus_L	Hippocampus_R	ParaHippocampal_L	ParaHippocampal_R	Amygdala_L	Amygdala_R	Calcarine_L	Calcarine_R	Cuneus_L	Cuneus_R	Lingual_L	Lingual_R	Occipital_Sup_L	Occipital_Sup_R	Occipital_Mid_L	Occipital_Mid_R	Occipital_Inf_L	Occipital_Inf_R	Fusiform_L	Fusiform_R	Postcentral_L	Postcentral_R	Parietal_Sup_L	Parietal_Sup_R	Parietal_Inf_L	Parietal_Inf_R	SupraMarginal_L	SupraMarginal_R	Angular_L	Angular_R	Precuneus_L	Precuneus_R	Paracentral_Lobule_L	Paracentral_Lobule_R	Caudate_L	Caudate_R	Putamen_L	Putamen_R	Pallidum_L	Pallidum_R	Thalamus_L	Thalamus_R	Heschl_L	Heschl_R	Temporal_Sup_L	Temporal_Sup_R	Temporal_Pole_Sup_L	Temporal_Pole_Sup_R	Temporal_Mid_L	Temporal_Mid_R	Temporal_Pole_Mid_L	Temporal_Pole_Mid_R	Temporal_Inf_L	Temporal_Inf_R	Cerebelum_Crus1_L	Cerebelum_Crus1_R	Cerebelum_Crus2_L	Cerebelum_Crus2_R	Cerebelum_3_L	Cerebelum_3_R	Cerebelum_4_5_L	Cerebelum_4_5_R	Cerebelum_6_L	Cerebelum_6_R	Cerebelum_7b_L	Cerebelum_7b_R	Cerebelum_8_L	Cerebelum_8_R	Cerebelum_9_L	Cerebelum_9_R	Cerebelum_10_L	Cerebelum_10_R	Vermis_1_2	Vermis_3	Vermis_4_5	Vermis_6	Vermis_7	Vermis_8	Vermis_9	Vermis_10	
332808	Precentral_L	0	264	13538	3436	0	0	16892	960	0	0	6558	0	1092	0	0	0	7808	0	5116	4732	0	0	166	0	0	0	0	0	5344	128	0	0	1540	244	1078	2420	6654	2326	750	0	0	0	254	0	0	0	0	0	0	114	4816	0	1510	0	1512	0	22652	0	1082	0	4410	0	1428	0	3054	0	3576	626	8754	0	1902	0	2752	410	194	0	11204	3228	1194	0	2582	0	522	0	4046	0	0	0	3238	0	298	0	0	0	0	0	0	0	0	0	0	0	0	0	0	0	0	0	0	0	0	0	0	0	0	0	
208360	Precentral_R	264	0	0	8552	0	0	0	6524	0	0	0	8136	0	968	0	0	0	5286	0	8960	0	0	0	0	0	0	0	0	0	5468	0	0	0	2066	0	2996	0	4360	0	1618	0	0	0	2880	0	1356	0	512	0	1842	0	1210	0	512	0	3806	0	11050	0	346	0	546	0	2616	0	472	0	3828	712	4754	2108	1596	1884	724	0	0	280	1656	0	666	0	1282	0	192	0	896	0	0	0	1034	0	222	0	0	0	0	0	0	0	0	0	0	0	0	0	0	0	0	0	0	0	0	0	0	0	0	
883628	Frontal_Sup_L	13538	0	0	9764	6796	0	66240	1334	3144	0	15380	0	18444	0	10646	0	8986	0	77988	19254	0	0	35316	248	1224	0	200	0	36674	0	12098	944	4766	7878	492	966	7936	860	1038	0	240	0	170	0	0	0	0	0	0	0	3168	0	598	0	3122	0	1484	0	0	0	476	0	0	0	360	0	2842	226	1046	0	9056	164	29926	0	4204	0	10300	1296	880	0	3320	0	2662	0	1440	0	0	0	2390	0	154	0	0	0	0	0	136	0	0	0	0	0	0	0	0	0	0	0	0	0	0	0	0	0	0	0	
1.00293e+06	Frontal_Sup_R	3436	8552	9764	0	0	7082	3376	29482	0	3032	0	6726	3024	6798	2984	9248	116	9982	19640	109284	0	620	11668	42356	0	3544	0	862	2986	21054	4434	27652	568	30780	1130	3568	456	14864	0	4720	0	692	0	1006	0	212	0	624	0	410	134	248	0	414	0	4898	504	790	0	0	0	0	0	348	0	0	114	616	2016	114	8366	21524	3674	19178	114	998	2564	23646	0	522	0	1368	0	548	0	424	0	0	0	1356	0	256	0	0	0	0	0	0	0	0	0	0	0	0	0	0	0	0	0	0	0	0	0	0	0	0	
106624	Frontal_Sup_Orb_L	0	0	6796	0	0	0	2586	0	9670	0	0	0	1734	0	6446	0	0	0	486	0	1220	184	2238	0	3488	0	5012	0	3698	0	2514	144	0	0	0	0	0	0	0	0	0	0	0	0	0	0	0	0	0	0	0	0	0	0	0	0	0	0	0	0	0	0	0	0	0	0	0	0	0	0	1382	166	4910	122	0	0	0	0	0	0	0	0	516	0	0	0	0	0	0	0	0	0	0	0	0	0	0	0	0	0	0	0	0	0	0	0	0	0	0	0	0	0	0	0	0	0	
120496	Frontal_Sup_Orb_R	0	0	0	7082	0	0	0	2812	0	4616	0	186	0	642	0	5308	0	0	0	686	538	2466	368	5300	0	6834	0	6940	0	1890	564	2932	0	248	0	0	0	0	0	0	0	0	0	0	0	0	0	0	0	0	0	0	0	0	0	0	0	0	0	0	0	0	0	0	0	0	0	0	0	0	608	5568	300	4360	0	0	0	0	0	0	0	0	0	0	0	0	0	0	0	0	0	0	0	0	0	0	0	0	0	0	0	0	0	0	0	0	0	0	0	0	0	0	0	0	0	0	
505436	Frontal_Mid_L	16892	0	66240	3376	2586	0	0	1746	2878	0	12680	0	29008	0	11298	0	6942	0	17518	3622	0	0	14988	0	228	0	0	0	21716	0	3362	174	1424	406	250	242	3414	206	518	0	0	0	168	0	0	0	0	0	0	0	2708	0	552	0	1096	0	1886	0	196	0	656	0	0	0	0	0	2360	0	244	0	3190	0	8532	0	408	0	2776	390	982	0	2072	0	706	0	822	0	0	0	1260	0	0	0	0	0	0	0	0	0	0	0	0	0	0	0	0	0	0	0	0	0	0	0	0	0	0	0	
293396	Frontal_Mid_R	960	6524	1334	29482	0	2812	1746	0	0	4014	0	8794	1406	11654	1392	9310	0	4166	3272	10484	134	312	1026	7352	0	0	0	242	1130	10034	244	2210	0	3504	0	0	236	0	0	0	0	0	0	0	0	0	0	0	0	0	220	0	0	0	0	0	142	154	0	0	116	0	0	0	0	0	118	0	0	0	8872	3332	4314	2848	0	0	200	1532	0	114	0	194	0	636	132	0	0	0	0	0	0	0	0	0	0	0	0	0	0	0	0	0	0	0	0	0	0	0	0	0	0	0	0	0	0	0	
74912	Frontal_Mid_Orb_L	0	0	3144	0	9670	0	2878	0	0	0	0	0	2888	0	9678	0	0	0	446	0	0	0	170	0	448	0	1492	0	2990	0	324	0	0	0	0	0	0	0	0	0	0	0	0	0	0	0	0	0	0	0	0	0	0	0	0	0	0	0	0	0	0	0	0	0	0	0	0	0	0	0	176	0	2884	0	0	0	0	0	0	0	0	0	268	0	0	0	0	0	0	0	0	0	0	0	0	0	0	0	0	0	0	0	0	0	0	0	0	0	0	0	0	0	0	0	0	0	
53480	Frontal_Mid_Orb_R	0	0	0	3032	0	4616	0	4014	0	0	0	0	0	0	0	6622	0	0	0	0	266	688	0	492	0	0	0	754	0	1344	198	0	0	0	0	0	0	0	0	0	0	122	0	0	0	0	0	0	0	0	0	0	0	0	0	0	0	0	0	0	0	0	0	0	0	0	0	0	0	0	262	1594	162	2574	0	0	0	0	0	0	0	0	0	0	0	0	0	0	0	0	0	0	0	0	0	0	0	0	0	0	0	0	0	0	0	0	0	0	0	0	0	0	0	0	0	0	
186268	Frontal_Inf_Oper_L	6558	0	15380	0	0	0	12680	0	0	0	0	0	9008	0	548	0	10980	0	4294	0	0	0	500	0	0	0	0	0	17906	0	0	0	392	0	0	0	1164	0	0	0	0	0	0	0	0	0	0	0	0	0	1196	0	0	0	602	0	1114	0	0	0	318	0	112	0	194	0	1006	0	0	0	0	0	606	0	118	0	0	0	1806	0	3132	0	2682	0	336	0	0	0	502	0	0	0	0	0	0	0	0	0	0	0	0	0	0	0	0	0	0	0	0	0	0	0	0	0	0	0	
179932	Frontal_Inf_Oper_R	0	8136	0	6726	0	186	0	8794	0	0	0	0	0	7158	0	898	0	9434	714	6222	0	0	204	1550	0	0	0	0	0	19664	486	3674	0	2850	0	0	0	128	0	0	0	0	0	0	0	0	0	0	0	0	0	0	0	0	0	0	0	1798	0	0	0	0	0	0	0	0	0	0	0	0	794	1906	380	2906	0	0	0	968	0	426	0	1208	0	2756	0	0	0	0	0	0	0	0	0	0	0	0	0	0	0	0	0	0	0	0	0	0	0	0	0	0	0	0	0	0	0	0	
343976	Frontal_Inf_Tri_L	1092	0	18444	3024	1734	0	29008	1406	2888	0	9008	0	0	0	32258	0	1242	0	9802	2486	0	0	1820	0	0	0	0	0	35646	148	4068	774	352	1336	0	0	746	0	0	0	0	0	0	0	0	0	0	0	0	0	400	0	0	0	220	0	0	0	0	0	0	0	0	0	0	0	188	0	0	0	3988	220	8334	0	0	0	0	0	586	0	0	0	640	0	0	0	0	0	130	0	0	0	0	0	0	0	0	0	0	0	0	0	0	0	0	0	0	0	0	0	0	0	0	0	0	0	
168228	Frontal_Inf_Tri_R	0	968	0	6798	0	642	0	11654	0	0	0	7158	0	0	0	5264	0	552	1694	5236	0	0	356	4512	0	340	0	0	0	14798	1344	10376	162	5842	0	0	0	0	0	0	0	0	0	0	0	0	0	0	0	0	0	0	0	0	0	0	0	248	0	0	0	0	0	0	0	0	0	0	0	0	602	2996	236	1966	0	0	0	0	0	0	0	0	0	370	0	0	0	0	0	0	0	0	0	0	0	0	0	0	0	0	0	0	0	0	0	0	0	0	0	0	0	0	0	0	0	0	
282392	Frontal_Inf_Orb_L	0	0	10646	2984	6446	0	11298	1392	9678	0	548	0	32258	0	0	0	0	0	5248	2450	1658	296	1040	0	0	0	1254	0	28692	210	3884	968	268	1320	0	0	0	0	180	0	0	0	0	0	0	0	0	0	0	0	0	0	0	0	0	0	0	0	0	0	0	0	0	0	0	0	0	0	0	0	4792	478	10962	244	0	0	0	0	0	0	0	0	2002	0	0	0	0	0	0	0	0	0	0	0	0	0	0	0	0	0	0	0	0	0	0	0	0	0	0	0	0	0	0	0	0	0	
146996	Frontal_Inf_Orb_R	0	0	0	9248	0	5308	0	9310	0	6622	0	898	0	5264	0	0	0	0	274	2320	590	1774	0	3546	0	146	158	1744	0	9426	714	1864	0	2032	0	0	0	0	0	242	0	260	0	0	0	0	0	0	0	0	0	0	0	0	0	0	0	0	0	0	0	0	0	0	0	0	0	0	0	0	984	4612	376	5504	0	0	0	0	0	0	0	0	0	282	0	0	0	0	0	0	0	0	0	0	0	0	0	0	0	0	0	0	0	0	0	0	0	0	0	0	0	0	0	0	0	0	
201540	Rolandic_Oper_L	7808	0	8986	116	0	0	6942	0	0	0	10980	0	1242	0	0	0	0	0	1030	196	0	0	0	0	0	0	0	0	16212	0	0	0	694	0	0	0	2048	0	0	0	0	0	136	0	0	0	0	0	0	0	4722	0	0	0	368	0	9170	0	0	0	138	0	2204	0	1264	0	5210	0	0	0	148	0	816	0	278	0	250	0	3102	0	8706	0	2510	0	2206	0	0	0	2554	0	734	0	0	0	0	0	0	0	0	0	0	0	0	0	0	0	0	0	0	0	0	0	0	0	0	0	
195232	Rolandic_Oper_R	0	5286	0	9982	0	0	0	4166	0	0	0	9434	0	552	0	0	0	0	0	9130	0	0	0	180	0	0	0	0	0	19244	0	590	0	800	0	0	0	1074	0	348	0	0	0	120	0	266	0	134	0	1288	0	262	0	166	0	1026	0	5846	0	288	0	338	0	4268	0	394	0	870	0	0	208	146	0	2480	0	0	0	538	0	4720	0	8566	0	3286	0	324	0	0	0	1098	0	198	0	0	0	0	0	0	0	0	0	0	0	0	0	0	0	0	0	0	0	0	0	0	0	0	
717416	Supp_Motor_Area_L	5116	0	77988	19640	486	0	17518	3272	446	0	4294	714	9802	1694	5248	274	1030	0	0	51852	0	0	7930	10936	0	544	0	0	20750	1178	4942	7804	9016	29770	2032	1612	4846	282	564	110	0	0	116	0	0	0	0	0	0	0	920	0	306	0	2446	0	1244	0	0	0	300	0	0	0	328	0	998	144	9672	1224	4182	1526	19722	674	3890	0	3046	1132	470	0	1198	0	850	0	844	0	0	0	1654	0	0	0	0	0	0	0	132	0	0	0	0	0	0	0	0	0	0	0	0	0	0	0	0	0	0	0	
1.01879e+06	Supp_Motor_Area_R	4732	8960	19254	109284	0	686	3622	10484	0	0	0	6222	2486	5236	2450	2320	196	9130	51852	0	0	0	3106	15736	0	760	0	0	2910	15662	3086	14742	4650	59618	1468	13790	464	10480	0	3428	0	448	0	2302	0	1112	0	1116	0	644	214	678	0	232	0	3568	792	4198	0	0	0	0	0	296	0	0	240	4722	13280	16910	6842	20370	3110	12910	450	1034	2268	21110	0	512	0	1224	0	488	0	250	0	0	0	802	0	172	0	0	0	0	0	0	0	0	0	0	0	0	0	0	0	0	0	0	288	0	0	0	0	0	
87624	Olfactory_L	0	0	0	0	1220	538	0	134	0	266	0	0	0	0	1658	590	0	0	0	0	0	5114	0	0	476	204	1384	882	2246	366	4870	2434	0	0	0	0	132	0	354	0	550	0	0	0	0	0	0	0	0	0	0	0	0	0	122	0	0	0	0	0	0	0	0	0	0	0	0	0	0	0	9226	4910	4144	760	114	0	0	272	0	0	0	0	846	0	0	0	0	0	0	0	0	0	0	0	0	0	0	0	0	0	0	0	0	0	0	0	0	0	0	0	0	0	0	0	0	0	
92496	Olfactory_R	0	0	0	620	184	2466	0	312	0	688	0	0	0	0	296	1774	0	0	0	0	5114	0	0	394	0	1070	652	3596	0	2398	2462	2098	0	0	0	0	0	610	0	1056	0	1424	0	0	0	0	0	0	0	0	0	0	0	0	0	0	0	0	0	0	0	0	0	0	0	0	0	0	0	0	5598	7668	2684	1934	118	0	0	330	0	0	0	0	0	702	0	0	0	0	0	0	0	0	0	0	0	0	0	0	0	0	0	0	0	0	0	0	0	0	0	0	0	0	0	0	0	0	
288324	Frontal_Sup_Medial_L	166	0	35316	11668	2238	368	14988	1026	170	0	500	204	1820	356	1040	0	0	0	7930	3106	0	0	0	17332	1242	638	0	0	1730	384	14888	10536	5072	8572	0	0	0	0	0	0	0	0	0	0	0	0	0	0	0	0	0	0	0	0	0	0	0	0	0	0	0	0	0	0	0	0	0	0	0	0	916	476	1078	402	0	0	0	0	0	0	0	0	0	0	0	0	0	0	0	0	0	0	0	0	0	0	0	0	0	0	0	0	0	0	0	0	0	0	0	0	0	0	0	0	0	0	
389788	Frontal_Sup_Medial_R	0	0	248	42356	0	5300	0	7352	0	492	0	1550	0	4512	0	3546	0	180	10936	15736	0	394	17332	0	120	5514	0	604	0	5414	4838	29214	852	23002	0	0	0	146	0	110	0	0	0	0	0	0	0	0	0	0	0	0	0	0	0	0	0	0	0	0	0	0	0	0	0	0	0	0	0	0	506	7746	130	6764	0	0	0	0	0	0	0	0	0	0	0	0	0	0	0	0	0	0	0	0	0	0	0	0	0	0	0	0	0	0	0	0	0	0	0	0	0	0	0	0	0	0	
25568	Frontal_Med_Orb_L	0	0	1224	0	3488	0	228	0	448	0	0	0	0	0	0	0	0	0	0	0	476	0	1242	120	0	272	1810	0	0	0	2240	142	0	0	0	0	0	0	0	0	0	0	0	0	0	0	0	0	0	0	0	0	0	0	0	0	0	0	0	0	0	0	0	0	0	0	0	0	0	0	726	0	368	0	0	0	0	0	0	0	0	0	0	0	0	0	0	0	0	0	0	0	0	0	0	0	0	0	0	0	0	0	0	0	0	0	0	0	0	0	0	0	0	0	0	0	
79900	Frontal_Med_Orb_R	0	0	0	3544	0	6834	0	0	0	0	0	0	0	340	0	146	0	0	544	760	204	1070	638	5514	272	0	118	4570	0	344	1404	4860	0	846	0	0	0	0	0	0	0	0	0	0	0	0	0	0	0	0	0	0	0	0	0	0	0	0	0	0	0	0	0	0	0	0	0	0	0	0	232	5504	0	2206	0	0	0	0	0	0	0	0	0	0	0	0	0	0	0	0	0	0	0	0	0	0	0	0	0	0	0	0	0	0	0	0	0	0	0	0	0	0	0	0	0	0	
36372	Rectus_L	0	0	200	0	5012	0	0	0	1492	0	0	0	0	0	1254	158	0	0	0	0	1384	652	0	0	1810	118	0	158	0	140	2316	488	0	0	0	0	0	0	0	0	0	0	0	0	0	0	0	0	0	0	0	0	0	0	0	0	0	0	0	0	0	0	0	0	0	0	0	0	0	0	1556	544	546	358	0	0	0	0	0	0	0	0	0	0	0	0	0	0	0	0	0	0	0	0	0	0	0	0	0	0	0	0	0	0	0	0	0	0	0	0	0	0	0	0	0	0	
57396	Rectus_R	0	0	0	862	0	6940	0	242	0	754	0	0	0	0	0	1744	0	0	0	0	882	3596	0	604	0	4570	158	0	0	866	520	1092	0	0	0	0	0	0	0	110	0	0	0	0	0	0	0	0	0	0	0	0	0	0	0	0	0	0	0	0	0	0	0	0	0	0	0	0	0	0	838	2986	482	1294	0	0	0	0	0	0	0	0	0	158	0	0	0	0	0	0	0	0	0	0	0	0	0	0	0	0	0	0	0	0	0	0	0	0	0	0	0	0	0	0	0	0	
667344	Insula_L	5344	0	36674	2986	3698	0	21716	1130	2990	0	17906	0	35646	0	28692	0	16212	0	20750	2910	2246	0	1730	0	0	0	0	0	0	0	3842	720	1412	1366	132	0	14496	0	2256	0	1178	0	632	0	0	0	0	0	0	0	7382	0	710	0	9746	0	1440	0	0	0	260	0	670	0	1190	0	6440	0	204	0	3634	0	25300	0	1428	0	306	0	8324	0	9364	0	8018	0	9220	0	144	0	12082	0	714	0	0	0	0	0	162	0	270	0	0	0	0	0	0	0	0	0	0	0	0	0	0	0	0	0	
471544	Insula_R	128	5468	0	21054	0	1890	0	10034	0	1344	0	19664	148	14798	210	9426	0	19244	1178	15662	366	2398	384	5414	0	344	140	866	0	0	1532	10132	192	5506	152	342	0	6922	0	3890	0	2322	0	266	0	478	0	580	0	1014	0	440	0	742	0	6148	0	1802	0	192	0	706	0	2524	0	278	0	1444	0	138	5278	5158	4230	19984	0	0	186	946	0	2348	0	6996	0	4356	0	2240	0	0	0	5304	0	626	0	0	0	0	0	0	0	218	0	0	0	0	0	0	0	0	0	0	0	0	0	0	0	0	
258516	Cingulum_Ant_L	0	0	12098	4434	2514	564	3362	244	324	198	0	486	4068	1344	3884	714	0	0	4942	3086	4870	2462	14888	4838	2240	1404	2316	520	3842	1532	0	16672	4890	8656	1042	0	0	0	0	0	0	0	0	0	0	0	0	0	0	0	0	0	0	0	0	0	0	0	0	0	0	0	0	0	0	0	0	0	0	0	7002	3696	4568	1558	0	0	0	0	0	0	0	0	0	0	0	0	0	0	0	0	0	0	0	0	0	0	0	0	0	0	0	0	0	0	0	0	0	0	0	0	0	0	0	0	0	0	
425576	Cingulum_Ant_R	0	0	944	27652	144	2932	174	2210	0	0	0	3674	774	10376	968	1864	0	590	7804	14742	2434	2098	10536	29214	142	4860	488	1092	720	10132	16672	0	1702	28862	368	380	0	584	0	418	0	0	0	0	0	0	0	0	0	0	0	0	0	0	0	0	0	0	0	0	0	0	0	0	0	0	0	0	0	0	3934	12724	1846	8516	0	0	0	0	0	0	0	0	0	218	0	0	0	0	0	0	0	0	0	0	0	0	0	0	0	0	0	0	0	0	0	0	0	0	0	0	0	0	0	0	0	0	
203136	Cingulum_Mid_L	1540	0	4766	568	0	0	1424	0	0	0	392	0	352	162	268	0	694	0	9016	4650	0	0	5072	852	0	0	0	0	1412	192	4890	1702	0	9540	5504	2446	112	0	0	0	0	0	322	116	368	146	0	0	1084	0	2038	114	398	0	322	0	2408	0	122	0	1930	0	930	0	3248	0	17362	672	3412	278	0	0	0	0	0	0	0	0	414	0	746	0	0	0	5138	0	0	0	4070	0	376	0	0	0	0	0	0	0	0	0	0	0	0	0	0	0	0	0	0	0	0	0	0	0	0	0	
598712	Cingulum_Mid_R	244	2066	7878	30780	0	248	406	3504	0	0	0	2850	1336	5842	1320	2032	0	800	29770	59618	0	0	8572	23002	0	846	0	0	1366	5506	8656	28862	9540	0	1608	12530	0	1102	0	386	0	0	0	4170	0	3280	0	886	0	598	0	1028	0	0	0	712	0	2852	0	0	0	0	0	0	0	0	1466	10330	3274	13020	1190	2728	200	2368	0	0	0	0	0	0	0	0	0	0	0	0	0	0	0	0	0	0	0	0	0	0	0	0	0	0	0	0	0	0	0	0	0	0	0	0	584	0	0	0	0	0	
108060	Cingulum_Post_L	1078	0	492	1130	0	0	250	0	0	0	0	0	0	0	0	0	0	0	2032	1468	0	0	0	0	0	0	0	0	132	152	1042	368	5504	1608	0	4574	3796	1884	1868	0	0	0	4650	0	894	0	906	0	594	0	1720	0	730	0	514	0	146	0	282	0	0	0	0	0	0	0	7978	688	3348	166	0	0	414	310	0	0	994	1798	0	0	0	0	0	0	312	0	0	0	208	0	0	0	0	0	0	0	0	0	0	0	0	0	0	0	0	0	0	0	0	0	0	0	0	0	0	0	
204340	Cingulum_Post_R	2420	2996	966	3568	0	0	242	0	0	0	0	0	0	0	0	0	0	0	1612	13790	0	0	0	0	0	0	0	0	0	342	0	380	2446	12530	4574	0	1160	8698	0	1224	0	0	0	2440	0	834	0	4536	0	498	0	580	0	110	0	2128	0	1784	0	0	0	0	0	0	0	0	720	9668	2368	7730	264	0	376	802	0	0	3428	6044	0	0	0	0	0	0	0	0	0	0	0	122	0	0	0	0	0	0	0	0	0	0	0	0	0	0	0	0	0	0	0	0	790	0	0	0	0	0	
296192	Hippocampus_L	6654	0	7936	456	0	0	3414	236	0	0	1164	0	746	0	0	0	2048	0	4846	464	132	0	0	0	0	0	0	0	14496	0	0	0	112	0	3796	1160	0	1294	14002	114	4694	0	2194	0	0	0	2376	164	0	0	1292	0	288	0	23840	0	576	0	0	0	0	0	0	0	0	0	3524	440	1444	0	242	0	13632	200	936	0	3072	1140	2778	0	2478	0	664	0	2064	0	0	0	11108	0	1492	0	218	0	0	0	2240	0	1930	0	0	0	0	0	0	0	0	0	0	0	0	0	0	0	0	0	
380692	Hippocampus_R	2326	4360	860	14864	0	0	206	0	0	0	0	128	0	0	0	0	0	1074	282	10480	0	610	0	146	0	0	0	0	0	6922	0	584	0	1102	1884	8698	1294	0	186	34388	0	9772	0	1462	0	316	262	4800	0	406	0	260	0	552	0	33368	0	168	0	0	0	0	0	0	0	0	0	4694	1752	358	2426	296	2442	11826	0	128	2948	8018	0	180	0	682	0	980	0	1320	0	0	0	6406	0	794	0	0	110	0	176	1180	0	978	0	0	0	0	0	0	0	0	0	242	650	0	0	0	0	0	
123752	ParaHippocampal_L	750	0	1038	0	0	0	518	0	0	0	0	0	0	0	180	0	0	0	564	0	354	0	0	0	0	0	0	0	2256	0	0	0	0	0	1868	0	14002	186	0	0	2356	0	2034	0	0	0	3262	410	0	0	258	0	116	0	12476	0	0	0	0	0	0	0	0	0	0	0	2718	0	0	0	0	0	2320	0	296	0	628	0	184	0	224	0	812	0	178	0	800	0	1324	0	1924	0	244	0	602	0	3538	0	2706	0	126	0	112	0	140	0	0	0	0	372	0	0	0	0	0	0	
229784	ParaHippocampal_R	0	1618	0	4720	0	0	0	0	0	0	0	0	0	0	0	242	0	348	110	3428	0	1056	0	110	0	0	0	110	0	3890	0	418	0	386	0	1224	114	34388	0	0	0	8560	0	1224	0	0	0	4680	0	0	0	0	0	0	0	25986	0	0	0	0	0	0	0	0	0	0	0	2652	0	0	468	228	430	8356	0	0	0	1070	0	0	0	164	0	1716	0	138	0	728	0	1842	0	574	0	0	0	110	0	2346	0	1458	0	0	0	0	0	0	0	0	0	0	0	0	0	0	0	0	
26660	Amygdala_L	0	0	240	0	0	0	0	0	0	0	0	0	0	0	0	0	0	0	0	0	550	0	0	0	0	0	0	0	1178	0	0	0	0	0	0	0	4694	0	2356	0	0	0	0	0	0	0	0	0	0	0	0	0	0	0	2256	0	0	0	0	0	0	0	0	0	0	0	0	0	0	0	136	0	732	0	0	0	300	0	0	0	0	0	534	0	0	0	156	0	198	0	0	0	0	0	0	0	0	0	0	0	0	0	0	0	0	0	0	0	0	0	0	0	0	0	0	0	
68588	Amygdala_R	0	0	0	692	0	0	0	0	0	122	0	0	0	0	0	260	0	0	0	448	0	1424	0	0	0	0	0	0	0	2322	0	0	0	0	0	0	0	9772	0	8560	0	0	0	0	0	0	0	0	0	0	0	0	0	0	0	4198	0	0	0	0	0	0	0	0	0	0	0	0	0	0	0	332	0	3468	0	0	118	462	0	0	0	0	0	1726	0	0	0	0	0	390	0	0	0	0	0	0	0	0	0	0	0	0	0	0	0	0	0	0	0	0	0	0	0	0	0	0	
307400	Calcarine_L	254	0	170	0	0	0	168	0	0	0	0	0	0	0	0	0	136	0	116	0	0	0	0	0	0	0	0	0	632	0	0	0	322	0	4650	0	2194	0	2034	0	0	0	0	9110	21878	10518	17064	3430	15236	2566	27296	1030	6050	0	3502	0	690	0	612	120	842	0	0	0	274	0	19320	730	1172	0	0	0	0	0	0	0	0	0	196	0	0	0	0	0	618	0	0	0	770	0	0	0	0	0	0	0	0	0	0	0	0	0	0	0	0	0	0	0	0	0	0	0	0	0	0	0	
435904	Calcarine_R	0	2880	0	1006	0	0	0	0	0	0	0	0	0	0	0	0	0	120	0	2302	0	0	0	0	0	0	0	0	0	266	0	0	116	4170	0	2440	0	1462	0	1224	0	0	9110	0	7478	44736	3908	26510	0	30040	0	16020	0	6184	0	7540	0	4056	0	3352	0	414	0	190	0	1550	1654	29762	0	4502	0	0	0	0	0	0	0	0	0	0	0	0	0	0	0	450	0	0	0	894	0	312	0	0	0	0	210	634	278	308	0	0	0	0	0	0	0	0	0	0	1562	312	0	0	0	0	
208732	Cuneus_L	0	0	0	0	0	0	0	0	0	0	0	0	0	0	0	0	0	0	0	0	0	0	0	0	0	0	0	0	0	0	0	0	368	0	894	0	0	0	0	0	0	0	21878	7478	0	11466	2646	1406	22898	2636	12334	924	1608	0	306	0	362	0	2158	0	200	0	0	0	0	0	12094	1592	806	0	0	0	0	0	0	0	0	0	0	0	0	0	0	0	138	0	0	0	174	0	0	0	0	0	0	0	0	0	0	0	0	0	0	0	0	0	0	0	0	0	0	0	0	0	0	0	
426280	Cuneus_R	0	1356	0	212	0	0	0	0	0	0	0	0	0	0	0	0	0	266	0	1112	0	0	0	0	0	0	0	0	0	478	0	0	146	3280	0	834	0	316	0	0	0	0	10518	44736	11466	0	2198	10638	574	41614	240	15656	0	5874	0	3394	0	2692	0	6484	0	464	0	358	0	1866	5522	32652	0	2704	0	0	0	0	0	0	0	0	0	150	0	0	0	0	0	1724	0	0	0	2486	0	346	0	0	0	0	0	0	118	128	0	0	0	0	0	0	0	0	0	0	400	138	0	0	0	0	
320428	Lingual_L	0	0	0	0	0	0	0	0	0	0	0	0	0	0	0	0	0	0	0	0	0	0	0	0	0	0	0	0	0	0	0	0	0	0	906	0	2376	262	3262	0	0	0	17064	3908	2646	2198	0	8536	7192	1260	18338	300	8520	160	18092	2196	0	0	1588	0	1266	0	0	0	268	0	4688	344	0	0	0	0	0	0	0	0	0	0	0	0	0	0	0	0	262	0	0	0	140	0	6288	2756	1896	0	518	112	11270	3426	12198	4604	0	0	0	0	0	0	0	0	0	264	7278	3126	386	178	142	0	
408372	Lingual_R	0	512	0	624	0	0	0	0	0	0	0	0	0	0	0	0	0	134	0	1116	0	0	0	0	0	0	0	0	0	580	0	0	0	886	0	4536	164	4800	410	4680	0	0	3430	26510	1406	10638	8536	0	0	7840	184	5360	448	7284	3110	24466	0	440	0	110	0	0	0	0	0	0	328	12812	0	824	244	0	224	180	0	0	0	152	0	0	0	0	0	0	0	344	0	0	0	398	3034	7240	1144	354	442	384	6346	10278	9128	11674	0	0	0	0	140	0	0	0	0	504	11080	7034	1564	130	0	0	
259956	Occipital_Sup_L	0	0	0	0	0	0	0	0	0	0	0	0	0	0	0	0	0	0	0	0	0	0	0	0	0	0	0	0	0	0	0	0	1084	0	594	0	0	0	0	0	0	0	15236	0	22898	574	7192	0	0	0	36712	0	4554	0	1602	0	0	0	16350	0	7868	0	0	0	1054	0	13918	342	0	0	0	0	0	0	0	0	0	0	0	0	0	0	0	0	0	0	0	0	0	0	0	0	0	0	0	0	0	0	0	0	0	0	0	0	0	0	0	0	0	0	0	0	0	0	0	0	
423916	Occipital_Sup_R	114	1842	0	410	0	0	0	0	0	0	0	0	0	0	0	0	0	1288	0	644	0	0	0	0	0	0	0	0	0	1014	0	0	0	598	0	498	0	406	0	0	0	0	2566	30040	2636	41614	1260	7840	0	0	0	24038	0	6708	0	3954	0	1838	0	12662	0	8404	0	2226	0	9684	0	25640	0	1344	336	0	352	0	0	0	0	0	0	430	0	808	0	0	0	10472	0	0	0	8710	0	776	0	0	0	0	114	0	144	152	0	0	0	0	0	0	0	0	0	0	218	178	0	0	0	0	
583068	Occipital_Mid_L	4816	0	3168	134	0	0	2708	220	0	0	1196	0	400	0	0	0	4722	0	920	214	0	0	0	0	0	0	0	0	7382	0	0	0	2038	0	1720	0	1292	0	258	0	0	0	27296	0	12334	240	18338	184	36712	0	0	0	36168	0	13818	0	2122	0	13260	0	18846	0	774	0	22808	0	22316	0	1534	0	218	0	908	0	330	0	200	0	898	0	526	0	0	0	19712	0	0	0	8574	0	640	0	0	0	0	0	322	0	646	182	0	0	0	0	0	0	0	0	0	0	276	164	0	0	0	0	
276224	Occipital_Mid_R	0	1210	0	248	0	0	0	0	0	0	0	0	0	0	0	0	0	262	0	678	0	0	0	0	0	0	0	0	0	440	0	0	114	1028	0	580	0	260	0	0	0	0	1030	16020	924	15656	300	5360	0	24038	0	0	0	9620	0	3022	0	1480	0	3826	0	5710	0	564	0	19616	202	8804	0	1558	0	0	0	0	0	0	0	0	0	128	0	566	0	0	0	11748	0	0	0	2840	0	280	0	0	0	0	0	0	0	0	0	0	0	0	0	0	0	0	0	0	0	0	0	0	0	0	
207936	Occipital_Inf_L	1510	0	598	0	0	0	552	0	0	0	0	0	0	0	0	0	0	0	306	0	0	0	0	0	0	0	0	0	710	0	0	0	398	0	730	0	288	0	116	0	0	0	6050	0	1608	0	8520	448	4554	0	36168	0	0	0	11702	110	206	0	1602	0	1346	0	202	0	978	0	4362	0	418	0	0	0	0	0	0	0	0	0	342	0	0	0	0	0	6084	0	0	0	7778	0	1098	154	284	0	0	0	1070	400	1562	372	0	0	0	0	0	0	0	0	0	0	1040	302	0	0	0	0	
123220	Occipital_Inf_R	0	512	0	414	0	0	0	0	0	0	0	0	0	0	0	0	0	166	0	232	0	0	0	0	0	0	0	0	0	742	0	0	0	0	0	110	0	552	0	0	0	0	0	6184	0	5874	160	7284	0	6708	0	9620	0	0	0	10236	0	0	0	142	0	298	0	0	0	626	0	908	0	0	382	0	338	0	0	0	0	0	0	0	0	0	0	0	0	2494	0	0	0	5768	0	1306	0	0	0	0	0	0	130	120	0	0	0	0	0	0	0	0	0	0	166	138	0	0	0	0	
513752	Fusiform_L	1512	0	3122	0	0	0	1096	0	0	0	602	0	220	0	0	0	368	0	2446	0	122	0	0	0	0	0	0	0	9746	0	0	0	322	0	514	0	23840	0	12476	0	2256	0	3502	0	306	0	18092	3110	1602	0	13818	0	11702	0	0	1348	372	0	666	0	696	0	850	0	606	0	2558	0	224	0	0	0	6428	0	0	0	214	0	2000	0	2670	0	1946	0	5574	0	1150	0	25388	0	23526	1322	3236	0	342	0	17702	2052	32076	2530	566	0	610	0	390	0	162	0	152	188	5634	2372	162	212	178	0	
485144	Fusiform_R	0	3806	0	4898	0	0	0	0	0	0	0	0	0	0	0	0	0	1026	0	3568	0	0	0	0	0	0	0	0	0	6148	0	0	0	712	0	2128	0	33368	0	25986	0	4198	0	7540	0	3394	2196	24466	0	3954	0	3022	110	10236	1348	0	0	308	0	0	0	0	0	0	0	134	0	5034	0	570	2080	0	1930	4700	0	0	0	726	0	142	0	604	0	4322	0	1332	0	1766	0	15412	1376	12890	288	524	0	382	3464	12094	3832	15436	0	386	0	668	0	0	0	0	0	556	6340	2590	582	0	0	0	
220264	Postcentral_L	22652	0	1484	504	0	0	1886	142	0	0	1114	0	0	0	0	0	9170	0	1244	792	0	0	0	0	0	0	0	0	1440	0	0	0	2408	0	146	0	576	0	0	0	0	0	690	0	362	0	0	0	0	0	2122	0	206	0	372	0	0	0	7050	0	20140	0	10652	0	5778	0	5078	0	4686	0	452	0	146	0	0	0	658	0	1082	0	3266	0	158	0	1732	0	0	0	1330	0	614	0	0	0	0	0	0	0	0	0	0	0	0	0	0	0	0	0	0	0	0	0	0	0	0	0	
160304	Postcentral_R	0	11050	0	790	0	0	0	154	0	0	0	1798	0	248	0	0	0	5846	0	4198	0	0	0	0	0	0	0	0	0	1802	0	0	0	2852	0	1784	0	168	0	0	0	0	0	4056	0	2692	0	440	0	1838	0	1480	0	0	0	308	0	0	0	4690	0	4002	0	9290	0	390	0	7430	0	9750	114	0	0	336	0	0	0	0	0	344	0	1722	0	0	0	362	0	0	0	218	0	0	0	0	0	0	0	0	0	0	0	0	0	0	0	0	0	0	0	0	0	0	0	0	0	0	
150464	Parietal_Sup_L	1082	0	0	0	0	0	196	0	0	0	0	0	0	0	0	0	0	0	0	0	0	0	0	0	0	0	0	0	0	0	0	0	122	0	282	0	0	0	0	0	0	0	612	0	2158	0	1588	0	16350	0	13260	0	1602	0	666	0	7050	0	0	0	13774	0	0	0	4410	0	10928	706	446	0	0	0	0	0	0	0	0	0	0	0	0	0	0	0	0	0	0	0	0	0	0	0	0	0	0	0	0	0	0	0	0	0	0	0	0	0	0	0	0	0	0	0	0	0	0	0	
125092	Parietal_Sup_R	0	346	0	0	0	0	0	0	0	0	0	0	0	0	0	0	0	288	0	0	0	0	0	0	0	0	0	0	0	192	0	0	0	0	0	0	0	0	0	0	0	0	120	3352	0	6484	0	110	0	12662	0	3826	0	142	0	0	0	4690	0	0	0	8802	0	1890	0	5912	332	9620	0	138	0	0	0	0	0	0	0	0	0	0	0	162	0	0	0	2138	0	0	0	1340	0	0	0	0	0	0	0	0	0	0	0	0	0	0	0	0	0	0	0	0	0	0	0	0	0	0	
229784	Parietal_Inf_L	4410	0	476	0	0	0	656	116	0	0	318	0	0	0	0	0	138	0	300	0	0	0	0	0	0	0	0	0	260	0	0	0	1930	0	0	0	0	0	0	0	0	0	842	0	200	0	1266	0	7868	0	18846	0	1346	0	696	0	20140	0	13774	0	0	0	9138	0	22574	0	6008	0	402	0	202	0	0	0	0	0	0	0	0	0	580	0	0	0	1662	0	0	0	542	0	202	0	0	0	0	0	0	0	0	0	0	0	0	0	0	0	0	0	0	0	0	0	0	0	0	0	
123508	Parietal_Inf_R	0	546	0	0	0	0	0	0	0	0	0	0	0	0	0	0	0	338	0	0	0	0	0	0	0	0	0	0	0	706	0	0	0	0	0	0	0	0	0	0	0	0	0	414	0	464	0	0	0	8404	0	5710	0	298	0	0	0	4002	0	8802	0	0	0	6410	0	15822	0	2442	0	110	0	0	0	0	0	0	0	0	0	0	0	358	0	0	0	4290	0	0	0	2086	0	552	0	0	0	0	0	0	0	0	0	0	0	0	0	0	0	0	0	0	0	0	0	0	0	0	
112872	SupraMarginal_L	1428	0	0	0	0	0	0	0	0	0	112	0	0	0	0	0	2204	0	0	0	0	0	0	0	0	0	0	0	670	0	0	0	930	0	0	0	0	0	0	0	0	0	0	0	0	0	0	0	0	0	774	0	202	0	850	0	10652	0	0	0	9138	0	0	0	9888	0	1042	0	0	0	0	0	0	0	0	0	0	0	340	0	7824	0	0	0	6486	0	0	0	2862	0	1034	0	0	0	0	0	0	0	0	0	0	0	0	0	0	0	0	0	0	0	0	0	0	0	0	0	
103088	SupraMarginal_R	0	2616	0	348	0	0	0	0	0	0	0	0	0	0	0	0	0	4268	0	296	0	0	0	0	0	0	0	0	0	2524	0	0	0	0	0	0	0	0	0	0	0	0	0	190	0	358	0	0	0	2226	0	564	0	0	0	0	0	9290	0	1890	0	6410	0	0	0	6174	0	1260	0	0	174	0	170	0	0	0	0	0	0	666	0	7282	0	0	0	2008	0	0	0	2080	0	750	0	0	0	0	0	0	0	0	0	0	0	0	0	0	0	0	0	0	0	0	0	0	0	0	
197504	Angular_L	3054	0	360	0	0	0	0	0	0	0	194	0	0	0	0	0	1264	0	328	0	0	0	0	0	0	0	0	0	1190	0	0	0	3248	0	0	0	0	0	0	0	0	0	274	0	0	0	268	0	1054	0	22808	0	978	0	606	0	5778	0	4410	0	22574	0	9888	0	0	0	4926	0	114	0	0	0	0	0	0	0	0	0	232	0	3428	0	0	0	10216	0	0	0	1156	0	404	0	0	0	0	0	0	0	0	0	0	0	0	0	0	0	0	0	0	0	0	0	0	0	0	0	
168548	Angular_R	0	472	0	0	0	0	0	0	0	0	0	0	0	0	0	0	0	394	0	0	0	0	0	0	0	0	0	0	0	278	0	0	0	0	0	0	0	0	0	0	0	0	0	1550	0	1866	0	0	0	9684	0	19616	0	626	0	134	0	390	0	5912	0	15822	0	6174	0	0	0	2810	0	0	0	0	0	0	0	0	0	0	0	0	0	3610	0	0	0	10570	0	0	0	3212	0	1154	0	0	0	0	0	0	0	0	0	0	0	0	0	0	0	0	0	0	0	0	0	0	0	0	
408740	Precuneus_L	3576	0	2842	114	0	0	2360	118	0	0	1006	0	188	0	0	0	5210	0	998	240	0	0	0	0	0	0	0	0	6440	0	0	0	17362	1466	7978	720	3524	0	2718	0	0	0	19320	1654	12094	5522	4688	328	13918	0	22316	202	4362	0	2558	0	5078	0	10928	332	6008	0	1042	0	4926	0	0	9360	5126	0	190	0	834	0	296	0	258	0	1000	0	1234	0	0	0	6958	0	0	0	6250	0	728	0	0	0	0	0	0	0	0	0	0	0	0	0	0	0	0	0	0	0	0	0	0	0	0	0	
448220	Precuneus_R	626	3828	226	616	0	0	0	0	0	0	0	0	0	0	0	0	0	870	144	4722	0	0	0	0	0	0	0	0	0	1444	0	0	672	10330	688	9668	440	4694	0	2652	0	0	730	29762	1592	32652	344	12812	342	25640	0	8804	0	908	0	5034	0	7430	706	9620	0	2442	0	1260	0	2810	9360	0	410	8290	220	0	246	0	0	0	630	768	0	328	0	498	0	0	0	7076	0	0	0	6860	0	652	0	0	0	0	0	1134	0	178	0	0	0	0	0	0	0	0	0	0	2952	0	0	0	0	0	
159556	Paracentral_Lobule_L	8754	712	1046	2016	0	0	244	0	0	0	0	0	0	0	0	0	0	0	9672	13280	0	0	0	0	0	0	0	0	204	0	0	0	3412	3274	3348	2368	1444	1752	0	0	0	0	1172	0	806	0	0	0	0	0	1534	0	418	0	224	0	4686	0	446	0	402	0	0	0	114	0	5126	410	0	2716	882	1262	234	376	0	0	3510	3002	0	0	0	0	0	0	496	0	0	0	436	0	0	0	0	0	0	0	0	0	0	0	0	0	0	0	0	0	0	0	0	0	0	0	0	0	0	0	
157804	Paracentral_Lobule_R	0	4754	0	114	0	0	0	0	0	0	0	0	0	0	0	0	0	0	1224	16910	0	0	0	0	0	0	0	0	0	138	0	0	278	13020	166	7730	0	358	0	0	0	0	0	4502	0	2704	0	824	0	1344	0	1558	0	0	0	570	0	9750	0	138	0	110	0	0	0	0	0	8290	2716	0	0	484	0	0	0	0	0	548	0	0	0	0	0	0	0	318	0	0	0	126	0	0	0	0	0	0	0	0	0	0	0	0	0	0	0	0	0	0	0	0	228	0	0	0	0	0	
308304	Caudate_L	1902	2108	9056	8366	1382	608	3190	8872	176	262	0	794	3988	602	4792	984	148	208	4182	6842	9226	5598	916	506	726	232	1556	838	3634	5278	7002	3934	0	1190	0	264	242	2426	0	468	136	0	0	0	0	0	0	244	0	336	218	0	0	382	0	2080	452	114	0	0	202	0	0	174	0	0	190	220	882	0	0	8858	24872	1872	556	114	4570	1206	0	154	0	1184	178	0	0	474	0	0	0	1800	0	186	0	0	0	0	0	0	0	0	0	0	0	0	0	0	0	0	0	0	0	0	0	0	0	0	
348220	Caudate_R	0	1596	164	21524	166	5568	0	3332	0	1594	0	1906	220	2996	478	4612	0	146	1526	20370	4910	7668	476	7746	0	5504	544	2986	0	5158	3696	12724	0	2728	0	0	0	296	0	228	0	332	0	0	0	0	0	0	0	0	0	0	0	0	0	0	0	0	0	0	0	0	0	0	0	0	0	0	1262	484	8858	0	3872	17886	180	1162	3194	15908	0	0	0	0	0	110	0	0	0	0	0	0	0	0	0	0	0	0	0	0	0	0	0	0	0	0	0	0	0	0	0	0	0	0	0	0	0	0	
463292	Putamen_L	2752	1884	29926	3674	4910	300	8532	4314	2884	162	606	380	8334	236	10962	376	816	0	19722	3110	4144	2684	1078	130	368	0	546	482	25300	4230	4568	1846	0	200	414	376	13632	2442	2320	430	732	0	0	0	0	0	0	224	0	352	908	0	0	338	6428	1930	146	0	0	0	0	0	0	170	0	0	834	246	234	0	24872	3872	0	788	6786	0	2850	642	340	146	1630	1156	1720	0	0	386	0	0	2322	1610	0	170	0	0	0	0	504	0	240	0	0	0	0	0	0	0	0	0	0	0	0	0	0	0	0	0	
323544	Putamen_R	410	724	0	19178	122	4360	0	2848	0	2574	0	2906	0	1966	244	5504	0	2480	674	12910	760	1934	402	6764	0	2206	358	1294	0	19984	1558	8516	0	2368	310	802	200	11826	0	8356	0	3468	0	0	0	0	0	180	0	0	0	0	0	0	0	4700	0	336	0	0	0	0	0	0	0	0	0	0	376	0	1872	17886	788	0	0	1714	536	2616	0	266	0	416	0	726	0	140	0	0	0	1104	0	110	0	0	0	0	0	0	0	0	0	0	0	0	0	0	0	0	0	0	0	0	0	0	0	0	
43320	Pallidum_L	194	0	4204	114	0	0	408	0	0	0	118	0	0	0	0	0	278	0	3890	450	114	118	0	0	0	0	0	0	1428	0	0	0	0	0	0	0	936	0	296	0	0	0	0	0	0	0	0	0	0	0	330	0	0	0	0	0	0	0	0	0	0	0	0	0	0	0	296	0	0	0	556	180	6786	0	0	0	964	0	0	0	0	0	0	0	0	0	0	0	0	0	0	0	0	0	0	0	0	0	0	0	0	0	0	0	0	0	0	0	0	0	0	0	0	0	0	0	
10300	Pallidum_R	0	0	0	998	0	0	0	0	0	0	0	0	0	0	0	0	0	0	0	1034	0	0	0	0	0	0	0	0	0	0	0	0	0	0	0	0	0	128	0	0	0	0	0	0	0	0	0	0	0	0	0	0	0	0	0	0	0	0	0	0	0	0	0	0	0	0	0	0	0	0	114	1162	0	1714	0	0	0	0	0	0	0	0	0	0	0	0	0	0	0	0	0	0	0	0	0	0	0	0	0	0	0	0	0	0	0	0	0	0	0	0	0	0	0	0	0	0	
139932	Thalamus_L	11204	280	10300	2564	0	0	2776	200	0	0	0	0	0	0	0	0	250	0	3046	2268	0	0	0	0	0	0	0	0	306	186	0	0	0	0	994	3428	3072	2948	628	0	300	118	0	0	0	0	0	0	0	0	200	0	0	0	214	0	658	0	0	0	0	0	0	0	0	0	258	630	3510	0	4570	3194	2850	536	964	0	0	7514	0	0	0	0	0	0	0	0	0	0	0	0	0	0	0	0	0	0	0	0	0	0	0	0	0	0	0	0	0	0	0	0	0	0	0	0	0	0	
217596	Thalamus_R	3228	1656	1296	23646	0	0	390	1532	0	0	0	968	0	0	0	0	0	538	1132	21110	272	330	0	0	0	0	0	0	0	946	0	0	0	0	1798	6044	1140	8018	0	1070	0	462	0	0	0	0	0	152	0	0	0	0	0	0	0	726	0	0	0	0	0	0	0	0	0	0	0	768	3002	548	1206	15908	642	2616	0	0	7514	0	0	0	0	0	0	0	0	0	0	0	0	140	0	0	0	0	0	0	0	0	0	0	0	0	0	0	0	0	0	0	0	0	0	0	0	0	0	0	
84584	Heschl_L	1194	0	880	0	0	0	982	0	0	0	1806	0	586	0	0	0	3102	0	470	0	0	0	0	0	0	0	0	0	8324	0	0	0	414	0	0	0	2778	0	184	0	0	0	196	0	0	0	0	0	0	0	898	0	342	0	2000	0	1082	0	0	0	0	0	340	0	232	0	1000	0	0	0	0	0	340	0	0	0	0	0	0	0	4642	0	0	0	5938	0	0	0	4202	0	360	0	0	0	0	0	0	0	0	0	0	0	0	0	0	0	0	0	0	0	0	0	0	0	0	0	
38808	Heschl_R	0	666	0	522	0	0	0	114	0	0	0	426	0	0	0	0	0	4720	0	512	0	0	0	0	0	0	0	0	0	2348	0	0	0	0	0	0	0	180	0	0	0	0	0	0	0	150	0	0	0	430	0	128	0	0	0	142	0	344	0	0	0	0	0	666	0	0	0	328	0	0	154	0	146	266	0	0	0	0	0	0	0	4926	0	1042	0	552	0	0	0	642	0	0	0	0	0	0	0	0	0	0	0	0	0	0	0	0	0	0	0	0	0	0	0	0	0	0	
211192	Temporal_Sup_L	2582	0	3320	0	0	0	2072	0	0	0	3132	0	0	0	0	0	8706	0	1198	0	0	0	0	0	0	0	0	0	9364	0	0	0	746	0	0	0	2478	0	224	0	0	0	0	0	0	0	0	0	0	0	526	0	0	0	2670	0	3266	0	0	0	580	0	7824	0	3428	0	1234	0	0	0	0	0	1630	0	0	0	0	0	4642	0	0	0	4646	0	26622	0	0	0	13884	0	822	0	0	0	0	0	0	0	0	0	0	0	0	0	0	0	0	0	0	0	0	0	0	0	0	0	
142736	Temporal_Sup_R	0	1282	0	1368	0	0	0	194	0	0	0	1208	0	0	0	0	0	8566	0	1224	0	0	0	0	0	0	0	0	0	6996	0	0	0	0	0	0	0	682	0	164	0	0	0	0	0	0	0	0	0	808	0	566	0	0	0	604	0	1722	0	162	0	358	0	7282	0	3610	0	498	0	0	1184	0	1156	416	0	0	0	0	0	4926	0	0	0	5620	0	14218	0	366	0	5744	0	444	0	0	0	0	0	0	0	0	0	0	0	0	0	0	0	0	0	0	0	0	0	0	0	0	
102608	Temporal_Pole_Sup_L	522	0	2662	0	516	0	706	0	268	0	2682	0	640	0	2002	0	2510	0	850	0	846	0	0	0	0	0	0	0	8018	0	0	0	0	0	0	0	664	0	812	0	534	0	0	0	0	0	0	0	0	0	0	0	0	0	1946	0	158	0	0	0	0	0	0	0	0	0	0	0	0	0	178	0	1720	0	0	0	0	0	0	0	4646	0	0	0	7880	0	4540	0	6004	0	0	0	0	0	0	0	0	0	0	0	0	0	0	0	0	0	0	0	0	0	0	0	0	0	0	0	
85604	Temporal_Pole_Sup_R	0	192	0	548	0	0	0	636	0	0	0	2756	0	370	0	282	0	3286	0	488	0	702	0	0	0	0	0	158	0	4356	0	218	0	0	0	0	0	980	0	1716	0	1726	0	0	0	0	0	0	0	0	0	0	0	0	0	4322	0	0	0	0	0	0	0	0	0	0	0	0	0	0	0	110	0	726	0	0	0	0	0	1042	0	5620	0	0	0	3390	0	4068	0	5110	0	0	0	0	0	0	0	0	0	0	0	0	0	0	0	0	0	0	0	0	0	0	0	0	0	0	
355976	Temporal_Mid_L	4046	0	1440	0	0	0	822	132	0	0	336	0	0	0	0	0	2206	0	844	0	0	0	0	0	0	0	0	0	9220	0	0	0	5138	0	312	0	2064	0	178	0	0	0	618	0	138	0	262	0	0	0	19712	0	6084	0	5574	0	1732	0	0	0	1662	0	6486	0	10216	0	6958	0	496	0	0	0	0	0	0	0	0	0	5938	0	26622	0	7880	0	0	0	3062	0	44974	0	2404	0	0	0	0	0	140	0	292	0	0	0	0	0	0	0	0	0	0	0	0	0	0	0	0	0	
226160	Temporal_Mid_R	0	896	0	424	0	0	0	0	0	0	0	0	0	0	0	0	0	324	0	250	0	0	0	0	0	0	0	0	0	2240	0	0	0	0	0	0	0	1320	0	138	0	0	0	450	0	1724	0	344	0	10472	0	11748	0	2494	0	1332	0	362	0	2138	0	4290	0	2008	0	10570	0	7076	0	318	474	0	386	140	0	0	0	0	0	552	0	14218	0	3390	0	0	0	4180	0	27386	0	1436	0	0	0	0	0	0	0	0	0	0	0	0	0	0	0	0	0	0	0	0	0	0	0	0	
25704	Temporal_Pole_Mid_L	0	0	0	0	0	0	0	0	0	0	0	0	0	0	0	0	0	0	0	0	0	0	0	0	0	0	0	0	144	0	0	0	0	0	0	0	0	0	800	0	156	0	0	0	0	0	0	0	0	0	0	0	0	0	1150	0	0	0	0	0	0	0	0	0	0	0	0	0	0	0	0	0	0	0	0	0	0	0	0	0	0	0	4540	0	3062	0	0	0	3000	0	0	0	0	0	0	0	0	0	0	0	0	0	0	0	0	0	0	0	0	0	0	0	0	0	0	0	
29752	Temporal_Pole_Mid_R	0	0	0	0	0	0	0	0	0	0	0	0	0	0	0	0	0	0	0	0	0	0	0	0	0	0	0	0	0	0	0	0	0	0	0	0	0	0	0	728	0	0	0	0	0	0	0	0	0	0	0	0	0	0	0	1766	0	0	0	0	0	0	0	0	0	0	0	0	0	0	0	0	0	0	0	0	0	0	0	0	0	366	0	4068	0	4180	0	0	0	3768	0	0	0	0	0	0	0	0	0	0	0	0	0	0	0	0	0	0	0	0	0	0	0	0	0	0	
361028	Temporal_Inf_L	3238	0	2390	0	0	0	1260	0	0	0	502	0	130	0	0	0	2554	0	1654	0	0	0	0	0	0	0	0	0	12082	0	0	0	4070	0	208	0	11108	0	1324	0	198	0	770	0	174	0	140	0	0	0	8574	0	7778	0	25388	0	1330	0	0	0	542	0	2862	0	1156	0	6250	0	436	0	0	0	2322	0	0	0	0	0	4202	0	13884	0	6004	0	44974	0	3000	0	0	0	7566	0	336	0	0	0	594	0	1158	0	188	0	168	0	0	0	0	0	0	0	0	0	0	0	0	0	
251108	Temporal_Inf_R	0	1034	0	1356	0	0	0	0	0	0	0	0	0	0	0	0	0	1098	0	802	0	0	0	0	0	0	0	0	0	5304	0	0	0	0	0	122	0	6406	0	1842	0	390	0	894	0	2486	0	398	0	8710	0	2840	0	5768	0	15412	0	218	0	1340	0	2086	0	2080	0	3212	0	6860	0	126	1800	0	1610	1104	0	0	0	140	0	642	0	5744	0	5110	0	27386	0	3768	0	0	0	7256	0	0	0	0	0	0	0	210	0	0	0	0	0	0	0	0	0	0	0	0	0	0	0	0	
613956	Cerebelum_Crus1_L	298	0	154	0	0	0	0	0	0	0	0	0	0	0	0	0	734	0	0	0	0	0	0	0	0	0	0	0	714	0	0	0	376	0	0	0	1492	0	1924	0	0	0	0	0	0	0	6288	3034	0	0	640	0	1098	0	23526	1376	614	0	0	0	202	0	1034	0	404	0	728	0	0	0	0	0	0	0	0	0	0	0	360	0	822	0	0	0	2404	0	0	0	7566	0	0	6386	38856	3422	2550	376	28080	4710	61336	8206	15790	766	19344	3892	5626	2742	2268	184	1920	2856	10588	10730	8172	7374	4776	240	
531580	Cerebelum_Crus1_R	0	222	0	256	0	0	0	0	0	0	0	0	0	0	0	0	0	198	0	172	0	0	0	0	0	0	0	0	0	626	0	0	0	0	0	0	0	794	0	574	0	0	0	312	0	346	2756	7240	0	776	0	280	154	1306	1322	12890	0	0	0	0	0	552	0	750	0	1154	0	652	0	0	186	0	170	110	0	0	0	0	0	0	0	444	0	0	0	1436	0	0	0	7256	6386	0	3812	24244	374	4190	8770	33352	9670	61606	750	9320	694	15314	178	1822	0	0	418	4500	18018	8888	8046	1478	894	132	
483592	Cerebelum_Crus2_L	0	0	0	0	0	0	0	0	0	0	0	0	0	0	0	0	0	0	0	0	0	0	0	0	0	0	0	0	0	0	0	0	0	0	0	0	218	0	244	0	0	0	0	0	0	0	1896	1144	0	0	0	0	284	0	3236	288	0	0	0	0	0	0	0	0	0	0	0	0	0	0	0	0	0	0	0	0	0	0	0	0	0	0	0	0	0	0	0	0	336	0	38856	3812	0	14362	790	226	3646	526	13084	3540	43394	7030	42244	5990	10380	2118	4832	236	632	792	1126	5362	16760	10514	3626	272	
311324	Cerebelum_Crus2_R	0	0	0	0	0	0	0	0	0	0	0	0	0	0	0	0	0	0	0	0	0	0	0	0	0	0	0	0	0	0	0	0	0	0	0	0	0	0	0	0	0	0	0	0	0	0	0	354	0	0	0	0	0	0	0	524	0	0	0	0	0	0	0	0	0	0	0	0	0	0	0	0	0	0	0	0	0	0	0	0	0	0	0	0	0	0	0	0	0	0	3422	24244	14362	0	120	482	598	1328	1764	8038	7244	23384	6100	27220	516	4604	150	300	230	618	648	2348	16092	8580	2392	0	
67396	Cerebelum_3_L	0	0	0	0	0	0	0	0	0	0	0	0	0	0	0	0	0	0	0	0	0	0	0	0	0	0	0	0	0	0	0	0	0	0	0	0	0	110	602	0	0	0	0	0	0	0	518	442	0	0	0	0	0	0	342	0	0	0	0	0	0	0	0	0	0	0	0	0	0	0	0	0	0	0	0	0	0	0	0	0	0	0	0	0	0	0	0	0	0	0	2550	374	790	120	0	122	9532	538	3898	478	168	0	472	124	1918	390	848	0	1718	3476	1708	968	392	614	486	0	
54684	Cerebelum_3_R	0	0	0	0	0	0	0	0	0	0	0	0	0	0	0	0	0	0	0	0	0	0	0	0	0	0	0	0	0	0	0	0	0	0	0	0	0	0	0	110	0	0	0	0	0	0	112	384	0	0	0	0	0	0	0	382	0	0	0	0	0	0	0	0	0	0	0	0	0	0	0	0	0	0	0	0	0	0	0	0	0	0	0	0	0	0	0	0	0	0	376	4190	226	482	122	0	254	4786	466	4926	164	0	172	460	244	956	0	0	976	3820	202	568	732	1006	1030	196	
461136	Cerebelum_4_5_L	0	0	136	0	0	0	0	0	0	0	0	0	0	0	0	0	0	0	132	0	0	0	0	0	0	0	0	0	162	0	0	0	0	0	0	0	2240	176	3538	0	0	0	0	210	0	0	11270	6346	0	114	322	0	1070	0	17702	3464	0	0	0	0	0	0	0	0	0	0	0	0	0	0	0	0	504	0	0	0	0	0	0	0	0	0	0	0	140	0	0	0	594	0	28080	8770	3646	598	9532	254	0	11548	44592	11614	1524	0	2390	636	5838	1156	462	0	3766	6292	27224	6784	1360	2748	2620	1014	
360944	Cerebelum_4_5_R	0	0	0	0	0	0	0	0	0	0	0	0	0	0	0	0	0	0	0	0	0	0	0	0	0	0	0	0	0	0	0	0	0	0	0	0	0	1180	0	2346	0	0	0	634	0	0	3426	10278	0	0	0	0	400	0	2052	12094	0	0	0	0	0	0	0	0	0	0	0	1134	0	0	0	0	0	0	0	0	0	0	0	0	0	0	0	0	0	0	0	0	0	0	4710	33352	526	1328	538	4786	11548	0	8536	38956	282	682	338	1570	362	1322	0	0	464	6420	22998	2614	1668	1894	1908	126	
633036	Cerebelum_6_L	0	0	0	0	0	0	0	0	0	0	0	0	0	0	0	0	0	0	0	0	0	0	0	0	0	0	0	0	270	0	0	0	0	0	0	0	1930	0	2706	0	0	0	0	278	0	118	12198	9128	0	144	646	0	1562	130	32076	3832	0	0	0	0	0	0	0	0	0	0	0	0	0	0	0	0	240	0	0	0	0	0	0	0	0	0	0	0	292	0	0	0	1158	0	61336	9670	13084	1764	3898	466	44592	8536	0	14340	4274	0	5892	1942	5854	3708	1564	534	2570	3612	20618	20668	7076	7632	5610	570	
506092	Cerebelum_6_R	0	0	0	0	0	0	0	0	0	0	0	0	0	0	0	0	0	0	0	0	0	0	0	0	0	0	0	0	0	218	0	0	0	0	0	0	0	978	0	1458	0	0	0	308	0	128	4604	11674	0	152	182	0	372	120	2530	15436	0	0	0	0	0	0	0	0	0	0	0	178	0	0	0	0	0	0	0	0	0	0	0	0	0	0	0	0	0	0	0	0	0	210	8206	61606	3540	8038	478	4926	11614	38956	14340	0	370	2700	370	6176	358	1066	0	0	596	6184	23408	13378	6432	984	620	152	
373984	Cerebelum_7b_L	0	0	0	0	0	0	0	0	0	0	0	0	0	0	0	0	0	0	0	0	0	0	0	0	0	0	0	0	0	0	0	0	0	0	0	0	0	0	126	0	0	0	0	0	0	0	0	0	0	0	0	0	0	0	566	0	0	0	0	0	0	0	0	0	0	0	0	0	0	0	0	0	0	0	0	0	0	0	0	0	0	0	0	0	0	0	0	0	188	0	15790	750	43394	7244	168	164	1524	282	4274	370	0	8672	49036	8254	11616	2116	4578	350	114	208	344	2130	6736	14716	2974	308	
206452	Cerebelum_7b_R	0	0	0	0	0	0	0	0	0	0	0	0	0	0	0	0	0	0	0	0	0	0	0	0	0	0	0	0	0	0	0	0	0	0	0	0	0	0	0	0	0	0	0	0	0	0	0	0	0	0	0	0	0	0	0	386	0	0	0	0	0	0	0	0	0	0	0	0	0	0	0	0	0	0	0	0	0	0	0	0	0	0	0	0	0	0	0	0	0	0	766	9320	7030	23384	0	0	0	682	0	2700	8672	0	6682	25558	314	5066	0	134	0	0	0	0	3732	8142	658	0	
430112	Cerebelum_8_L	0	0	0	0	0	0	0	0	0	0	0	0	0	0	0	0	0	0	0	0	0	0	0	0	0	0	0	0	0	0	0	0	0	0	0	0	0	0	112	0	0	0	0	0	0	0	0	0	0	0	0	0	0	0	610	0	0	0	0	0	0	0	0	0	0	0	0	0	0	0	0	0	0	0	0	0	0	0	0	0	0	0	0	0	0	0	0	0	168	0	19344	694	42244	6100	472	172	2390	338	5892	370	49036	6682	0	9570	27354	4210	6846	484	130	224	510	2494	6460	16914	4802	434	
315112	Cerebelum_8_R	0	0	0	0	0	0	0	0	0	0	0	0	0	0	0	0	0	0	0	0	0	0	0	0	0	0	0	0	0	0	0	0	0	0	0	0	0	0	0	0	0	0	0	0	0	0	0	0	0	0	0	0	0	0	0	668	0	0	0	0	0	0	0	0	0	0	0	0	0	0	0	0	0	0	0	0	0	0	0	0	0	0	0	0	0	0	0	0	0	0	3892	15314	5990	27220	124	460	636	1570	1942	6176	8254	25558	9570	0	1506	19630	192	998	246	592	642	1990	7906	12178	4302	0	
215400	Cerebelum_9_L	0	0	0	0	0	0	0	0	0	0	0	0	0	0	0	0	0	0	0	0	0	0	0	0	0	0	0	0	0	0	0	0	0	0	0	0	0	0	140	0	0	0	0	0	0	0	0	140	0	0	0	0	0	0	390	0	0	0	0	0	0	0	0	0	0	0	0	0	0	0	0	0	0	0	0	0	0	0	0	0	0	0	0	0	0	0	0	0	0	0	5626	178	10380	516	1918	244	5838	362	5854	358	11616	314	27354	1506	0	4842	9150	296	538	782	2992	3432	2054	5396	4242	1242	
199132	Cerebelum_9_R	0	0	0	0	0	0	0	0	0	0	0	0	0	0	0	0	0	0	0	0	0	0	0	0	0	0	0	0	0	0	0	0	0	0	0	0	0	0	0	0	0	0	0	0	0	0	0	0	0	0	0	0	0	0	0	0	0	0	0	0	0	0	0	0	0	0	0	0	0	0	0	0	0	0	0	0	0	0	0	0	0	0	0	0	0	0	0	0	0	0	2742	1822	2118	4604	390	956	1156	1322	3708	1066	2116	5066	4210	19630	4842	0	422	2622	1308	1858	2290	5416	5274	10324	11942	2362	
67828	Cerebelum_10_L	0	0	0	0	0	0	0	0	0	0	0	0	0	0	0	0	0	0	0	0	0	0	0	0	0	0	0	0	0	0	0	0	0	0	0	0	0	0	0	0	0	0	0	0	0	0	0	0	0	0	0	0	0	0	162	0	0	0	0	0	0	0	0	0	0	0	0	0	0	0	0	0	0	0	0	0	0	0	0	0	0	0	0	0	0	0	0	0	0	0	2268	0	4832	150	848	0	462	0	1564	0	4578	0	6846	192	9150	422	0	0	0	0	0	648	652	668	472	0	
20696	Cerebelum_10_R	0	0	0	0	0	0	0	0	0	0	0	0	0	0	0	0	0	0	0	0	0	0	0	0	0	0	0	0	0	0	0	0	0	0	0	0	0	0	0	0	0	0	0	0	0	0	0	0	0	0	0	0	0	0	0	0	0	0	0	0	0	0	0	0	0	0	0	0	0	0	0	0	0	0	0	0	0	0	0	0	0	0	0	0	0	0	0	0	0	0	184	0	236	300	0	0	0	0	534	0	350	134	484	998	296	2622	0	0	0	0	0	590	760	1328	1532	0	
67580	Vermis_1_2	0	0	0	0	0	0	0	0	0	0	0	0	0	0	0	0	0	0	0	0	0	0	0	0	0	0	0	0	0	0	0	0	0	0	0	0	0	0	0	0	0	0	0	0	0	0	0	0	0	0	0	0	0	0	152	0	0	0	0	0	0	0	0	0	0	0	0	0	0	0	0	0	0	0	0	0	0	0	0	0	0	0	0	0	0	0	0	0	0	0	1920	418	632	230	1718	976	3766	464	2570	596	114	0	130	246	538	1308	0	0	0	7884	3174	2404	806	1780	1748	216	
139672	Vermis_3	0	0	0	0	0	0	0	0	0	0	0	0	0	0	0	0	0	0	0	0	0	0	0	0	0	0	0	0	0	0	0	0	0	0	0	0	0	242	372	0	0	0	0	0	0	0	264	504	0	0	0	0	0	0	188	556	0	0	0	0	0	0	0	0	0	0	0	0	0	0	0	0	0	0	0	0	0	0	0	0	0	0	0	0	0	0	0	0	0	0	2856	4500	792	618	3476	3820	6292	6420	3612	6184	208	0	224	592	782	1858	0	0	7884	0	7790	2794	1732	2554	2482	240	
