data	data	293420	250220	970528	686184	110696	101588	485404	238312	57720	21480	294516	284468	308220	166804	164064	114812	300860	195500	764684	758812	81728	91196	289832	287248	22852	99016	94732	71424	706000	463156	215200	339340	120552	566980	118408	130236	249920	173172	88988	102628	39108	39728	237968	296924	167512	328764	250204	206656	179992	364748	465284	293140	147796	64392	303128	254800	195492	256748	131788	160756	223880	134424	99148	116032	158616	124636	254520	419960	166272	144884	265304	707392	334792	405596	35912	30484	153736	238672	158884	32144	179220	130368	53200	67964	349164	193616	16944	14088	223380	143040	474316	394816	290272	220184	26396	51056	181152	192192	388176	350784	195396	78848	277060	148644	137640	65820	32920	11956	16112	58684	105480	196712	136092	47140	40244	24680	
data	data	Precentral_L	Precentral_R	Frontal_Sup_L	Frontal_Sup_R	Frontal_Sup_Orb_L	Frontal_Sup_Orb_R	Frontal_Mid_L	Frontal_Mid_R	Frontal_Mid_Orb_L	Frontal_Mid_Orb_R	Frontal_Inf_Oper_L	Frontal_Inf_Oper_R	Frontal_Inf_Tri_L	Frontal_Inf_Tri_R	Frontal_Inf_Orb_L	Frontal_Inf_Orb_R	Rolandic_Oper_L	Rolandic_Oper_R	Supp_Motor_Area_L	Supp_Motor_Area_R	Olfactory_L	Olfactory_R	Frontal_Sup_Medial_L	Frontal_Sup_Medial_R	Frontal_Med_Orb_L	Frontal_Med_Orb_R	Rectus_L	Rectus_R	Insula_L	Insula_R	Cingulum_Ant_L	Cingulum_Ant_R	Cingulum_Mid_L	Cingulum_Mid_R	Cingulum_Post_L	Cingulum_Post_R	Hippocampus_L	Hippocampus_R	ParaHippocampal_L	ParaHippocampal_R	Amygdala_L	Amygdala_R	Calcarine_L	Calcarine_R	Cuneus_L	Cuneus_R	Lingual_L	Lingual_R	Occipital_Sup_L	Occipital_Sup_R	Occipital_Mid_L	Occipital_Mid_R	Occipital_Inf_L	Occipital_Inf_R	Fusiform_L	Fusiform_R	Postcentral_L	Postcentral_R	Parietal_Sup_L	Parietal_Sup_R	Parietal_Inf_L	Parietal_Inf_R	SupraMarginal_L	SupraMarginal_R	Angular_L	Angular_R	Precuneus_L	Precuneus_R	Paracentral_Lobule_L	Paracentral_Lobule_R	Caudate_L	Caudate_R	Putamen_L	Putamen_R	Pallidum_L	Pallidum_R	Thalamus_L	Thalamus_R	Heschl_L	Heschl_R	Temporal_Sup_L	Temporal_Sup_R	Temporal_Pole_Sup_L	Temporal_Pole_Sup_R	Temporal_Mid_L	Temporal_Mid_R	Temporal_Pole_Mid_L	Temporal_Pole_Mid_R	Temporal_Inf_L	Temporal_Inf_R	Cerebelum_Crus1_L	Cerebelum_Crus1_R	Cerebelum_Crus2_L	Cerebelum_Crus2_R	Cerebelum_3_L	Cerebelum_3_R	Cerebelum_4_5_L	Cerebelum_4_5_R	Cerebelum_6_L	Cerebelum_6_R	Cerebelum_7b_L	Cerebelum_7b_R	Cerebelum_8_L	Cerebelum_8_R	Cerebelum_9_L	Cerebelum_9_R	Cerebelum_10_L	Cerebelum_10_R	Vermis_1_2	Vermis_3	Vermis_4_5	Vermis_6	Vermis_7	Vermis_8	Vermis_9	Vermis_10	
293420	Precentral_L	0	398	10980	870	0	0	13476	0	0	0	11302	0	3226	0	0	0	9728	0	8052	1664	0	0	0	0	0	0	0	0	17072	0	0	0	0	284	0	0	2456	0	0	0	0	0	0	0	0	0	0	0	0	176	344	0	0	0	0	0	23922	194	152	0	3328	0	1882	0	512	0	96	206	13276	142	1884	1678	818	0	0	0	2778	3272	10036	0	1714	0	0	0	668	0	0	0	124	0	0	0	0	0	0	0	0	0	0	0	0	0	0	0	0	0	0	0	0	0	0	0	0	0	0	0	
250220	Precentral_R	398	0	7714	9626	0	0	292	7712	0	0	106	4626	0	450	0	0	382	2688	7628	12272	0	0	0	0	0	0	0	0	1046	3862	0	0	0	3262	90	146	0	1878	0	0	0	0	0	474	0	278	0	240	0	1066	0	628	0	260	0	526	0	18344	0	738	0	4136	0	5894	0	970	0	1498	716	5558	446	4846	762	3616	0	0	778	4178	0	368	0	948	0	0	0	2106	0	0	0	1558	0	0	0	0	0	0	0	0	0	0	0	0	0	0	0	0	0	0	0	0	0	0	0	0	0	0	
970528	Frontal_Sup_L	10980	7714	0	7350	6946	0	70396	6100	2112	0	19846	3546	22024	1798	8042	538	15980	1162	87780	17414	1392	0	38898	1876	172	0	158	0	38646	5356	14230	4750	3182	10608	0	0	5362	476	706	0	200	0	0	0	0	0	0	0	0	0	0	0	0	0	176	0	3902	2136	0	0	302	178	132	224	0	0	0	0	676	0	7304	16846	16670	3836	950	118	3342	3448	5976	0	1336	184	754	196	0	0	0	0	838	0	0	0	0	0	0	0	0	0	0	0	0	0	0	0	0	0	0	0	0	0	0	0	0	0	0	0	
686184	Frontal_Sup_R	870	9626	7350	0	0	6176	3088	29774	0	540	496	5054	1922	3558	0	3890	348	6472	11768	56466	236	792	8244	37590	352	5728	248	1660	2282	11814	2990	25718	1308	20988	0	0	270	3476	0	326	0	0	0	0	0	0	0	0	0	172	0	0	0	0	0	330	558	1848	0	140	0	800	0	1302	0	250	0	220	166	270	2224	26624	1200	17942	302	2758	2066	11796	0	0	0	334	0	118	0	108	0	0	0	144	0	0	0	0	0	0	0	0	0	0	0	0	0	0	0	0	0	0	0	0	0	0	0	0	0	0	
110696	Frontal_Sup_Orb_L	0	0	6946	0	0	0	828	0	8070	0	0	0	136	0	10394	0	0	0	0	0	3016	228	1224	0	602	0	6492	0	7270	0	1432	238	0	0	0	0	0	0	546	0	198	0	0	0	0	0	0	0	0	0	0	0	0	0	0	0	0	0	0	0	0	0	0	0	0	0	0	0	0	0	2134	134	4790	0	0	0	0	0	0	0	0	0	670	0	0	0	0	0	0	0	0	0	0	0	0	0	0	0	0	0	0	0	0	0	0	0	0	0	0	0	0	0	0	0	0	0	
101588	Frontal_Sup_Orb_R	0	0	0	6176	0	0	0	2162	0	4412	0	0	0	0	0	4020	0	0	0	0	242	1882	122	3362	540	9734	602	9428	0	680	360	2744	0	0	0	0	0	0	0	0	0	0	0	0	0	0	0	0	0	0	0	0	0	0	0	0	0	0	0	0	0	0	0	0	0	0	0	0	0	0	146	2814	0	1368	0	0	0	0	0	0	0	0	0	0	0	0	0	0	0	0	0	0	0	0	0	0	0	0	0	0	0	0	0	0	0	0	0	0	0	0	0	0	0	0	0	0	
485404	Frontal_Mid_L	13476	292	70396	3088	828	0	0	1682	2912	0	12766	2560	35728	1272	7374	102	2486	370	11430	1430	0	0	19116	550	0	0	0	0	20364	3018	2754	774	514	1552	0	0	896	0	0	0	0	0	0	0	0	0	0	0	0	0	0	0	0	0	0	0	700	120	0	0	240	0	0	0	138	0	0	0	150	0	4184	9748	4076	1436	0	0	552	436	2730	0	102	92	162	106	0	0	0	0	0	0	0	0	0	0	0	0	0	0	0	0	0	0	0	0	0	0	0	0	0	0	0	0	0	0	0	0	
238312	Frontal_Mid_R	0	7712	6100	29774	0	2162	1682	0	0	1230	242	7702	624	8416	100	3844	248	1156	5600	6368	0	158	790	4218	0	0	0	206	1634	2886	270	3096	838	4656	0	0	0	508	0	0	0	0	0	0	0	0	0	0	0	0	0	0	0	0	0	0	0	652	0	0	0	94	0	172	0	0	0	0	0	0	1026	8220	628	5748	0	210	0	186	0	0	0	0	0	0	0	0	0	0	0	0	0	0	0	0	0	0	0	0	0	0	0	0	0	0	0	0	0	0	0	0	0	0	0	0	0	0	
57720	Frontal_Mid_Orb_L	0	0	2112	0	8070	0	2912	0	0	0	0	0	1176	0	9612	0	0	0	0	0	162	0	0	0	0	0	2032	0	1320	0	0	0	0	0	0	0	0	0	0	0	0	0	0	0	0	0	0	0	0	0	0	0	0	0	0	0	0	0	0	0	0	0	0	0	0	0	0	0	0	0	522	0	942	0	0	0	0	0	0	0	0	0	0	0	0	0	0	0	0	0	0	0	0	0	0	0	0	0	0	0	0	0	0	0	0	0	0	0	0	0	0	0	0	0	0	0	
21480	Frontal_Mid_Orb_R	0	0	0	540	0	4412	0	1230	0	0	0	0	0	0	0	3356	0	0	0	0	0	124	0	0	0	260	0	606	0	0	0	0	0	0	0	0	0	0	0	0	0	0	0	0	0	0	0	0	0	0	0	0	0	0	0	0	0	0	0	0	0	0	0	0	0	0	0	0	0	0	0	108	0	104	0	0	0	0	0	0	0	0	0	0	0	0	0	0	0	0	0	0	0	0	0	0	0	0	0	0	0	0	0	0	0	0	0	0	0	0	0	0	0	0	0	0	
294516	Frontal_Inf_Oper_L	11302	106	19846	496	0	0	12766	242	0	0	0	850	21136	586	1260	200	13940	648	11288	412	0	0	272	0	0	0	0	0	20658	1856	94	126	0	200	0	0	224	0	0	0	0	0	0	0	0	0	0	0	0	0	0	0	0	0	0	0	1952	0	0	0	0	0	0	0	0	0	0	0	0	0	10598	5302	4566	1276	0	0	800	518	556	0	1298	400	1078	406	0	0	0	0	0	0	0	0	0	0	0	0	0	0	0	0	0	0	0	0	0	0	0	0	0	0	0	0	0	0	0	0	
284468	Frontal_Inf_Oper_R	0	4626	3546	5054	0	0	2560	7702	0	0	850	0	572	16134	102	2948	392	7264	6964	10210	0	0	410	1492	0	0	0	0	1950	25704	728	2780	502	10386	0	0	0	522	0	0	0	0	0	0	0	0	0	0	0	0	0	0	0	0	0	0	0	1688	0	0	0	116	0	190	0	0	0	0	0	0	1282	13324	344	8074	0	88	0	158	0	0	0	1402	0	2170	0	0	0	0	0	0	0	0	0	0	0	0	0	0	0	0	0	0	0	0	0	0	0	0	0	0	0	0	0	0	0	0	
308220	Frontal_Inf_Tri_L	3226	0	22024	1922	136	0	35728	624	1176	0	21136	572	0	616	10088	164	2072	182	5668	202	0	0	1382	0	0	0	0	0	24642	1668	1562	350	0	260	0	0	116	0	0	0	0	0	0	0	0	0	0	0	0	0	0	0	0	0	0	0	124	0	0	0	0	0	0	0	0	0	0	0	0	0	5760	7114	4222	570	0	0	0	0	114	0	100	0	500	90	0	0	0	0	0	0	0	0	0	0	0	0	0	0	0	0	0	0	0	0	0	0	0	0	0	0	0	0	0	0	0	0	
166804	Frontal_Inf_Tri_R	0	450	1798	3558	0	0	1272	8416	0	0	586	16134	616	0	96	5702	144	376	2766	3180	0	0	194	1318	0	0	0	0	1256	12054	500	2084	616	4148	0	0	0	98	0	0	0	0	0	0	0	0	0	0	0	0	0	0	0	0	0	0	0	290	0	0	0	0	0	0	0	0	0	0	0	0	906	10350	296	3686	0	120	0	392	0	0	0	0	0	0	0	0	0	0	0	0	0	0	0	0	0	0	0	0	0	0	0	0	0	0	0	0	0	0	0	0	0	0	0	0	0	0	
164064	Frontal_Inf_Orb_L	0	0	8042	0	10394	0	7374	100	9612	0	1260	102	10088	96	0	0	1160	0	386	0	1904	214	382	0	0	0	3170	0	15338	116	690	110	0	0	0	0	0	0	248	0	0	0	0	0	0	0	0	0	0	0	0	0	0	0	0	0	0	0	0	0	0	0	0	0	0	0	0	0	0	0	2760	592	6910	0	0	0	0	0	0	0	0	0	984	0	0	0	0	0	0	0	0	0	0	0	0	0	0	0	0	0	0	0	0	0	0	0	0	0	0	0	0	0	0	0	0	0	
114812	Frontal_Inf_Orb_R	0	0	538	3890	0	4020	102	3844	0	3356	200	2948	164	5702	0	0	118	0	630	1054	288	1658	0	318	0	0	274	2454	300	8738	216	994	0	486	0	0	0	0	0	0	0	0	0	0	0	0	0	0	0	0	0	0	0	0	0	0	0	0	0	0	0	0	0	0	0	0	0	0	0	0	518	7642	142	6182	0	126	0	336	0	0	0	0	0	168	0	0	0	0	0	0	0	0	0	0	0	0	0	0	0	0	0	0	0	0	0	0	0	0	0	0	0	0	0	0	0	0	
300860	Rolandic_Oper_L	9728	382	15980	348	0	0	2486	248	0	0	13940	392	2072	144	1160	118	0	322	9646	938	0	0	144	0	0	0	0	0	28268	556	0	0	292	674	96	0	1646	0	100	0	0	0	0	0	0	0	0	0	0	0	1062	0	0	0	0	0	7334	160	978	0	2882	0	1448	0	1410	0	142	0	1436	150	4882	1612	3830	606	0	0	3460	1418	8574	0	9636	192	462	196	7876	0	0	0	1004	0	0	0	0	0	0	0	0	0	0	0	0	0	0	0	0	0	0	0	0	0	0	0	0	0	0	0	
195500	Rolandic_Oper_R	0	2688	1162	6472	0	0	370	1156	0	0	648	7264	182	376	0	0	322	0	3566	10770	0	0	104	162	0	0	0	0	744	19482	132	114	0	5602	0	0	0	398	0	0	0	0	0	0	0	0	0	0	0	0	0	0	0	0	0	0	0	4690	0	0	0	936	0	3372	0	430	0	0	0	0	722	4642	160	7194	0	0	0	548	0	3232	0	6880	0	2766	0	298	0	0	0	166	0	0	0	0	0	0	0	0	0	0	0	0	0	0	0	0	0	0	0	0	0	0	0	0	0	0	
764684	Supp_Motor_Area_L	8052	7628	87780	11768	0	0	11430	5600	0	0	11288	6964	5668	2766	386	630	9646	3566	0	39794	0	0	6322	3706	0	0	0	0	18518	9524	5968	3092	8260	26672	422	0	4552	536	0	0	0	0	0	0	0	0	0	0	238	0	820	0	0	0	204	0	610	2258	1290	0	584	168	0	206	404	0	618	0	11966	636	6768	14724	13756	5756	3630	116	6872	2854	3446	0	1182	328	342	684	432	0	0	0	912	0	0	0	0	0	0	0	0	0	0	0	0	0	0	0	0	0	0	0	0	0	0	0	0	0	0	0	
758812	Supp_Motor_Area_R	1664	12272	17414	56466	0	0	1430	6368	0	0	412	10210	202	3180	0	1054	938	10770	39794	0	0	0	1750	5818	0	0	0	0	1830	17278	546	2616	4256	48310	686	564	416	4258	0	452	0	0	0	394	0	526	0	174	0	1806	114	620	0	112	0	762	772	4030	0	1040	0	1598	0	3446	0	1020	196	3520	7458	11486	460	31740	1156	16252	430	2926	3732	28470	222	204	0	1380	0	1288	0	790	0	0	0	328	0	0	0	0	0	0	0	0	0	0	0	0	0	0	0	0	0	0	0	0	0	0	0	0	0	0	
81728	Olfactory_L	0	0	1392	236	3016	242	0	0	162	0	0	0	0	0	1904	288	0	0	0	0	0	6782	0	104	156	150	5964	920	2832	0	3208	2004	0	0	0	0	0	0	616	0	362	0	0	0	0	0	0	0	0	0	0	0	0	0	0	0	0	0	0	0	0	0	0	0	0	0	0	0	0	0	5044	3732	776	562	0	0	0	0	0	0	0	0	412	0	0	0	0	0	0	0	0	0	0	0	0	0	0	0	0	0	0	0	0	0	0	0	0	0	0	0	0	0	0	0	0	0	
91196	Olfactory_R	0	0	0	792	228	1882	0	158	0	124	0	0	0	0	214	1658	0	0	0	0	6782	0	0	266	150	838	5958	4242	0	1104	3848	3362	0	0	0	0	0	0	0	0	0	102	0	0	0	0	0	0	0	0	0	0	0	0	0	0	0	0	0	0	0	0	0	0	0	0	0	0	0	0	5728	6206	804	1152	0	0	0	0	0	0	0	0	0	0	0	0	0	0	0	0	0	0	0	0	0	0	0	0	0	0	0	0	0	0	0	0	0	0	0	0	0	0	0	0	0	0	
289832	Frontal_Sup_Medial_L	0	0	38898	8244	1224	122	19116	790	0	0	272	410	1382	194	382	0	144	104	6322	1750	0	0	0	17282	630	866	156	0	3250	418	15992	12152	2370	9788	0	0	0	0	0	0	0	0	0	0	0	0	0	0	0	0	0	0	0	0	0	0	0	0	0	0	0	0	0	0	0	0	0	0	0	0	174	960	1262	262	0	0	0	0	0	0	0	0	0	0	0	0	0	0	0	0	0	0	0	0	0	0	0	0	0	0	0	0	0	0	0	0	0	0	0	0	0	0	0	0	0	0	
287248	Frontal_Sup_Medial_R	0	0	1876	37590	0	3362	550	4218	0	0	0	1492	0	1318	0	318	0	162	3706	5818	104	266	17282	0	754	6572	110	338	108	1460	3928	23750	880	16350	0	0	0	0	0	0	0	0	0	0	0	0	0	0	0	0	0	0	0	0	0	0	0	0	0	0	0	0	0	0	0	0	0	0	0	0	0	6538	0	4426	0	348	0	0	0	0	0	0	0	0	0	0	0	0	0	0	0	0	0	0	0	0	0	0	0	0	0	0	0	0	0	0	0	0	0	0	0	0	0	0	0	0	
22852	Frontal_Med_Orb_L	0	0	172	352	602	540	0	0	0	0	0	0	0	0	0	0	0	0	0	0	156	150	630	754	0	2824	546	340	88	0	1722	1586	0	0	0	0	0	0	0	0	0	0	0	0	0	0	0	0	0	0	0	0	0	0	0	0	0	0	0	0	0	0	0	0	0	0	0	0	0	0	112	446	256	150	0	0	0	0	0	0	0	0	0	0	0	0	0	0	0	0	0	0	0	0	0	0	0	0	0	0	0	0	0	0	0	0	0	0	0	0	0	0	0	0	0	0	
99016	Frontal_Med_Orb_R	0	0	0	5728	0	9734	0	0	0	260	0	0	0	0	0	0	0	0	0	0	150	838	866	6572	2824	0	850	6836	0	0	1572	8362	0	0	0	0	0	0	0	0	0	0	0	0	0	0	0	0	0	0	0	0	0	0	0	0	0	0	0	0	0	0	0	0	0	0	0	0	0	0	0	3336	0	1580	0	0	0	0	0	0	0	0	0	0	0	0	0	0	0	0	0	0	0	0	0	0	0	0	0	0	0	0	0	0	0	0	0	0	0	0	0	0	0	0	0	0	
94732	Rectus_L	0	0	158	248	6492	602	0	0	2032	0	0	0	0	0	3170	274	0	0	0	0	5964	5958	156	110	546	850	0	1808	538	0	4406	2682	0	0	0	0	0	0	0	0	0	0	0	0	0	0	0	0	0	0	0	0	0	0	0	0	0	0	0	0	0	0	0	0	0	0	0	0	0	0	5590	3686	1462	634	0	0	0	0	0	0	0	0	0	0	0	0	0	0	0	0	0	0	0	0	0	0	0	0	0	0	0	0	0	0	0	0	0	0	0	0	0	0	0	0	0	0	
71424	Rectus_R	0	0	0	1660	0	9428	0	206	0	606	0	0	0	0	0	2454	0	0	0	0	920	4242	0	338	340	6836	1808	0	0	732	446	2130	0	0	0	0	0	0	0	0	0	0	0	0	0	0	0	0	0	0	0	0	0	0	0	0	0	0	0	0	0	0	0	0	0	0	0	0	0	0	540	1914	0	1112	0	0	0	0	0	0	0	0	0	0	0	0	0	0	0	0	0	0	0	0	0	0	0	0	0	0	0	0	0	0	0	0	0	0	0	0	0	0	0	0	0	0	
706000	Insula_L	17072	1046	38646	2282	7270	0	20364	1634	1320	0	20658	1950	24642	1256	15338	300	28268	744	18518	1830	2832	0	3250	108	88	0	538	0	0	2864	3694	750	514	1120	0	0	17738	0	1404	0	2982	0	0	0	0	0	0	0	0	0	712	0	200	0	4018	0	3966	0	0	0	822	0	624	0	624	0	110	0	1872	0	15084	9502	29652	1448	0	0	4358	1480	19008	0	7088	384	2024	400	2656	0	0	0	5948	0	0	0	0	0	0	0	0	0	0	0	0	0	0	0	0	0	0	0	0	0	0	0	0	0	0	0	
463156	Insula_R	0	3862	5356	11814	0	680	3018	2886	0	0	1856	25704	1668	12054	116	8738	556	19482	9524	17278	0	1104	418	1460	0	0	0	732	2864	0	778	1650	372	11914	0	0	0	4812	0	658	0	152	0	228	0	0	0	196	0	0	0	94	0	100	0	2086	0	3028	0	0	0	356	0	174	0	322	0	98	0	0	2326	22392	456	27174	0	206	0	3902	0	3272	0	7312	0	3728	0	1426	0	0	0	1196	0	0	0	0	0	0	0	0	0	0	0	0	0	0	0	0	0	0	0	0	0	0	0	0	0	0	
215200	Cingulum_Ant_L	0	0	14230	2990	1432	360	2754	270	0	0	94	728	1562	500	690	216	0	132	5968	546	3208	3848	15992	3928	1722	1572	4406	446	3694	778	0	16670	3022	4256	0	0	0	0	0	0	0	0	0	0	0	0	0	0	0	0	0	0	0	0	0	0	0	0	0	0	0	0	0	0	0	0	0	0	0	0	2010	4950	3322	1132	0	172	0	0	0	0	0	0	0	0	0	0	0	0	0	0	0	0	0	0	0	0	0	0	0	0	0	0	0	0	0	0	0	0	0	0	0	0	0	0	0	0	
339340	Cingulum_Ant_R	0	0	4750	25718	238	2744	774	3096	0	0	126	2780	350	2084	110	994	0	114	3092	2616	2004	3362	12152	23750	1586	8362	2682	2130	750	1650	16670	0	2794	19656	0	0	0	0	0	0	0	0	0	0	0	0	0	0	0	0	0	0	0	0	0	0	0	0	0	0	0	0	0	0	0	0	0	0	0	0	874	13898	956	6090	0	718	0	0	0	0	0	0	0	0	0	0	0	0	0	0	0	0	0	0	0	0	0	0	0	0	0	0	0	0	0	0	0	0	0	0	0	0	0	0	0	0	
120552	Cingulum_Mid_L	0	0	3182	1308	0	0	514	838	0	0	0	502	0	616	0	0	292	0	8260	4256	0	0	2370	880	0	0	0	0	514	372	3022	2794	0	11794	2030	554	134	0	0	0	0	0	0	0	0	0	0	0	318	0	880	0	0	0	0	0	0	388	2074	0	1012	0	0	0	758	0	4116	808	2338	434	0	518	452	0	212	0	712	0	106	0	170	0	0	0	642	0	0	0	106	0	0	0	0	0	0	0	0	0	0	0	0	0	0	0	0	0	0	0	0	0	0	0	0	0	0	0	
566980	Cingulum_Mid_R	284	3262	10608	20988	0	0	1552	4656	0	0	200	10386	260	4148	0	486	674	5602	26672	48310	0	0	9788	16350	0	0	0	0	1120	11914	4256	19656	11794	0	2748	3558	0	188	0	0	0	0	0	1234	0	1420	0	114	0	1240	452	776	0	0	0	278	230	7490	122	506	0	0	0	0	0	116	1940	6540	8966	14210	120	8762	236	5778	92	0	566	376	114	0	0	624	0	1244	192	292	0	0	0	0	0	0	0	0	0	0	0	0	0	0	0	0	0	0	0	0	0	0	0	0	0	0	0	0	0	0	
118408	Cingulum_Post_L	0	90	0	0	0	0	0	0	0	0	0	0	0	0	0	0	96	0	422	686	0	0	0	0	0	0	0	0	0	0	0	0	2030	2748	0	10756	2708	744	1200	0	0	0	3118	712	2702	784	1476	96	1032	792	2226	2886	0	0	0	0	92	2216	120	418	0	0	0	0	0	102	9162	3070	996	2040	0	0	0	0	0	0	174	0	0	0	0	0	0	0	234	2110	0	0	0	722	0	0	0	0	0	0	0	0	0	0	0	0	0	0	0	0	0	0	0	0	444	0	0	0	0	0	
130236	Cingulum_Post_R	0	146	0	0	0	0	0	0	0	0	0	0	0	0	0	0	0	0	0	564	0	0	0	0	0	0	0	0	0	0	0	0	554	3558	10756	0	2580	1398	1690	124	0	0	0	4690	148	3098	474	968	0	2848	0	5826	0	148	0	0	0	2184	0	1284	0	0	0	0	0	258	3154	13366	140	1022	0	0	0	0	0	0	0	0	0	0	0	0	0	0	0	3014	0	0	0	410	0	0	0	0	0	0	0	0	0	0	0	0	0	0	0	0	0	0	0	0	716	0	0	0	0	0	
249920	Hippocampus_L	2456	0	5362	270	0	0	896	0	0	0	224	0	116	0	0	0	1646	0	4552	416	0	0	0	0	0	0	0	0	17738	0	0	0	134	0	2708	2580	0	1242	11542	0	7752	0	1070	0	0	0	2504	0	0	0	468	0	1412	0	11022	0	316	0	0	0	0	0	0	0	0	0	2292	330	1420	0	430	158	14992	0	802	0	4960	700	4082	0	3412	0	314	0	3192	0	0	0	11090	0	0	0	0	0	0	0	0	0	0	0	0	0	0	0	0	0	0	0	0	0	360	0	0	0	0	0	
173172	Hippocampus_R	0	1878	476	3476	0	0	0	508	0	0	0	522	0	98	0	0	0	398	536	4258	0	0	0	0	0	0	0	0	0	4812	0	0	0	188	744	1398	1242	0	1016	14104	0	6796	0	0	0	0	164	928	0	0	0	0	0	164	0	15970	0	932	0	0	0	122	0	118	0	104	132	194	0	0	0	588	318	12480	204	198	164	3332	0	104	0	606	0	508	0	530	0	0	0	6276	0	0	0	0	0	0	0	0	0	0	0	0	0	0	0	0	0	0	0	0	0	0	0	0	0	0	
88988	ParaHippocampal_L	0	0	706	0	546	0	0	0	0	0	0	0	0	0	248	0	100	0	0	0	616	0	0	0	0	0	0	0	1404	0	0	0	0	0	1200	1690	11542	1016	0	0	2216	0	1166	0	0	0	4332	0	0	0	1964	0	1400	0	5204	0	0	0	0	0	0	0	0	0	0	0	2524	326	0	0	0	0	1940	0	414	0	1146	192	230	0	0	0	544	0	700	0	0	0	930	0	0	0	0	0	100	0	0	0	0	0	0	0	0	0	0	0	0	0	0	98	0	0	0	0	0	0	
102628	ParaHippocampal_R	0	0	0	326	0	0	0	0	0	0	0	0	0	0	0	0	0	0	0	452	0	0	0	0	0	0	0	0	0	658	0	0	0	0	0	124	0	14104	0	0	0	5466	0	0	0	0	0	5106	0	0	0	0	0	138	0	16286	0	0	0	0	0	0	0	0	0	0	0	1072	0	0	0	0	0	1458	0	0	0	232	0	0	0	212	0	1014	0	192	0	526	0	1910	0	446	0	118	0	0	0	826	0	516	0	0	0	132	0	0	0	0	0	0	0	0	0	0	0	0	
39108	Amygdala_L	0	0	200	0	198	0	0	0	0	0	0	0	0	0	0	0	0	0	0	0	362	0	0	0	0	0	0	0	2982	0	0	0	0	0	0	0	7752	0	2216	0	0	0	0	0	0	0	0	0	0	0	0	0	0	0	4092	0	0	0	0	0	0	0	0	0	0	0	0	0	0	0	0	0	306	0	0	0	110	0	0	0	0	0	334	0	0	0	0	0	1002	0	0	0	0	0	0	0	0	0	0	0	0	0	0	0	0	0	0	0	0	0	0	0	0	0	0	0	
39728	Amygdala_R	0	0	0	0	0	0	0	0	0	0	0	0	0	0	0	0	0	0	0	0	0	102	0	0	0	0	0	0	0	152	0	0	0	0	0	0	0	6796	0	5466	0	0	0	0	0	0	0	0	0	0	0	0	0	0	0	4900	0	0	0	0	0	0	0	0	0	0	0	0	0	0	0	0	0	512	0	0	0	0	0	0	0	0	0	1036	0	0	0	122	0	778	0	0	0	0	0	0	0	0	0	0	0	0	0	0	0	0	0	0	0	0	0	0	0	0	0	0	
237968	Calcarine_L	0	0	0	0	0	0	0	0	0	0	0	0	0	0	0	0	0	0	0	0	0	0	0	0	0	0	0	0	0	0	0	0	0	0	3118	0	1070	0	1166	0	0	0	0	6342	15214	5556	15420	2220	10112	1204	28670	186	4022	0	1576	0	0	0	188	0	926	0	480	0	1424	0	14810	1152	0	0	0	0	0	0	0	0	0	0	0	0	0	0	0	0	2900	0	0	0	224	0	558	0	0	0	0	0	0	0	0	0	0	0	0	0	0	0	0	0	0	0	446	0	0	0	0	0	
296924	Calcarine_R	0	474	0	0	0	0	0	0	0	0	0	0	0	0	0	0	0	0	0	394	0	0	0	0	0	0	0	0	0	228	0	0	0	1234	712	4690	0	0	0	0	0	0	6342	0	2634	27402	1464	17154	0	25158	0	20342	0	3886	0	2672	0	2872	0	2600	0	98	0	0	0	370	936	22754	0	1092	0	0	0	0	0	0	246	0	0	0	0	0	0	0	0	2346	0	0	0	362	0	0	0	0	0	0	0	0	0	0	0	0	0	0	0	0	0	0	0	0	0	0	0	0	0	0	
167512	Cuneus_L	0	0	0	0	0	0	0	0	0	0	0	0	0	0	0	0	0	0	0	0	0	0	0	0	0	0	0	0	0	0	0	0	0	0	2702	148	0	0	0	0	0	0	15214	2634	0	6472	1968	0	21968	466	15258	0	348	0	124	0	0	0	874	0	144	0	0	0	180	0	11370	1940	0	0	0	0	0	0	0	0	0	0	0	0	0	0	0	0	1946	0	0	0	0	0	0	0	0	0	0	0	0	0	0	0	0	0	0	0	0	0	0	0	0	0	0	0	0	0	0	0	
328764	Cuneus_R	0	278	0	0	0	0	0	0	0	0	0	0	0	0	0	0	0	0	0	526	0	0	0	0	0	0	0	0	0	0	0	0	0	1420	784	3098	0	0	0	0	0	0	5556	27402	6472	0	760	5870	160	40768	0	15238	0	646	0	370	0	5360	0	8736	0	792	0	0	0	1202	3274	31832	152	1702	0	0	0	0	0	0	0	0	0	0	0	0	0	0	0	1658	0	0	0	326	0	0	0	0	0	0	0	0	0	0	0	0	0	0	0	0	0	0	0	0	0	0	0	0	0	0	
250204	Lingual_L	0	0	0	0	0	0	0	0	0	0	0	0	0	0	0	0	0	0	0	0	0	0	0	0	0	0	0	0	0	0	0	0	0	0	1476	474	2504	164	4332	0	0	0	15420	1464	1968	760	0	1614	3992	506	26628	0	10748	0	17346	0	0	0	0	0	0	0	0	0	0	0	4626	140	0	0	0	0	0	0	0	0	0	0	0	0	0	0	0	0	1718	0	0	0	214	0	7390	0	1996	0	322	0	5860	118	10700	178	0	0	238	0	226	0	0	0	0	0	986	994	0	0	0	0	
206656	Lingual_R	0	240	0	0	0	0	0	0	0	0	0	0	0	0	0	0	0	0	0	174	0	0	0	0	0	0	0	0	0	196	0	0	0	114	96	968	0	928	0	5106	0	0	2220	17154	0	5870	1614	0	0	9308	0	7024	0	6478	532	17178	0	110	0	0	0	0	0	0	0	0	0	3724	0	0	0	0	0	94	0	0	278	0	0	0	0	0	0	0	0	340	0	0	0	436	1074	2102	0	0	0	0	264	4678	1908	5488	0	0	0	0	0	0	0	0	0	1124	3236	3272	0	0	0	0	
179992	Occipital_Sup_L	0	0	0	0	0	0	0	0	0	0	0	0	0	0	0	0	0	0	238	0	0	0	0	0	0	0	0	0	0	0	0	0	318	0	1032	0	0	0	0	0	0	0	10112	0	21968	160	3992	0	0	0	32150	0	680	0	100	0	0	0	4530	0	1530	0	0	0	136	0	10916	1000	228	0	0	0	0	0	0	0	0	0	0	0	0	0	0	0	906	0	0	0	0	0	0	0	0	0	0	0	0	0	0	0	0	0	0	0	0	0	0	0	0	0	0	0	0	0	0	0	
364748	Occipital_Sup_R	176	1066	0	172	0	0	0	0	0	0	0	0	0	0	0	0	0	0	0	1806	0	0	0	0	0	0	0	0	0	0	0	0	0	1240	792	2848	0	0	0	0	0	0	1204	25158	466	40768	506	9308	0	0	0	28684	0	2556	0	1102	0	5170	0	14312	0	1184	0	0	0	3630	476	32714	544	2492	0	0	0	0	0	0	94	0	0	0	0	246	0	0	0	3164	0	0	0	496	0	0	0	0	0	0	0	0	0	0	0	0	0	0	0	0	0	0	0	0	0	0	0	0	0	0	
465284	Occipital_Mid_L	344	0	0	0	0	0	0	0	0	0	0	0	0	0	0	0	1062	0	820	114	0	0	0	0	0	0	0	0	712	0	0	0	880	452	2226	0	468	0	1964	0	0	0	28670	0	15258	0	26628	0	32150	0	0	0	24962	0	8378	0	118	336	7340	0	9438	0	1686	0	16590	0	16216	88	1496	392	0	0	0	0	0	0	132	0	1528	0	652	0	0	0	25970	0	0	0	3854	0	1224	0	0	0	0	0	258	0	236	0	0	0	0	0	0	0	0	0	0	0	0	0	0	0	0	0	
293140	Occipital_Mid_R	0	628	0	0	0	0	0	0	0	0	0	0	0	0	0	0	0	0	0	620	0	0	0	0	0	0	0	0	0	94	0	0	0	776	2886	5826	0	0	0	0	0	0	186	20342	0	15238	0	7024	0	28684	0	0	0	5116	0	2320	0	3474	0	5986	0	1008	0	0	0	7588	0	20206	0	1172	0	0	0	0	0	0	600	0	0	0	0	160	0	0	0	13510	0	0	0	3126	0	0	0	0	0	0	0	0	0	0	0	0	0	0	0	0	0	0	0	0	0	0	0	0	0	0	
147796	Occipital_Inf_L	0	0	0	0	0	0	0	0	0	0	0	0	0	0	0	0	0	0	0	0	0	0	0	0	0	0	0	0	200	0	0	0	0	0	0	0	1412	0	1400	0	0	0	4022	0	348	0	10748	0	680	0	24962	0	0	0	14184	0	0	0	0	0	0	0	0	0	0	0	824	0	0	0	0	0	140	0	0	0	0	0	660	0	240	0	0	0	5684	0	0	0	5454	0	1490	0	0	0	90	0	670	0	690	0	0	0	0	0	0	0	0	0	0	0	0	0	0	0	0	0	
64392	Occipital_Inf_R	0	260	0	0	0	0	0	0	0	0	0	0	0	0	0	0	0	0	0	112	0	0	0	0	0	0	0	0	0	100	0	0	0	0	0	148	0	164	0	138	0	0	0	3886	0	646	0	6478	0	2556	0	5116	0	0	0	6696	0	128	0	0	0	0	0	0	0	242	0	580	0	0	0	0	0	0	0	0	228	0	0	0	0	0	0	0	0	1386	0	0	0	3332	0	0	0	0	0	0	0	0	0	0	0	0	0	0	0	0	0	0	0	0	0	0	0	0	0	0	
303128	Fusiform_L	0	0	176	0	0	0	0	0	0	0	0	0	0	0	0	0	0	0	204	0	0	0	0	0	0	0	0	0	4018	0	0	0	0	0	0	0	11022	0	5204	0	4092	0	1576	0	124	0	17346	532	100	0	8378	0	14184	0	0	314	0	0	0	0	0	0	0	0	0	0	542	0	0	0	0	0	1316	0	0	0	0	0	580	0	1296	0	1210	0	3210	0	682	0	11028	0	16328	268	354	0	580	0	16402	0	26372	662	0	0	250	0	230	0	0	0	0	0	898	1970	116	0	0	0	
254800	Fusiform_R	0	526	0	330	0	0	0	0	0	0	0	0	0	0	0	0	0	0	0	762	0	0	0	0	0	0	0	0	0	2086	0	0	0	278	0	0	0	15970	0	16286	0	4900	0	2672	0	370	0	17178	0	1102	0	2320	0	6696	314	0	0	0	0	0	0	0	0	0	0	0	0	1188	0	124	0	154	88	2730	0	0	452	142	0	0	0	932	0	3502	0	2840	0	634	0	12508	830	7084	0	344	0	0	0	6232	1190	9928	0	164	0	362	0	0	0	0	0	606	1724	1852	0	0	0	0	
195492	Postcentral_L	23922	0	3902	558	0	0	700	0	0	0	1952	0	124	0	0	0	7334	0	610	772	0	0	0	0	0	0	0	0	3966	0	0	0	0	230	92	0	316	0	0	0	0	0	0	0	0	0	0	0	0	0	118	0	0	0	0	0	0	190	6868	0	18284	0	8596	0	1156	0	2328	0	5684	192	404	438	106	0	0	0	1358	2036	2764	0	1608	0	0	0	1138	0	0	0	0	0	0	0	0	0	0	0	0	0	0	0	0	0	0	0	0	0	0	0	0	0	0	0	0	0	0	0	
256748	Postcentral_R	194	18344	2136	1848	0	0	120	652	0	0	0	1688	0	290	0	0	160	4690	2258	4030	0	0	0	0	0	0	0	0	0	3028	0	0	388	7490	2216	2184	0	932	0	0	0	0	0	2872	0	5360	0	110	0	5170	336	3474	0	128	0	0	190	0	0	7722	0	6868	0	11160	0	1170	126	10464	2722	10140	220	1700	0	2978	0	0	0	518	0	0	0	966	0	0	192	826	0	0	0	314	0	0	0	0	0	0	0	0	0	0	0	0	0	0	0	0	0	0	0	0	0	0	0	0	0	0	
131788	Parietal_Sup_L	152	0	0	0	0	0	0	0	0	0	0	0	0	0	0	0	978	0	1290	0	0	0	0	0	0	0	0	0	0	0	0	0	2074	122	120	0	0	0	0	0	0	0	188	0	874	0	0	0	4530	0	7340	0	0	0	0	0	6868	0	0	0	14030	0	210	0	5362	0	14218	840	2340	98	0	0	0	0	0	0	0	0	108	0	1042	0	0	0	2940	0	0	0	170	0	0	0	0	0	0	0	0	0	0	0	0	0	0	0	0	0	0	0	0	0	0	0	0	0	0	0	
160756	Parietal_Sup_R	0	738	0	140	0	0	0	0	0	0	0	0	0	0	0	0	0	0	0	1040	0	0	0	0	0	0	0	0	0	0	0	0	0	506	418	1284	0	0	0	0	0	0	0	2600	0	8736	0	0	0	14312	0	5986	0	0	0	0	0	7722	0	0	0	6126	0	2414	0	3422	108	19694	0	3542	0	0	0	0	0	0	0	0	0	0	0	284	0	0	0	1116	0	0	0	190	0	0	0	0	0	0	0	0	0	0	0	0	0	0	0	0	0	0	0	0	0	0	0	0	0	0	
223880	Parietal_Inf_L	3328	0	302	0	0	0	240	0	0	0	0	0	0	0	0	0	2882	0	584	0	0	0	0	0	0	0	0	0	822	0	0	0	1012	0	0	0	0	0	0	0	0	0	926	0	144	0	0	0	1530	0	9438	0	0	0	0	0	18284	0	14030	0	0	0	16664	0	21876	0	2780	0	1872	0	0	0	0	0	0	0	202	0	514	0	3862	0	0	0	10038	0	0	0	610	0	0	0	0	0	0	0	0	0	0	0	0	0	0	0	0	0	0	0	0	0	0	0	0	0	0	0	
134424	Parietal_Inf_R	0	4136	178	800	0	0	0	94	0	0	0	116	0	0	0	0	0	936	168	1598	0	0	0	0	0	0	0	0	0	356	0	0	0	0	0	0	0	122	0	0	0	0	0	98	0	792	0	0	0	1184	0	1008	0	0	0	0	0	6868	0	6126	0	0	0	17946	0	17572	0	1166	0	0	0	470	0	0	0	0	0	0	0	202	0	2090	0	0	0	2070	0	0	0	1116	0	0	0	0	0	0	0	0	0	0	0	0	0	0	0	0	0	0	0	0	0	0	0	0	0	0	
99148	SupraMarginal_L	1882	0	132	0	0	0	0	0	0	0	0	0	0	0	0	0	1448	0	0	0	0	0	0	0	0	0	0	0	624	0	0	0	0	0	0	0	0	0	0	0	0	0	480	0	0	0	0	0	0	0	1686	0	0	0	0	0	8596	0	210	0	16664	0	0	0	7660	0	182	0	0	0	0	0	0	0	0	0	0	0	218	0	3788	0	0	0	5860	0	0	0	144	0	0	0	0	0	0	0	0	0	0	0	0	0	0	0	0	0	0	0	0	0	0	0	0	0	0	0	
116032	SupraMarginal_R	0	5894	224	1302	0	0	0	172	0	0	0	190	0	0	0	0	0	3372	206	3446	0	0	0	0	0	0	0	0	0	174	0	0	0	0	0	0	0	118	0	0	0	0	0	0	0	0	0	0	0	0	0	0	0	0	0	0	0	11160	0	2414	0	17946	0	0	0	4590	0	0	0	0	0	628	0	0	0	0	0	118	0	102	0	4122	0	0	0	1058	0	0	0	780	0	0	0	0	0	0	0	0	0	0	0	0	0	0	0	0	0	0	0	0	0	0	0	0	0	0	
158616	Angular_L	512	0	0	0	0	0	138	0	0	0	0	0	0	0	0	0	1410	0	404	0	0	0	0	0	0	0	0	0	624	0	0	0	758	0	0	0	0	0	0	0	0	0	1424	0	180	0	0	0	136	0	16590	0	0	0	0	0	1156	0	5362	0	21876	0	7660	0	0	0	1664	0	658	0	0	0	0	0	0	0	0	0	356	0	2352	0	0	0	14610	0	0	0	1438	0	0	0	0	0	0	0	0	0	0	0	0	0	0	0	0	0	0	0	0	0	0	0	0	0	0	0	
124636	Angular_R	0	970	0	250	0	0	0	0	0	0	0	0	0	0	0	0	0	430	0	1020	0	0	0	0	0	0	0	0	0	322	0	0	0	116	102	258	0	104	0	0	0	0	0	370	0	1202	0	0	0	3630	0	7588	0	242	0	0	0	1170	0	3422	0	17572	0	4590	0	0	0	2444	190	238	0	122	0	0	0	0	0	0	0	92	0	5244	0	0	0	8736	0	0	0	1894	0	0	0	0	0	0	0	0	0	0	0	0	0	0	0	0	0	0	0	0	0	0	0	0	0	0	
254520	Precuneus_L	96	0	0	0	0	0	0	0	0	0	0	0	0	0	0	0	142	0	618	196	0	0	0	0	0	0	0	0	110	0	0	0	4116	1940	9162	3154	2292	132	2524	0	0	0	14810	936	11370	3274	4626	0	10916	476	16216	0	824	0	542	0	2328	126	14218	108	2780	0	182	0	1664	0	0	10640	2316	270	0	0	0	0	0	0	194	0	108	0	272	0	0	0	2802	0	0	0	320	0	0	0	0	0	0	0	0	0	0	0	0	0	0	0	0	0	0	0	0	0	460	0	0	0	0	0	
419960	Precuneus_R	206	1498	0	220	0	0	0	0	0	0	0	0	0	0	0	0	0	0	0	3520	0	0	0	0	0	0	0	0	0	98	0	0	808	6540	3070	13366	330	194	326	1072	0	0	1152	22754	1940	31832	140	3724	1000	32714	88	20206	0	580	0	1188	0	10464	840	19694	0	1166	0	0	0	2444	10640	0	816	8594	0	0	0	0	0	0	120	0	0	0	0	258	0	0	0	4750	0	0	0	954	0	0	0	0	0	0	0	0	0	0	0	0	0	0	0	0	0	0	0	0	674	0	0	0	0	0	
166272	Paracentral_Lobule_L	13276	716	676	166	0	0	150	0	0	0	0	0	0	0	0	0	1436	0	11966	7458	0	0	0	0	0	0	0	0	1872	0	0	0	2338	8966	996	140	1420	0	0	0	0	0	0	0	0	152	0	0	228	544	1496	0	0	0	0	0	5684	2722	2340	0	1872	0	0	0	658	190	2316	816	0	5302	274	108	220	0	0	0	1212	252	2826	0	620	0	0	0	1454	0	0	0	274	0	0	0	0	0	0	0	0	0	0	0	0	0	0	0	0	0	0	0	0	0	0	0	0	0	0	0	
144884	Paracentral_Lobule_R	142	5558	0	270	0	0	0	0	0	0	0	0	0	0	0	0	150	0	636	11486	0	0	0	0	0	0	0	0	0	0	0	0	434	14210	2040	1022	0	0	0	0	0	0	0	1092	0	1702	0	0	0	2492	392	1172	0	0	0	124	192	10140	98	3542	0	0	0	0	0	238	270	8594	5302	0	0	0	0	0	0	0	326	0	0	0	0	96	0	0	192	436	0	0	0	94	0	0	0	0	0	0	0	0	0	0	0	0	0	0	0	0	0	0	0	0	0	0	0	0	0	0	
265304	Caudate_L	1884	446	7304	2224	2134	146	4184	1026	522	0	10598	1282	5760	906	2760	518	4882	722	6768	460	5044	5728	174	0	112	0	5590	540	15084	2326	2010	874	0	120	0	0	430	0	0	0	0	0	0	0	0	0	0	0	0	0	0	0	0	0	0	0	404	220	0	0	0	0	0	0	0	0	0	0	274	0	0	15152	13998	1792	482	0	4166	1954	196	0	326	384	258	390	0	0	0	0	98	0	0	0	0	0	0	0	0	0	0	0	0	0	0	0	0	0	0	0	0	0	0	0	0	0	0	0	
707392	Caudate_R	1678	4846	16846	26624	134	2814	9748	8220	0	108	5302	13324	7114	10350	592	7642	1612	4642	14724	31740	3732	6206	960	6538	446	3336	3686	1914	9502	22392	4950	13898	518	8762	0	0	158	588	0	0	0	0	0	0	0	0	0	0	0	0	0	0	0	0	0	154	438	1700	0	0	0	470	0	628	0	122	0	0	108	0	15152	0	4294	33690	326	3778	7246	27532	122	0	102	942	0	1246	0	0	0	0	0	0	0	0	0	0	0	0	0	0	0	0	0	0	0	0	0	0	0	0	0	0	0	0	0	0	0	0	
334792	Putamen_L	818	762	16670	1200	4790	0	4076	628	942	0	4566	344	4222	296	6910	142	3830	160	13756	1156	776	804	1262	0	256	0	1462	0	29652	456	3322	956	452	236	0	0	14992	318	1940	0	306	0	0	0	0	0	0	0	0	0	0	0	140	0	1316	88	106	0	0	0	0	0	0	0	0	0	0	0	220	0	13998	4294	0	634	7318	110	8994	2676	1290	0	774	0	344	0	0	0	0	0	2636	0	0	0	0	0	0	0	0	0	0	0	0	0	0	0	0	0	0	0	0	0	0	0	0	0	0	0	
405596	Putamen_R	0	3616	3836	17942	0	1368	1436	5748	0	104	1276	8074	570	3686	0	6182	606	7194	5756	16252	562	1152	262	4426	150	1580	634	1112	1448	27174	1132	6090	0	5778	0	0	0	12480	0	1458	0	512	0	0	0	0	0	94	0	0	0	0	0	0	0	2730	0	2978	0	0	0	0	0	0	0	0	0	0	0	0	1792	33690	634	0	206	3250	118	4054	0	0	0	1216	0	972	0	140	0	0	0	1328	0	0	0	0	0	0	0	0	0	0	0	0	0	0	0	0	0	0	0	0	0	0	0	0	0	0	
35912	Pallidum_L	0	0	950	302	0	0	0	0	0	0	0	0	0	0	0	0	0	0	3630	430	0	0	0	0	0	0	0	0	0	0	0	0	212	92	0	0	802	204	414	0	0	0	0	0	0	0	0	0	0	0	0	0	0	0	0	0	0	0	0	0	0	0	0	0	0	0	0	0	0	0	482	326	7318	206	0	0	1626	962	0	0	0	0	0	0	0	0	0	0	0	0	0	0	0	0	0	0	0	0	0	0	0	0	0	0	0	0	0	0	0	0	0	0	0	0	0	0	
30484	Pallidum_R	0	0	118	2758	0	0	0	210	0	0	0	88	0	120	0	126	0	0	116	2926	0	0	0	348	0	0	0	0	0	206	172	718	0	0	0	0	0	198	0	0	0	0	0	0	0	0	0	0	0	0	0	0	0	0	0	0	0	0	0	0	0	0	0	0	0	0	0	0	0	0	0	3778	110	3250	0	0	0	0	0	0	0	0	0	0	0	0	0	0	0	0	0	0	0	0	0	0	0	0	0	0	0	0	0	0	0	0	0	0	0	0	0	0	0	0	0	0	
153736	Thalamus_L	2778	778	3342	2066	0	0	552	0	0	0	800	0	0	0	0	0	3460	0	6872	3732	0	0	0	0	0	0	0	0	4358	0	0	0	712	566	174	0	4960	164	1146	0	110	0	0	246	0	0	0	278	0	94	132	600	0	228	0	452	1358	0	0	0	202	0	0	0	0	0	194	120	1212	326	4166	7246	8994	118	1626	0	0	9632	908	0	388	0	0	0	590	322	0	0	466	106	0	0	0	0	0	0	168	0	0	0	0	0	0	0	0	0	0	0	0	126	0	0	0	0	0	0	
238672	Thalamus_R	3272	4178	3448	11796	0	0	436	186	0	0	518	158	0	392	0	336	1418	548	2854	28470	0	0	0	0	0	0	0	0	1480	3902	0	0	0	376	0	0	700	3332	192	232	0	0	0	0	0	0	0	0	0	0	0	0	0	0	0	142	2036	518	0	0	0	0	0	118	0	0	0	0	252	0	1954	27532	2676	4054	962	0	9632	0	350	304	274	210	0	0	0	98	0	0	0	0	0	0	0	0	0	0	0	0	0	0	0	0	0	0	0	0	0	0	0	0	0	0	0	0	0	0	
158884	Heschl_L	10036	0	5976	0	0	0	2730	0	0	0	556	0	114	0	0	0	8574	0	3446	222	0	0	0	0	0	0	0	0	19008	0	0	0	106	114	0	0	4082	0	230	0	0	0	0	0	0	0	0	0	0	0	1528	0	660	0	580	0	2764	0	108	0	514	0	218	0	356	0	108	0	2826	0	196	122	1290	0	0	0	908	350	0	0	4970	0	0	0	4670	0	0	0	2080	0	0	0	0	0	0	0	0	0	0	0	0	0	0	0	0	0	0	0	0	0	0	0	0	0	0	0	
32144	Heschl_R	0	368	0	0	0	0	0	0	0	0	0	0	0	0	0	0	0	3232	0	204	0	0	0	0	0	0	0	0	0	3272	0	0	0	0	0	0	0	104	0	0	0	0	0	0	0	0	0	0	0	0	0	0	0	0	0	0	0	0	0	0	0	202	0	102	0	92	0	0	0	0	0	0	0	0	0	0	0	304	0	0	0	5942	0	376	0	1502	0	0	0	372	0	0	0	0	0	0	0	0	0	0	0	0	0	0	0	0	0	0	0	0	0	0	0	0	0	0	
179220	Temporal_Sup_L	1714	0	1336	0	0	0	102	0	0	0	1298	0	100	0	0	0	9636	0	1182	0	0	0	0	0	0	0	0	0	7088	0	0	0	170	0	0	0	3412	0	0	0	0	0	0	0	0	0	0	0	0	0	652	0	240	0	1296	0	1608	0	1042	0	3862	0	3788	0	2352	0	272	0	620	0	326	102	774	0	0	0	388	274	4970	0	0	0	3358	0	24502	0	0	0	13146	0	0	0	0	0	0	0	0	0	0	0	0	0	0	0	0	0	0	0	0	0	0	0	0	0	0	0	
130368	Temporal_Sup_R	0	948	184	334	0	0	92	0	0	0	400	1402	0	0	0	0	192	6880	328	1380	0	0	0	0	0	0	0	0	384	7312	0	0	0	624	0	0	0	606	0	212	0	0	0	0	0	0	0	0	0	246	0	160	0	0	0	932	0	966	0	284	0	2090	0	4122	0	5244	0	258	0	96	384	942	0	1216	0	0	0	210	0	5942	0	0	0	3594	0	14142	0	200	0	2878	0	0	0	0	0	0	0	0	0	0	0	0	0	0	0	0	0	0	0	0	0	0	0	0	0	0	
53200	Temporal_Pole_Sup_L	0	0	754	0	670	0	162	0	0	0	1078	0	500	0	984	0	462	0	342	0	412	0	0	0	0	0	0	0	2024	0	0	0	0	0	0	0	314	0	544	0	334	0	0	0	0	0	0	0	0	0	0	0	0	0	1210	0	0	0	0	0	0	0	0	0	0	0	0	0	0	0	258	0	344	0	0	0	0	0	0	0	3358	0	0	0	5300	0	2228	0	5322	0	0	0	0	0	0	0	0	0	0	0	0	0	0	0	0	0	0	0	0	0	0	0	0	0	0	0	
67964	Temporal_Pole_Sup_R	0	0	196	118	0	0	106	0	0	0	406	2170	90	0	0	168	196	2766	684	1288	0	0	0	0	0	0	0	0	400	3728	0	0	0	1244	0	0	0	508	0	1014	0	1036	0	0	0	0	0	0	0	0	0	0	0	0	0	3502	0	0	0	0	0	0	0	0	0	0	0	0	0	0	390	1246	0	972	0	0	0	0	0	376	0	3594	0	0	0	1788	0	2938	0	3058	0	0	0	0	0	0	0	0	0	0	0	0	0	0	0	0	0	0	0	0	0	0	0	0	0	0	
349164	Temporal_Mid_L	668	0	0	0	0	0	0	0	0	0	0	0	0	0	0	0	7876	0	432	0	0	0	0	0	0	0	0	0	2656	0	0	0	642	192	234	0	3192	0	700	0	0	0	2900	0	1946	0	1718	0	906	0	25970	0	5684	0	3210	0	1138	192	2940	0	10038	0	5860	0	14610	0	2802	0	1454	192	0	0	0	0	0	0	590	0	4670	0	24502	0	5300	0	0	0	2682	0	38366	0	320	0	0	0	0	0	0	0	0	0	0	0	0	0	0	0	0	0	0	0	0	0	0	0	0	0	
193616	Temporal_Mid_R	0	2106	0	108	0	0	0	0	0	0	0	0	0	0	0	0	0	298	0	790	0	0	0	0	0	0	0	0	0	1426	0	0	0	292	2110	3014	0	530	0	192	0	0	0	2346	0	1658	0	340	0	3164	0	13510	0	1386	0	2840	0	826	0	1116	0	2070	0	1058	0	8736	0	4750	0	436	0	0	0	140	0	0	322	98	0	1502	0	14142	0	1788	0	0	0	1218	0	22496	0	0	0	0	0	0	0	0	0	0	0	0	0	0	0	0	0	0	0	0	0	0	0	0	0	0	
16944	Temporal_Pole_Mid_L	0	0	0	0	0	0	0	0	0	0	0	0	0	0	0	0	0	0	0	0	0	0	0	0	0	0	0	0	0	0	0	0	0	0	0	0	0	0	0	0	0	0	0	0	0	0	0	0	0	0	0	0	0	0	682	0	0	0	0	0	0	0	0	0	0	0	0	0	0	0	0	0	0	0	0	0	0	0	0	0	0	0	2228	0	2682	0	0	0	2880	0	0	0	0	0	0	0	0	0	0	0	0	0	0	0	0	0	0	0	0	0	0	0	0	0	0	0	
14088	Temporal_Pole_Mid_R	0	0	0	0	0	0	0	0	0	0	0	0	0	0	0	0	0	0	0	0	0	0	0	0	0	0	0	0	0	0	0	0	0	0	0	0	0	0	0	526	0	122	0	0	0	0	0	0	0	0	0	0	0	0	0	634	0	0	0	0	0	0	0	0	0	0	0	0	0	0	0	0	0	0	0	0	0	0	0	0	0	200	0	2938	0	1218	0	0	0	1406	0	0	0	0	0	0	0	0	0	0	0	0	0	0	0	0	0	0	0	0	0	0	0	0	0	0	
223380	Temporal_Inf_L	124	0	838	0	0	0	0	0	0	0	0	0	0	0	0	0	1004	0	912	0	0	0	0	0	0	0	0	0	5948	0	0	0	106	0	0	0	11090	0	930	0	1002	0	224	0	0	0	214	0	0	0	3854	0	5454	0	11028	0	0	0	170	0	610	0	144	0	1438	0	320	0	274	0	98	0	2636	0	0	0	466	0	2080	0	13146	0	5322	0	38366	0	2880	0	0	0	788	0	0	0	0	0	0	0	224	0	0	0	0	0	0	0	0	0	0	0	0	0	0	0	0	0	
143040	Temporal_Inf_R	0	1558	0	144	0	0	0	0	0	0	0	0	0	0	0	0	0	166	0	328	0	0	0	0	0	0	0	0	0	1196	0	0	0	0	722	410	0	6276	0	1910	0	778	0	362	0	326	0	436	0	496	0	3126	0	3332	0	12508	0	314	0	190	0	1116	0	780	0	1894	0	954	0	94	0	0	0	1328	0	0	106	0	0	372	0	2878	0	3058	0	22496	0	1406	0	0	0	294	0	0	0	0	0	0	0	166	0	0	0	0	0	0	0	0	0	0	0	0	0	0	0	0	
474316	Cerebelum_Crus1_L	0	0	0	0	0	0	0	0	0	0	0	0	0	0	0	0	0	0	0	0	0	0	0	0	0	0	0	0	0	0	0	0	0	0	0	0	0	0	0	0	0	0	558	0	0	0	7390	1074	0	0	1224	0	1490	0	16328	830	0	0	0	0	0	0	0	0	0	0	0	0	0	0	0	0	0	0	0	0	0	0	0	0	0	0	0	0	320	0	0	0	788	0	0	7148	39238	7246	1288	0	12822	172	54342	4322	16078	680	27890	544	11406	0	4178	0	0	0	420	8284	9826	754	310	208	
394816	Cerebelum_Crus1_R	0	0	0	0	0	0	0	0	0	0	0	0	0	0	0	0	0	0	0	0	0	0	0	0	0	0	0	0	0	0	0	0	0	0	0	0	0	0	0	446	0	0	0	0	0	0	0	2102	0	0	0	0	0	0	268	7084	0	0	0	0	0	0	0	0	0	0	0	0	0	0	0	0	0	0	0	0	0	0	0	0	0	0	0	0	0	0	0	0	0	294	7148	0	5136	27788	88	5608	550	23986	4452	54492	1898	5784	800	16430	224	2254	0	660	302	4544	3486	11036	7764	1058	1250	476	
290272	Cerebelum_Crus2_L	0	0	0	0	0	0	0	0	0	0	0	0	0	0	0	0	0	0	0	0	0	0	0	0	0	0	0	0	0	0	0	0	0	0	0	0	0	0	0	0	0	0	0	0	0	0	1996	0	0	0	0	0	0	0	354	0	0	0	0	0	0	0	0	0	0	0	0	0	0	0	0	0	0	0	0	0	0	0	0	0	0	0	0	0	0	0	0	0	0	0	39238	5136	0	6974	0	0	0	0	5356	1270	30290	482	33366	170	9196	0	96	0	0	0	0	2116	8618	478	0	0	
220184	Cerebelum_Crus2_R	0	0	0	0	0	0	0	0	0	0	0	0	0	0	0	0	0	0	0	0	0	0	0	0	0	0	0	0	0	0	0	0	0	0	0	0	0	0	0	118	0	0	0	0	0	0	0	0	0	0	0	0	0	0	0	344	0	0	0	0	0	0	0	0	0	0	0	0	0	0	0	0	0	0	0	0	0	0	0	0	0	0	0	0	0	0	0	0	0	0	7246	27788	6974	0	0	148	0	1286	2148	8636	3096	12408	2708	20854	176	852	0	204	0	0	0	2770	9702	2092	426	116	
26396	Cerebelum_3_L	0	0	0	0	0	0	0	0	0	0	0	0	0	0	0	0	0	0	0	0	0	0	0	0	0	0	0	0	0	0	0	0	0	0	0	0	0	0	100	0	0	0	0	0	0	0	322	0	0	0	0	0	90	0	580	0	0	0	0	0	0	0	0	0	0	0	0	0	0	0	0	0	0	0	0	0	0	0	0	0	0	0	0	0	0	0	0	0	0	0	1288	88	0	0	0	0	5136	116	2498	92	0	0	0	0	448	256	0	0	360	474	966	218	0	0	0	166	
51056	Cerebelum_3_R	0	0	0	0	0	0	0	0	0	0	0	0	0	0	0	0	0	0	0	0	0	0	0	0	0	0	0	0	0	0	0	0	0	0	0	0	0	0	0	0	0	0	0	0	0	0	0	0	0	0	0	0	0	0	0	0	0	0	0	0	0	0	0	0	0	0	0	0	0	0	0	0	0	0	0	0	0	0	0	0	0	0	0	0	0	0	0	0	0	0	0	5608	0	148	0	0	374	5320	0	7068	0	0	0	108	0	366	0	0	814	3502	710	1062	0	0	282	166	
181152	Cerebelum_4_5_L	0	0	0	0	0	0	0	0	0	0	0	0	0	0	0	0	0	0	0	0	0	0	0	0	0	0	0	0	0	0	0	0	0	0	0	0	0	0	0	0	0	0	0	0	0	0	5860	264	0	0	258	0	670	0	16402	0	0	0	0	0	0	0	0	0	0	0	0	0	0	0	0	0	0	0	0	0	168	0	0	0	0	0	0	0	0	0	0	0	0	0	12822	550	0	0	5136	374	0	816	27376	744	0	0	0	0	4384	1954	236	0	294	484	6872	2754	0	0	542	1616	
192192	Cerebelum_4_5_R	0	0	0	0	0	0	0	0	0	0	0	0	0	0	0	0	0	0	0	0	0	0	0	0	0	0	0	0	0	0	0	0	0	0	0	0	0	0	0	826	0	0	0	0	0	0	118	4678	0	0	0	0	0	0	0	6232	0	0	0	0	0	0	0	0	0	0	0	0	0	0	0	0	0	0	0	0	0	0	0	0	0	0	0	0	0	0	0	0	0	0	172	23986	0	1286	116	5320	816	0	364	30564	0	442	0	1142	112	1270	0	100	330	5632	6958	2790	892	788	1022	140	
388176	Cerebelum_6_L	0	0	0	0	0	0	0	0	0	0	0	0	0	0	0	0	0	0	0	0	0	0	0	0	0	0	0	0	0	0	0	0	0	0	0	0	0	0	0	0	0	0	0	0	0	0	10700	1908	0	0	236	0	690	0	26372	1190	0	0	0	0	0	0	0	0	0	0	0	0	0	0	0	0	0	0	0	0	0	0	0	0	0	0	0	0	0	0	0	0	224	0	54342	4452	5356	2148	2498	0	27376	364	0	5558	5256	442	11256	1212	6306	268	5252	0	0	0	2480	11638	4700	944	468	452	
350784	Cerebelum_6_R	0	0	0	0	0	0	0	0	0	0	0	0	0	0	0	0	0	0	0	0	0	0	0	0	0	0	0	0	0	0	0	0	0	0	0	0	0	0	0	516	0	0	0	0	0	0	178	5488	0	0	0	0	0	0	662	9928	0	0	0	0	0	0	0	0	0	0	0	0	0	0	0	0	0	0	0	0	0	0	0	0	0	0	0	0	0	0	0	0	0	166	4322	54492	1270	8636	92	7068	744	30564	5558	0	284	2100	512	5140	292	2178	0	448	560	6046	6452	14004	4056	1432	1700	504	
195396	Cerebelum_7b_L	0	0	0	0	0	0	0	0	0	0	0	0	0	0	0	0	0	0	0	0	0	0	0	0	0	0	0	0	0	0	0	0	0	0	0	0	0	0	0	0	0	0	0	0	0	0	0	0	0	0	0	0	0	0	0	0	0	0	0	0	0	0	0	0	0	0	0	0	0	0	0	0	0	0	0	0	0	0	0	0	0	0	0	0	0	0	0	0	0	0	16078	1898	30290	3096	0	0	0	0	5256	284	0	548	29196	92	5598	0	310	0	0	0	0	866	3602	584	0	0	
78848	Cerebelum_7b_R	0	0	0	0	0	0	0	0	0	0	0	0	0	0	0	0	0	0	0	0	0	0	0	0	0	0	0	0	0	0	0	0	0	0	0	0	0	0	0	0	0	0	0	0	0	0	0	0	0	0	0	0	0	0	0	164	0	0	0	0	0	0	0	0	0	0	0	0	0	0	0	0	0	0	0	0	0	0	0	0	0	0	0	0	0	0	0	0	0	0	680	5784	482	12408	0	0	0	442	442	2100	548	0	910	12162	0	676	0	0	0	0	0	556	1040	876	154	0	
277060	Cerebelum_8_L	0	0	0	0	0	0	0	0	0	0	0	0	0	0	0	0	0	0	0	0	0	0	0	0	0	0	0	0	0	0	0	0	0	0	0	0	0	0	0	0	0	0	0	0	0	0	238	0	0	0	0	0	0	0	250	0	0	0	0	0	0	0	0	0	0	0	0	0	0	0	0	0	0	0	0	0	0	0	0	0	0	0	0	0	0	0	0	0	0	0	27890	800	33366	2708	0	0	0	0	11256	512	29196	910	0	1404	19200	0	2288	0	0	0	0	2212	3530	2492	278	0	
148644	Cerebelum_8_R	0	0	0	0	0	0	0	0	0	0	0	0	0	0	0	0	0	0	0	0	0	0	0	0	0	0	0	0	0	0	0	0	0	0	0	0	0	0	0	132	0	0	0	0	0	0	0	0	0	0	0	0	0	0	0	362	0	0	0	0	0	0	0	0	0	0	0	0	0	0	0	0	0	0	0	0	0	0	0	0	0	0	0	0	0	0	0	0	0	0	544	16430	170	20854	0	108	0	1142	1212	5140	92	12162	1404	0	366	4850	0	1302	0	0	134	2252	2582	2068	800	216	
137640	Cerebelum_9_L	0	0	0	0	0	0	0	0	0	0	0	0	0	0	0	0	0	0	0	0	0	0	0	0	0	0	0	0	0	0	0	0	0	0	0	0	0	0	0	0	0	0	0	0	0	0	226	0	0	0	0	0	0	0	230	0	0	0	0	0	0	0	0	0	0	0	0	0	0	0	0	0	0	0	0	0	0	0	0	0	0	0	0	0	0	0	0	0	0	0	11406	224	9196	176	448	0	4384	112	6306	292	5598	0	19200	366	0	596	4100	0	0	0	1874	1490	424	748	878	546	
65820	Cerebelum_9_R	0	0	0	0	0	0	0	0	0	0	0	0	0	0	0	0	0	0	0	0	0	0	0	0	0	0	0	0	0	0	0	0	0	0	0	0	0	0	0	0	0	0	0	0	0	0	0	0	0	0	0	0	0	0	0	0	0	0	0	0	0	0	0	0	0	0	0	0	0	0	0	0	0	0	0	0	0	0	0	0	0	0	0	0	0	0	0	0	0	0	0	2254	0	852	256	366	1954	1270	268	2178	0	676	0	4850	596	0	0	2076	446	288	2514	4668	572	1308	3334	2184	
32920	Cerebelum_10_L	0	0	0	0	0	0	0	0	0	0	0	0	0	0	0	0	0	0	0	0	0	0	0	0	0	0	0	0	0	0	0	0	0	0	0	0	0	0	0	0	0	0	0	0	0	0	0	0	0	0	0	0	0	0	0	0	0	0	0	0	0	0	0	0	0	0	0	0	0	0	0	0	0	0	0	0	0	0	0	0	0	0	0	0	0	0	0	0	0	0	4178	0	96	0	0	0	236	0	5252	0	310	0	2288	0	4100	0	0	0	0	0	0	0	0	0	0	0	
11956	Cerebelum_10_R	0	0	0	0	0	0	0	0	0	0	0	0	0	0	0	0	0	0	0	0	0	0	0	0	0	0	0	0	0	0	0	0	0	0	0	0	0	0	0	0	0	0	0	0	0	0	0	0	0	0	0	0	0	0	0	0	0	0	0	0	0	0	0	0	0	0	0	0	0	0	0	0	0	0	0	0	0	0	0	0	0	0	0	0	0	0	0	0	0	0	0	660	0	204	0	0	0	100	0	448	0	0	0	1302	0	2076	0	0	0	0	0	440	308	310	130	0	
16112	Vermis_1_2	0	0	0	0	0	0	0	0	0	0	0	0	0	0	0	0	0	0	0	0	0	0	0	0	0	0	0	0	0	0	0	0	0	0	0	0	0	0	0	0	0	0	0	0	0	0	0	0	0	0	0	0	0	0	0	0	0	0	0	0	0	0	0	0	0	0	0	0	0	0	0	0	0	0	0	0	0	0	0	0	0	0	0	0	0	0	0	0	0	0	0	302	0	0	360	814	294	330	0	560	0	0	0	0	0	446	0	0	0	3344	658	568	0	0	202	178	
58684	Vermis_3	0	0	0	0	0	0	0	0	0	0	0	0	0	0	0	0	0	0	0	0	0	0	0	0	0	0	0	0	0	0	0	0	0	0	0	0	0	0	98	0	0	0	0	0	0	0	0	1124	0	0	0	0	0	0	0	606	0	0	0	0	0	0	0	0	0	0	0	0	0	0	0	0	0	0	0	0	126	0	0	0	0	0	0	0	0	0	0	0	0	0	0	4544	0	0	474	3502	484	5632	0	6046	0	0	0	0	0	288	0	0	3344	0	2482	480	0	0	112	0	
105480	Vermis_4_5	0	0	0	0	0	0	0	0	0	0	0	0	0	0	0	0	0	0	0	0	0	0	0	0	0	0	0	0	0	0	0	0	0	0	444	716	360	0	0	0	0	0	446	0	0	0	986	3236	0	0	0	0	0	0	898	1724	0	0	0	0	0	0	0	0	0	0	460	674	0	0	0	0	0	0	0	0	0	0	0	0	0	0	0	0	0	0	0	0	0	0	420	3486	0	0	966	710	6872	6958	2480	6452	0	0	0	134	1874	2514	0	0	658	2482	0	4400	0	0	628	1762	
196712	Vermis_6	0	0	0	0	0	0	0	0	0	0	0	0	0	0	0	0	0	0	0	0	0	0	0	0	0	0	0	0	0	0	0	0	0	0	0	0	0	0	0	0	0	0	0	0	0	0	994	3272	0	0	0	0	0	0	1970	1852	0	0	0	0	0	0	0	0	0	0	0	0	0	0	0	0	0	0	0	0	0	0	0	0	0	0	0	0	0	0	0	0	0	0	8284	11036	2116	2770	218	1062	2754	2790	11638	14004	866	556	2212	2252	1490	4668	0	440	568	480	4400	0	6516	2830	3754	2564	
136092	Vermis_7	0	0	0	0	0	0	0	0	0	0	0	0	0	0	0	0	0	0	0	0	0	0	0	0	0	0	0	0	0	0	0	0	0	0	0	0	0	0	0	0	0	0	0	0	0	0	0	0	0	0	0	0	0	0	116	0	0	0	0	0	0	0	0	0	0	0	0	0	0	0	0	0	0	0	0	0	0	0	0	0	0	0	0	0	0	0	0	0	0	0	9826	7764	8618	9702	0	0	0	892	4700	4056	3602	1040	3530	2582	424	572	0	308	0	0	0	6516	0	2900	898	0	
47140	Vermis_8	0	0	0	0	0	0	0	0	0	0	0	0	0	0	0	0	0	0	0	0	0	0	0	0	0	0	0	0	0	0	0	0	0	0	0	0	0	0	0	0	0	0	0	0	0	0	0	0	0	0	0	0	0	0	0	0	0	0	0	0	0	0	0	0	0	0	0	0	0	0	0	0	0	0	0	0	0	0	0	0	0	0	0	0	0	0	0	0	0	0	754	1058	478	2092	0	0	0	788	944	1432	584	876	2492	2068	748	1308	0	310	0	0	0	2830	2900	0	1908	0	
40244	Vermis_9	0	0	0	0	0	0	0	0	0	0	0	0	0	0	0	0	0	0	0	0	0	0	0	0	0	0	0	0	0	0	0	0	0	0	0	0	0	0	0	0	0	0	0	0	0	0	0	0	0	0	0	0	0	0	0	0	0	0	0	0	0	0	0	0	0	0	0	0	0	0	0	0	0	0	0	0	0	0	0	0	0	0	0	0	0	0	0	0	0	0	310	1250	0	426	0	282	542	1022	468	1700	0	154	278	800	878	3334	0	130	202	112	628	3754	898	1908	0	1046	
