data	data	585172	346172	1.08967e+06	672948	183364	107284	567060	254732	106056	42440	333180	256060	434252	274804	259164	115780	259680	107576	811668	770668	94488	124596	423500	377856	37208	98960	87720	71328	576516	378200	409132	497116	145592	486296	134640	111744	183044	214168	56732	140356	36272	44000	281860	275560	152296	274552	175724	279048	151292	270200	480244	231080	158768	64752	284940	338852	267080	247400	111772	93620	187036	92204	124484	124192	157184	99720	217252	295912	253100	232548	323248	383612	350052	408864	41580	19108	133088	153016	104624	37720	215820	122068	92100	53248	338828	167300	33260	26092	282052	171448	523312	382836	409936	348196	17008	67832	211168	196548	451672	328532	262564	139216	285164	309504	141772	151428	40464	16932	18188	63300	214676	255456	239264	188480	120084	84340	
data	data	Precentral_L	Precentral_R	Frontal_Sup_L	Frontal_Sup_R	Frontal_Sup_Orb_L	Frontal_Sup_Orb_R	Frontal_Mid_L	Frontal_Mid_R	Frontal_Mid_Orb_L	Frontal_Mid_Orb_R	Frontal_Inf_Oper_L	Frontal_Inf_Oper_R	Frontal_Inf_Tri_L	Frontal_Inf_Tri_R	Frontal_Inf_Orb_L	Frontal_Inf_Orb_R	Rolandic_Oper_L	Rolandic_Oper_R	Supp_Motor_Area_L	Supp_Motor_Area_R	Olfactory_L	Olfactory_R	Frontal_Sup_Medial_L	Frontal_Sup_Medial_R	Frontal_Med_Orb_L	Frontal_Med_Orb_R	Rectus_L	Rectus_R	Insula_L	Insula_R	Cingulum_Ant_L	Cingulum_Ant_R	Cingulum_Mid_L	Cingulum_Mid_R	Cingulum_Post_L	Cingulum_Post_R	Hippocampus_L	Hippocampus_R	ParaHippocampal_L	ParaHippocampal_R	Amygdala_L	Amygdala_R	Calcarine_L	Calcarine_R	Cuneus_L	Cuneus_R	Lingual_L	Lingual_R	Occipital_Sup_L	Occipital_Sup_R	Occipital_Mid_L	Occipital_Mid_R	Occipital_Inf_L	Occipital_Inf_R	Fusiform_L	Fusiform_R	Postcentral_L	Postcentral_R	Parietal_Sup_L	Parietal_Sup_R	Parietal_Inf_L	Parietal_Inf_R	SupraMarginal_L	SupraMarginal_R	Angular_L	Angular_R	Precuneus_L	Precuneus_R	Paracentral_Lobule_L	Paracentral_Lobule_R	Caudate_L	Caudate_R	Putamen_L	Putamen_R	Pallidum_L	Pallidum_R	Thalamus_L	Thalamus_R	Heschl_L	Heschl_R	Temporal_Sup_L	Temporal_Sup_R	Temporal_Pole_Sup_L	Temporal_Pole_Sup_R	Temporal_Mid_L	Temporal_Mid_R	Temporal_Pole_Mid_L	Temporal_Pole_Mid_R	Temporal_Inf_L	Temporal_Inf_R	Cerebelum_Crus1_L	Cerebelum_Crus1_R	Cerebelum_Crus2_L	Cerebelum_Crus2_R	Cerebelum_3_L	Cerebelum_3_R	Cerebelum_4_5_L	Cerebelum_4_5_R	Cerebelum_6_L	Cerebelum_6_R	Cerebelum_7b_L	Cerebelum_7b_R	Cerebelum_8_L	Cerebelum_8_R	Cerebelum_9_L	Cerebelum_9_R	Cerebelum_10_L	Cerebelum_10_R	Vermis_1_2	Vermis_3	Vermis_4_5	Vermis_6	Vermis_7	Vermis_8	Vermis_9	Vermis_10	
585172	Precentral_L	0	10320	34616	1436	0	0	27474	1350	0	0	29028	1274	10648	314	100	0	14322	214	25630	13036	0	0	256	0	0	0	0	0	8266	396	252	382	150	7016	1828	1772	2616	90	0	0	0	0	0	0	0	0	0	0	0	0	2360	0	164	0	210	0	32798	1090	942	0	6902	0	3964	0	2950	0	150	124	11250	11692	2810	622	6604	350	2860	134	2770	194	3828	0	3720	0	0	0	834	0	0	0	478	0	0	0	0	0	0	0	0	0	0	0	0	0	0	0	0	0	0	0	0	0	0	0	0	0	0	0	
346172	Precentral_R	10320	0	4860	28270	0	0	1420	10648	0	0	352	9042	116	100	0	0	526	1148	7846	12256	0	0	0	114	0	0	0	0	704	1756	154	138	1518	1080	722	904	764	3368	0	372	0	0	0	0	0	130	0	0	0	140	194	244	0	0	142	370	2374	23524	0	944	220	1926	236	1626	246	158	0	654	5124	13190	768	7574	1158	1522	0	0	832	10038	434	0	100	120	0	0	0	0	0	0	254	346	0	0	0	0	0	0	0	0	0	0	0	0	0	0	0	0	0	0	0	0	0	0	0	0	0	0	
1.08967e+06	Frontal_Sup_L	34616	4860	0	8440	14044	0	81604	3454	5326	0	20722	1106	34674	1754	15948	890	10550	206	83722	11362	960	854	48584	12616	1410	448	2320	112	32328	1106	23028	9248	4558	8642	0	0	2782	278	0	108	0	0	0	0	0	0	0	0	0	0	0	0	0	0	298	0	5778	650	0	0	1036	0	868	0	150	0	0	0	4748	110	9400	2226	21550	1262	3690	148	3224	246	2206	0	2824	0	806	0	324	0	0	0	630	0	0	0	0	0	0	0	0	0	0	0	0	0	0	0	0	0	0	0	0	0	0	0	0	0	0	0	
672948	Frontal_Sup_R	1436	28270	8440	0	0	5770	1454	34948	0	1494	560	15598	748	12106	594	2284	188	2920	6882	41796	0	284	13348	32936	0	2938	0	1808	860	11574	2008	22286	1306	15146	88	0	0	4082	0	1490	0	0	0	0	0	0	0	0	0	0	0	0	0	0	0	1120	562	2906	0	208	0	382	0	396	0	0	0	168	1854	380	1638	17782	252	15674	0	466	458	15914	0	0	0	190	0	0	0	0	0	0	0	482	0	0	0	0	0	0	0	0	0	0	0	0	0	0	0	0	0	0	0	0	0	0	0	0	0	0	
183364	Frontal_Sup_Orb_L	0	0	14044	0	0	0	2772	0	15774	0	108	0	2248	0	12884	0	0	0	352	0	2268	1140	5000	126	6160	102	7534	0	6702	0	4096	110	0	0	0	0	0	0	0	0	0	0	0	0	0	0	0	0	0	0	0	0	0	0	0	0	0	0	0	0	0	0	0	0	0	0	0	0	0	0	3936	972	4974	0	0	0	0	0	0	0	0	0	380	0	0	0	0	0	0	0	0	0	0	0	0	0	0	0	0	0	0	0	0	0	0	0	0	0	0	0	0	0	0	0	0	0	
107284	Frontal_Sup_Orb_R	0	0	0	5770	0	0	0	910	0	3874	0	94	0	424	0	5908	0	0	0	0	816	2700	184	1624	112	7938	296	8700	0	1578	860	2078	0	0	0	0	0	0	0	0	0	0	0	0	0	0	0	0	0	0	0	0	0	0	0	0	0	0	0	0	0	0	0	0	0	0	0	0	0	0	930	3186	338	5322	0	0	0	0	0	0	0	0	0	0	0	0	0	0	0	0	0	0	0	0	0	0	0	0	0	0	0	0	0	0	0	0	0	0	0	0	0	0	0	0	0	0	
567060	Frontal_Mid_L	27474	1420	81604	1454	2772	0	0	794	5056	0	20330	952	42606	820	10928	500	4914	0	14990	2058	0	0	16648	2348	0	0	94	0	16908	352	8132	1976	2776	2076	0	0	540	0	0	0	0	0	0	0	0	0	0	0	0	0	144	0	0	0	0	0	2216	0	0	0	1028	0	732	0	186	0	0	0	244	250	1660	294	1544	256	0	102	672	0	2016	0	1132	0	172	0	188	0	0	0	172	0	0	0	0	0	0	0	0	0	0	0	0	0	0	0	0	0	0	0	0	0	0	0	0	0	0	0	
254732	Frontal_Mid_R	1350	10648	3454	34948	0	910	794	0	0	1404	868	8730	544	17482	92	2062	238	354	4498	13412	0	0	572	2276	0	0	0	0	1058	5466	1326	2750	520	1940	0	0	0	458	0	232	0	0	0	0	0	0	0	0	0	0	0	0	0	0	0	208	154	252	0	0	0	0	0	0	0	0	0	0	166	0	1826	2036	290	3298	0	0	172	244	0	0	0	244	90	0	0	0	0	0	0	0	0	0	0	0	0	0	0	0	0	0	0	0	0	0	0	0	0	0	0	0	0	0	0	0	0	0	
106056	Frontal_Mid_Orb_L	0	0	5326	0	15774	0	5056	0	0	0	0	0	2714	0	14714	0	0	0	0	0	0	110	0	0	614	0	3226	0	3020	0	110	0	0	0	0	0	0	0	0	0	0	0	0	0	0	0	0	0	0	0	0	0	0	0	0	0	0	0	0	0	0	0	0	0	0	0	0	0	0	0	1164	100	936	0	0	0	0	0	0	0	0	0	164	0	0	0	0	0	0	0	0	0	0	0	0	0	0	0	0	0	0	0	0	0	0	0	0	0	0	0	0	0	0	0	0	0	
42440	Frontal_Mid_Orb_R	0	0	0	1494	0	3874	0	1404	0	0	0	0	0	412	0	9522	0	0	0	0	94	562	0	0	0	0	0	604	0	1252	0	0	0	0	0	0	0	0	0	0	0	100	0	0	0	0	0	0	0	0	0	0	0	0	0	0	0	0	0	0	0	0	0	0	0	0	0	0	0	0	184	460	94	1164	0	0	0	0	0	0	0	0	0	0	0	0	0	0	0	0	0	0	0	0	0	0	0	0	0	0	0	0	0	0	0	0	0	0	0	0	0	0	0	0	0	0	
333180	Frontal_Inf_Oper_L	29028	352	20722	560	108	0	20330	868	0	0	0	774	22728	2866	630	1794	13348	0	12406	560	0	0	972	0	0	0	0	0	17212	1016	2522	306	88	292	0	0	300	0	0	0	0	0	0	0	0	0	0	0	0	0	0	0	0	0	0	0	1698	0	0	0	0	0	0	0	0	0	0	0	260	0	6186	578	1990	150	0	0	400	0	1462	0	2070	0	2014	0	0	0	0	0	0	0	0	0	0	0	0	0	0	0	0	0	0	0	0	0	0	0	0	0	0	0	0	0	0	0	0	0	
256060	Frontal_Inf_Oper_R	1274	9042	1106	15598	0	94	952	8730	0	0	774	0	1016	8542	104	0	374	8094	5882	17818	0	0	576	2062	0	270	0	0	1160	11376	1878	4568	128	5846	108	140	630	1310	0	828	0	0	0	0	0	0	0	0	0	0	180	0	0	0	90	490	470	3398	0	160	190	370	304	244	226	0	0	0	446	0	792	1266	1336	5284	0	0	812	176	448	0	116	360	0	266	0	0	0	0	204	122	0	0	0	0	0	0	0	0	0	0	0	0	0	0	0	0	0	0	0	0	0	0	0	0	0	0	
434252	Frontal_Inf_Tri_L	10648	116	34674	748	2248	0	42606	544	2714	0	22728	1016	0	2946	26020	1330	426	0	8966	992	286	86	6808	1210	0	0	236	0	30970	1648	6952	730	614	716	0	0	0	0	0	0	0	0	0	0	0	0	0	0	0	0	0	0	0	0	0	0	0	0	0	0	0	0	0	0	0	0	0	0	0	0	3456	264	2664	150	0	0	170	0	0	0	92	0	1352	0	0	0	0	0	0	0	0	0	0	0	0	0	0	0	0	0	0	0	0	0	0	0	0	0	0	0	0	0	0	0	0	0	
274804	Frontal_Inf_Tri_R	314	100	1754	12106	0	424	820	17482	0	412	2866	8542	2946	0	324	8188	334	114	3444	9504	0	0	1292	7124	0	0	0	0	2764	23832	2466	7882	134	7724	0	0	0	0	0	0	0	0	0	0	0	0	0	0	0	0	0	0	0	0	0	0	0	0	0	0	0	0	0	0	0	0	0	0	0	0	3296	3166	574	7114	0	0	124	0	0	0	0	98	138	0	0	0	0	0	0	0	0	0	0	0	0	0	0	0	0	0	0	0	0	0	0	0	0	0	0	0	0	0	0	0	0	0	
259164	Frontal_Inf_Orb_L	100	0	15948	594	12884	0	10928	92	14714	0	630	104	26020	324	0	86	0	0	2056	416	2212	564	3932	1158	176	0	2604	0	19098	234	1140	264	94	340	0	0	200	0	220	0	272	0	0	0	0	0	0	0	0	0	0	0	0	0	0	0	0	0	0	0	0	0	0	0	0	0	0	0	0	0	3728	606	4586	0	0	0	92	0	0	0	248	0	2760	0	158	0	0	0	0	0	0	0	0	0	0	0	0	0	0	0	0	0	0	0	0	0	0	0	0	0	0	0	0	0	0	0	
115780	Frontal_Inf_Orb_R	0	0	890	2284	0	5908	500	2062	0	9522	1794	0	1330	8188	86	0	234	0	336	294	754	2560	244	158	0	274	256	2778	1784	6476	964	626	0	0	0	0	0	0	0	0	0	160	0	0	0	0	0	0	0	0	0	0	0	0	0	0	0	0	0	0	0	0	0	0	0	0	0	0	0	0	2280	2320	554	1992	0	0	0	0	0	0	0	0	90	192	0	0	0	0	0	0	0	0	0	0	0	0	0	0	0	0	0	0	0	0	0	0	0	0	0	0	0	0	0	0	0	0	
259680	Rolandic_Oper_L	14322	526	10550	188	0	0	4914	238	0	0	13348	374	426	334	0	234	0	0	8878	114	0	0	124	0	0	0	0	0	23668	0	272	0	0	0	0	0	3104	0	0	0	0	0	0	0	0	0	224	0	0	0	864	0	634	0	348	0	6100	0	0	0	876	0	3420	0	1322	0	0	0	200	0	2642	316	3506	0	200	0	456	0	6668	0	12976	0	2038	0	3160	0	0	0	2276	0	0	0	0	0	0	0	0	0	0	0	0	0	0	0	0	0	0	0	0	0	0	0	0	0	0	0	
107576	Rolandic_Oper_R	214	1148	206	2920	0	0	0	354	0	0	0	8094	0	114	0	0	0	0	628	6798	0	0	0	96	0	0	0	0	0	11686	0	224	0	0	0	0	0	2398	0	1120	0	0	0	0	0	0	0	0	0	0	0	0	0	0	0	670	0	1874	0	88	0	208	0	1042	0	0	0	0	0	0	308	1220	0	5852	0	736	128	288	0	1540	0	2984	0	412	0	224	0	0	0	214	0	0	0	0	0	0	0	0	0	0	0	0	0	0	0	0	0	0	0	0	0	0	0	0	0	0	
811668	Supp_Motor_Area_L	25630	7846	83722	6882	352	0	14990	4498	0	0	12406	5882	8966	3444	2056	336	8878	628	0	41786	0	94	6256	2220	120	0	422	0	13114	2444	11014	7886	10320	26320	244	0	3064	442	102	242	0	0	0	0	0	0	0	0	98	0	0	0	0	0	196	0	4380	1412	0	0	0	108	132	130	0	0	130	0	27704	2558	9792	1528	17200	1448	4944	166	15576	542	1394	0	2530	0	232	0	178	0	0	0	850	0	0	0	0	0	0	0	0	0	0	0	0	0	0	0	0	0	0	0	0	0	0	0	0	0	0	0	
770668	Supp_Motor_Area_R	13036	12256	11362	41796	0	0	2058	13412	0	0	560	17818	992	9504	416	294	114	6798	41786	0	0	0	2536	10978	0	88	0	0	418	12190	6440	18858	6372	50148	250	1396	206	3336	0	1814	0	0	0	132	0	360	0	0	0	340	0	324	0	0	0	1242	1764	4016	0	284	0	308	0	646	0	0	120	890	8968	17572	1840	26008	338	15980	0	1942	528	13318	186	0	0	230	0	144	0	0	0	0	84	538	0	0	0	0	0	0	0	0	0	0	0	0	0	0	0	0	0	0	0	0	0	0	0	0	0	0	
94488	Olfactory_L	0	0	960	0	2268	816	0	0	0	94	0	0	286	0	2212	754	0	0	0	0	0	6784	294	0	188	0	3132	1296	3062	524	3224	2354	0	0	0	0	348	0	620	0	654	0	0	0	0	0	0	0	0	0	0	0	0	0	0	0	0	0	0	0	0	0	0	0	0	0	0	0	0	0	6518	5140	2902	2028	0	0	0	0	0	0	0	0	786	0	0	0	0	0	0	0	0	0	0	0	0	0	0	0	0	0	0	0	0	0	0	0	0	0	0	0	0	0	0	0	0	0	
124596	Olfactory_R	0	0	854	284	1140	2700	0	0	110	562	0	0	86	0	564	2560	0	0	94	0	6784	0	396	462	86	1598	2988	3682	378	1622	3252	3466	0	0	0	0	0	0	0	188	0	330	0	0	0	0	0	0	0	0	0	0	0	0	0	0	0	0	0	0	0	0	0	0	0	0	0	0	0	0	9154	9492	4742	4604	0	0	0	0	0	0	0	0	0	120	0	0	0	0	0	0	0	0	0	0	0	0	0	0	0	0	0	0	0	0	0	0	0	0	0	0	0	0	0	0	0	0	
423500	Frontal_Sup_Medial_L	256	0	48584	13348	5000	184	16648	572	0	0	972	576	6808	1292	3932	244	124	0	6256	2536	294	396	0	27968	2864	1762	1040	156	3984	1038	24138	19336	3744	10630	0	0	0	0	0	0	0	0	0	0	0	0	0	0	0	0	0	0	0	0	0	0	0	0	0	0	0	0	0	0	0	0	0	0	0	0	1536	1354	2984	1194	0	0	0	0	0	0	0	0	0	0	0	0	0	0	0	0	0	0	0	0	0	0	0	0	0	0	0	0	0	0	0	0	0	0	0	0	0	0	0	0	0	0	
377856	Frontal_Sup_Medial_R	0	114	12616	32936	126	1624	2348	2276	0	0	0	2062	1210	7124	1158	158	0	96	2220	10978	0	462	27968	0	88	6008	0	366	342	6720	8536	30532	812	15524	0	0	0	0	0	0	0	0	0	0	0	0	0	0	0	0	0	0	0	0	0	0	0	0	0	0	0	0	0	0	0	0	0	0	0	0	520	5498	416	8090	0	0	0	0	0	0	0	0	0	0	0	0	0	0	0	0	0	0	0	0	0	0	0	0	0	0	0	0	0	0	0	0	0	0	0	0	0	0	0	0	0	0	
37208	Frontal_Med_Orb_L	0	0	1410	0	6160	112	0	0	614	0	0	0	0	0	176	0	0	0	120	0	188	86	2864	88	0	634	2228	0	190	0	2816	146	0	0	0	0	0	0	0	0	0	0	0	0	0	0	0	0	0	0	0	0	0	0	0	0	0	0	0	0	0	0	0	0	0	0	0	0	0	0	300	0	472	0	0	0	0	0	0	0	0	0	0	0	0	0	0	0	0	0	0	0	0	0	0	0	0	0	0	0	0	0	0	0	0	0	0	0	0	0	0	0	0	0	0	0	
98960	Frontal_Med_Orb_R	0	0	448	2938	102	7938	0	0	0	0	0	270	0	0	0	274	0	0	0	88	0	1598	1762	6008	634	0	94	5802	0	0	3512	7792	0	0	0	0	0	0	0	0	0	0	0	0	0	0	0	0	0	0	0	0	0	0	0	0	0	0	0	0	0	0	0	0	0	0	0	0	0	0	522	3912	140	5646	0	0	0	0	0	0	0	0	0	0	0	0	0	0	0	0	0	0	0	0	0	0	0	0	0	0	0	0	0	0	0	0	0	0	0	0	0	0	0	0	0	0	
87720	Rectus_L	0	0	2320	0	7534	296	94	0	3226	0	0	0	236	0	2604	256	0	0	422	0	3132	2988	1040	0	2228	94	0	614	1584	160	3840	1580	0	0	0	0	0	0	0	0	0	0	0	0	0	0	0	0	0	0	0	0	0	0	0	0	0	0	0	0	0	0	0	0	0	0	0	0	0	0	5062	2114	1842	594	0	0	0	0	0	0	0	0	0	0	0	0	0	0	0	0	0	0	0	0	0	0	0	0	0	0	0	0	0	0	0	0	0	0	0	0	0	0	0	0	0	0	
71328	Rectus_R	0	0	112	1808	0	8700	0	0	0	604	0	0	0	0	0	2778	0	0	0	0	1296	3682	156	366	0	5802	614	0	0	1222	1110	2272	0	0	0	0	0	0	0	0	0	0	0	0	0	0	0	0	0	0	0	0	0	0	0	0	0	0	0	0	0	0	0	0	0	0	0	0	0	0	906	2574	388	1274	0	0	0	0	0	0	0	0	0	0	0	0	0	0	0	0	0	0	0	0	0	0	0	0	0	0	0	0	0	0	0	0	0	0	0	0	0	0	0	0	0	0	
576516	Insula_L	8266	704	32328	860	6702	0	16908	1058	3020	0	17212	1160	30970	2764	19098	1784	23668	0	13114	418	3062	378	3984	342	190	0	1584	0	0	758	10790	686	650	316	0	0	9890	104	1132	0	2196	0	0	0	0	0	0	0	0	0	322	0	268	0	1476	0	2564	0	0	0	132	0	374	0	180	0	0	0	282	0	9248	922	22446	226	0	0	1342	0	8556	0	9202	0	6334	0	3008	0	0	0	5280	0	0	0	0	0	0	0	0	0	0	0	0	0	0	0	0	0	0	0	0	0	0	0	0	0	0	0	
378200	Insula_R	396	1756	1106	11574	0	1578	352	5466	0	1252	1016	11376	1648	23832	234	6476	0	11686	2444	12190	524	1622	1038	6720	0	0	160	1222	758	0	1758	7626	132	5542	0	0	0	5862	0	2302	0	1438	0	0	0	0	0	0	0	0	0	0	0	88	0	4070	0	1470	0	0	0	0	0	144	0	0	0	0	0	0	1780	3378	602	25932	0	0	216	1020	0	4044	0	7778	0	1374	0	2720	0	0	0	3398	0	0	0	0	0	0	0	0	0	0	0	0	0	0	0	0	0	0	0	0	0	0	0	0	0	0	
409132	Cingulum_Ant_L	252	154	23028	2008	4096	860	8132	1326	110	0	2522	1878	6952	2466	1140	964	272	0	11014	6440	3224	3252	24138	8536	2816	3512	3840	1110	10790	1758	0	27006	3408	9446	0	0	0	0	0	0	0	0	0	0	0	0	0	0	0	0	0	0	0	0	0	0	0	0	0	0	0	0	0	0	0	0	0	0	118	0	9766	3940	11940	2080	0	0	164	0	0	0	0	0	108	0	0	0	0	0	0	0	0	0	0	0	0	0	0	0	0	0	0	0	0	0	0	0	0	0	0	0	0	0	0	0	0	0	
497116	Cingulum_Ant_R	382	138	9248	22286	110	2078	1976	2750	0	0	306	4568	730	7882	264	626	0	224	7886	18858	2354	3466	19336	30532	146	7792	1580	2272	686	7626	27006	0	3066	26022	0	0	0	0	0	0	0	0	0	0	0	0	0	0	0	0	0	0	0	0	0	0	106	0	0	0	0	0	0	0	0	0	0	0	0	0	3204	17416	1560	13778	0	0	200	98	0	0	0	0	0	0	0	0	0	0	0	0	0	0	0	0	0	0	0	0	0	0	0	0	0	0	0	0	0	0	0	0	0	0	0	0	0	0	
145592	Cingulum_Mid_L	150	1518	4558	1306	0	0	2776	520	0	0	88	128	614	134	94	0	0	0	10320	6372	0	0	3744	812	0	0	0	0	650	132	3408	3066	0	12162	3088	676	0	0	0	0	0	0	84	356	180	918	0	0	386	406	578	346	0	0	0	0	104	1492	0	0	0	0	0	0	146	0	2270	2442	3684	2844	244	0	0	0	0	0	0	0	0	0	0	0	0	0	0	0	0	0	0	0	0	0	0	0	0	0	0	0	0	0	0	0	0	0	0	0	0	0	0	0	0	0	0	0	0	0	
486296	Cingulum_Mid_R	7016	1080	8642	15146	0	0	2076	1940	0	0	292	5846	716	7724	340	0	0	0	26320	50148	0	0	10630	15524	0	0	0	0	316	5542	9446	26022	12162	0	1038	5286	98	0	0	0	0	0	0	390	0	778	0	0	0	190	0	172	0	0	0	0	828	2660	0	0	0	0	0	178	0	0	298	3300	5098	12352	516	768	104	1670	0	0	296	90	110	0	0	0	0	0	0	0	0	0	0	0	0	0	0	0	0	0	0	0	0	0	0	0	0	0	0	0	0	0	0	0	0	0	0	0	0	0	
134640	Cingulum_Post_L	1828	722	0	88	0	0	0	0	0	0	0	108	0	0	0	0	0	0	244	250	0	0	0	0	0	0	0	0	0	0	0	0	3088	1038	0	8770	1340	1760	288	768	0	0	6436	174	4834	0	588	106	750	0	4980	0	1074	0	192	504	2148	1198	0	0	0	0	0	0	418	0	8500	1682	6624	1186	0	0	0	0	0	0	0	0	192	0	84	0	0	0	3878	0	0	0	1480	0	0	0	0	0	0	0	0	0	0	0	0	0	0	0	0	0	0	0	0	0	0	0	0	0	0	0	
111744	Cingulum_Post_R	1772	904	0	0	0	0	0	0	0	0	0	140	0	0	0	0	0	0	0	1396	0	0	0	0	0	0	0	0	0	0	0	0	676	5286	8770	0	738	2920	0	1306	0	0	0	1380	0	686	0	1176	0	430	0	440	0	832	0	2142	674	3724	0	0	0	0	0	132	0	0	308	9784	3066	5492	0	0	0	0	0	0	0	0	0	0	0	0	0	0	0	182	0	0	0	1222	0	0	0	0	0	0	0	0	0	0	0	0	0	0	0	0	0	0	0	0	294	0	0	0	0	0	
183044	Hippocampus_L	2616	764	2782	0	0	0	540	0	0	0	300	630	0	0	200	0	3104	0	3064	206	348	0	0	0	0	0	0	0	9890	0	0	0	0	98	1340	738	0	944	7956	550	6916	0	854	0	0	0	1606	140	0	0	254	0	634	0	10214	216	242	0	0	0	0	0	0	0	0	0	1800	442	1516	166	100	0	7984	0	396	0	3718	92	2066	0	2336	0	570	0	1286	0	110	0	11120	0	248	0	0	0	0	0	292	0	134	0	0	0	0	0	0	0	0	0	0	0	0	0	0	0	0	0	
214168	Hippocampus_R	90	3368	278	4082	0	0	0	458	0	0	0	1310	0	0	0	0	0	2398	442	3336	0	0	0	0	0	0	0	0	104	5862	0	0	0	0	1760	2920	944	0	0	20142	0	7614	0	106	0	0	0	3078	0	0	0	0	0	182	0	16222	0	796	0	0	0	0	0	846	0	0	0	2442	786	206	0	0	86	13134	0	398	828	5164	0	734	0	1402	0	534	0	510	0	110	0	2982	0	0	0	0	0	0	0	1018	0	0	0	0	0	0	0	0	0	0	0	0	412	0	0	0	0	0	
56732	ParaHippocampal_L	0	0	0	0	0	0	0	0	0	0	0	0	0	0	220	0	0	0	102	0	620	0	0	0	0	0	0	0	1132	0	0	0	0	0	288	0	7956	0	0	0	2184	0	352	0	0	0	2032	0	0	0	292	0	1456	0	5276	0	0	0	0	0	0	0	0	0	0	0	878	0	0	0	0	0	588	0	0	0	438	0	0	0	0	0	1400	0	104	0	924	0	830	0	150	0	0	0	208	0	442	0	494	0	0	0	0	0	0	0	0	0	0	0	0	0	0	0	0	0	
140356	ParaHippocampal_R	0	372	108	1490	0	0	0	232	0	0	0	828	0	0	0	0	0	1120	242	1814	0	188	0	0	0	0	0	0	0	2302	0	0	0	0	768	1306	550	20142	0	0	0	5200	0	304	0	0	0	2988	0	0	0	0	0	172	0	9196	0	154	0	0	0	0	0	0	0	0	0	1928	106	0	0	0	0	7146	0	340	360	3344	0	0	0	174	0	3652	0	0	0	2010	0	366	0	0	0	0	0	0	0	848	0	236	0	0	0	0	0	0	0	0	0	0	192	0	0	0	0	0	
36272	Amygdala_L	0	0	0	0	0	0	0	0	0	0	0	0	0	0	272	0	0	0	0	0	654	0	0	0	0	0	0	0	2196	0	0	0	0	0	0	0	6916	0	2184	0	0	0	0	0	0	0	0	0	0	0	0	0	0	0	2754	0	0	0	0	0	0	0	0	0	0	0	0	0	0	0	0	0	1042	0	0	0	0	0	0	0	0	0	732	0	102	0	186	0	1098	0	0	0	0	0	0	0	0	0	0	0	0	0	0	0	0	0	0	0	0	0	0	0	0	0	0	0	
44000	Amygdala_R	0	0	0	0	0	0	0	0	0	100	0	0	0	0	0	160	0	0	0	0	0	330	0	0	0	0	0	0	0	1438	0	0	0	0	0	0	0	7614	0	5200	0	0	0	0	0	0	0	0	0	0	0	0	0	0	0	3180	0	0	0	0	0	0	0	0	0	0	0	0	0	0	0	0	0	2158	0	0	0	0	0	0	0	0	0	1606	0	0	0	214	0	0	0	0	0	0	0	0	0	0	0	0	0	0	0	0	0	0	0	0	0	0	0	0	0	0	0	0	
281860	Calcarine_L	0	0	0	0	0	0	0	0	0	0	0	0	0	0	0	0	0	0	0	0	0	0	0	0	0	0	0	0	0	0	0	0	84	0	6436	0	854	0	352	0	0	0	0	4376	16382	2638	13036	1460	12304	686	38742	292	8920	0	1928	250	0	0	0	0	0	0	0	0	278	0	16122	184	0	0	0	0	0	0	0	0	0	0	406	0	152	0	0	0	6124	0	0	0	1460	0	1168	118	302	0	0	0	2700	172	2342	242	0	0	0	0	0	0	0	0	0	0	420	0	0	0	0	0	
275560	Calcarine_R	0	0	0	0	0	0	0	0	0	0	0	0	0	0	0	0	0	0	0	132	0	0	0	0	0	0	0	0	0	0	0	0	356	390	174	1380	0	106	0	304	0	0	4376	0	2316	29372	514	19646	114	22486	0	11678	0	3698	0	13394	0	1650	0	300	0	0	0	204	0	102	400	20374	0	1202	0	0	0	0	0	0	0	0	0	0	0	0	0	0	0	1112	0	0	0	2000	0	0	0	0	0	0	0	0	0	0	0	0	0	0	0	0	0	0	0	0	0	0	0	0	0	0	
152296	Cuneus_L	0	0	0	0	0	0	0	0	0	0	0	0	0	0	0	0	0	0	0	0	0	0	0	0	0	0	0	0	0	0	0	0	180	0	4834	0	0	0	0	0	0	0	16382	2316	0	4304	364	372	13482	1014	16024	174	932	0	0	0	0	0	750	0	0	0	0	0	150	0	7760	930	114	0	0	0	0	0	0	0	0	0	370	0	144	0	0	0	4268	0	0	0	1284	0	0	0	0	0	0	0	0	0	0	0	0	0	0	0	0	0	0	0	0	0	0	0	0	0	0	0	
274552	Cuneus_R	0	130	0	0	0	0	0	0	0	0	0	0	0	0	0	0	0	0	0	360	0	0	0	0	0	0	0	0	0	0	0	0	918	778	0	686	0	0	0	0	0	0	2638	29372	4304	0	368	7190	332	35530	0	13728	0	1332	0	5876	0	2830	0	4370	0	84	0	170	0	0	1754	21048	0	2404	0	0	0	0	0	0	0	0	0	0	0	0	0	0	0	454	0	0	0	620	0	0	0	0	0	0	0	0	0	0	0	0	0	0	0	0	0	0	0	0	0	0	0	0	0	0	
175724	Lingual_L	0	0	0	0	0	0	0	0	0	0	0	0	0	0	0	0	224	0	0	0	0	0	0	0	0	0	0	0	0	0	0	0	0	0	588	0	1606	0	2032	0	0	0	13036	514	364	368	0	738	1616	0	11340	0	10212	0	9542	0	0	0	0	0	0	0	0	0	0	0	2270	0	0	0	0	0	0	0	0	0	0	0	312	0	312	0	0	0	1720	0	0	0	1568	0	4684	278	750	120	448	0	8644	0	10278	292	0	0	0	0	342	0	0	0	0	226	1116	1918	220	0	0	184	
279048	Lingual_R	0	0	0	0	0	0	0	0	0	0	0	0	0	0	0	0	0	0	0	0	0	0	0	0	0	0	0	0	0	0	0	0	0	0	106	1176	140	3078	0	2988	0	0	1460	19646	372	7190	738	0	0	6100	0	2730	0	2786	234	19024	0	424	0	0	0	0	0	0	0	0	0	12384	0	324	0	0	0	0	0	0	0	1038	0	0	0	0	0	0	0	186	0	0	0	838	1760	6596	1006	508	198	274	1536	6652	5096	9616	148	106	108	254	640	370	0	0	0	204	10426	8690	932	264	338	840	
151292	Occipital_Sup_L	0	0	0	0	0	0	0	0	0	0	0	0	0	0	0	0	0	0	98	0	0	0	0	0	0	0	0	0	0	0	0	0	386	0	750	0	0	0	0	0	0	0	12304	114	13482	332	1616	0	0	0	26724	0	298	0	0	0	0	0	7196	0	342	0	0	0	0	0	11200	394	158	0	0	0	0	0	0	0	0	0	0	0	0	0	0	0	166	0	0	0	86	0	0	0	0	0	0	0	0	0	0	0	0	0	0	0	0	0	0	0	0	0	0	0	0	0	0	0	
270200	Occipital_Sup_R	0	140	0	0	0	0	0	0	0	0	0	0	0	0	0	0	0	0	0	340	0	0	0	0	0	0	0	0	0	0	0	0	406	190	0	430	0	0	0	0	0	0	686	22486	1014	35530	0	6100	0	0	0	24876	0	1554	0	5630	0	3376	0	7918	0	482	0	376	0	2866	554	15926	0	1824	0	0	0	0	0	0	0	0	0	0	0	0	0	0	0	1238	0	0	0	1158	0	0	0	0	0	0	0	0	0	0	0	0	0	0	0	0	0	0	0	0	0	0	0	0	0	0	
480244	Occipital_Mid_L	2360	194	0	0	0	0	144	0	0	0	0	180	0	0	0	0	864	0	0	0	0	0	0	0	0	0	0	0	322	0	0	0	578	0	4980	0	254	0	292	0	0	0	38742	0	16024	0	11340	0	26724	0	0	0	19038	0	4202	0	6834	0	13424	0	14406	0	2682	0	17314	0	24140	130	814	0	0	0	0	0	0	0	0	0	2050	0	1884	0	0	0	25602	0	0	0	4604	0	0	0	0	0	0	0	0	0	0	0	0	0	0	0	0	0	0	0	0	0	0	0	0	0	0	0	
231080	Occipital_Mid_R	0	244	0	0	0	0	0	0	0	0	0	0	0	0	0	0	0	0	0	324	0	0	0	0	0	0	0	0	0	0	0	0	346	172	0	440	0	0	0	0	0	0	292	11678	174	13728	0	2730	0	24876	0	0	0	4366	0	3414	0	2948	0	4440	0	3246	0	3552	0	12216	266	9344	0	1812	0	0	0	0	0	0	0	0	0	0	0	898	0	0	0	10506	0	0	0	3528	0	0	0	0	0	0	0	0	0	0	0	0	0	0	0	0	0	0	0	0	0	0	0	0	0	0	
158768	Occipital_Inf_L	164	0	0	0	0	0	0	0	0	0	0	0	0	0	0	0	634	0	0	0	0	0	0	0	0	0	0	0	268	0	0	0	0	0	1074	0	634	0	1456	0	0	0	8920	0	932	0	10212	0	298	0	19038	0	0	0	10980	0	260	0	0	0	0	0	108	0	112	0	1080	0	148	0	0	0	0	0	0	0	0	0	1500	0	1040	0	0	0	7298	0	0	0	10278	0	284	0	0	0	0	0	472	0	1926	0	0	0	0	0	0	0	0	0	0	0	98	170	0	0	0	0	
64752	Occipital_Inf_R	0	0	0	0	0	0	0	0	0	0	0	0	0	0	0	0	0	0	0	0	0	0	0	0	0	0	0	0	0	88	0	0	0	0	0	832	0	182	0	172	0	0	0	3698	0	1332	0	2786	0	1554	0	4366	0	0	0	7890	0	368	0	0	0	90	0	1256	0	0	0	1536	0	274	0	0	0	0	0	0	0	0	0	158	0	128	0	0	0	1322	0	0	0	4344	0	0	0	0	0	0	0	0	0	0	0	0	0	0	0	0	0	0	0	0	0	0	0	0	0	0	
284940	Fusiform_L	210	142	298	0	0	0	0	0	0	0	0	90	0	0	0	0	348	0	196	0	0	0	0	0	0	0	0	0	1476	0	0	0	0	0	192	0	10214	0	5276	0	2754	0	1928	0	0	0	9542	234	0	0	4202	0	10980	0	0	0	0	0	0	0	0	0	0	0	0	0	0	0	98	86	0	0	1342	0	0	0	582	0	266	0	814	0	3868	0	3798	0	2882	0	15268	0	21302	0	1472	0	84	0	11904	0	26910	0	832	0	1280	0	550	0	0	0	0	0	446	516	88	0	0	0	
338852	Fusiform_R	0	370	0	1120	0	0	0	208	0	0	0	490	0	0	0	0	0	670	0	1242	0	0	0	0	0	0	0	0	0	4070	0	0	0	0	504	2142	216	16222	0	9196	0	3180	250	13394	0	5876	0	19024	0	5630	0	3414	0	7890	0	0	0	450	0	84	0	106	0	1332	0	0	0	6778	0	182	0	0	0	5674	0	86	110	1044	0	1152	0	3210	0	5838	0	3566	0	2314	0	17474	0	8058	0	254	0	222	0	3702	396	9364	0	0	0	206	120	0	0	0	0	0	1412	1056	0	0	0	128	
267080	Postcentral_L	32798	2374	5778	562	0	0	2216	154	0	0	1698	470	0	0	0	0	6100	0	4380	1764	0	0	0	0	0	0	0	0	2564	0	0	106	104	828	2148	674	242	0	0	0	0	0	0	0	0	0	0	0	0	0	6834	0	260	0	0	0	0	0	8290	0	19650	0	12970	0	7674	0	3268	134	2768	188	262	116	152	0	86	0	262	0	886	0	3148	0	0	0	1138	0	0	0	494	0	0	0	0	0	0	0	0	0	0	0	0	0	0	0	0	0	0	0	0	0	0	0	0	0	0	0	
247400	Postcentral_R	1090	23524	650	2906	0	0	0	252	0	0	0	3398	0	0	0	0	0	1874	1412	4016	0	0	0	0	0	0	0	0	0	1470	0	0	1492	2660	1198	3724	0	796	0	154	0	0	0	1650	0	2830	0	424	0	3376	0	2948	0	368	0	450	0	0	0	6490	0	7212	0	9330	0	648	114	9906	5038	17476	0	216	0	1194	0	108	0	396	0	0	0	316	0	0	0	1054	0	0	0	1540	0	0	0	0	0	0	0	0	0	0	0	0	0	0	0	0	0	0	0	0	0	0	0	0	0	0	
111772	Parietal_Sup_L	942	0	0	0	0	0	0	0	0	0	0	0	0	0	0	0	0	0	0	0	0	0	0	0	0	0	0	0	0	0	0	0	0	0	0	0	0	0	0	0	0	0	0	0	750	0	0	0	7196	0	13424	0	0	0	0	0	8290	0	0	0	9466	0	0	0	2886	0	12726	96	110	0	0	0	0	0	0	0	0	0	0	0	0	0	0	0	0	0	0	0	0	0	0	0	0	0	0	0	0	0	0	0	0	0	0	0	0	0	0	0	0	0	0	0	0	0	0	0	
93620	Parietal_Sup_R	0	944	0	208	0	0	0	0	0	0	0	160	0	0	0	0	0	88	0	284	0	0	0	0	0	0	0	0	0	0	0	0	0	0	0	0	0	0	0	0	0	0	0	300	0	4370	0	0	0	7918	0	4440	0	0	0	84	0	6490	0	0	0	7290	0	2618	0	3780	192	6524	0	782	0	0	0	0	0	0	0	0	0	0	0	0	0	0	0	186	0	0	0	152	0	0	0	0	0	0	0	0	0	0	0	0	0	0	0	0	0	0	0	0	0	0	0	0	0	0	
187036	Parietal_Inf_L	6902	220	1036	0	0	0	1028	0	0	0	0	190	0	0	0	0	876	0	0	0	0	0	0	0	0	0	0	0	132	0	0	0	0	0	0	0	0	0	0	0	0	0	0	0	0	0	0	0	342	0	14406	0	0	0	0	0	19650	0	9466	0	0	0	15400	0	19546	0	1458	0	0	0	0	0	0	0	0	0	0	0	0	0	1010	0	0	0	1754	0	0	0	102	0	0	0	0	0	0	0	0	0	0	0	0	0	0	0	0	0	0	0	0	0	0	0	0	0	0	0	
92204	Parietal_Inf_R	0	1926	0	382	0	0	0	0	0	0	0	370	0	0	0	0	0	208	108	308	0	0	0	0	0	0	0	0	0	0	0	0	0	0	0	0	0	0	0	0	0	0	0	0	0	84	0	0	0	482	0	3246	0	90	0	106	0	7212	0	7290	0	0	0	14432	0	8348	0	156	0	306	0	0	0	0	0	0	0	0	0	0	0	164	0	0	0	484	0	0	0	400	0	0	0	0	0	0	0	0	0	0	0	0	0	0	0	0	0	0	0	0	0	0	0	0	0	0	
124484	SupraMarginal_L	3964	236	868	0	0	0	732	0	0	0	0	304	0	0	0	0	3420	0	132	0	0	0	0	0	0	0	0	0	374	0	0	0	0	0	0	0	0	0	0	0	0	0	0	0	0	0	0	0	0	0	2682	0	108	0	0	0	12970	0	0	0	15400	0	0	0	9700	0	0	0	0	0	0	0	0	0	0	0	0	0	86	0	6462	0	0	0	4584	0	0	0	220	0	0	0	0	0	0	0	0	0	0	0	0	0	0	0	0	0	0	0	0	0	0	0	0	0	0	0	
124192	SupraMarginal_R	0	1626	0	396	0	0	0	0	0	0	0	244	0	0	0	0	0	1042	130	646	0	0	0	0	0	0	0	0	0	144	0	0	0	178	0	132	0	846	0	0	0	0	0	204	0	170	0	0	0	376	0	3552	0	1256	0	1332	0	9330	0	2618	0	14432	0	0	0	8994	0	428	0	1754	0	0	0	0	0	0	0	0	0	346	0	4798	0	0	0	3970	0	0	0	3152	0	0	0	0	0	0	0	0	0	0	0	0	0	0	0	0	0	0	0	0	0	0	0	0	0	0	
157184	Angular_L	2950	246	150	0	0	0	186	0	0	0	0	226	0	0	0	0	1322	0	0	0	0	0	0	0	0	0	0	0	180	0	0	0	146	0	418	0	0	0	0	0	0	0	278	0	150	0	0	0	0	0	17314	0	112	0	0	0	7674	0	2886	0	19546	0	9700	0	0	0	516	0	278	0	0	0	0	0	0	0	0	0	194	0	2710	0	0	0	9046	0	0	0	2364	0	0	0	0	0	0	0	0	0	0	0	0	0	0	0	0	0	0	0	0	0	0	0	0	0	0	0	
99720	Angular_R	0	158	0	0	0	0	0	0	0	0	0	0	0	0	0	0	0	0	0	0	0	0	0	0	0	0	0	0	0	0	0	0	0	0	0	0	0	0	0	0	0	0	0	102	0	0	0	0	0	2866	0	12216	0	0	0	0	0	648	0	3780	0	8348	0	8994	0	0	0	208	0	0	0	0	0	0	0	0	0	0	0	0	0	3692	0	0	0	8564	0	0	0	284	0	0	0	0	0	0	0	0	0	0	0	0	0	0	0	0	0	0	0	0	0	0	0	0	0	0	
217252	Precuneus_L	150	0	0	0	0	0	0	0	0	0	0	0	0	0	0	0	0	0	130	120	0	0	0	0	0	0	0	0	0	0	0	0	2270	298	8500	308	1800	0	878	0	0	0	16122	400	7760	1754	2270	0	11200	554	24140	266	1080	0	0	0	3268	114	12726	192	1458	0	0	0	516	0	0	3182	642	238	0	0	0	0	0	0	0	0	180	0	0	0	0	0	4678	0	0	0	1178	0	0	0	0	0	0	0	254	0	0	0	0	0	0	0	0	0	0	0	0	0	0	0	0	0	0	0	
295912	Precuneus_R	124	654	0	168	0	0	0	0	0	0	0	0	0	0	0	0	0	0	0	890	0	0	0	0	0	0	0	0	0	0	0	0	2442	3300	1682	9784	442	2442	0	1928	0	0	184	20374	930	21048	0	12384	394	15926	130	9344	0	1536	0	6778	134	9906	96	6524	0	156	0	428	0	208	3182	0	218	7786	0	0	0	0	0	0	0	196	0	0	0	180	0	0	0	1812	0	0	0	3216	0	0	0	0	0	0	0	522	0	0	0	0	0	0	0	0	0	0	0	0	508	0	0	0	0	0	
253100	Paracentral_Lobule_L	11250	5124	4748	1854	0	0	244	166	0	0	260	446	0	0	0	0	200	0	27704	8968	0	0	0	0	0	0	0	0	282	0	118	0	3684	5098	6624	3066	1516	786	0	106	0	0	0	0	114	0	0	0	158	0	814	0	148	0	98	0	2768	5038	110	0	0	0	0	0	278	0	642	218	0	9210	2960	424	3510	0	1492	0	14748	516	0	0	0	0	0	0	768	0	0	0	292	0	0	0	0	0	0	0	0	0	0	0	0	0	0	0	0	0	0	0	0	0	0	0	0	0	0	0	
232548	Paracentral_Lobule_R	11692	13190	110	380	0	0	250	0	0	0	0	0	0	0	0	0	0	0	2558	17572	0	0	0	0	0	0	0	0	0	0	0	0	2844	12352	1186	5492	166	206	0	0	0	0	0	1202	0	2404	0	324	0	1824	0	1812	0	274	86	182	188	17476	0	782	0	306	0	1754	0	0	238	7786	9210	0	266	610	0	0	0	0	132	450	0	0	0	0	0	0	0	172	0	0	86	712	0	0	0	0	0	0	0	0	0	0	0	0	0	0	0	0	0	0	0	0	0	0	0	0	0	0	
323248	Caudate_L	2810	768	9400	1638	3936	930	1660	1826	1164	184	6186	792	3456	3296	3728	2280	2642	308	9792	1840	6518	9154	1536	520	300	522	5062	906	9248	1780	9766	3204	244	516	0	0	100	0	0	0	0	0	0	0	0	0	0	0	0	0	0	0	0	0	0	0	262	0	0	0	0	0	0	0	0	0	0	0	2960	266	0	14134	18000	5908	1720	162	9006	86	0	0	294	0	814	0	0	0	0	0	0	0	0	0	0	0	0	0	0	0	0	0	0	0	0	0	0	0	0	0	0	0	0	0	0	0	0	0	
383612	Caudate_R	622	7574	2226	17782	972	3186	294	2036	100	460	578	1266	264	3166	606	2320	316	1220	1528	26008	5140	9492	1354	5498	0	3912	2114	2574	922	3378	3940	17416	0	768	0	0	0	0	0	0	0	0	0	0	0	0	0	0	0	0	0	0	0	0	0	0	116	216	0	0	0	0	0	0	0	0	0	0	424	610	14134	0	5078	22216	0	1704	470	17806	0	0	0	0	0	0	0	0	0	0	0	0	0	0	0	0	0	0	0	0	0	0	0	0	0	0	0	0	0	0	0	0	0	0	0	0	0	0	
350052	Putamen_L	6604	1158	21550	252	4974	338	1544	290	936	94	1990	1336	2664	574	4586	554	3506	0	17200	338	2902	4742	2984	416	472	140	1842	388	22446	602	11940	1560	0	104	0	0	7984	86	588	0	1042	0	0	0	0	0	0	0	0	0	0	0	0	0	1342	0	152	0	0	0	0	0	0	0	0	0	0	0	3510	0	18000	5078	0	2676	4092	0	2926	0	356	0	1638	0	1824	0	644	0	0	0	2062	0	0	0	0	0	0	0	0	0	0	0	0	0	0	0	0	0	0	0	0	0	0	0	0	0	0	0	
408864	Putamen_R	350	1522	1262	15674	0	5322	256	3298	0	1164	150	5284	150	7114	0	1992	0	5852	1448	15980	2028	4604	1194	8090	0	5646	594	1274	226	25932	2080	13778	0	1670	0	0	0	13134	0	7146	0	2158	0	0	0	0	0	0	0	0	0	0	0	0	0	5674	0	1194	0	0	0	0	0	0	0	0	0	0	0	0	5908	22216	2676	0	0	3062	238	2498	0	182	0	1466	0	706	0	470	0	0	0	1770	0	0	0	0	0	0	0	0	0	0	0	0	0	0	0	0	0	0	0	0	0	0	0	0	0	0	
41580	Pallidum_L	2860	0	3690	0	0	0	0	0	0	0	0	0	0	0	0	0	200	0	4944	0	0	0	0	0	0	0	0	0	0	0	0	0	0	0	0	0	396	0	0	0	0	0	0	0	0	0	0	0	0	0	0	0	0	0	0	0	86	0	0	0	0	0	0	0	0	0	0	0	1492	0	1720	0	4092	0	0	0	1310	0	0	0	0	0	0	0	0	0	0	0	0	0	0	0	0	0	0	0	0	0	0	0	0	0	0	0	0	0	0	0	0	0	0	0	0	0	0	0	
19108	Pallidum_R	134	0	148	466	0	0	102	0	0	0	0	0	0	0	0	0	0	736	166	1942	0	0	0	0	0	0	0	0	0	0	0	0	0	0	0	0	0	398	0	340	0	0	0	0	0	0	0	0	0	0	0	0	0	0	0	86	0	108	0	0	0	0	0	0	0	0	0	0	0	0	162	1704	0	3062	0	0	0	0	0	0	0	0	0	0	0	0	0	0	0	0	0	0	0	0	0	0	0	0	0	0	0	0	0	0	0	0	0	0	0	0	0	0	0	0	0	0	
133088	Thalamus_L	2770	832	3224	458	0	0	672	172	0	0	400	812	170	124	92	0	456	128	15576	528	0	0	0	0	0	0	0	0	1342	216	164	200	0	296	0	0	3718	828	438	360	0	0	0	0	0	0	0	0	0	0	0	0	0	0	582	110	262	0	0	0	0	0	0	0	0	0	0	0	14748	132	9006	470	2926	238	1310	0	0	1084	116	0	94	0	0	0	510	0	0	0	802	0	0	0	0	0	0	0	0	0	0	0	0	0	0	0	0	0	0	0	0	178	0	0	0	0	0	0	
153016	Thalamus_R	194	10038	246	15914	0	0	0	244	0	0	0	176	0	0	0	0	0	288	542	13318	0	0	0	0	0	0	0	0	0	1020	0	98	0	90	0	0	92	5164	0	3344	0	0	0	0	0	0	0	1038	0	0	0	0	0	0	0	1044	0	396	0	0	0	0	0	0	0	0	0	196	516	450	86	17806	0	2498	0	0	1084	0	0	0	0	0	0	0	0	0	0	0	0	86	0	0	0	0	0	0	0	446	0	0	0	0	0	0	0	0	0	0	0	0	94	0	0	0	0	0	
104624	Heschl_L	3828	434	2206	0	0	0	2016	0	0	0	1462	448	0	0	0	0	6668	0	1394	186	0	0	0	0	0	0	0	0	8556	0	0	0	0	110	192	0	2066	0	0	0	0	0	406	0	370	0	312	0	0	0	2050	0	1500	0	266	0	886	0	0	0	0	0	86	0	194	0	180	0	0	0	0	0	356	0	0	0	116	0	0	0	6160	0	0	0	6512	0	0	0	3352	0	0	0	0	0	0	0	0	0	0	0	0	0	0	0	0	0	0	0	0	0	0	0	0	0	0	0	
37720	Heschl_R	0	0	0	0	0	0	0	0	0	0	0	0	0	0	0	0	0	1540	0	0	0	0	0	0	0	0	0	0	0	4044	0	0	0	0	0	0	0	734	0	0	0	0	0	0	0	0	0	0	0	0	0	0	0	158	0	1152	0	0	0	0	0	0	0	346	0	0	0	0	0	0	0	0	0	182	0	0	0	0	0	0	0	7088	0	0	0	1450	0	0	0	2166	0	0	0	0	0	0	0	0	0	0	0	0	0	0	0	0	0	0	0	0	0	0	0	0	0	0	
215820	Temporal_Sup_L	3720	100	2824	0	0	0	1132	0	0	0	2070	116	92	0	248	0	12976	0	2530	0	0	0	0	0	0	0	0	0	9202	0	0	0	0	0	84	0	2336	0	0	0	0	0	152	0	144	0	312	0	0	0	1884	0	1040	0	814	0	3148	0	0	0	1010	0	6462	0	2710	0	0	0	0	0	294	0	1638	0	0	0	94	0	6160	0	0	0	4070	0	27732	0	154	0	12662	0	0	0	0	0	0	0	0	0	0	0	0	0	0	0	0	0	0	0	0	0	0	0	0	0	0	0	
122068	Temporal_Sup_R	0	120	0	190	0	0	0	244	0	0	0	360	0	98	0	0	0	2984	0	230	0	0	0	0	0	0	0	0	0	7778	0	0	0	0	0	0	0	1402	0	174	0	0	0	0	0	0	0	0	0	0	0	898	0	128	0	3210	0	316	0	0	0	164	0	4798	0	3692	0	180	0	0	0	0	0	1466	0	0	0	0	0	7088	0	0	0	2982	0	16350	0	194	0	5988	0	0	0	0	0	0	0	0	0	0	0	0	0	0	0	0	0	0	0	0	0	0	0	0	0	0	
92100	Temporal_Pole_Sup_L	0	0	806	0	380	0	172	90	164	0	2014	0	1352	138	2760	90	2038	0	232	0	786	0	0	0	0	0	0	0	6334	0	108	0	0	0	0	0	570	0	1400	0	732	0	0	0	0	0	0	0	0	0	0	0	0	0	3868	0	0	0	0	0	0	0	0	0	0	0	0	0	0	0	814	0	1824	0	0	0	0	0	0	0	4070	0	0	0	5748	0	4860	0	4700	0	0	0	0	0	0	0	0	0	0	0	0	0	0	0	0	0	0	0	0	0	0	0	0	0	0	0	
53248	Temporal_Pole_Sup_R	0	0	0	0	0	0	0	0	0	0	0	266	0	0	0	192	0	412	0	144	0	120	0	0	0	0	0	0	0	1374	0	0	0	0	0	0	0	534	0	3652	0	1606	0	0	0	0	0	0	0	0	0	0	0	0	0	5838	0	0	0	0	0	0	0	0	0	0	0	0	0	0	0	0	0	706	0	0	0	0	0	0	0	2982	0	0	0	3496	0	3772	0	1530	0	0	0	0	0	0	0	0	0	0	0	0	0	0	0	0	0	0	0	0	0	0	0	0	0	0	
338828	Temporal_Mid_L	834	0	324	0	0	0	188	0	0	0	0	0	0	0	158	0	3160	0	178	0	0	0	0	0	0	0	0	0	3008	0	0	0	0	0	3878	0	1286	0	104	0	102	0	6124	0	4268	0	1720	0	166	0	25602	0	7298	0	3798	0	1138	0	0	0	1754	0	4584	0	9046	0	4678	0	768	0	0	0	644	0	0	0	510	0	6512	0	27732	0	5748	0	0	0	3566	0	40538	0	0	0	0	0	0	0	0	0	0	0	0	0	0	0	0	0	0	0	0	0	0	0	0	0	0	0	
167300	Temporal_Mid_R	0	0	0	0	0	0	0	0	0	0	0	0	0	0	0	0	0	224	0	0	0	0	0	0	0	0	0	0	0	2720	0	0	0	0	0	182	0	510	0	0	0	0	0	1112	0	454	0	186	0	1238	0	10506	0	1322	0	3566	0	1054	0	186	0	484	0	3970	0	8564	0	1812	0	172	0	0	0	470	0	0	0	0	0	1450	0	16350	0	3496	0	0	0	2168	0	21454	0	0	0	0	0	0	0	0	0	0	0	0	0	0	0	0	0	0	0	0	0	0	0	0	0	0	
33260	Temporal_Pole_Mid_L	0	0	0	0	0	0	0	0	0	0	0	0	0	0	0	0	0	0	0	0	0	0	0	0	0	0	0	0	0	0	0	0	0	0	0	0	110	0	924	0	186	0	0	0	0	0	0	0	0	0	0	0	0	0	2882	0	0	0	0	0	0	0	0	0	0	0	0	0	0	0	0	0	0	0	0	0	0	0	0	0	154	0	4860	0	3566	0	0	0	3948	0	0	0	0	0	0	0	0	0	0	0	0	0	0	0	0	0	0	0	0	0	0	0	0	0	0	0	
26092	Temporal_Pole_Mid_R	0	0	0	0	0	0	0	0	0	0	0	0	0	0	0	0	0	0	0	0	0	0	0	0	0	0	0	0	0	0	0	0	0	0	0	0	0	110	0	2010	0	214	0	0	0	0	0	0	0	0	0	0	0	0	0	2314	0	0	0	0	0	0	0	0	0	0	0	0	0	0	0	0	0	0	0	0	0	0	0	0	0	194	0	3772	0	2168	0	0	0	2264	0	0	0	0	0	0	0	0	0	0	0	0	0	0	0	0	0	0	0	0	0	0	0	0	0	0	
282052	Temporal_Inf_L	478	254	630	0	0	0	172	0	0	0	0	204	0	0	0	0	2276	0	850	84	0	0	0	0	0	0	0	0	5280	0	0	0	0	0	1480	0	11120	0	830	0	1098	0	1460	0	1284	0	1568	0	86	0	4604	0	10278	0	15268	0	494	0	0	0	102	0	220	0	2364	0	1178	0	292	86	0	0	2062	0	0	0	802	0	3352	0	12662	0	4700	0	40538	0	3948	0	0	0	5758	0	626	0	0	0	184	0	1754	0	156	0	360	0	84	0	0	0	0	0	0	0	0	0	0	0	
171448	Temporal_Inf_R	0	346	0	482	0	0	0	0	0	0	0	122	0	0	0	0	0	214	0	538	0	0	0	0	0	0	0	0	0	3398	0	0	0	0	0	1222	0	2982	0	366	0	0	0	2000	0	620	0	838	0	1158	0	3528	0	4344	0	17474	0	1540	0	152	0	400	0	3152	0	284	0	3216	0	712	0	0	0	1770	0	0	0	86	0	2166	0	5988	0	1530	0	21454	0	2264	0	0	0	1154	0	88	0	0	0	0	0	136	0	0	0	0	0	0	0	0	0	0	0	0	0	0	0	0	
523312	Cerebelum_Crus1_L	0	0	0	0	0	0	0	0	0	0	0	0	0	0	0	0	0	0	0	0	0	0	0	0	0	0	0	0	0	0	0	0	0	0	0	0	248	0	150	0	0	0	1168	0	0	0	4684	1760	0	0	0	0	284	0	21302	0	0	0	0	0	0	0	0	0	0	0	0	0	0	0	0	0	0	0	0	0	0	0	0	0	0	0	0	0	0	0	0	0	5758	0	0	3284	41056	9256	296	874	17136	390	54406	1608	18198	2340	17542	5856	5446	2972	700	0	186	1004	2720	12568	15780	6604	3720	2360	
382836	Cerebelum_Crus1_R	0	0	0	0	0	0	0	0	0	0	0	0	0	0	0	0	0	0	0	0	0	0	0	0	0	0	0	0	0	0	0	0	0	0	0	0	0	0	0	0	0	0	118	0	0	0	278	6596	0	0	0	0	0	0	0	8058	0	0	0	0	0	0	0	0	0	0	0	0	0	0	0	0	0	0	0	0	0	0	0	0	0	0	0	0	0	0	0	0	0	1154	3284	0	2408	35136	0	2320	630	19306	4494	47308	0	4612	0	20430	86	3416	0	1710	200	1078	9078	11968	5190	1160	530	870	
409936	Cerebelum_Crus2_L	0	0	0	0	0	0	0	0	0	0	0	0	0	0	0	0	0	0	0	0	0	0	0	0	0	0	0	0	0	0	0	0	0	0	0	0	0	0	0	0	0	0	302	0	0	0	750	1006	0	0	0	0	0	0	1472	0	0	0	0	0	0	0	0	0	0	0	0	0	0	0	0	0	0	0	0	0	0	0	0	0	0	0	0	0	0	0	0	0	626	0	41056	2408	0	11440	0	926	2648	452	15502	1182	34842	4948	30804	6222	4858	3026	1428	0	180	980	1838	8116	13628	8150	3882	2296	
348196	Cerebelum_Crus2_R	0	0	0	0	0	0	0	0	0	0	0	0	0	0	0	0	0	0	0	0	0	0	0	0	0	0	0	0	0	0	0	0	0	0	0	0	0	0	0	0	0	0	0	0	0	0	120	508	0	0	0	0	0	0	0	254	0	0	0	0	0	0	0	0	0	0	0	0	0	0	0	0	0	0	0	0	0	0	0	0	0	0	0	0	0	0	0	0	0	88	9256	35136	11440	0	0	1980	618	5286	6586	11662	1910	18950	878	29340	0	4554	0	1296	154	1098	2870	8306	13190	5548	2468	602	
17008	Cerebelum_3_L	0	0	0	0	0	0	0	0	0	0	0	0	0	0	0	0	0	0	0	0	0	0	0	0	0	0	0	0	0	0	0	0	0	0	0	0	0	0	208	0	0	0	0	0	0	0	448	198	0	0	0	0	0	0	84	0	0	0	0	0	0	0	0	0	0	0	0	0	0	0	0	0	0	0	0	0	0	0	0	0	0	0	0	0	0	0	0	0	0	0	296	0	0	0	0	0	3310	0	812	0	0	0	96	0	780	0	152	0	516	580	708	316	0	0	0	0	
67832	Cerebelum_3_R	0	0	0	0	0	0	0	0	0	0	0	0	0	0	0	0	0	0	0	0	0	0	0	0	0	0	0	0	0	0	0	0	0	0	0	0	0	0	0	0	0	0	0	0	0	0	0	274	0	0	0	0	0	0	0	222	0	0	0	0	0	0	0	0	0	0	0	0	0	0	0	0	0	0	0	0	0	0	0	0	0	0	0	0	0	0	0	0	0	0	874	2320	926	1980	0	0	86	5404	108	4224	524	712	0	2076	0	2062	0	0	1032	4962	1820	126	992	1692	1400	100	
211168	Cerebelum_4_5_L	0	0	0	0	0	0	0	0	0	0	0	0	0	0	0	0	0	0	0	0	0	0	0	0	0	0	0	0	0	0	0	0	0	0	0	0	292	0	442	0	0	0	2700	0	0	0	8644	1536	0	0	0	0	472	0	11904	0	0	0	0	0	0	0	0	0	0	0	254	0	0	0	0	0	0	0	0	0	0	0	0	0	0	0	0	0	0	0	0	0	184	0	17136	630	2648	618	3310	86	0	522	30492	956	636	390	972	608	4976	138	318	0	120	740	7610	3234	730	932	430	924	
196548	Cerebelum_4_5_R	0	0	0	0	0	0	0	0	0	0	0	0	0	0	0	0	0	0	0	0	0	0	0	0	0	0	0	0	0	0	0	0	0	0	0	0	0	1018	0	848	0	0	172	0	0	0	0	6652	0	0	0	0	0	0	0	3702	0	0	0	0	0	0	0	0	0	0	0	522	0	0	0	0	0	0	0	0	0	446	0	0	0	0	0	0	0	0	0	0	0	0	390	19306	452	5286	0	5404	522	0	504	29592	0	926	0	2664	0	908	0	438	146	2392	12200	1282	572	936	590	404	
451672	Cerebelum_6_L	0	0	0	0	0	0	0	0	0	0	0	0	0	0	0	0	0	0	0	0	0	0	0	0	0	0	0	0	0	0	0	0	0	0	0	0	134	0	494	0	0	0	2342	0	0	0	10278	5096	0	0	0	0	1926	0	26910	396	0	0	0	0	0	0	0	0	0	0	0	0	0	0	0	0	0	0	0	0	0	0	0	0	0	0	0	0	0	0	0	0	1754	0	54406	4494	15502	6586	812	108	30492	504	0	3546	5136	1340	5928	2244	7242	330	618	0	86	522	7584	17462	8634	1654	664	612	
328532	Cerebelum_6_R	0	0	0	0	0	0	0	0	0	0	0	0	0	0	0	0	0	0	0	0	0	0	0	0	0	0	0	0	0	0	0	0	0	0	0	0	0	0	0	236	0	0	242	0	0	0	292	9616	0	0	0	0	0	0	0	9364	0	0	0	0	0	0	0	0	0	0	0	0	0	0	0	0	0	0	0	0	0	0	0	0	0	0	0	0	0	0	0	0	0	136	1608	47308	1182	11662	0	4224	956	29592	3546	0	0	934	0	7144	170	1778	0	1094	210	1752	14410	11984	2584	882	440	920	
262564	Cerebelum_7b_L	0	0	0	0	0	0	0	0	0	0	0	0	0	0	0	0	0	0	0	0	0	0	0	0	0	0	0	0	0	0	0	0	0	0	0	0	0	0	0	0	0	0	0	0	0	0	0	148	0	0	0	0	0	0	832	0	0	0	0	0	0	0	0	0	0	0	0	0	0	0	0	0	0	0	0	0	0	0	0	0	0	0	0	0	0	0	0	0	156	0	18198	0	34842	1910	0	524	636	0	5136	0	0	1354	33592	2946	6358	2078	2250	0	126	628	634	1278	5456	7310	3024	1866	
139216	Cerebelum_7b_R	0	0	0	0	0	0	0	0	0	0	0	0	0	0	0	0	0	0	0	0	0	0	0	0	0	0	0	0	0	0	0	0	0	0	0	0	0	0	0	0	0	0	0	0	0	0	0	106	0	0	0	0	0	0	0	0	0	0	0	0	0	0	0	0	0	0	0	0	0	0	0	0	0	0	0	0	0	0	0	0	0	0	0	0	0	0	0	0	0	0	2340	4612	4948	18950	0	712	390	926	1340	934	1354	0	804	17948	0	2436	0	302	0	422	1252	1162	4006	3480	1052	132	
285164	Cerebelum_8_L	0	0	0	0	0	0	0	0	0	0	0	0	0	0	0	0	0	0	0	0	0	0	0	0	0	0	0	0	0	0	0	0	0	0	0	0	0	0	0	0	0	0	0	0	0	0	0	108	0	0	0	0	0	0	1280	0	0	0	0	0	0	0	0	0	0	0	0	0	0	0	0	0	0	0	0	0	0	0	0	0	0	0	0	0	0	0	0	0	360	0	17542	0	30804	878	96	0	972	0	5928	0	33592	804	0	3260	20622	1300	6158	0	0	0	154	810	4568	8066	3120	2160	
309504	Cerebelum_8_R	0	0	0	0	0	0	0	0	0	0	0	0	0	0	0	0	0	0	0	0	0	0	0	0	0	0	0	0	0	0	0	0	0	0	0	0	0	0	0	0	0	0	0	0	0	0	0	254	0	0	0	0	0	0	0	206	0	0	0	0	0	0	0	0	0	0	0	0	0	0	0	0	0	0	0	0	0	0	0	0	0	0	0	0	0	0	0	0	0	0	5856	20430	6222	29340	0	2076	608	2664	2244	7144	2946	17948	3260	0	434	20628	0	2204	458	1700	2382	2784	7980	8938	4444	1602	
141772	Cerebelum_9_L	0	0	0	0	0	0	0	0	0	0	0	0	0	0	0	0	0	0	0	0	0	0	0	0	0	0	0	0	0	0	0	0	0	0	0	0	0	0	0	0	0	0	0	0	0	0	342	640	0	0	0	0	0	0	550	120	0	0	0	0	0	0	0	0	0	0	0	0	0	0	0	0	0	0	0	0	0	0	0	0	0	0	0	0	0	0	0	0	84	0	5446	86	4858	0	780	0	4976	0	7242	170	6358	0	20622	434	0	1676	7690	0	0	0	2232	1574	240	1780	1662	1324	
151428	Cerebelum_9_R	0	0	0	0	0	0	0	0	0	0	0	0	0	0	0	0	0	0	0	0	0	0	0	0	0	0	0	0	0	0	0	0	0	0	0	0	0	0	0	0	0	0	0	0	0	0	0	370	0	0	0	0	0	0	0	0	0	0	0	0	0	0	0	0	0	0	0	0	0	0	0	0	0	0	0	0	0	0	0	0	0	0	0	0	0	0	0	0	0	0	2972	3416	3026	4554	0	2062	138	908	330	1778	2078	2436	1300	20628	1676	0	0	1422	510	2054	1430	2030	3386	5530	7302	4378	
40464	Cerebelum_10_L	0	0	0	0	0	0	0	0	0	0	0	0	0	0	0	0	0	0	0	0	0	0	0	0	0	0	0	0	0	0	0	0	0	0	0	0	0	0	0	0	0	0	0	0	0	0	0	0	0	0	0	0	0	0	0	0	0	0	0	0	0	0	0	0	0	0	0	0	0	0	0	0	0	0	0	0	0	0	0	0	0	0	0	0	0	0	0	0	0	0	700	0	1428	0	152	0	318	0	618	0	2250	0	6158	0	7690	0	0	0	0	0	0	0	0	512	266	140	
16932	Cerebelum_10_R	0	0	0	0	0	0	0	0	0	0	0	0	0	0	0	0	0	0	0	0	0	0	0	0	0	0	0	0	0	0	0	0	0	0	0	0	0	0	0	0	0	0	0	0	0	0	0	0	0	0	0	0	0	0	0	0	0	0	0	0	0	0	0	0	0	0	0	0	0	0	0	0	0	0	0	0	0	0	0	0	0	0	0	0	0	0	0	0	0	0	0	1710	0	1296	0	0	0	438	0	1094	0	302	0	2204	0	1422	0	0	0	0	0	0	0	0	0	0	
18188	Vermis_1_2	0	0	0	0	0	0	0	0	0	0	0	0	0	0	0	0	0	0	0	0	0	0	0	0	0	0	0	0	0	0	0	0	0	0	0	0	0	0	0	0	0	0	0	0	0	0	0	0	0	0	0	0	0	0	0	0	0	0	0	0	0	0	0	0	0	0	0	0	0	0	0	0	0	0	0	0	0	0	0	0	0	0	0	0	0	0	0	0	0	0	186	200	180	154	516	1032	120	146	86	210	126	0	0	458	0	510	0	0	0	3534	662	96	230	330	230	88	
63300	Vermis_3	0	0	0	0	0	0	0	0	0	0	0	0	0	0	0	0	0	0	0	0	0	0	0	0	0	0	0	0	0	0	0	0	0	0	0	0	0	0	0	0	0	0	0	0	0	0	226	204	0	0	0	0	0	0	0	0	0	0	0	0	0	0	0	0	0	0	0	0	0	0	0	0	0	0	0	0	178	0	0	0	0	0	0	0	0	0	0	0	0	0	1004	1078	980	1098	580	4962	740	2392	522	1752	628	422	0	1700	0	2054	0	0	3534	0	2966	310	1064	1682	1410	164	
214676	Vermis_4_5	0	0	0	0	0	0	0	0	0	0	0	0	0	0	0	0	0	0	0	0	0	0	0	0	0	0	0	0	0	0	0	0	0	0	0	294	0	412	0	192	0	0	420	0	0	0	1116	10426	0	0	0	0	98	0	446	1412	0	0	0	0	0	0	0	0	0	0	0	508	0	0	0	0	0	0	0	0	0	94	0	0	0	0	0	0	0	0	0	0	0	0	2720	9078	1838	2870	708	1820	7610	12200	7584	14410	634	1252	154	2382	2232	1430	0	0	662	2966	0	10564	2270	2654	1782	2100	
255456	Vermis_6	0	0	0	0	0	0	0	0	0	0	0	0	0	0	0	0	0	0	0	0	0	0	0	0	0	0	0	0	0	0	0	0	0	0	0	0	0	0	0	0	0	0	0	0	0	0	1918	8690	0	0	0	0	170	0	516	1056	0	0	0	0	0	0	0	0	0	0	0	0	0	0	0	0	0	0	0	0	0	0	0	0	0	0	0	0	0	0	0	0	0	0	12568	11968	8116	8306	316	126	3234	1282	17462	11984	1278	1162	810	2784	1574	2030	0	0	96	310	10564	0	11004	2592	2122	3690	
239264	Vermis_7	0	0	0	0	0	0	0	0	0	0	0	0	0	0	0	0	0	0	0	0	0	0	0	0	0	0	0	0	0	0	0	0	0	0	0	0	0	0	0	0	0	0	0	0	0	0	220	932	0	0	0	0	0	0	88	0	0	0	0	0	0	0	0	0	0	0	0	0	0	0	0	0	0	0	0	0	0	0	0	0	0	0	0	0	0	0	0	0	0	0	15780	5190	13628	13190	0	992	730	572	8634	2584	5456	4006	4568	7980	240	3386	0	0	230	1064	2270	11004	0	9540	4436	2912	
