data	data	434404	416796	809480	1.06155e+06	150156	190680	428984	264132	68284	25836	170000	197940	216980	121564	134416	49820	158232	160296	614012	732368	69304	73124	439568	456252	30104	146340	48872	52884	538528	324768	403308	574452	205068	492332	219204	237488	267344	356796	58640	265932	21900	47668	339800	432228	200848	425740	487096	467344	198944	281916	377648	221540	107540	74920	484404	695604	284548	236336	116248	112296	188464	155316	93448	166444	119968	133000	266588	571252	247580	136824	314136	384176	391524	343272	74588	65004	136388	203492	114248	30748	182944	142004	89568	73216	274960	230344	35652	48344	259188	161076	636024	461548	402244	363368	53772	70808	436720	411948	642292	467828	321784	230500	362108	345192	171012	156552	19820	16436	26908	71032	389116	260760	252544	142008	105596	24956	
data	data	Precentral_L	Precentral_R	Frontal_Sup_L	Frontal_Sup_R	Frontal_Sup_Orb_L	Frontal_Sup_Orb_R	Frontal_Mid_L	Frontal_Mid_R	Frontal_Mid_Orb_L	Frontal_Mid_Orb_R	Frontal_Inf_Oper_L	Frontal_Inf_Oper_R	Frontal_Inf_Tri_L	Frontal_Inf_Tri_R	Frontal_Inf_Orb_L	Frontal_Inf_Orb_R	Rolandic_Oper_L	Rolandic_Oper_R	Supp_Motor_Area_L	Supp_Motor_Area_R	Olfactory_L	Olfactory_R	Frontal_Sup_Medial_L	Frontal_Sup_Medial_R	Frontal_Med_Orb_L	Frontal_Med_Orb_R	Rectus_L	Rectus_R	Insula_L	Insula_R	Cingulum_Ant_L	Cingulum_Ant_R	Cingulum_Mid_L	Cingulum_Mid_R	Cingulum_Post_L	Cingulum_Post_R	Hippocampus_L	Hippocampus_R	ParaHippocampal_L	ParaHippocampal_R	Amygdala_L	Amygdala_R	Calcarine_L	Calcarine_R	Cuneus_L	Cuneus_R	Lingual_L	Lingual_R	Occipital_Sup_L	Occipital_Sup_R	Occipital_Mid_L	Occipital_Mid_R	Occipital_Inf_L	Occipital_Inf_R	Fusiform_L	Fusiform_R	Postcentral_L	Postcentral_R	Parietal_Sup_L	Parietal_Sup_R	Parietal_Inf_L	Parietal_Inf_R	SupraMarginal_L	SupraMarginal_R	Angular_L	Angular_R	Precuneus_L	Precuneus_R	Paracentral_Lobule_L	Paracentral_Lobule_R	Caudate_L	Caudate_R	Putamen_L	Putamen_R	Pallidum_L	Pallidum_R	Thalamus_L	Thalamus_R	Heschl_L	Heschl_R	Temporal_Sup_L	Temporal_Sup_R	Temporal_Pole_Sup_L	Temporal_Pole_Sup_R	Temporal_Mid_L	Temporal_Mid_R	Temporal_Pole_Mid_L	Temporal_Pole_Mid_R	Temporal_Inf_L	Temporal_Inf_R	Cerebelum_Crus1_L	Cerebelum_Crus1_R	Cerebelum_Crus2_L	Cerebelum_Crus2_R	Cerebelum_3_L	Cerebelum_3_R	Cerebelum_4_5_L	Cerebelum_4_5_R	Cerebelum_6_L	Cerebelum_6_R	Cerebelum_7b_L	Cerebelum_7b_R	Cerebelum_8_L	Cerebelum_8_R	Cerebelum_9_L	Cerebelum_9_R	Cerebelum_10_L	Cerebelum_10_R	Vermis_1_2	Vermis_3	Vermis_4_5	Vermis_6	Vermis_7	Vermis_8	Vermis_9	Vermis_10	
434404	Precentral_L	0	6960	9848	9144	92	0	18134	436	0	0	11196	136	4546	0	0	0	6776	208	4444	6932	0	0	656	146	0	0	0	0	12694	580	834	276	94	532	5298	4132	10110	2472	98	464	0	0	390	110	138	134	222	0	84	0	1202	0	920	0	2502	290	28742	0	0	0	3736	0	1616	0	282	0	304	266	17502	134	1032	1034	4650	748	1142	288	13728	5436	5706	0	2462	0	0	0	1252	0	0	0	1688	0	1080	0	0	0	0	0	0	84	1060	0	0	0	0	0	0	0	0	0	0	0	0	0	0	0	0	0	
416796	Precentral_R	6960	0	602	44702	0	0	382	12356	0	0	0	3642	0	208	0	0	0	3322	2964	18362	0	0	0	0	0	0	0	0	70	1328	152	138	1028	4816	3968	2986	1228	5846	0	2206	0	76	74	3848	0	4550	68	932	0	632	0	188	0	0	0	3764	204	15006	0	440	0	4426	0	6022	0	248	140	8426	11416	4698	994	4828	124	1526	0	1404	1330	10272	0	222	0	704	0	0	0	1560	0	0	0	2466	0	0	0	0	0	0	0	258	0	0	0	0	0	0	0	0	0	0	0	0	286	0	0	0	0	0	
809480	Frontal_Sup_L	9848	602	0	11628	10132	430	56418	942	2148	0	6608	1046	9932	146	4754	0	6070	276	64714	14962	492	0	44486	9304	414	748	80	0	29172	914	21380	6854	5096	4586	458	450	1898	662	276	332	152	0	84	0	94	0	0	0	0	0	292	0	0	0	526	348	6214	0	0	0	1228	0	1304	0	184	0	108	0	1932	0	15522	2376	28738	1366	8344	162	2662	408	898	0	1682	0	1010	0	302	0	0	0	546	0	0	0	0	0	0	0	0	0	0	0	0	0	0	0	0	0	0	0	0	0	0	0	0	0	0	0	
1.06155e+06	Frontal_Sup_R	9144	44702	11628	0	0	13576	1780	31936	0	216	316	8778	180	6896	0	1014	0	6280	25040	67748	0	0	15260	45788	0	8194	0	298	866	13694	11960	42708	2872	27102	3984	2890	1284	5396	0	2178	0	82	76	2036	0	1606	0	482	0	0	0	0	0	0	0	2910	812	814	0	0	0	706	0	1374	0	140	136	3678	13846	1754	8238	31030	3098	18212	178	4936	2742	13324	94	102	0	650	0	0	0	1256	0	0	0	2308	0	0	0	0	0	0	0	246	0	0	0	0	0	0	0	0	0	0	0	0	202	0	0	0	0	0	
150156	Frontal_Sup_Orb_L	92	0	10132	0	0	0	2782	0	8648	0	1120	78	1648	0	14670	0	816	0	734	0	2542	394	1684	124	2326	0	4034	78	11844	0	3782	396	84	0	0	0	110	0	0	0	76	0	0	0	0	0	0	0	0	0	0	0	0	0	0	0	0	0	0	0	0	0	0	0	0	0	0	0	0	0	822	0	3170	0	0	0	0	0	0	0	444	0	2448	0	0	0	0	0	0	0	0	0	0	0	0	0	0	0	0	0	0	0	0	0	0	0	0	0	0	0	0	0	0	0	0	0	
190680	Frontal_Sup_Orb_R	0	0	430	13576	0	0	82	1058	0	4284	0	2484	0	3554	0	3548	0	0	256	706	0	1238	1532	12276	294	13166	0	5732	0	6912	938	8282	0	284	0	0	0	148	0	0	0	0	0	0	0	0	0	0	0	0	0	0	0	0	0	0	0	0	0	0	0	0	0	0	0	0	0	0	0	0	156	2972	84	11278	0	0	0	70	0	0	0	0	0	0	0	0	0	0	0	0	0	0	0	0	0	0	0	0	0	0	0	0	0	0	0	0	0	0	0	0	0	0	0	0	0	0	
428984	Frontal_Mid_L	18134	382	56418	1780	2782	82	0	358	3844	0	8730	68	30282	0	6554	0	516	0	9858	860	0	0	20480	2614	0	114	0	0	21380	72	5556	1052	2500	508	720	698	2540	172	0	68	0	0	0	0	0	0	92	0	0	0	0	0	0	0	196	0	492	0	0	0	0	0	0	0	0	0	80	0	0	0	710	312	5550	106	530	0	5128	500	1478	0	104	0	0	0	0	0	0	0	92	0	0	0	0	0	0	0	0	0	0	0	0	0	0	0	0	0	0	0	0	0	0	0	0	0	0	0	
264132	Frontal_Mid_R	436	12356	942	31936	0	1058	358	0	0	930	0	11532	0	7846	0	3276	0	1512	2400	5284	0	0	1106	5092	0	412	0	0	208	4504	2254	10998	0	3216	136	134	144	2804	0	998	0	0	0	70	0	0	0	98	0	0	0	0	0	0	0	1050	82	440	0	0	0	352	0	382	0	0	0	0	0	0	1876	3930	380	7210	0	2542	0	1612	0	0	0	86	0	0	0	0	0	0	0	0	0	0	0	0	0	0	0	84	0	0	0	0	0	0	0	0	0	0	0	0	0	0	0	0	0	0	
68284	Frontal_Mid_Orb_L	0	0	2148	0	8648	0	3844	0	0	0	0	0	3084	0	10360	0	0	0	134	0	542	82	140	0	228	0	1318	0	2398	0	162	0	0	0	0	0	0	0	0	0	0	0	0	0	0	0	0	0	0	0	0	0	0	0	0	0	0	0	0	0	0	0	0	0	0	0	0	0	0	0	90	0	178	0	0	0	0	0	0	0	0	0	786	0	0	0	0	0	0	0	0	0	0	0	0	0	0	0	0	0	0	0	0	0	0	0	0	0	0	0	0	0	0	0	0	0	
25836	Frontal_Mid_Orb_R	0	0	0	216	0	4284	0	930	0	0	0	0	0	0	0	4422	0	0	0	0	0	0	0	152	0	0	0	0	0	1096	0	0	0	0	0	0	0	0	0	0	0	0	0	0	0	0	0	0	0	0	0	0	0	0	0	0	0	0	0	0	0	0	0	0	0	0	0	0	0	0	0	0	0	1818	0	0	0	0	0	0	0	0	0	0	0	0	0	0	0	0	0	0	0	0	0	0	0	0	0	0	0	0	0	0	0	0	0	0	0	0	0	0	0	0	0	0	
170000	Frontal_Inf_Oper_L	11196	0	6608	316	1120	0	8730	0	0	0	0	180	10980	0	188	0	8674	140	2224	162	0	0	1886	222	0	0	0	0	15986	162	4768	1060	118	86	370	370	672	0	0	0	0	0	0	0	0	0	0	0	0	0	0	0	0	0	0	0	1894	0	0	0	0	0	0	0	0	0	0	0	0	0	134	130	1474	0	166	0	0	0	1062	0	2430	0	1492	0	0	0	0	0	0	0	0	0	0	0	0	0	0	0	0	0	0	0	0	0	0	0	0	0	0	0	0	0	0	0	0	0	
197940	Frontal_Inf_Oper_R	136	3642	1046	8778	78	2484	68	11532	0	0	180	0	0	10626	0	0	0	10244	1164	2112	0	0	294	3320	0	1398	0	0	250	16700	1580	7642	0	506	68	0	70	492	0	244	0	0	0	0	0	0	0	0	0	0	0	0	0	0	0	332	0	926	0	0	0	0	0	0	0	0	0	0	0	0	3370	3624	800	3886	0	282	0	366	0	0	0	618	0	112	0	0	0	0	0	0	0	0	0	0	0	0	0	0	0	0	0	0	0	0	0	0	0	0	0	0	0	0	0	0	0	0	
216980	Frontal_Inf_Tri_L	4546	0	9932	180	1648	0	30282	0	3084	0	10980	0	0	0	7808	0	1178	0	1950	0	0	0	2820	182	0	0	0	0	26738	0	1988	254	800	0	418	416	722	0	0	0	0	0	0	0	0	0	0	0	0	0	0	0	0	0	0	0	0	0	0	0	0	0	0	0	0	0	0	0	0	0	116	0	782	0	0	0	0	0	486	0	528	0	652	0	0	0	0	0	0	0	0	0	0	0	0	0	0	0	0	0	0	0	0	0	0	0	0	0	0	0	0	0	0	0	0	0	
121564	Frontal_Inf_Tri_R	0	208	146	6896	0	3554	0	7846	0	0	0	10626	0	0	0	2664	0	286	422	700	0	0	266	4010	0	2012	0	0	0	9584	620	6750	0	582	0	0	0	0	0	0	0	0	0	0	0	0	0	0	0	0	0	0	0	0	0	0	0	0	0	0	0	0	0	0	0	0	0	0	0	0	238	1392	90	1890	0	0	0	0	0	0	0	0	0	0	0	0	0	0	0	0	0	0	0	0	0	0	0	0	0	0	0	0	0	0	0	0	0	0	0	0	0	0	0	0	0	0	
134416	Frontal_Inf_Orb_L	0	0	4754	0	14670	0	6554	0	10360	0	188	0	7808	0	0	0	0	0	380	0	2346	100	1036	0	490	0	1084	0	10100	0	1382	72	196	0	0	0	328	0	0	0	286	0	0	0	0	0	0	0	0	0	0	0	0	0	218	0	0	0	0	0	0	0	0	0	0	0	0	0	0	0	440	0	1398	0	0	0	0	0	0	0	0	0	3018	0	0	0	0	0	0	0	0	0	0	0	0	0	0	0	0	0	0	0	0	0	0	0	0	0	0	0	0	0	0	0	0	0	
49820	Frontal_Inf_Orb_R	0	0	0	1014	0	3548	0	3276	0	4422	0	0	0	2664	0	0	0	0	0	168	0	554	0	0	0	128	0	514	0	5480	0	0	0	132	0	0	0	160	0	0	0	0	0	0	0	0	0	0	0	0	0	0	0	0	0	0	0	0	0	0	0	0	0	0	0	0	0	0	0	0	0	98	0	1816	0	0	0	0	0	0	0	410	0	526	0	0	0	0	0	0	0	0	0	0	0	0	0	0	0	0	0	0	0	0	0	0	0	0	0	0	0	0	0	0	0	0	
158232	Rolandic_Oper_L	6776	0	6070	0	816	0	516	0	0	0	8674	0	1178	0	0	0	0	0	570	0	0	0	850	0	0	0	0	0	16378	0	1044	250	0	0	688	668	1424	0	0	0	0	0	104	0	0	0	0	0	0	0	460	0	226	0	160	0	10116	0	0	0	600	0	4012	0	114	0	86	0	678	0	102	0	1632	0	114	0	78	0	3308	0	8686	0	1164	0	1036	0	0	0	538	0	0	0	0	0	0	0	0	0	0	0	0	0	0	0	0	0	0	0	0	0	0	0	0	0	0	0	
160296	Rolandic_Oper_R	208	3322	276	6280	0	0	0	1512	0	0	140	10244	0	286	0	0	0	0	332	1660	0	0	0	292	0	0	0	0	0	18220	508	990	0	130	162	142	162	1338	0	800	0	0	0	100	0	0	0	114	0	0	0	0	0	0	0	1524	0	9780	0	0	0	348	0	5034	0	118	0	368	0	0	986	1224	200	4524	0	808	68	790	0	1904	0	4694	0	228	0	238	0	0	0	94	0	0	0	0	0	0	0	0	0	0	0	0	0	0	0	0	0	0	0	0	0	0	0	0	0	0	
614012	Supp_Motor_Area_L	4444	2964	64714	25040	734	256	9858	2400	134	0	2224	1164	1950	422	380	0	570	332	0	44376	0	0	11698	6480	0	246	0	0	10270	1308	13554	12598	11794	22334	1150	440	394	618	230	310	108	0	130	0	140	0	102	0	0	0	0	0	0	0	370	342	872	0	0	0	0	0	0	0	0	0	148	186	6574	0	14320	3546	16530	1536	4536	244	764	322	180	0	92	0	428	0	0	0	0	0	150	0	0	0	0	0	0	0	0	0	0	0	0	0	0	0	0	0	0	0	0	0	0	0	0	0	0	0	
732368	Supp_Motor_Area_R	6932	18362	14962	67748	0	706	860	5284	0	0	162	2112	0	700	0	168	0	1660	44376	0	0	0	5834	10318	0	344	0	0	306	2774	4574	20708	10082	49636	4354	7820	142	628	0	182	0	0	90	6036	142	5518	72	1212	0	360	0	182	0	0	0	1312	1046	482	0	0	124	108	94	304	0	100	220	12616	14400	8020	5808	13554	2054	3520	196	712	670	2880	0	0	0	258	0	0	0	836	0	0	0	782	0	0	0	0	0	0	0	0	0	0	0	0	0	0	0	0	0	0	0	0	742	0	0	0	0	0	
69304	Olfactory_L	0	0	492	0	2542	0	0	0	542	0	0	0	0	0	2346	0	0	0	0	0	0	4014	118	0	266	0	3432	1120	2760	0	2706	1940	0	0	0	0	542	0	292	0	678	0	0	0	0	0	0	0	0	0	0	0	0	0	454	0	0	0	0	0	0	0	0	0	0	0	0	0	0	0	4924	1944	2442	440	0	342	0	0	0	0	0	0	316	0	0	0	0	0	0	0	0	0	0	0	0	0	0	0	0	0	0	0	0	0	0	0	0	0	0	0	0	0	0	0	0	0	
73124	Olfactory_R	0	0	0	0	394	1238	0	0	82	0	0	0	0	0	100	554	0	0	0	0	4014	0	0	98	102	1426	2256	2836	0	2188	1980	2680	0	0	0	0	0	300	0	108	0	238	0	0	0	0	0	0	0	0	0	0	0	0	0	72	0	0	0	0	0	0	0	0	0	0	0	0	0	0	5872	4432	3876	1116	306	294	0	0	0	0	0	0	0	0	0	0	0	0	0	0	0	0	0	0	0	0	0	0	0	0	0	0	0	0	0	0	0	0	0	0	0	0	0	0	0	0	
439568	Frontal_Sup_Medial_L	656	0	44486	15260	1684	1532	20480	1106	140	0	1886	294	2820	266	1036	0	850	0	11698	5834	118	0	0	29938	2030	3200	200	0	6282	392	23460	15676	6436	13192	0	0	96	0	0	0	0	0	0	0	0	0	0	0	0	0	0	0	0	0	0	0	0	0	0	0	0	0	0	0	0	0	0	0	0	0	1074	800	5442	298	70	0	0	76	92	0	428	0	456	0	0	0	0	0	0	0	0	0	0	0	0	0	0	0	0	0	0	0	0	0	0	0	0	0	0	0	0	0	0	0	0	0	
456252	Frontal_Sup_Medial_R	146	0	9304	45788	124	12276	2614	5092	0	152	222	3320	182	4010	0	0	0	292	6480	10318	0	98	29938	0	790	11206	0	660	722	4396	10738	35790	660	16862	0	0	0	158	0	0	0	0	0	0	0	0	0	0	0	0	0	0	0	0	0	0	0	0	0	0	0	0	0	0	0	0	0	0	0	0	1090	7152	1018	6340	0	0	0	188	0	0	0	0	0	0	0	0	0	0	0	0	0	0	0	0	0	0	0	0	0	0	0	0	0	0	0	0	0	0	0	0	0	0	0	0	0	0	
30104	Frontal_Med_Orb_L	0	0	414	0	2326	294	0	0	228	0	0	0	0	0	490	0	0	0	0	0	266	102	2030	790	0	2040	1362	240	168	0	3246	392	0	0	0	0	0	0	0	0	0	0	0	0	0	0	0	0	0	0	0	0	0	0	0	0	0	0	0	0	0	0	0	0	0	0	0	0	0	0	126	0	538	0	0	0	0	0	0	0	0	0	0	0	0	0	0	0	0	0	0	0	0	0	0	0	0	0	0	0	0	0	0	0	0	0	0	0	0	0	0	0	0	0	0	0	
146340	Frontal_Med_Orb_R	0	0	748	8194	0	13166	114	412	0	0	0	1398	0	2012	0	128	0	0	246	344	0	1426	3200	11206	2040	0	126	6306	72	2266	2506	8454	0	290	0	0	0	0	0	0	0	0	0	0	0	0	0	0	0	0	0	0	0	0	0	0	0	0	0	0	0	0	0	0	0	0	0	0	0	0	270	3192	106	4948	0	0	0	0	0	0	0	0	0	0	0	0	0	0	0	0	0	0	0	0	0	0	0	0	0	0	0	0	0	0	0	0	0	0	0	0	0	0	0	0	0	0	
48872	Rectus_L	0	0	80	0	4034	0	0	0	1318	0	0	0	0	0	1084	0	0	0	0	0	3432	2256	200	0	1362	126	0	958	448	0	3192	1704	0	0	0	0	0	0	0	0	0	0	0	0	0	0	0	0	0	0	0	0	0	0	0	0	0	0	0	0	0	0	0	0	0	0	0	0	0	0	2342	832	716	204	0	0	0	0	0	0	0	0	148	0	0	0	0	0	0	0	0	0	0	0	0	0	0	0	0	0	0	0	0	0	0	0	0	0	0	0	0	0	0	0	0	0	
52884	Rectus_R	0	0	0	298	78	5732	0	0	0	0	0	0	0	0	0	514	0	0	0	0	1120	2836	0	660	240	6306	958	0	0	718	884	1654	0	0	0	0	0	0	0	0	0	0	0	0	0	0	0	0	0	0	0	0	0	0	0	0	0	0	0	0	0	0	0	0	0	0	0	0	0	0	636	1110	192	2506	0	0	0	0	0	0	0	0	0	0	0	0	0	0	0	0	0	0	0	0	0	0	0	0	0	0	0	0	0	0	0	0	0	0	0	0	0	0	0	0	0	0	
538528	Insula_L	12694	70	29172	866	11844	0	21380	208	2398	0	15986	250	26738	0	10100	0	16378	0	10270	306	2760	0	6282	722	168	72	448	0	0	168	8548	1626	788	154	3786	3694	9198	498	1240	176	672	0	300	0	0	0	126	0	70	0	922	0	594	0	3584	0	7244	0	0	0	782	0	548	0	236	0	318	0	728	0	1568	408	18750	190	636	0	558	326	11198	0	7842	0	5240	0	2836	0	260	0	4034	0	158	0	0	0	0	0	0	0	148	0	0	0	0	0	0	0	0	0	0	0	0	0	0	0	0	0	
324768	Insula_R	580	1328	914	13694	0	6912	72	4504	0	1096	162	16700	0	9584	0	5480	0	18220	1308	2774	0	2188	392	4396	0	2266	0	718	168	0	924	6194	0	726	670	612	668	5518	0	2546	0	532	0	100	0	0	0	274	0	0	0	0	0	0	0	3764	88	2484	0	0	0	0	0	302	0	0	0	350	0	0	2180	4674	582	19022	0	726	220	1618	0	3862	0	6974	0	1274	0	1598	0	118	0	328	0	0	0	0	0	0	0	0	0	0	0	0	0	0	0	0	0	0	0	0	0	0	0	0	0	0	
403308	Cingulum_Ant_L	834	152	21380	11960	3782	938	5556	2254	162	0	4768	1580	1988	620	1382	0	1044	508	13554	4574	2706	1980	23460	10738	3246	2506	3192	884	8548	924	0	24546	9248	4668	92	0	0	130	0	0	0	0	0	0	0	0	0	0	0	0	0	0	0	0	0	0	0	0	0	0	0	0	0	0	0	0	0	0	0	0	8674	5782	9516	2138	128	154	0	418	0	0	438	0	502	0	0	0	0	0	0	0	0	0	0	0	0	0	0	0	0	0	0	0	0	0	0	0	0	0	0	0	0	0	0	0	0	0	
574452	Cingulum_Ant_R	276	138	6854	42708	396	8282	1052	10998	0	0	1060	7642	254	6750	72	0	250	990	12598	20708	1940	2680	15676	35790	392	8454	1704	1654	1626	6194	24546	0	3476	23320	98	0	0	312	0	74	0	0	0	0	0	0	0	0	0	0	0	0	0	0	0	0	0	0	0	0	0	0	0	0	0	0	0	0	0	0	4358	20204	2688	10144	0	144	0	642	0	0	82	0	0	0	0	0	0	0	0	0	0	0	0	0	0	0	0	0	0	0	0	0	0	0	0	0	0	0	0	0	0	0	0	0	0	0	
205068	Cingulum_Mid_L	94	1028	5096	2872	84	0	2500	0	0	0	118	0	800	0	196	0	0	0	11794	10082	0	0	6436	660	0	0	0	0	788	0	9248	3476	0	18112	4514	3050	0	0	0	0	0	0	462	374	1116	622	334	108	1674	404	1272	0	0	0	0	0	164	102	1378	598	196	0	0	0	0	0	4660	3588	2792	1140	0	0	92	0	0	0	0	100	0	0	0	0	0	0	0	0	0	0	0	0	0	0	0	0	0	0	0	0	0	0	0	0	0	0	0	0	0	0	0	0	410	0	0	0	0	0	
492332	Cingulum_Mid_R	532	4816	4586	27102	0	284	508	3216	0	0	86	506	0	582	0	132	0	130	22334	49636	0	0	13192	16862	0	290	0	0	154	726	4668	23320	18112	0	3858	10230	0	130	0	0	0	0	88	4442	98	3532	0	942	0	438	0	128	0	0	0	490	0	320	0	114	0	0	0	68	0	0	864	12806	5118	5830	1070	1130	526	400	0	0	0	198	0	0	0	0	0	0	0	282	0	0	0	292	0	0	0	0	0	0	0	0	0	0	0	0	0	0	0	0	0	0	0	0	998	0	0	0	0	0	
219204	Cingulum_Post_L	5298	3968	458	3984	0	0	720	136	0	0	370	68	418	0	0	0	688	162	1150	4354	0	0	0	0	0	0	0	0	3786	670	92	98	4514	3858	0	16382	12328	5360	0	1392	0	0	5006	116	956	182	3568	266	152	0	124	0	0	0	848	828	1238	0	0	0	0	0	0	0	0	0	7966	2116	3456	0	176	274	484	632	0	142	2622	5030	1498	0	398	0	0	0	0	0	0	0	0	0	198	0	0	0	0	0	228	148	220	0	0	0	0	0	0	0	0	0	0	0	476	0	0	0	0	0	
237488	Cingulum_Post_R	4132	2986	450	2890	0	0	698	134	0	0	370	0	416	0	0	0	668	142	440	7820	0	0	0	0	0	0	0	0	3694	612	0	0	3050	10230	16382	0	9544	7294	0	1838	0	0	790	3016	0	1682	344	3262	0	182	0	156	0	0	242	2068	932	0	0	0	0	0	0	0	0	0	2276	14950	1502	1140	160	134	468	568	0	124	1052	3698	1432	0	346	68	0	0	0	0	0	0	0	0	0	0	0	0	0	0	114	444	0	0	0	0	0	0	0	0	0	0	0	0	3804	0	0	0	0	0	
267344	Hippocampus_L	10110	1228	1898	1284	110	0	2540	144	0	0	672	70	722	0	328	0	1424	162	394	142	542	0	96	0	0	0	0	0	9198	668	0	0	0	0	12328	9544	0	5154	7296	1328	3126	0	1082	0	0	0	3770	452	0	0	0	0	0	0	11788	800	2346	0	0	0	0	0	0	0	0	0	3150	690	158	0	574	344	7548	634	1152	150	5884	5378	4456	0	2194	0	724	0	1536	0	204	0	5942	0	530	0	246	0	0	94	398	180	676	0	0	0	0	0	0	0	0	0	0	84	0	0	0	0	0	0	
356796	Hippocampus_R	2472	5846	662	5396	0	148	172	2804	0	0	0	492	0	0	0	160	0	1338	618	628	0	300	0	158	0	0	0	0	498	5518	130	312	0	130	5360	7294	5154	0	0	32284	0	7308	216	604	0	0	88	6198	0	0	0	0	0	0	146	33384	514	388	0	0	0	0	0	128	0	0	388	4938	0	0	1468	894	506	11276	0	2448	1622	8126	272	696	144	2356	0	2570	0	1172	0	176	0	3700	0	302	0	90	0	340	0	5984	0	606	0	0	0	102	0	0	0	0	0	0	1374	0	0	0	0	0	
58640	ParaHippocampal_L	98	0	276	0	0	0	0	0	0	0	0	0	0	0	0	0	0	0	230	0	292	0	0	0	0	0	0	0	1240	0	0	0	0	0	0	0	7296	0	0	0	1214	0	158	0	0	0	4174	82	0	0	0	0	0	0	7212	0	0	0	0	0	0	0	0	0	0	0	482	0	0	0	0	0	1448	0	0	0	106	0	0	0	164	0	994	0	0	0	600	0	1478	0	420	0	98	0	0	0	746	0	512	0	0	0	0	0	0	0	0	0	0	0	0	0	0	0	0	0	
265932	ParaHippocampal_R	464	2206	332	2178	0	0	68	998	0	0	0	244	0	0	0	0	0	800	310	182	0	108	0	0	0	0	0	0	176	2546	0	74	0	0	1392	1838	1328	32284	0	0	0	6620	84	638	0	0	0	6962	0	0	0	0	0	0	0	32826	100	188	0	0	0	0	0	0	0	0	0	1772	0	0	814	392	306	5822	0	1360	540	3284	0	546	0	1472	0	5886	0	492	0	2698	0	816	78	706	0	88	0	626	0	8264	0	1100	94	0	106	172	0	0	0	0	0	0	342	84	160	0	0	0	
21900	Amygdala_L	0	0	152	0	76	0	0	0	0	0	0	0	0	0	286	0	0	0	108	0	678	0	0	0	0	0	0	0	672	0	0	0	0	0	0	0	3126	0	1214	0	0	0	0	0	0	0	0	0	0	0	0	0	0	0	2112	0	0	0	0	0	0	0	0	0	0	0	0	0	0	0	0	0	1310	0	0	0	0	0	0	0	0	0	330	0	148	0	116	0	622	0	0	0	0	0	0	0	0	0	0	0	0	0	0	0	0	0	0	0	0	0	0	0	0	0	0	0	
47668	Amygdala_R	0	76	0	82	0	0	0	0	0	0	0	0	0	0	0	0	0	0	0	0	0	238	0	0	0	0	0	0	0	532	0	0	0	0	0	0	0	7308	0	6620	0	0	0	0	0	0	0	0	0	0	0	0	0	0	0	4584	0	0	0	0	0	0	0	0	0	0	0	0	0	0	0	70	0	856	0	0	0	198	0	0	0	92	0	2892	0	134	0	152	0	0	0	0	0	0	0	0	0	0	0	0	0	0	0	0	0	0	0	0	0	0	0	0	0	0	0	0	
339800	Calcarine_L	390	74	84	76	0	0	0	0	0	0	0	0	0	0	0	0	104	0	130	90	0	0	0	0	0	0	0	0	300	0	0	0	462	88	5006	790	1082	216	158	84	0	0	0	11024	20754	8096	26088	4038	12056	3848	20790	1620	4880	316	11052	802	2030	0	114	0	314	0	0	0	128	0	17558	772	3264	0	0	0	0	0	0	0	0	98	660	0	164	0	0	0	186	0	0	0	138	0	1680	276	292	0	0	0	1412	456	3330	328	0	0	0	0	0	0	0	0	0	0	1482	510	210	0	0	0	
432228	Calcarine_R	110	3848	0	2036	0	0	0	70	0	0	0	0	0	0	0	0	0	100	0	6036	0	0	0	0	0	0	0	0	0	100	0	0	374	4442	116	3016	0	604	0	638	0	0	11024	0	6670	36382	3604	24748	118	18552	518	10800	148	3298	666	18758	0	3802	0	356	0	0	0	214	0	0	720	33704	372	5454	0	0	0	0	0	0	0	0	0	70	0	182	0	0	0	1650	0	0	0	2724	1124	126	0	0	0	0	1662	2320	1504	248	0	0	0	0	0	0	0	0	0	0	2776	330	0	0	0	0	
200848	Cuneus_L	138	0	94	0	0	0	0	0	0	0	0	0	0	0	0	0	0	0	140	142	0	0	0	0	0	0	0	0	0	0	0	0	1116	98	956	0	0	0	0	0	0	0	20754	6670	0	10432	2686	1100	19590	5550	10480	1506	786	106	1230	342	1366	0	406	0	282	0	0	0	76	0	9906	1242	2318	0	0	0	0	0	0	0	0	0	0	0	0	0	0	0	110	0	0	0	0	0	0	0	0	0	0	0	232	78	256	0	0	0	0	0	0	0	0	0	0	0	236	0	0	0	0	0	
425740	Cuneus_R	134	4550	0	1606	0	0	0	0	0	0	0	0	0	0	0	0	0	0	0	5518	0	0	0	0	0	0	0	0	0	0	0	0	622	3532	182	1682	0	0	0	0	0	0	8096	36382	10432	0	1478	7082	248	39266	0	9944	0	780	0	5072	0	8506	126	5542	0	340	0	630	0	750	5282	41704	316	9184	0	0	0	0	0	0	0	0	0	0	0	152	0	0	0	1584	0	0	0	872	94	0	0	0	0	0	220	232	176	0	0	0	0	0	0	0	0	0	0	0	484	70	0	0	0	0	
487096	Lingual_L	222	68	0	0	0	0	92	0	0	0	0	0	0	0	0	0	0	0	102	72	0	0	0	0	0	0	0	0	126	0	0	0	334	0	3568	344	3770	88	4174	0	0	0	26088	3604	2686	1478	0	12102	5130	634	13528	788	6564	676	27610	6652	206	0	0	0	0	0	0	0	0	0	8622	842	688	0	0	0	190	0	0	0	316	0	120	0	212	0	0	0	0	0	0	0	614	0	16962	3704	2026	0	350	154	21366	11046	26772	5606	158	0	98	0	302	82	0	0	0	170	16414	4836	1192	0	0	0	
467344	Lingual_R	0	932	0	482	0	0	0	98	0	0	0	0	0	0	0	0	0	114	0	1212	0	0	0	0	0	0	0	0	0	274	0	0	108	942	266	3262	452	6198	82	6962	0	0	4038	24748	1100	7082	12102	0	92	4786	358	4754	210	4126	3574	33398	0	1434	0	116	0	0	0	0	0	0	238	14000	0	652	0	0	0	152	0	0	130	428	0	96	0	324	0	0	0	246	0	0	0	468	6342	5082	1180	290	428	768	8834	15710	12450	11224	88	0	170	76	844	400	172	0	0	280	16126	10748	1702	0	364	358	
198944	Occipital_Sup_L	84	0	0	0	0	0	0	0	0	0	0	0	0	0	0	0	0	0	0	0	0	0	0	0	0	0	0	0	70	0	0	0	1674	0	152	0	0	0	0	0	0	0	12056	118	19590	248	5130	92	0	108	26138	0	2188	0	1330	0	1644	0	10150	0	3312	0	0	0	400	0	13238	364	642	0	0	0	0	0	0	0	0	0	0	0	0	0	0	0	132	0	0	0	0	0	0	0	0	0	0	0	180	0	252	0	0	0	0	0	0	0	0	0	0	0	180	0	0	0	0	0	
281916	Occipital_Sup_R	0	632	0	0	0	0	0	0	0	0	0	0	0	0	0	0	0	0	0	360	0	0	0	0	0	0	0	0	0	0	0	0	404	438	0	182	0	0	0	0	0	0	3848	18552	5550	39266	634	4786	108	0	0	18642	0	1272	0	1614	0	3584	74	9178	0	1872	0	0	0	3174	2598	20012	0	2528	0	0	0	0	0	0	0	0	0	0	0	0	0	0	0	662	0	0	0	0	82	0	0	0	0	0	110	112	224	102	0	0	0	0	0	0	0	0	0	0	158	200	0	0	0	0	
377648	Occipital_Mid_L	1202	0	292	0	0	0	0	0	0	0	0	0	0	0	0	0	460	0	0	0	0	0	0	0	0	0	0	0	922	0	0	0	1272	0	124	0	0	0	0	0	0	0	20790	518	10480	0	13528	358	26138	0	0	0	14294	0	11040	0	3994	0	8700	0	13498	0	498	0	16104	0	8356	0	3870	0	0	0	0	0	0	0	0	0	2074	0	972	0	0	0	18138	0	0	0	5370	0	1104	0	272	0	0	0	774	106	2454	0	0	0	0	0	0	0	0	0	0	0	820	188	114	0	0	0	
221540	Occipital_Mid_R	0	188	0	0	0	0	0	0	0	0	0	0	0	0	0	0	0	0	0	182	0	0	0	0	0	0	0	0	0	0	0	0	0	128	0	156	0	0	0	0	0	0	1620	10800	1506	9944	788	4754	0	18642	0	0	0	9696	78	9074	0	530	0	1892	0	5674	0	428	0	10560	184	6870	0	228	0	0	0	0	0	0	0	0	0	0	0	682	0	0	0	9276	0	0	0	2910	188	196	0	0	0	0	298	382	726	784	0	0	0	0	0	0	0	0	0	0	434	834	138	0	0	0	
107540	Occipital_Inf_L	920	0	0	0	0	0	0	0	0	0	0	0	0	0	0	0	226	0	0	0	0	0	0	0	0	0	0	0	594	0	0	0	0	0	0	0	0	0	0	0	0	0	4880	148	786	0	6564	210	2188	0	14294	0	0	0	8676	116	1376	0	0	0	410	0	82	0	306	0	1026	0	1526	0	0	0	0	0	0	0	0	0	1172	0	700	0	0	0	1794	0	0	0	3368	0	484	0	210	0	0	0	150	0	888	132	0	0	0	0	0	0	0	0	0	0	152	294	98	0	0	0	
74920	Occipital_Inf_R	0	0	0	0	0	0	0	0	0	0	0	0	0	0	0	0	0	0	0	0	0	0	0	0	0	0	0	0	0	0	0	0	0	0	0	0	0	0	0	0	0	0	316	3298	106	780	676	4126	0	1272	0	9696	0	0	78	7986	0	0	0	0	0	0	0	0	0	0	0	314	0	0	0	0	0	0	0	0	0	0	0	0	0	0	0	0	0	1328	0	0	0	2616	156	302	0	0	0	0	120	184	798	1570	0	0	0	0	0	0	0	0	0	0	166	1330	242	0	0	0	
484404	Fusiform_L	2502	0	526	0	0	0	196	0	0	0	0	0	0	0	218	0	160	0	370	0	454	0	0	0	0	0	0	0	3584	0	0	0	0	0	848	242	11788	146	7212	0	2112	0	11052	666	1230	0	27610	3574	1330	0	11040	78	8676	78	0	2090	1608	0	0	0	98	0	82	0	0	0	2438	276	2048	0	104	0	3024	0	96	0	0	80	1416	0	3496	0	3262	0	6312	0	2902	0	16934	0	29498	690	3266	0	628	0	17064	3002	35318	1134	1156	0	814	0	152	0	0	0	0	82	5490	1634	316	0	0	0	
695604	Fusiform_R	290	3764	348	2910	0	0	0	1050	0	0	0	332	0	0	0	0	0	1524	342	1312	0	72	0	0	0	0	0	0	0	3764	0	0	0	490	828	2068	800	33384	0	32826	0	4584	802	18758	342	5072	6652	33398	0	1614	0	9074	116	7986	2090	0	0	2100	0	206	0	0	0	240	0	78	0	12034	0	772	1010	190	268	5896	0	466	392	2120	0	880	0	4812	0	8272	0	10034	0	6284	0	19096	4738	13346	832	944	278	1128	5744	20712	8594	21006	212	276	292	820	592	264	164	100	0	106	7878	6670	1008	0	218	138	
284548	Postcentral_L	28742	204	6214	812	0	0	492	82	0	0	1894	0	0	0	0	0	10116	0	872	1046	0	0	0	0	0	0	0	0	7244	88	0	0	164	0	1238	932	2346	514	0	100	0	0	2030	0	1366	0	206	0	1644	0	3994	0	1376	0	1608	0	0	0	5652	0	20500	0	9760	0	1008	0	2364	0	11566	0	70	92	1486	118	80	72	1192	810	2504	0	3982	0	0	0	2472	0	0	0	2594	0	344	0	0	0	0	0	0	0	284	0	0	0	0	0	0	0	0	0	0	0	0	0	0	0	0	0	
236336	Postcentral_R	0	15006	0	814	0	0	0	440	0	0	0	926	0	0	0	0	0	9780	0	482	0	0	0	0	0	0	0	0	0	2484	0	0	102	320	0	0	0	388	0	188	0	0	0	3802	0	8506	0	1434	0	3584	0	530	0	0	0	2100	0	0	0	6630	0	14862	0	20644	0	1474	102	14346	0	4740	0	0	0	1122	0	370	0	424	0	182	0	800	0	0	0	1512	0	0	0	74	0	0	0	0	0	0	0	0	0	0	0	0	0	0	0	0	0	0	0	0	0	0	0	0	0	0	
116248	Parietal_Sup_L	0	0	0	0	0	0	0	0	0	0	0	0	0	0	0	0	0	0	0	0	0	0	0	0	0	0	0	0	0	0	0	0	1378	0	0	0	0	0	0	0	0	0	114	0	406	126	0	0	10150	74	8700	0	0	0	0	0	5652	0	0	0	13754	0	0	0	2250	0	13726	684	780	0	0	0	0	0	0	0	0	0	0	0	0	0	0	0	330	0	0	0	0	0	0	0	0	0	0	0	0	0	0	0	0	0	0	0	0	0	0	0	0	0	0	0	0	0	0	0	
112296	Parietal_Sup_R	0	440	0	0	0	0	0	0	0	0	0	0	0	0	0	0	0	0	0	0	0	0	0	0	0	0	0	0	0	0	0	0	598	114	0	0	0	0	0	0	0	0	0	356	0	5542	0	116	0	9178	0	1892	0	0	0	206	0	6630	0	0	0	6630	0	2730	0	4280	1942	13446	0	1402	0	0	0	0	0	0	0	0	0	0	0	78	0	0	0	568	0	0	0	0	0	0	0	0	0	0	0	0	0	0	0	0	0	0	0	0	0	0	0	0	0	0	0	0	0	0	
188464	Parietal_Inf_L	3736	0	1228	0	0	0	0	0	0	0	0	0	0	0	0	0	600	0	0	124	0	0	0	0	0	0	0	0	782	0	0	0	196	0	0	0	0	0	0	0	0	0	314	0	282	0	0	0	3312	0	13498	0	410	0	98	0	20500	0	13754	0	0	0	12870	0	13466	0	2124	0	1632	0	0	0	194	0	0	0	0	0	118	0	352	0	0	0	3544	0	0	0	1098	0	0	0	0	0	0	0	0	0	0	0	0	0	0	0	0	0	0	0	0	0	0	0	0	0	0	0	
155316	Parietal_Inf_R	0	4426	0	706	0	0	0	352	0	0	0	0	0	0	0	0	0	348	0	108	0	0	0	0	0	0	0	0	0	0	0	0	0	0	0	0	0	0	0	0	0	0	0	0	0	340	0	0	0	1872	0	5674	0	0	0	0	0	14862	0	6630	0	0	0	21870	0	16276	0	1698	0	0	0	0	0	0	0	0	0	0	0	0	0	540	0	0	0	1956	0	0	0	0	0	0	0	0	0	0	0	0	0	0	0	0	0	0	0	0	0	0	0	0	0	0	0	0	0	0	
93448	SupraMarginal_L	1616	0	1304	0	0	0	0	0	0	0	0	0	0	0	0	0	4012	0	0	94	0	0	0	0	0	0	0	0	548	0	0	0	0	0	0	0	0	0	0	0	0	0	0	0	0	0	0	0	0	0	498	0	82	0	82	0	9760	0	0	0	12870	0	0	0	6272	0	0	0	634	0	0	0	164	0	0	0	0	0	250	0	4468	0	0	0	1820	0	0	0	2250	0	0	0	0	0	0	0	0	0	0	0	0	0	0	0	0	0	0	0	0	0	0	0	0	0	0	0	
166444	SupraMarginal_R	0	6022	0	1374	0	0	0	382	0	0	0	0	0	0	0	0	0	5034	0	304	0	0	0	0	0	0	0	0	0	302	0	0	0	68	0	0	0	128	0	0	0	0	0	214	0	630	0	0	0	0	0	428	0	0	0	240	0	20644	0	2730	0	21870	0	0	0	8184	0	2144	0	0	0	0	0	0	0	0	0	0	0	98	0	5344	0	0	0	5600	0	0	0	1482	0	0	0	0	0	0	0	0	0	0	0	0	0	0	0	0	0	0	0	0	0	0	0	0	0	0	
119968	Angular_L	282	0	184	0	0	0	0	0	0	0	0	0	0	0	0	0	114	0	0	0	0	0	0	0	0	0	0	0	236	0	0	0	0	0	0	0	0	0	0	0	0	0	128	0	76	0	0	0	400	0	16104	0	306	0	0	0	1008	0	2250	0	13466	0	6272	0	0	0	116	0	250	0	0	0	92	0	0	0	0	0	304	0	1168	0	0	0	12328	0	0	0	4788	0	112	0	0	0	0	0	0	0	0	0	0	0	0	0	0	0	0	0	0	0	0	0	0	0	0	0	
133000	Angular_R	0	248	0	140	0	0	0	0	0	0	0	0	0	0	0	0	0	118	0	100	0	0	0	0	0	0	0	0	0	0	0	0	0	0	0	0	0	0	0	0	0	0	0	0	0	750	0	0	0	3174	0	10560	0	0	0	78	0	1474	0	4280	0	16276	0	8184	0	0	0	1840	0	0	0	0	0	0	0	0	0	0	0	0	0	5712	0	0	0	13246	0	0	0	320	0	0	0	0	0	0	0	0	0	0	0	0	0	0	0	0	0	0	0	0	0	0	0	0	0	0	
266588	Precuneus_L	304	140	108	136	0	0	80	0	0	0	0	0	0	0	0	0	86	0	148	220	0	0	0	0	0	0	0	0	318	0	0	0	4660	864	7966	2276	3150	388	482	0	0	0	17558	720	9906	5282	8622	238	13238	2598	8356	184	1026	0	2438	0	2364	102	13726	1942	2124	0	0	0	116	0	0	11968	4080	2688	0	0	0	0	0	0	0	76	226	0	90	0	0	0	148	74	0	0	122	0	526	0	0	0	0	0	350	0	652	0	0	0	0	0	0	0	0	0	0	0	428	0	0	0	0	0	
571252	Precuneus_R	266	8426	0	3678	0	0	0	0	0	0	0	0	0	0	0	0	0	368	186	12616	0	0	0	0	0	0	0	0	0	350	0	0	3588	12806	2116	14950	690	4938	0	1772	0	0	772	33704	1242	41704	842	14000	364	20012	0	6870	0	314	276	12034	0	14346	684	13446	0	1698	0	2144	0	1840	11968	0	596	16784	0	0	0	0	0	0	258	436	0	144	0	1050	0	0	0	8428	0	0	0	2956	476	0	0	0	0	0	754	2092	528	176	0	0	0	0	0	0	0	0	0	0	5938	0	0	0	0	0	
247580	Paracentral_Lobule_L	17502	11416	1932	13846	0	0	0	0	0	0	0	0	0	0	0	0	678	0	6574	14400	0	0	0	0	0	0	0	0	728	0	0	0	2792	5118	3456	1502	158	0	0	0	0	0	3264	372	2318	316	688	0	642	0	3870	0	1526	0	2048	0	11566	0	780	0	1632	0	634	0	250	0	4080	596	0	524	0	204	424	72	656	72	212	338	318	0	1052	0	0	0	1860	0	0	0	2248	0	586	0	0	0	0	0	0	0	540	0	0	0	0	0	0	0	0	0	0	0	0	0	0	0	0	0	
136824	Paracentral_Lobule_R	134	4698	0	1754	0	0	0	0	0	0	0	0	0	0	0	0	0	0	0	8020	0	0	0	0	0	0	0	0	0	0	0	0	1140	5830	0	1140	0	0	0	0	0	0	0	5454	0	9184	0	652	0	2528	0	228	0	0	0	772	0	4740	0	1402	0	0	0	0	0	0	2688	16784	524	0	0	0	0	0	0	0	0	0	0	0	0	0	0	0	0	482	0	0	0	178	0	0	0	0	0	0	0	0	0	0	0	0	0	0	0	0	0	0	0	0	80	0	0	0	0	0	
314136	Caudate_L	1032	994	15522	8238	822	156	710	1876	90	0	134	3370	116	238	440	0	102	986	14320	5808	4924	5872	1074	1090	126	270	2342	636	1568	2180	8674	4358	0	1070	176	160	574	1468	0	814	0	0	0	0	0	0	0	0	0	0	0	0	0	0	104	1010	70	0	0	0	0	0	0	0	0	0	0	0	0	0	0	14288	26446	5880	4818	1346	8604	1840	0	0	0	130	122	0	0	0	0	0	80	0	0	0	0	0	0	0	0	0	0	0	0	0	0	0	0	0	0	0	0	0	0	0	0	0	0	0	
384176	Caudate_R	1034	4828	2376	31030	0	2972	312	3930	0	0	130	3624	0	1392	0	98	0	1224	3546	13554	1944	4432	800	7152	0	3192	832	1110	408	4674	5782	20204	0	1130	274	134	344	894	0	392	0	70	0	0	0	0	0	0	0	0	0	0	0	0	0	190	92	0	0	0	0	0	0	0	0	0	0	0	204	0	14288	0	9458	17836	2036	5830	1678	16410	0	0	0	248	0	0	0	0	0	0	0	0	0	0	0	0	0	0	0	0	0	0	0	0	0	0	0	0	0	0	0	0	0	0	0	0	0	0	
391524	Putamen_L	4650	124	28738	3098	3170	84	5550	380	178	0	1474	800	782	90	1398	0	1632	200	16530	2054	2442	3876	5442	1018	538	106	716	192	18750	582	9516	2688	92	526	484	468	7548	506	1448	306	1310	0	0	0	0	0	190	0	0	0	0	0	0	0	3024	268	1486	0	0	0	194	0	164	0	92	0	0	0	424	0	26446	9458	0	3208	9434	746	4624	418	300	0	464	0	1880	0	656	0	242	0	2158	0	148	0	80	0	0	0	0	0	172	0	0	0	0	0	0	0	0	0	0	0	0	0	0	0	0	0	
343272	Putamen_R	748	1526	1366	18212	0	11278	106	7210	0	1818	0	3886	0	1890	0	1816	0	4524	1536	3520	440	1116	298	6340	0	4948	204	2506	190	19022	2138	10144	0	400	632	568	634	11276	0	5822	0	856	0	0	0	0	0	152	0	0	0	0	0	0	0	5896	118	1122	0	0	0	0	0	0	0	0	0	0	72	0	5880	17836	3208	0	430	4426	306	2254	0	0	0	1176	0	1006	0	336	0	0	0	226	0	0	0	0	0	0	0	222	0	0	0	0	0	0	0	0	0	0	0	0	0	0	0	0	0	0	
74588	Pallidum_L	1142	0	8344	178	0	0	530	0	0	0	166	0	0	0	0	0	114	0	4536	196	0	306	70	0	0	0	0	0	636	0	128	0	0	0	0	0	1152	0	0	0	0	0	0	0	0	0	0	0	0	0	0	0	0	0	96	0	80	0	0	0	0	0	0	0	0	0	0	0	656	0	4818	2036	9434	430	0	152	1984	0	110	0	0	0	0	0	0	0	0	0	0	0	0	0	0	0	0	0	0	0	0	0	0	0	0	0	0	0	0	0	0	0	0	0	0	0	0	0	
65004	Pallidum_R	288	1404	162	4936	0	0	0	2542	0	0	0	282	0	0	0	0	0	808	244	712	342	294	0	0	0	0	0	0	0	726	154	144	0	0	142	124	150	2448	0	1360	0	0	0	0	0	0	0	0	0	0	0	0	0	0	0	466	72	370	0	0	0	0	0	0	0	0	0	0	72	0	1346	5830	746	4426	152	0	104	1510	0	0	0	0	0	0	0	0	0	0	0	0	0	0	0	0	0	0	0	146	0	0	0	0	0	0	0	0	0	0	0	0	0	0	0	0	0	0	
136388	Thalamus_L	13728	1330	2662	2742	0	0	5128	0	0	0	0	0	0	0	0	0	78	68	764	670	0	0	0	0	0	0	0	0	558	220	0	0	0	0	2622	1052	5884	1622	106	540	0	0	0	0	0	0	316	130	0	0	0	0	0	0	0	392	1192	0	0	0	0	0	0	0	0	0	0	258	212	0	8604	1678	4624	306	1984	104	0	8114	296	0	76	0	0	0	0	0	0	0	0	0	0	0	0	0	0	0	0	134	0	0	0	0	0	0	0	0	0	0	0	0	0	0	0	0	0	0	
203492	Thalamus_R	5436	10272	408	13324	0	70	500	1612	0	0	0	366	0	0	0	0	0	790	322	2880	0	0	76	188	0	0	0	0	326	1618	418	642	100	198	5030	3698	5378	8126	0	3284	0	198	98	0	0	0	0	428	0	0	0	0	0	0	80	2120	810	424	0	0	0	0	0	0	0	0	76	436	338	0	1840	16410	418	2254	0	1510	8114	0	142	0	122	0	0	0	0	0	0	0	0	0	0	0	0	0	0	0	0	866	0	0	0	0	0	0	0	0	0	0	0	0	0	0	0	0	0	0	
114248	Heschl_L	5706	0	898	94	0	0	1478	0	0	0	1062	0	486	0	0	0	3308	0	180	0	0	0	92	0	0	0	0	0	11198	0	0	0	0	0	1498	1432	4456	272	0	0	0	0	660	0	0	0	120	0	0	0	2074	0	1172	0	1416	0	2504	0	0	0	118	0	250	0	304	0	226	0	318	0	0	0	300	0	110	0	296	142	0	0	7398	0	76	0	3798	0	0	0	2990	0	356	0	0	0	0	0	0	0	336	0	0	0	0	0	0	0	0	0	0	0	0	0	0	0	0	0	
30748	Heschl_R	0	222	0	102	0	0	0	0	0	0	0	0	0	0	0	0	0	1904	0	0	0	0	0	0	0	0	0	0	0	3862	0	0	0	0	0	0	0	696	0	546	0	0	0	70	0	0	0	96	0	0	0	0	0	0	0	880	0	182	0	0	0	0	0	98	0	0	0	144	0	0	0	0	0	0	0	0	0	0	0	0	0	5718	0	0	0	538	0	0	0	316	0	0	0	0	0	0	0	0	0	0	0	0	0	0	0	0	0	0	0	0	0	0	0	0	0	0	
182944	Temporal_Sup_L	2462	0	1682	0	444	0	104	0	0	0	2430	0	528	0	0	0	8686	0	92	0	0	0	428	0	0	0	0	0	7842	0	438	82	0	0	398	346	2194	144	164	0	0	0	164	0	0	0	212	0	0	0	972	0	700	0	3496	0	3982	0	0	0	352	0	4468	0	1168	0	90	0	1052	0	0	0	464	0	0	0	76	122	7398	0	0	0	4142	0	20866	0	0	0	12398	0	450	0	0	0	0	0	0	0	436	0	0	0	0	0	0	0	0	0	0	0	0	0	0	0	0	0	
142004	Temporal_Sup_R	0	704	0	650	0	0	0	86	0	0	0	618	0	0	0	410	0	4694	0	258	0	0	0	0	0	0	0	0	0	6974	0	0	0	0	0	68	0	2356	0	1472	0	92	0	182	0	152	0	324	0	0	0	682	0	0	0	4812	0	800	0	78	0	540	0	5344	0	5712	0	1050	0	0	130	248	0	1176	0	0	0	0	0	5718	0	0	0	2518	0	19212	0	496	0	3376	0	0	0	0	0	0	0	70	0	0	0	0	0	0	0	0	0	0	0	0	0	0	0	0	0	0	
89568	Temporal_Pole_Sup_L	0	0	1010	0	2448	0	0	0	786	0	1492	0	652	0	3018	0	1164	0	428	0	316	0	456	0	0	0	148	0	5240	0	502	0	0	0	0	0	724	0	994	0	330	0	0	0	0	0	0	0	0	0	0	0	0	0	3262	0	0	0	0	0	0	0	0	0	0	0	0	0	0	0	122	0	1880	0	0	0	0	0	76	0	4142	0	0	0	7162	0	4144	0	4288	0	0	0	0	0	0	0	0	0	0	0	0	0	0	0	0	0	0	0	0	0	0	0	0	0	0	0	
73216	Temporal_Pole_Sup_R	0	0	0	0	0	0	0	0	0	0	0	112	0	0	0	526	0	228	0	0	0	0	0	0	0	0	0	0	0	1274	0	0	0	0	0	0	0	2570	0	5886	0	2892	0	0	0	0	0	0	0	0	0	0	0	0	0	8272	0	0	0	0	0	0	0	0	0	0	0	0	0	0	0	0	0	1006	0	0	0	0	0	0	0	2518	0	0	0	2970	0	6814	0	1540	0	0	0	0	0	0	0	0	0	0	0	0	0	0	0	0	0	0	0	0	0	0	0	0	0	0	
274960	Temporal_Mid_L	1252	0	302	0	0	0	0	0	0	0	0	0	0	0	0	0	1036	0	0	0	0	0	0	0	0	0	0	0	2836	0	0	0	0	0	0	0	1536	0	0	0	148	0	186	0	110	0	0	0	132	0	18138	0	1794	0	6312	0	2472	0	330	0	3544	0	1820	0	12328	0	148	0	1860	0	0	0	656	0	0	0	0	0	3798	0	20866	0	7162	0	0	0	5198	0	42992	0	312	0	0	0	0	0	0	0	212	0	0	0	0	0	0	0	0	0	0	0	0	0	0	0	0	0	
230344	Temporal_Mid_R	0	1560	0	1256	0	0	0	0	0	0	0	0	0	0	0	0	0	238	0	836	0	0	0	0	0	0	0	0	0	1598	0	0	0	282	0	0	0	1172	0	492	0	134	0	1650	0	1584	0	246	0	662	0	9276	0	1328	0	10034	0	1512	0	568	0	1956	0	5600	0	13246	74	8428	0	482	0	0	0	336	0	0	0	0	0	538	0	19212	0	2970	0	0	0	3626	0	24180	0	0	0	0	0	0	0	96	0	0	0	0	0	0	0	0	0	0	0	0	0	0	0	0	0	0	
35652	Temporal_Pole_Mid_L	0	0	0	0	0	0	0	0	0	0	0	0	0	0	0	0	0	0	0	0	0	0	0	0	0	0	0	0	260	0	0	0	0	0	0	0	204	0	600	0	116	0	0	0	0	0	0	0	0	0	0	0	0	0	2902	0	0	0	0	0	0	0	0	0	0	0	0	0	0	0	0	0	242	0	0	0	0	0	0	0	0	0	4144	0	5198	0	0	0	4160	0	0	0	0	0	0	0	0	0	0	0	0	0	0	0	0	0	0	0	0	0	0	0	0	0	0	0	
48344	Temporal_Pole_Mid_R	0	0	0	0	0	0	0	0	0	0	0	0	0	0	0	0	0	0	0	0	0	0	0	0	0	0	0	0	0	118	0	0	0	0	0	0	0	176	0	2698	0	152	0	0	0	0	0	0	0	0	0	0	0	0	0	6284	0	0	0	0	0	0	0	0	0	0	0	0	0	0	0	0	0	0	0	0	0	0	0	0	0	496	0	6814	0	3626	0	0	0	3808	0	0	0	0	0	0	0	0	0	0	0	0	0	0	0	0	0	0	0	0	0	0	0	0	0	0	
259188	Temporal_Inf_L	1688	0	546	0	0	0	92	0	0	0	0	0	0	0	0	0	538	0	150	0	0	0	0	0	0	0	0	0	4034	0	0	0	0	0	0	0	5942	0	1478	0	622	0	138	0	0	0	614	0	0	0	5370	0	3368	0	16934	0	2594	0	0	0	1098	0	2250	0	4788	0	122	0	2248	0	80	0	2158	0	0	0	0	0	2990	0	12398	0	4288	0	42992	0	4160	0	0	0	2752	0	726	0	0	0	426	0	1700	0	178	0	132	0	0	0	0	0	0	0	0	0	0	0	0	0	
161076	Temporal_Inf_R	0	2466	0	2308	0	0	0	0	0	0	0	0	0	0	0	0	0	94	0	782	0	0	0	0	0	0	0	0	0	328	0	0	0	292	0	0	0	3700	0	816	0	0	0	2724	0	872	0	468	0	0	0	2910	0	2616	0	19096	0	74	0	0	0	0	0	1482	0	320	0	2956	0	178	0	0	0	226	0	0	0	0	0	316	0	3376	0	1540	0	24180	0	3808	0	0	0	2062	0	0	0	0	0	314	0	234	0	0	0	0	0	0	0	0	0	0	0	0	0	0	0	0	
636024	Cerebelum_Crus1_L	1080	0	0	0	0	0	0	0	0	0	0	0	0	0	0	0	0	0	0	0	0	0	0	0	0	0	0	0	158	0	0	0	0	0	198	0	530	0	420	78	0	0	1680	1124	0	94	16962	6342	0	82	1104	188	484	156	29498	4738	344	0	0	0	0	0	0	0	112	0	526	476	586	0	0	0	148	0	0	0	0	0	356	0	450	0	0	0	312	0	0	0	2752	0	0	5458	44652	5748	2152	976	31514	6984	66924	5962	19446	1102	16316	2356	4348	1016	670	72	506	1750	10812	7182	9938	212	852	86	
461548	Cerebelum_Crus1_R	0	0	0	0	0	0	0	0	0	0	0	0	0	0	0	0	0	0	0	0	0	0	0	0	0	0	0	0	0	0	0	0	0	0	0	0	0	302	0	706	0	0	276	126	0	0	3704	5082	0	0	0	196	0	302	690	13346	0	0	0	0	0	0	0	0	0	0	0	0	0	0	0	0	0	0	0	0	0	0	0	0	0	0	0	0	0	0	0	0	0	2062	5458	0	3976	30848	240	2582	4920	23888	5226	56752	828	11138	1438	19624	1502	2716	172	414	90	934	8722	8414	11152	1120	1492	336	
402244	Cerebelum_Crus2_L	0	0	0	0	0	0	0	0	0	0	0	0	0	0	0	0	0	0	0	0	0	0	0	0	0	0	0	0	0	0	0	0	0	0	0	0	246	0	98	0	0	0	292	0	0	0	2026	1180	0	0	272	0	210	0	3266	832	0	0	0	0	0	0	0	0	0	0	0	0	0	0	0	0	80	0	0	0	0	0	0	0	0	0	0	0	0	0	0	0	726	0	44652	3976	0	16140	216	0	2354	342	13218	2392	37188	4318	29656	4634	5986	500	684	0	0	0	366	3934	17304	3592	442	0	
363368	Cerebelum_Crus2_R	0	0	0	0	0	0	0	0	0	0	0	0	0	0	0	0	0	0	0	0	0	0	0	0	0	0	0	0	0	0	0	0	0	0	0	0	0	90	0	88	0	0	0	0	0	0	0	290	0	0	0	0	0	0	0	944	0	0	0	0	0	0	0	0	0	0	0	0	0	0	0	0	0	0	0	0	0	0	0	0	0	0	0	0	0	0	0	0	0	0	5748	30848	16140	0	0	224	0	974	518	8542	9460	31280	7682	36710	356	3678	0	572	0	104	94	1478	18892	6264	624	84	
53772	Cerebelum_3_L	0	0	0	0	0	0	0	0	0	0	0	0	0	0	0	0	0	0	0	0	0	0	0	0	0	0	0	0	0	0	0	0	0	0	0	0	0	0	0	0	0	0	0	0	0	0	350	428	0	0	0	0	0	0	628	278	0	0	0	0	0	0	0	0	0	0	0	0	0	0	0	0	0	0	0	0	0	0	0	0	0	0	0	0	0	0	0	0	0	0	2152	240	216	0	0	214	8662	460	4214	590	250	0	250	0	1552	182	90	0	862	2272	2106	778	0	0	112	0	
70808	Cerebelum_3_R	0	0	0	0	0	0	0	0	0	0	0	0	0	0	0	0	0	0	0	0	0	0	0	0	0	0	0	0	0	0	0	0	0	0	0	0	94	340	0	626	0	0	0	0	0	0	154	768	0	0	0	0	0	0	0	1128	0	0	0	0	0	0	0	0	0	0	0	0	0	0	0	0	0	0	0	0	0	0	0	0	0	0	0	0	0	0	0	0	0	0	976	2582	0	224	214	0	1526	5518	1258	5326	0	0	0	272	470	1840	0	0	942	4948	2800	1580	236	222	1110	250	
436720	Cerebelum_4_5_L	0	0	0	0	0	0	0	0	0	0	0	0	0	0	0	0	0	0	0	0	0	0	0	0	0	0	0	0	0	0	0	0	0	0	228	114	398	0	746	0	0	0	1412	1662	232	220	21366	8834	180	110	774	298	150	120	17064	5744	0	0	0	0	0	0	0	0	0	0	350	754	0	0	0	0	0	0	0	0	0	0	0	0	0	0	0	0	0	0	0	0	426	0	31514	4920	2354	0	8662	1526	0	14234	43344	6646	1408	0	1070	144	3094	1626	226	0	1454	3794	25272	3266	138	0	1398	1088	
411948	Cerebelum_4_5_R	84	258	0	246	0	0	0	84	0	0	0	0	0	0	0	0	0	0	0	0	0	0	0	0	0	0	0	0	0	0	0	0	0	0	148	444	180	5984	0	8264	0	0	456	2320	78	232	11046	15710	0	112	106	382	0	184	3002	20712	0	0	0	0	0	0	0	0	0	0	0	2092	0	0	0	0	0	222	0	146	134	866	0	0	0	70	0	0	0	96	0	0	0	314	6984	23888	342	974	460	5518	14234	0	9884	34120	466	334	528	1290	620	2162	0	528	328	1780	21796	3054	820	306	1290	296	
642292	Cerebelum_6_L	1060	0	0	0	0	0	0	0	0	0	0	0	0	0	0	0	0	0	0	0	0	0	0	0	0	0	0	0	148	0	0	0	0	0	220	0	676	0	512	0	0	0	3330	1504	256	176	26772	12450	252	224	2454	726	888	798	35318	8594	284	0	0	0	0	0	0	0	0	0	652	528	540	0	0	0	172	0	0	0	0	0	336	0	436	0	0	0	212	0	0	0	1700	0	66924	5226	13218	518	4214	1258	43344	9884	0	10834	5858	164	5944	442	6322	1716	800	186	602	2100	17856	15240	4458	602	2078	140	
467828	Cerebelum_6_R	0	0	0	0	0	0	0	0	0	0	0	0	0	0	0	0	0	0	0	0	0	0	0	0	0	0	0	0	0	0	0	0	0	0	0	0	0	606	0	1100	0	0	328	248	0	0	5606	11224	0	102	0	784	132	1570	1134	21006	0	0	0	0	0	0	0	0	0	0	0	176	0	0	0	0	0	0	0	0	0	0	0	0	0	0	0	0	0	0	0	0	0	234	5962	56752	2392	8542	590	5326	6646	34120	10834	0	910	2336	1286	6440	2322	3032	364	990	242	1612	12054	15326	7672	910	2640	364	
321784	Cerebelum_7b_L	0	0	0	0	0	0	0	0	0	0	0	0	0	0	0	0	0	0	0	0	0	0	0	0	0	0	0	0	0	0	0	0	0	0	0	0	0	0	0	94	0	0	0	0	0	0	158	88	0	0	0	0	0	0	1156	212	0	0	0	0	0	0	0	0	0	0	0	0	0	0	0	0	0	0	0	0	0	0	0	0	0	0	0	0	0	0	0	0	178	0	19446	828	37188	9460	250	0	1408	466	5858	910	0	6996	37416	9172	7944	782	1028	102	0	110	338	1748	9266	7690	600	0	
230500	Cerebelum_7b_R	0	0	0	0	0	0	0	0	0	0	0	0	0	0	0	0	0	0	0	0	0	0	0	0	0	0	0	0	0	0	0	0	0	0	0	0	0	0	0	0	0	0	0	0	0	0	0	0	0	0	0	0	0	0	0	276	0	0	0	0	0	0	0	0	0	0	0	0	0	0	0	0	0	0	0	0	0	0	0	0	0	0	0	0	0	0	0	0	0	0	1102	11138	4318	31280	0	0	0	334	164	2336	6996	0	7192	32978	480	3736	0	384	0	0	0	488	4248	7140	582	78	
362108	Cerebelum_8_L	0	0	0	0	0	0	0	0	0	0	0	0	0	0	0	0	0	0	0	0	0	0	0	0	0	0	0	0	0	0	0	0	0	0	0	0	0	0	0	106	0	0	0	0	0	0	98	170	0	0	0	0	0	0	814	292	0	0	0	0	0	0	0	0	0	0	0	0	0	0	0	0	0	0	0	0	0	0	0	0	0	0	0	0	0	0	0	0	132	0	16316	1438	29656	7682	250	0	1070	528	5944	1286	37416	7192	0	13530	22102	3484	1852	128	0	74	448	2740	8596	13254	4362	94	
345192	Cerebelum_8_R	0	0	0	0	0	0	0	0	0	0	0	0	0	0	0	0	0	0	0	0	0	0	0	0	0	0	0	0	0	0	0	0	0	0	0	0	0	102	0	172	0	0	0	0	0	0	0	76	0	0	0	0	0	0	0	820	0	0	0	0	0	0	0	0	0	0	0	0	0	0	0	0	0	0	0	0	0	0	0	0	0	0	0	0	0	0	0	0	0	0	2356	19624	4634	36710	0	272	144	1290	442	6440	9172	32978	13530	0	1862	16988	0	838	0	156	198	1294	9046	10786	2484	182	
171012	Cerebelum_9_L	0	0	0	0	0	0	0	0	0	0	0	0	0	0	0	0	0	0	0	0	0	0	0	0	0	0	0	0	0	0	0	0	0	0	0	0	0	0	0	0	0	0	0	0	0	0	302	844	0	0	0	0	0	0	152	592	0	0	0	0	0	0	0	0	0	0	0	0	0	0	0	0	0	0	0	0	0	0	0	0	0	0	0	0	0	0	0	0	0	0	4348	1502	5986	356	1552	470	3094	620	6322	2322	7944	480	22102	1862	0	3670	3140	140	172	552	2552	4644	830	3186	4934	836	
156552	Cerebelum_9_R	0	0	0	0	0	0	0	0	0	0	0	0	0	0	0	0	0	0	0	0	0	0	0	0	0	0	0	0	0	0	0	0	0	0	0	0	0	0	0	0	0	0	0	0	0	0	82	400	0	0	0	0	0	0	0	264	0	0	0	0	0	0	0	0	0	0	0	0	0	0	0	0	0	0	0	0	0	0	0	0	0	0	0	0	0	0	0	0	0	0	1016	2716	500	3678	182	1840	1626	2162	1716	3032	782	3736	3484	16988	3670	0	0	1956	740	2202	3332	5254	2794	4062	8190	1872	
19820	Cerebelum_10_L	0	0	0	0	0	0	0	0	0	0	0	0	0	0	0	0	0	0	0	0	0	0	0	0	0	0	0	0	0	0	0	0	0	0	0	0	0	0	0	0	0	0	0	0	0	0	0	172	0	0	0	0	0	0	0	164	0	0	0	0	0	0	0	0	0	0	0	0	0	0	0	0	0	0	0	0	0	0	0	0	0	0	0	0	0	0	0	0	0	0	670	172	684	0	90	0	226	0	800	364	1028	0	1852	0	3140	0	0	0	0	0	98	450	0	0	0	0	
16436	Cerebelum_10_R	0	0	0	0	0	0	0	0	0	0	0	0	0	0	0	0	0	0	0	0	0	0	0	0	0	0	0	0	0	0	0	0	0	0	0	0	0	0	0	0	0	0	0	0	0	0	0	0	0	0	0	0	0	0	0	100	0	0	0	0	0	0	0	0	0	0	0	0	0	0	0	0	0	0	0	0	0	0	0	0	0	0	0	0	0	0	0	0	0	0	72	414	0	572	0	0	0	528	186	990	102	384	128	838	140	1956	0	0	0	0	156	552	254	262	584	0	
26908	Vermis_1_2	0	0	0	0	0	0	0	0	0	0	0	0	0	0	0	0	0	0	0	0	0	0	0	0	0	0	0	0	0	0	0	0	0	0	0	0	0	0	0	0	0	0	0	0	0	0	0	0	0	0	0	0	0	0	0	0	0	0	0	0	0	0	0	0	0	0	0	0	0	0	0	0	0	0	0	0	0	0	0	0	0	0	0	0	0	0	0	0	0	0	506	90	0	0	862	942	1454	328	602	242	0	0	0	0	172	740	0	0	0	4276	2084	564	0	0	404	188	
71032	Vermis_3	0	0	0	0	0	0	0	0	0	0	0	0	0	0	0	0	0	0	0	0	0	0	0	0	0	0	0	0	0	0	0	0	0	0	0	0	84	0	0	0	0	0	0	0	0	0	170	280	0	0	0	0	0	0	82	106	0	0	0	0	0	0	0	0	0	0	0	0	0	0	0	0	0	0	0	0	0	0	0	0	0	0	0	0	0	0	0	0	0	0	1750	934	0	104	2272	4948	3794	1780	2100	1612	110	0	74	156	552	2202	0	0	4276	0	4520	1676	218	210	1212	294	
