data	data	337560	288236	858732	672616	143720	107340	594508	248988	85576	45968	264340	172268	282328	131496	194232	75904	169344	100888	654028	703568	97972	108948	409192	397392	50568	114548	75052	80336	539792	297496	367040	599284	152184	552812	118100	106132	215680	257068	85816	140388	28464	54892	282584	435284	263300	477156	233856	230760	196172	420236	507400	254908	204700	150304	204240	251016	201344	248732	162352	186004	257984	169004	97180	143680	196716	196536	396772	511768	203624	121720	314728	375688	415440	331924	74460	63260	182300	148648	105648	25516	217008	126936	103668	66268	341552	203464	38904	31744	283284	238692	448036	464320	337064	279408	39252	91664	239304	206864	366672	343252	197996	139816	288140	217112	92504	140448	17908	31288	41224	78512	179684	146948	260868	105516	96260	27184	
data	data	Precentral_L	Precentral_R	Frontal_Sup_L	Frontal_Sup_R	Frontal_Sup_Orb_L	Frontal_Sup_Orb_R	Frontal_Mid_L	Frontal_Mid_R	Frontal_Mid_Orb_L	Frontal_Mid_Orb_R	Frontal_Inf_Oper_L	Frontal_Inf_Oper_R	Frontal_Inf_Tri_L	Frontal_Inf_Tri_R	Frontal_Inf_Orb_L	Frontal_Inf_Orb_R	Rolandic_Oper_L	Rolandic_Oper_R	Supp_Motor_Area_L	Supp_Motor_Area_R	Olfactory_L	Olfactory_R	Frontal_Sup_Medial_L	Frontal_Sup_Medial_R	Frontal_Med_Orb_L	Frontal_Med_Orb_R	Rectus_L	Rectus_R	Insula_L	Insula_R	Cingulum_Ant_L	Cingulum_Ant_R	Cingulum_Mid_L	Cingulum_Mid_R	Cingulum_Post_L	Cingulum_Post_R	Hippocampus_L	Hippocampus_R	ParaHippocampal_L	ParaHippocampal_R	Amygdala_L	Amygdala_R	Calcarine_L	Calcarine_R	Cuneus_L	Cuneus_R	Lingual_L	Lingual_R	Occipital_Sup_L	Occipital_Sup_R	Occipital_Mid_L	Occipital_Mid_R	Occipital_Inf_L	Occipital_Inf_R	Fusiform_L	Fusiform_R	Postcentral_L	Postcentral_R	Parietal_Sup_L	Parietal_Sup_R	Parietal_Inf_L	Parietal_Inf_R	SupraMarginal_L	SupraMarginal_R	Angular_L	Angular_R	Precuneus_L	Precuneus_R	Paracentral_Lobule_L	Paracentral_Lobule_R	Caudate_L	Caudate_R	Putamen_L	Putamen_R	Pallidum_L	Pallidum_R	Thalamus_L	Thalamus_R	Heschl_L	Heschl_R	Temporal_Sup_L	Temporal_Sup_R	Temporal_Pole_Sup_L	Temporal_Pole_Sup_R	Temporal_Mid_L	Temporal_Mid_R	Temporal_Pole_Mid_L	Temporal_Pole_Mid_R	Temporal_Inf_L	Temporal_Inf_R	Cerebelum_Crus1_L	Cerebelum_Crus1_R	Cerebelum_Crus2_L	Cerebelum_Crus2_R	Cerebelum_3_L	Cerebelum_3_R	Cerebelum_4_5_L	Cerebelum_4_5_R	Cerebelum_6_L	Cerebelum_6_R	Cerebelum_7b_L	Cerebelum_7b_R	Cerebelum_8_L	Cerebelum_8_R	Cerebelum_9_L	Cerebelum_9_R	Cerebelum_10_L	Cerebelum_10_R	Vermis_1_2	Vermis_3	Vermis_4_5	Vermis_6	Vermis_7	Vermis_8	Vermis_9	Vermis_10	
337560	Precentral_L	0	334	11898	0	0	0	21720	414	0	0	16192	0	3588	0	282	0	12362	0	7358	1818	0	0	322	0	0	0	0	0	14736	0	554	222	298	590	722	512	3008	140	146	0	0	0	0	0	0	0	0	0	0	0	942	0	1636	0	0	0	22308	0	0	0	4124	0	3888	0	1230	0	410	0	9018	642	2184	442	5424	0	2698	0	1904	0	5652	0	3232	0	0	0	3410	0	0	0	2420	0	0	0	0	0	0	0	0	0	0	0	0	0	0	0	0	0	0	0	0	0	0	0	0	0	0	0	
288236	Precentral_R	334	0	642	15880	0	0	358	6054	0	0	0	6756	96	552	0	0	0	1862	678	9378	0	0	276	0	0	0	0	0	340	3418	258	464	110	3836	0	2002	0	4366	0	0	0	0	0	2080	0	1596	0	516	0	3602	0	574	0	1348	0	814	340	31822	0	2074	0	3052	0	2870	0	1884	0	5784	776	5092	2612	4136	120	1294	248	162	2860	9066	0	82	0	162	0	0	0	334	0	0	0	716	0	108	0	0	0	0	0	0	0	0	0	0	0	0	0	0	0	0	0	0	334	0	0	0	0	0	
858732	Frontal_Sup_L	11898	642	0	8532	9472	178	75022	4398	3900	0	20018	354	18862	196	9358	0	6186	110	63880	10684	658	330	44828	7006	1164	760	1714	194	27822	328	16670	7568	3094	5866	88	0	4000	310	316	0	0	0	0	0	0	0	0	0	0	0	154	0	222	0	0	0	1850	108	0	0	934	0	324	0	0	0	96	0	3086	228	12834	2526	28656	492	4616	142	2634	284	1342	0	756	0	792	0	410	0	0	0	474	0	0	0	0	0	0	0	0	0	0	0	0	0	0	0	0	0	0	0	0	0	0	0	0	0	0	0	
672616	Frontal_Sup_R	0	15880	8532	0	122	5572	1654	31848	0	1882	864	8040	1250	7758	0	2332	0	4718	13002	48322	96	312	6614	35098	120	3658	0	396	734	12556	5258	34672	1222	20042	0	0	86	2488	0	186	0	0	0	0	0	0	0	0	0	0	0	0	0	0	0	0	0	498	0	0	0	96	0	152	0	0	0	0	214	0	2916	17796	338	16594	0	4072	856	16410	0	246	0	304	0	502	0	0	0	0	0	0	0	0	0	0	0	0	0	0	0	0	0	0	0	0	0	0	0	0	0	0	0	0	0	0	0	0	
143720	Frontal_Sup_Orb_L	0	0	9472	122	0	228	2292	0	13238	0	0	0	334	0	11186	0	0	0	202	0	1896	452	3468	514	4350	842	6846	342	3230	0	5104	700	0	0	0	0	0	0	0	0	0	0	0	0	0	0	0	0	0	0	0	0	0	0	0	0	0	0	0	0	0	0	0	0	0	0	0	0	0	0	2042	342	4088	0	206	0	0	0	0	0	0	0	364	0	0	0	0	0	0	0	0	0	0	0	0	0	0	0	0	0	0	0	0	0	0	0	0	0	0	0	0	0	0	0	0	0	
107340	Frontal_Sup_Orb_R	0	0	178	5572	228	0	0	1010	0	6454	0	0	0	510	0	1514	0	0	0	212	502	1540	492	5362	416	8290	338	6766	0	1096	728	5218	0	188	0	0	0	0	0	0	0	0	0	0	0	0	0	0	0	0	0	0	0	0	0	0	0	0	0	0	0	0	0	0	0	0	0	0	0	0	880	2994	392	2790	0	0	0	0	0	0	0	0	0	0	0	0	0	0	0	0	0	0	0	0	0	0	0	0	0	0	0	0	0	0	0	0	0	0	0	0	0	0	0	0	0	0	
594508	Frontal_Mid_L	21720	358	75022	1654	2292	0	0	1080	4434	0	15366	234	29602	82	13324	0	3294	82	17178	2052	238	0	24078	2424	0	0	100	0	26974	170	6364	3088	3050	2822	976	1334	3626	416	0	0	0	0	0	0	0	0	0	136	0	0	404	0	430	0	0	0	2958	0	0	0	1748	0	522	0	0	0	196	0	892	332	3982	720	11344	0	242	0	5348	262	2368	0	368	0	330	0	760	0	0	0	478	0	0	0	0	0	0	0	0	0	0	0	0	0	0	0	0	0	0	0	0	0	0	0	0	0	0	0	
248988	Frontal_Mid_R	414	6054	4398	31848	0	1010	1080	0	0	2840	302	8842	378	11576	0	3642	0	738	6080	6916	0	0	934	6024	0	0	0	82	448	4052	1058	9794	584	6984	0	0	0	710	0	0	0	0	0	0	0	0	0	0	0	0	0	0	0	0	0	0	0	524	0	0	0	286	0	386	0	0	0	0	0	0	1472	1608	0	2638	0	122	0	670	0	0	0	0	0	0	0	0	0	0	0	0	0	0	0	0	0	0	0	0	0	0	0	0	0	0	0	0	0	0	0	0	0	0	0	0	0	0	
85576	Frontal_Mid_Orb_L	0	0	3900	0	13238	0	4434	0	0	0	0	0	1122	0	11654	0	0	0	142	0	204	204	408	0	1234	110	2066	130	1248	0	1050	0	0	0	0	0	0	0	0	0	0	0	0	0	0	0	0	0	0	0	0	0	0	0	0	0	0	0	0	0	0	0	0	0	0	0	0	0	0	0	602	152	890	0	0	0	0	0	0	0	0	0	0	0	0	0	0	0	0	0	0	0	0	0	0	0	0	0	0	0	0	0	0	0	0	0	0	0	0	0	0	0	0	0	0	0	
45968	Frontal_Mid_Orb_R	0	0	0	1882	0	6454	0	2840	0	0	0	0	0	666	0	5756	0	0	0	200	80	122	0	660	0	1080	0	1260	0	430	0	384	0	204	0	0	0	0	0	0	0	0	0	0	0	0	0	0	0	0	0	0	0	0	0	0	0	0	0	0	0	0	0	0	0	0	0	0	0	0	86	368	0	512	0	0	0	0	0	0	0	0	0	0	0	0	0	0	0	0	0	0	0	0	0	0	0	0	0	0	0	0	0	0	0	0	0	0	0	0	0	0	0	0	0	0	
264340	Frontal_Inf_Oper_L	16192	0	20018	864	0	0	15366	302	0	0	0	86	20802	0	1150	0	9282	0	9630	1038	88	0	708	0	0	0	0	0	17632	0	1280	498	78	0	0	0	1302	0	0	0	0	0	0	0	0	0	0	0	0	0	154	0	224	0	0	0	2194	0	0	0	704	0	412	0	78	0	0	0	210	0	1940	546	3854	0	334	0	366	0	1860	0	1074	0	1154	0	416	0	0	0	334	0	0	0	0	0	0	0	0	0	0	0	0	0	0	0	0	0	0	0	0	0	0	0	0	0	0	0	
172268	Frontal_Inf_Oper_R	0	6756	354	8040	0	0	234	8842	0	0	86	0	170	10294	0	88	0	5424	766	3848	0	0	142	896	0	0	0	0	300	13884	448	3070	0	1034	0	0	0	1202	0	0	0	0	0	190	0	156	0	0	0	266	0	0	0	0	0	0	0	5352	0	374	0	1358	0	2044	0	0	0	510	0	0	462	1576	0	5758	0	490	0	250	0	254	0	314	0	902	0	0	0	0	0	0	0	0	0	0	0	0	0	0	0	0	0	0	0	0	0	0	0	0	0	0	0	0	0	0	0	0	
282328	Frontal_Inf_Tri_L	3588	96	18862	1250	334	0	29602	378	1122	0	20802	170	0	0	15784	0	1204	0	8496	1884	106	0	1352	152	0	0	0	0	24782	0	1618	786	432	292	0	0	796	0	0	0	0	0	0	0	0	0	0	0	0	0	0	0	0	0	0	0	166	0	0	0	96	0	0	0	0	0	0	0	154	0	1604	556	2582	0	90	0	336	0	586	0	468	0	268	0	196	0	0	0	174	0	0	0	0	0	0	0	0	0	0	0	0	0	0	0	0	0	0	0	0	0	0	0	0	0	0	0	
131496	Frontal_Inf_Tri_R	0	552	196	7758	0	510	82	11576	0	666	0	10294	0	0	0	4320	0	310	716	1706	0	244	154	2350	0	0	0	374	108	12842	384	4688	0	1358	0	0	0	230	0	0	0	0	0	0	0	0	0	0	0	0	0	0	0	0	0	0	0	214	0	0	0	0	0	0	0	0	0	0	0	0	188	862	0	2810	0	0	0	78	0	0	0	0	0	178	0	0	0	0	0	0	0	0	0	0	0	0	0	0	0	0	0	0	0	0	0	0	0	0	0	0	0	0	0	0	0	0	
194232	Frontal_Inf_Orb_L	282	0	9358	0	11186	0	13324	0	11654	0	1150	0	15784	0	0	0	80	0	1846	390	1614	194	276	0	0	0	1670	122	16382	0	406	138	82	106	0	0	76	0	164	0	0	0	0	0	0	0	0	0	0	0	0	0	0	0	0	0	0	0	0	0	0	0	0	0	0	0	0	0	0	0	1598	230	7828	0	218	0	0	0	0	0	0	0	958	0	0	0	0	0	0	0	0	0	0	0	0	0	0	0	0	0	0	0	0	0	0	0	0	0	0	0	0	0	0	0	0	0	
75904	Frontal_Inf_Orb_R	0	0	0	2332	0	1514	0	3642	0	5756	0	88	0	4320	0	0	0	0	554	2646	96	1230	0	1224	0	0	0	930	0	6584	0	902	0	2622	0	0	0	114	0	128	0	0	0	0	0	0	0	0	0	0	0	0	0	0	0	0	0	0	0	0	0	0	0	0	0	0	0	0	0	0	144	498	0	2238	0	0	0	0	0	0	0	0	0	282	0	0	0	0	0	108	0	0	0	0	0	0	0	0	0	0	0	0	0	0	0	0	0	0	0	0	0	0	0	0	0	0	
169344	Rolandic_Oper_L	12362	0	6186	0	0	0	3294	0	0	0	9282	0	1204	0	80	0	0	0	706	0	0	0	0	0	0	0	0	0	14822	0	98	0	0	0	0	0	366	0	0	0	0	0	0	0	0	0	0	0	0	0	1984	0	1286	0	0	0	5722	0	414	0	686	0	2212	0	1232	0	410	0	216	0	598	0	1462	0	224	0	0	0	6720	0	7844	0	1250	0	2226	0	0	0	1786	0	0	0	0	0	0	0	0	0	0	0	0	0	0	0	0	0	0	0	0	0	0	0	0	0	0	0	
100888	Rolandic_Oper_R	0	1862	110	4718	0	0	82	738	0	0	0	5424	0	310	0	0	0	0	90	2114	0	0	0	148	0	0	0	0	0	12136	0	352	0	0	0	0	0	820	0	0	0	0	0	94	0	166	0	0	0	374	0	106	0	224	0	188	0	3852	0	184	0	210	0	2336	0	100	0	382	0	0	438	1530	0	3406	0	1600	0	128	0	1996	0	3322	0	738	0	0	0	0	0	166	0	0	0	0	0	0	0	0	0	0	0	0	0	0	0	0	0	0	0	0	0	0	0	0	0	0	
654028	Supp_Motor_Area_L	7358	678	63880	13002	202	0	17178	6080	142	0	9630	766	8496	716	1846	554	706	90	0	38066	90	0	12636	7104	0	0	0	0	13028	604	6476	8544	7026	23508	296	0	3364	432	472	180	0	0	0	0	0	0	0	0	0	0	0	0	86	0	0	0	1016	102	0	0	154	0	142	0	0	0	0	0	20312	620	9592	2286	19942	672	6070	178	11328	200	260	0	232	0	332	0	152	0	0	0	188	0	0	0	0	0	0	0	0	0	0	0	0	0	0	0	0	0	0	0	0	0	0	0	0	0	0	0	
703568	Supp_Motor_Area_R	1818	9378	10684	48322	0	212	2052	6916	0	200	1038	3848	1884	1706	390	2646	0	2114	38066	0	230	742	2956	15388	0	160	0	236	1910	5754	4132	23168	5080	52894	396	1610	504	620	0	252	212	0	0	0	0	0	0	0	0	0	0	0	0	0	0	0	834	988	0	0	0	0	0	0	0	0	82	370	6126	14334	10574	28826	1320	7172	1966	2700	14852	13310	0	164	0	264	0	384	0	0	0	0	0	0	0	0	0	0	0	0	0	0	0	0	0	0	0	0	0	0	0	0	0	0	0	0	0	0	0	0	
97972	Olfactory_L	0	0	658	96	1896	502	238	0	204	80	88	0	106	0	1614	96	0	0	90	230	0	5760	0	0	1224	658	3548	1298	2818	108	3746	2266	0	0	0	0	0	0	388	0	264	0	0	0	0	0	0	0	0	0	0	0	0	0	0	0	0	0	0	0	0	0	0	0	0	0	0	0	0	0	7894	4242	4730	2670	534	288	0	0	0	0	0	0	652	0	0	0	0	0	0	0	0	0	0	0	0	0	0	0	0	0	0	0	0	0	0	0	0	0	0	0	0	0	0	0	0	0	
108948	Olfactory_R	0	0	330	312	452	1540	0	0	204	122	0	0	0	244	194	1230	0	0	0	742	5760	0	0	198	280	1064	2020	3512	0	2096	2914	3432	0	326	0	0	0	318	0	332	0	468	0	0	0	0	0	0	0	0	0	0	0	0	0	98	0	0	0	0	0	0	0	0	0	0	0	0	0	0	7660	8476	3692	3944	634	1372	0	88	0	0	0	0	0	420	0	0	0	0	0	0	0	0	0	0	0	0	0	0	0	0	0	0	0	0	0	0	0	0	0	0	0	0	0	0	0	0	
409192	Frontal_Sup_Medial_L	322	276	44828	6614	3468	492	24078	934	408	0	708	142	1352	154	276	0	0	0	12636	2956	0	0	0	20602	2306	2844	410	290	1366	122	27800	20934	5970	12180	0	0	0	0	0	0	0	0	0	0	0	0	0	0	0	0	0	0	0	0	0	0	0	0	0	0	0	0	0	0	0	0	0	0	160	138	3722	772	4900	336	100	0	0	0	0	0	0	0	0	0	0	0	0	0	0	0	0	0	0	0	0	0	0	0	0	0	0	0	0	0	0	0	0	0	0	0	0	0	0	0	0	0	
397392	Frontal_Sup_Medial_R	0	0	7006	35098	514	5362	2424	6024	0	660	0	896	152	2350	0	1224	0	148	7104	15388	0	198	20602	0	690	8862	0	1444	256	3762	9442	33864	868	25432	0	0	0	0	0	0	0	0	0	0	0	0	0	0	0	0	0	0	0	0	0	0	0	0	0	0	0	0	0	0	0	0	0	0	0	0	374	2484	438	5452	0	178	0	0	0	0	0	0	0	0	0	0	0	0	0	0	0	0	0	0	0	0	0	0	0	0	0	0	0	0	0	0	0	0	0	0	0	0	0	0	0	0	
50568	Frontal_Med_Orb_L	0	0	1164	120	4350	416	0	0	1234	0	0	0	0	0	0	0	0	0	0	0	1224	280	2306	690	0	1888	3030	474	0	0	5376	1026	0	0	0	0	0	0	0	0	0	0	0	0	0	0	0	0	0	0	0	0	0	0	0	0	0	0	0	0	0	0	0	0	0	0	0	0	0	0	752	248	416	212	78	0	0	0	0	0	0	0	0	0	0	0	0	0	0	0	0	0	0	0	0	0	0	0	0	0	0	0	0	0	0	0	0	0	0	0	0	0	0	0	0	0	
114548	Frontal_Med_Orb_R	0	0	760	3658	842	8290	0	0	110	1080	0	0	0	0	0	0	0	0	0	160	658	1064	2844	8862	1888	0	360	6890	0	0	4372	9104	0	0	0	0	0	0	0	0	0	0	0	0	0	0	0	0	0	0	0	0	0	0	0	0	0	0	0	0	0	0	0	0	0	0	0	0	0	0	710	2626	582	2414	0	0	0	0	0	0	0	0	0	0	0	0	0	0	0	0	0	0	0	0	0	0	0	0	0	0	0	0	0	0	0	0	0	0	0	0	0	0	0	0	0	0	
75052	Rectus_L	0	0	1714	0	6846	338	100	0	2066	0	0	0	0	0	1670	0	0	0	0	0	3548	2020	410	0	3030	360	0	806	298	0	4434	950	0	0	0	0	0	0	0	0	0	0	0	0	0	0	0	0	0	0	0	0	0	0	0	0	0	0	0	0	0	0	0	0	0	0	0	0	0	0	4220	1500	1844	924	298	0	0	0	0	0	0	0	150	0	0	0	0	0	0	0	0	0	0	0	0	0	0	0	0	0	0	0	0	0	0	0	0	0	0	0	0	0	0	0	0	0	
80336	Rectus_R	0	0	194	396	342	6766	0	82	130	1260	0	0	0	374	122	930	0	0	0	236	1298	3512	290	1444	474	6890	806	0	0	912	1172	4720	0	264	0	0	0	0	0	0	0	0	0	0	0	0	0	0	0	0	0	0	0	0	0	0	0	0	0	0	0	0	0	0	0	0	0	0	0	0	1780	3154	906	1610	104	0	0	0	0	0	0	0	0	0	0	0	0	0	0	0	0	0	0	0	0	0	0	0	0	0	0	0	0	0	0	0	0	0	0	0	0	0	0	0	0	0	
539792	Insula_L	14736	340	27822	734	3230	0	26974	448	1248	0	17632	300	24782	108	16382	0	14822	0	13028	1910	2818	0	1366	256	0	0	298	0	0	138	1632	788	248	604	124	98	13378	116	1194	0	2412	0	0	0	0	0	0	100	0	0	1848	0	2270	0	1648	0	3214	0	0	0	648	0	526	0	466	0	408	0	1270	0	3418	750	25128	0	414	0	700	210	12442	0	7932	0	4016	0	6830	0	0	0	5692	0	0	0	0	0	0	0	0	0	0	0	0	0	0	0	0	0	0	0	0	0	0	0	0	0	0	0	
297496	Insula_R	0	3418	328	12556	0	1096	170	4052	0	430	0	13884	0	12842	0	6584	0	12136	604	5754	108	2096	122	3762	0	0	0	912	138	0	272	5714	0	2404	0	0	0	8436	0	1536	0	606	0	146	0	118	0	0	0	218	0	0	0	602	0	1924	0	3554	0	536	0	452	0	694	0	104	0	376	0	0	504	1830	94	21182	0	944	0	500	0	1950	0	6134	0	3078	0	682	0	0	0	3088	0	0	0	0	0	0	0	0	0	78	0	0	0	0	0	0	0	0	0	0	0	0	0	0	0	0	
367040	Cingulum_Ant_L	554	258	16670	5258	5104	728	6364	1058	1050	0	1280	448	1618	384	406	0	98	0	6476	4132	3746	2914	27800	9442	5376	4372	4434	1172	1632	272	0	29520	6450	9086	0	0	112	0	0	0	0	0	0	0	0	0	0	0	0	0	0	0	0	0	0	0	0	0	0	0	0	0	0	0	0	0	0	0	172	146	8180	4924	7820	3414	230	246	76	0	98	0	0	0	0	0	0	0	0	0	0	0	0	0	0	0	0	0	0	0	0	0	0	0	0	0	0	0	0	0	0	0	0	0	0	0	0	0	
599284	Cingulum_Ant_R	222	464	7568	34672	700	5218	3088	9794	0	384	498	3070	786	4688	138	902	0	352	8544	23168	2266	3432	20934	33864	1026	9104	950	4720	788	5714	29520	0	2408	28230	0	0	0	408	0	0	0	0	0	0	0	0	0	0	0	0	0	0	0	0	0	0	0	0	0	0	0	0	0	0	0	0	0	0	0	94	5270	23630	3476	17586	0	1114	162	690	0	0	0	0	0	0	0	0	0	0	0	0	0	0	0	0	0	0	0	0	0	0	0	0	0	0	0	0	0	0	0	0	0	0	0	0	0	0	
152184	Cingulum_Mid_L	298	110	3094	1222	0	0	3050	584	0	0	78	0	432	0	82	0	0	0	7026	5080	0	0	5970	868	0	0	0	0	248	0	6450	2408	0	10694	6358	294	0	0	0	0	0	0	356	90	714	216	0	0	984	0	1678	0	182	0	0	0	1718	94	466	0	330	0	0	0	368	0	5906	1538	5810	546	142	162	0	76	0	0	128	0	0	0	0	0	0	0	92	0	0	0	150	0	0	0	0	0	0	0	0	0	0	0	0	0	0	0	0	0	0	0	0	0	0	0	0	0	0	0	
552812	Cingulum_Mid_R	590	3836	5866	20042	0	188	2822	6984	0	204	0	1034	292	1358	106	2622	0	0	23508	52894	0	326	12180	25432	0	0	0	264	604	2404	9086	28230	10694	0	1474	6362	116	114	0	0	0	0	0	3708	0	3680	0	432	112	1180	140	514	0	174	0	116	114	4424	0	296	0	152	0	0	0	134	3106	11680	3310	8764	2920	2768	736	1316	742	0	4502	1184	0	0	0	0	0	0	0	0	0	0	0	122	0	0	0	0	0	0	0	0	0	0	0	0	0	0	0	0	0	0	0	0	448	0	0	0	0	0	
118100	Cingulum_Post_L	722	0	88	0	0	0	976	0	0	0	0	0	0	0	0	0	0	0	296	396	0	0	0	0	0	0	0	0	124	0	0	0	6358	1474	0	5626	4600	1388	2594	80	0	0	3148	450	1294	670	2432	106	1336	168	2182	92	596	0	92	0	1516	0	740	0	444	0	0	0	604	0	9308	2182	2780	292	278	0	234	0	0	0	2398	0	0	0	0	0	0	0	128	0	0	0	572	0	0	0	0	0	0	0	0	0	0	0	0	0	0	0	0	0	0	0	0	0	286	0	0	0	0	0	
106132	Cingulum_Post_R	512	2002	0	0	0	0	1334	0	0	0	0	0	0	0	0	0	0	0	0	1610	0	0	0	0	0	0	0	0	98	0	0	0	294	6362	5626	0	1880	3254	80	388	0	0	216	1276	274	1786	0	2268	0	292	0	0	0	1124	0	808	0	2078	0	0	0	0	0	0	0	0	3030	9360	118	1782	158	0	170	0	0	0	3034	244	0	0	0	0	0	0	0	0	0	0	0	250	0	0	0	0	0	0	0	0	0	0	0	0	0	0	0	0	0	0	0	0	1358	0	0	0	0	0	
215680	Hippocampus_L	3008	0	4000	86	0	0	3626	0	0	0	1302	0	796	0	76	0	366	0	3364	504	0	0	0	0	0	0	0	0	13378	0	112	0	0	116	4600	1880	0	1272	10244	140	5664	0	1678	0	0	0	2350	540	0	0	256	0	504	0	6512	0	462	0	0	0	218	0	0	0	0	0	3084	116	3434	0	0	0	13828	0	536	0	4438	0	1090	0	2760	0	892	0	1484	0	0	0	8482	0	140	0	0	0	0	76	0	0	248	0	0	0	0	0	0	0	0	0	0	178	0	0	0	0	0	0	
257068	Hippocampus_R	140	4366	310	2488	0	0	416	710	0	0	0	1202	0	230	0	114	0	820	432	620	0	318	0	0	0	0	0	0	116	8436	0	408	0	114	1388	3254	1272	0	0	19060	90	8278	0	450	0	134	0	5204	0	180	0	148	0	1650	78	14346	0	916	0	0	0	0	0	86	0	0	0	2388	270	0	200	652	508	10606	0	612	1740	5630	0	580	0	3602	0	1708	0	2322	0	462	0	15258	0	194	0	0	0	572	0	2098	0	582	0	0	0	0	0	0	0	0	0	0	776	0	0	0	0	0	
85816	ParaHippocampal_L	146	0	316	0	0	0	0	0	0	0	0	0	0	0	164	0	0	0	472	0	388	0	0	0	0	0	0	0	1194	0	0	0	0	0	2594	80	10244	0	0	0	1158	0	3210	0	160	0	4950	786	0	0	206	0	958	0	5446	0	0	0	0	0	0	0	0	0	0	0	4560	0	470	0	0	0	1614	0	0	0	110	0	0	0	110	0	262	0	0	0	90	0	1940	0	224	0	0	0	132	168	288	0	348	0	0	0	0	0	0	0	0	0	0	120	0	0	0	0	0	0	
140388	ParaHippocampal_R	0	0	0	186	0	0	0	0	0	0	0	0	0	0	0	128	0	0	180	252	0	332	0	0	0	0	0	0	0	1536	0	0	0	0	80	388	140	19060	0	0	0	5924	102	664	0	96	0	5564	0	86	0	140	0	282	0	13072	0	0	0	0	0	0	0	0	0	0	0	1000	162	0	0	142	252	1622	0	306	194	1490	0	232	0	1008	0	2218	0	1246	0	1366	0	5982	0	232	0	0	0	836	0	2670	0	526	0	0	0	0	0	0	0	0	0	0	498	0	0	0	0	0	
28464	Amygdala_L	0	0	0	0	0	0	0	0	0	0	0	0	0	0	0	0	0	0	0	212	264	0	0	0	0	0	0	0	2412	0	0	0	0	0	0	0	5664	90	1158	0	0	0	0	0	0	0	0	0	0	0	0	0	0	0	1904	0	0	0	0	0	0	0	0	0	0	0	0	0	0	0	76	0	682	0	0	0	244	0	0	0	182	0	538	0	94	0	0	0	712	0	0	0	0	0	0	0	0	0	0	0	0	0	0	0	0	0	0	0	0	0	0	0	0	0	0	0	
54892	Amygdala_R	0	0	0	0	0	0	0	0	0	0	0	0	0	0	0	0	0	0	0	0	0	468	0	0	0	0	0	0	0	606	0	0	0	0	0	0	0	8278	0	5924	0	0	0	0	0	0	0	0	0	0	0	0	0	0	0	5232	0	0	0	0	0	0	0	0	0	0	0	0	0	0	0	0	0	634	0	0	0	0	0	0	0	0	0	2522	0	1002	0	616	0	1966	0	0	0	0	0	0	0	198	0	0	0	0	0	0	0	0	0	0	0	0	0	0	0	0	0	0	
282584	Calcarine_L	0	0	0	0	0	0	0	0	0	0	0	0	0	0	0	0	0	0	0	0	0	0	0	0	0	0	0	0	0	0	0	0	356	0	3148	216	1678	0	3210	102	0	0	0	11518	26014	10276	18938	2894	9810	1266	14580	84	2396	0	1660	88	0	0	284	0	744	0	0	0	984	0	24144	4894	460	0	0	0	0	0	0	0	0	0	0	0	0	0	0	0	230	0	0	0	1020	0	216	0	0	0	0	0	0	0	0	0	0	0	0	0	0	0	0	0	0	0	82	0	0	0	0	0	
435284	Calcarine_R	0	2080	0	0	0	0	0	0	0	0	0	190	0	0	0	0	0	94	0	0	0	0	0	0	0	0	0	0	0	146	0	0	90	3708	450	1276	0	450	0	664	0	0	11518	0	6378	40490	1814	19216	264	27622	198	15344	0	6602	0	5528	0	5960	0	3062	0	1842	0	554	0	1070	6398	40636	0	3614	0	0	0	0	0	0	0	0	0	0	0	208	0	0	0	6224	0	0	0	2770	0	700	0	0	0	0	0	0	0	110	0	0	0	0	0	0	0	0	0	0	372	0	0	0	0	0	
263300	Cuneus_L	0	0	0	0	0	0	0	0	0	0	0	0	0	0	0	0	0	0	0	0	0	0	0	0	0	0	0	0	0	0	0	0	714	0	1294	274	0	0	160	0	0	0	26014	6378	0	11002	3568	362	25968	670	20122	0	938	0	798	0	0	0	1676	0	1012	0	0	0	1152	0	21548	6690	560	0	0	0	0	0	0	0	0	0	0	0	0	0	0	0	316	0	0	0	348	0	0	0	0	0	0	0	0	0	0	0	0	0	0	0	0	0	0	0	0	0	86	0	0	0	0	0	
477156	Cuneus_R	0	1596	0	0	0	0	0	0	0	0	0	156	0	0	0	0	0	166	0	0	0	0	0	0	0	0	0	0	0	118	0	0	216	3680	670	1786	0	134	0	96	0	0	10276	40490	11002	0	368	7602	1788	55660	1174	17782	0	2294	0	1064	0	3710	164	10278	0	2482	0	654	0	1744	10268	47744	0	1034	0	0	0	0	0	0	0	0	0	0	0	170	0	0	0	1332	0	0	0	590	0	86	0	0	0	0	0	0	0	0	0	0	0	0	0	0	0	0	0	0	204	0	0	0	0	0	
233856	Lingual_L	0	0	0	0	0	0	0	0	0	0	0	0	0	0	0	0	0	0	0	0	0	0	0	0	0	0	0	0	0	0	0	0	0	0	2432	0	2350	0	4950	0	0	0	18938	1814	3568	368	0	2010	1844	0	19100	0	11456	0	12326	104	0	0	0	0	294	0	0	0	362	0	10750	238	0	0	0	0	0	0	0	0	108	0	0	0	0	0	0	0	180	0	0	0	1008	0	3950	812	162	0	758	0	5774	992	5578	934	0	0	0	0	98	98	0	0	0	0	1988	778	650	0	0	156	
230760	Lingual_R	0	516	0	0	0	0	136	0	0	0	0	0	0	0	0	0	0	0	0	0	0	0	0	0	0	0	0	0	100	0	0	0	0	432	106	2268	540	5204	786	5564	0	0	2894	19216	362	7602	2010	0	0	8326	0	4550	0	4596	552	11842	0	624	0	156	0	124	0	0	0	166	320	7950	0	0	0	0	218	204	0	0	324	918	0	0	0	0	0	0	0	114	0	0	0	440	1316	1730	450	136	0	1268	1204	5310	2812	3008	0	0	136	0	96	0	0	0	0	0	4482	3484	788	0	0	0	
196172	Occipital_Sup_L	0	0	0	0	0	0	0	0	0	0	0	0	0	0	0	0	0	0	0	0	0	0	0	0	0	0	0	0	0	0	0	0	984	112	1336	0	0	0	0	0	0	0	9810	264	25968	1788	1844	0	0	0	31508	0	256	0	90	0	0	0	6584	0	1768	0	0	0	116	0	13502	2076	80	0	0	0	0	0	0	0	0	0	0	0	0	0	0	0	0	0	0	0	0	0	0	0	0	0	0	0	0	0	0	0	0	0	0	0	0	0	0	0	0	0	0	0	0	0	0	0	
420236	Occipital_Sup_R	0	3602	0	0	0	0	0	0	0	0	0	266	0	0	0	0	0	374	0	0	0	0	0	0	0	0	0	0	0	218	0	0	0	1180	168	292	0	180	0	86	0	0	1266	27622	670	55660	0	8326	0	0	0	29302	0	4158	0	1876	0	5600	0	16950	0	5150	0	1150	0	7258	2842	32038	0	310	0	0	0	86	0	0	0	0	0	84	0	378	0	0	0	1856	0	0	0	994	0	176	0	0	0	0	0	0	0	0	0	0	0	0	0	0	0	0	0	0	0	0	0	0	0	0	
507400	Occipital_Mid_L	942	0	154	0	0	0	404	0	0	0	154	0	0	0	0	0	1984	0	0	0	0	0	0	0	0	0	0	0	1848	0	0	0	1678	140	2182	0	256	0	206	0	0	0	14580	198	20122	1174	19100	0	31508	0	0	0	25178	0	11014	0	3406	0	21146	0	21926	0	546	0	23160	0	18632	1078	1832	0	0	0	376	0	0	0	0	0	2252	0	2596	0	0	0	16954	0	0	0	5902	0	764	0	0	0	0	0	0	0	308	0	0	0	0	0	0	0	0	0	0	0	0	0	0	0	0	0	
254908	Occipital_Mid_R	0	574	0	0	0	0	0	0	0	0	0	0	0	0	0	0	0	106	0	0	0	0	0	0	0	0	0	0	0	0	0	0	0	514	92	0	0	148	0	140	0	0	84	15344	0	17782	0	4550	0	29302	0	0	0	5244	0	2350	0	1136	0	5854	0	4418	0	632	0	16124	228	7512	0	150	0	0	0	0	0	0	0	0	0	0	0	192	0	0	0	13276	0	0	0	1460	0	242	0	0	0	0	0	0	0	0	0	0	0	0	0	0	0	0	0	0	0	0	0	0	0	0	
204700	Occipital_Inf_L	1636	0	222	0	0	0	430	0	0	0	224	0	0	0	0	0	1286	0	86	0	0	0	0	0	0	0	0	0	2270	0	0	0	182	0	596	0	504	0	958	0	0	0	2396	0	938	0	11456	0	256	0	25178	0	0	0	12228	0	400	0	0	0	750	0	336	0	1154	0	2410	0	1166	0	0	0	406	0	0	0	0	0	1748	0	3982	0	0	0	11360	0	0	0	16630	0	764	0	0	0	0	0	98	0	300	0	0	0	0	0	0	0	0	0	0	0	0	0	0	0	0	0	
150304	Occipital_Inf_R	0	1348	0	0	0	0	0	0	0	0	0	0	0	0	0	0	0	224	0	0	0	0	0	0	0	0	0	0	0	602	0	0	0	174	0	1124	0	1650	0	282	0	0	0	6602	0	2294	0	4596	0	4158	0	5244	0	0	0	15082	0	1536	0	850	0	1672	0	1532	0	2492	0	2190	0	0	0	0	0	0	0	0	0	0	0	194	0	788	0	0	0	4728	0	0	0	12078	0	3422	0	0	0	0	0	0	0	290	0	0	0	0	0	0	0	0	0	0	0	0	0	0	0	0	
204240	Fusiform_L	0	0	0	0	0	0	0	0	0	0	0	0	0	0	0	0	0	0	0	0	0	0	0	0	0	0	0	0	1648	0	0	0	0	0	92	0	6512	78	5446	0	1904	0	1660	0	798	0	12326	552	90	0	11014	0	12228	0	0	0	0	0	0	0	204	0	0	0	304	0	2472	0	0	0	0	0	344	0	0	0	0	0	0	0	1522	0	2392	0	2108	0	2490	0	9272	0	6704	314	106	0	0	0	6258	466	9596	390	0	0	0	0	0	0	0	0	0	0	1550	988	292	0	0	0	
251016	Fusiform_R	0	814	0	0	0	0	0	0	0	0	0	0	0	0	0	0	0	188	0	0	0	98	0	0	0	0	0	0	0	1924	0	0	0	116	0	808	0	14346	0	13072	0	5232	88	5528	0	1064	104	11842	0	1876	0	2350	0	15082	0	0	0	930	0	286	0	506	0	634	0	842	0	2822	0	0	0	0	0	1300	0	0	0	82	0	214	0	1534	0	4198	0	2796	0	1330	0	16028	240	4686	90	0	0	0	152	3730	458	5312	0	0	0	0	0	0	0	0	0	0	1612	926	268	0	0	0	
201344	Postcentral_L	22308	340	1850	0	0	0	2958	0	0	0	2194	0	166	0	0	0	5722	0	1016	834	0	0	0	0	0	0	0	0	3214	0	0	0	1718	114	1516	0	462	0	0	0	0	0	0	0	0	0	0	0	0	0	3406	0	400	0	0	0	0	0	7556	0	17242	0	11774	0	1034	0	5272	0	3956	90	0	0	708	0	108	0	158	0	1600	0	2262	0	0	0	294	0	0	0	400	0	0	0	0	0	0	0	0	0	0	0	0	0	0	0	0	0	0	0	0	0	0	0	0	0	0	0	
248732	Postcentral_R	0	31822	108	498	0	0	0	524	0	0	0	5352	0	214	0	0	0	3852	102	988	0	0	0	0	0	0	0	0	0	3554	0	0	94	4424	0	2078	0	916	0	0	0	0	0	5960	0	3710	0	624	0	5600	0	1136	0	1536	0	930	0	0	0	7446	0	7000	0	11132	0	2198	76	12728	314	4548	92	738	0	1510	0	104	0	90	0	100	0	434	0	0	0	484	0	0	0	840	0	116	0	0	0	0	0	0	0	0	0	0	0	0	0	0	0	0	0	0	394	0	0	0	0	0	
162352	Parietal_Sup_L	0	0	0	0	0	0	0	0	0	0	0	0	0	0	0	0	414	0	0	0	0	0	0	0	0	0	0	0	0	0	0	0	466	0	740	0	0	0	0	0	0	0	284	0	1676	164	0	0	6584	0	21146	0	0	0	0	0	7556	0	0	0	17182	0	236	0	7706	0	14374	838	906	0	0	0	0	0	0	0	0	0	0	0	526	0	0	0	378	0	0	0	0	0	0	0	0	0	0	0	0	0	0	0	0	0	0	0	0	0	0	0	0	0	0	0	0	0	0	0	
186004	Parietal_Sup_R	0	2074	0	0	0	0	0	0	0	0	0	374	0	0	0	0	0	184	0	0	0	0	0	0	0	0	0	0	0	536	0	0	0	296	0	0	0	0	0	0	0	0	0	3062	0	10278	0	156	0	16950	0	5854	0	850	0	286	0	7446	0	0	0	12126	0	3326	0	12118	0	13592	0	1440	0	0	0	0	0	0	0	0	0	0	0	160	0	0	0	964	0	0	0	930	0	0	0	0	0	0	0	0	0	0	0	0	0	0	0	0	0	0	0	0	0	0	0	0	0	0	
257984	Parietal_Inf_L	4124	0	934	0	0	0	1748	0	0	0	704	0	96	0	0	0	686	0	154	0	0	0	0	0	0	0	0	0	648	0	0	0	330	0	444	0	218	0	0	0	0	0	744	0	1012	0	294	0	1768	0	21926	0	750	0	204	0	17242	0	17182	0	0	0	12670	0	29368	0	4076	0	508	0	0	0	432	0	102	0	0	0	332	0	1856	0	0	0	7534	0	0	0	906	0	0	0	0	0	0	0	0	0	0	0	0	0	0	0	0	0	0	0	0	0	0	0	0	0	0	0	
169004	Parietal_Inf_R	0	3052	0	96	0	0	0	286	0	0	0	1358	0	0	0	0	0	210	0	0	0	0	0	0	0	0	0	0	0	452	0	0	0	152	0	0	0	0	0	0	0	0	0	1842	0	2482	0	124	0	5150	0	4418	0	1672	0	506	0	7000	0	12126	0	0	0	13960	0	19528	0	3972	0	0	0	0	0	202	0	0	0	0	0	0	0	426	0	0	0	2544	0	0	0	2756	0	188	0	0	0	0	0	0	0	0	0	0	0	0	0	0	0	0	0	0	0	0	0	0	0	0	
97180	SupraMarginal_L	3888	0	324	0	0	0	522	0	0	0	412	0	0	0	0	0	2212	0	142	0	0	0	0	0	0	0	0	0	526	0	0	0	0	0	0	0	0	0	0	0	0	0	0	0	0	0	0	0	0	0	546	0	336	0	0	0	11774	0	236	0	12670	0	0	0	5134	0	388	0	246	0	0	0	0	0	0	0	0	0	138	0	5410	0	0	0	3126	0	0	0	560	0	0	0	0	0	0	0	0	0	0	0	0	0	0	0	0	0	0	0	0	0	0	0	0	0	0	0	
143680	SupraMarginal_R	0	2870	0	152	0	0	0	386	0	0	0	2044	0	0	0	0	0	2336	0	0	0	0	0	0	0	0	0	0	0	694	0	0	0	0	0	0	0	86	0	0	0	0	0	554	0	654	0	0	0	1150	0	632	0	1532	0	634	0	11132	0	3326	0	13960	0	0	0	12338	0	994	0	0	0	0	0	422	0	0	0	0	0	182	0	5072	0	0	0	5934	0	0	0	4296	0	460	0	0	0	0	0	0	0	0	0	0	0	0	0	0	0	0	0	0	0	0	0	0	0	0	
196716	Angular_L	1230	0	0	0	0	0	0	0	0	0	78	0	0	0	0	0	1232	0	0	0	0	0	0	0	0	0	0	0	466	0	0	0	368	0	604	0	0	0	0	0	0	0	984	0	1152	0	362	0	116	0	23160	0	1154	0	304	0	1034	0	7706	0	29368	0	5134	0	0	0	3572	0	450	0	0	0	0	0	0	0	0	0	404	0	2994	0	0	0	15086	0	0	0	1400	0	0	0	0	0	0	0	0	0	0	0	0	0	0	0	0	0	0	0	0	0	0	0	0	0	0	0	
196536	Angular_R	0	1884	0	0	0	0	0	0	0	0	0	0	0	0	0	0	0	100	0	0	0	0	0	0	0	0	0	0	0	104	0	0	0	134	0	0	0	0	0	0	0	0	0	1070	0	1744	0	166	0	7258	0	16124	0	2492	0	842	0	2198	0	12118	0	19528	0	12338	0	0	0	1194	0	0	0	0	0	0	0	0	0	0	0	0	0	4054	0	0	0	9550	0	0	0	4822	0	548	0	0	0	0	0	0	0	0	0	0	0	0	0	0	0	0	0	0	0	0	0	0	0	0	
396772	Precuneus_L	410	0	96	0	0	0	196	0	0	0	0	0	0	0	0	0	410	0	0	82	0	0	0	0	0	0	0	0	408	0	0	0	5906	3106	9308	3030	3084	0	4560	0	0	0	24144	6398	21548	10268	10750	320	13502	2842	18632	228	2410	0	2472	0	5272	76	14374	0	4076	0	388	0	3572	0	0	19848	3354	650	0	0	0	0	0	0	218	0	0	0	334	0	0	0	322	0	0	0	1494	0	122	0	0	0	0	0	0	0	0	0	0	0	0	0	0	0	0	0	0	0	176	0	0	0	0	0	
511768	Precuneus_R	0	5784	0	0	0	0	0	0	0	0	0	510	0	0	0	0	0	382	0	370	0	0	0	0	0	0	0	0	0	376	0	0	1538	11680	2182	9360	116	2388	0	1000	0	0	4894	40636	6690	47744	238	7950	2076	32038	1078	7512	0	2190	0	2822	0	12728	838	13592	0	3972	0	994	0	1194	19848	0	0	5902	0	0	0	134	0	0	144	92	0	0	0	254	0	0	0	768	0	0	0	820	0	94	0	0	0	0	0	114	0	0	0	0	0	0	0	0	0	0	0	0	2842	0	0	0	0	0	
203624	Paracentral_Lobule_L	9018	776	3086	214	0	0	892	0	0	0	210	0	154	0	0	0	216	0	20312	6126	0	0	160	0	0	0	0	0	1270	0	172	0	5810	3310	2780	118	3434	270	470	162	0	0	460	0	560	0	0	0	80	0	1832	0	1166	0	0	0	3956	314	906	0	508	0	246	0	450	0	3354	0	0	3498	2770	200	7410	0	1466	0	11732	178	194	0	102	0	0	0	288	0	0	0	1182	0	0	0	0	0	0	0	0	0	0	0	0	0	0	0	0	0	0	0	0	0	0	0	0	0	0	0	
121720	Paracentral_Lobule_R	642	5092	228	0	0	0	332	0	0	0	0	0	0	0	0	0	0	0	620	14334	0	0	138	0	0	0	0	0	0	0	146	94	546	8764	292	1782	0	0	0	0	0	0	0	3614	0	1034	0	0	0	310	0	150	0	0	0	0	90	4548	0	1440	0	0	0	0	0	0	650	5902	3498	0	2776	184	0	0	300	0	3354	0	0	0	0	0	0	0	0	0	0	0	0	0	0	0	0	0	0	0	0	0	0	0	0	0	0	0	0	0	0	0	0	0	0	0	0	0	0	0	
314728	Caudate_L	2184	2612	12834	2916	2042	880	3982	1472	602	86	1940	462	1604	188	1598	144	598	438	9592	10574	7894	7660	3722	374	752	710	4220	1780	3418	504	8180	5270	142	2920	278	158	0	200	0	0	76	0	0	0	0	0	0	0	0	0	0	0	0	0	0	0	0	92	0	0	0	0	0	0	0	0	0	0	2770	2776	0	13048	15430	4452	3124	2580	7418	668	0	0	0	0	0	0	0	0	0	0	0	0	0	0	0	0	0	0	0	0	0	0	0	0	0	0	0	0	0	0	0	0	0	0	0	0	0	0	
375688	Caudate_R	442	4136	2526	17796	342	2994	720	1608	152	368	546	1576	556	862	230	498	0	1530	2286	28826	4242	8476	772	2484	248	2626	1500	3154	750	1830	4924	23630	162	2768	0	0	0	652	0	142	0	0	0	0	0	0	0	0	0	0	0	0	0	0	0	0	0	738	0	0	0	0	0	0	0	0	0	0	200	184	13048	0	3738	20994	858	5790	1816	13942	0	182	0	0	0	0	0	0	0	0	0	0	0	0	0	0	0	0	0	0	0	0	0	0	0	0	0	0	0	0	0	0	0	0	0	0	0	0	
415440	Putamen_L	5424	120	28656	338	4088	392	11344	0	890	0	3854	0	2582	0	7828	0	1462	0	19942	1320	4730	3692	4900	438	416	582	1844	906	25128	94	7820	3476	0	736	234	170	13828	508	1614	252	682	0	0	0	0	0	0	218	0	0	376	0	406	0	344	0	708	0	0	0	432	0	0	0	0	0	0	0	7410	0	15430	3738	0	2048	8132	470	2348	0	1162	0	924	0	1082	0	1100	0	0	0	1102	0	0	0	0	0	0	0	0	0	0	0	0	0	0	0	0	0	0	0	0	0	0	0	0	0	0	0	
331924	Putamen_R	0	1294	492	16594	0	2790	0	2638	0	512	0	5758	0	2810	0	2238	0	3406	672	7172	2670	3944	336	5452	212	2414	924	1610	0	21182	3414	17586	76	1316	0	0	0	10606	0	1622	0	634	0	0	0	0	0	204	0	86	0	0	0	0	0	1300	0	1510	0	0	0	202	0	422	0	0	0	134	0	0	4452	20994	2048	0	248	6908	84	2980	0	268	0	1278	0	1218	0	180	0	0	0	942	0	0	0	0	0	0	0	130	0	0	0	0	0	0	0	0	0	0	0	0	0	0	0	0	0	0	
74460	Pallidum_L	2698	248	4616	0	206	0	242	0	0	0	334	0	90	0	218	0	224	0	6070	1966	534	634	100	0	78	0	298	104	414	0	230	0	0	742	0	0	536	0	0	0	0	0	0	0	0	0	0	0	0	0	0	0	0	0	0	0	108	0	0	0	102	0	0	0	0	0	0	0	1466	300	3124	858	8132	248	0	194	2026	0	90	0	0	0	0	0	0	0	0	0	0	0	0	0	0	0	0	0	0	0	0	0	0	0	0	0	0	0	0	0	0	0	0	0	0	0	0	0	
63260	Pallidum_R	0	162	142	4072	0	0	0	122	0	0	0	490	0	0	0	0	0	1600	178	2700	288	1372	0	178	0	0	0	0	0	944	246	1114	0	0	0	0	0	612	0	306	0	0	0	0	0	0	0	0	0	0	0	0	0	0	0	0	0	104	0	0	0	0	0	0	0	0	0	0	0	0	2580	5790	470	6908	194	0	0	890	0	168	0	0	0	0	0	0	0	0	0	0	0	0	0	0	0	0	0	0	0	0	0	0	0	0	0	0	0	0	0	0	0	0	0	0	0	0	
182300	Thalamus_L	1904	2860	2634	856	0	0	5348	0	0	0	366	0	336	0	0	0	0	0	11328	14852	0	0	0	0	0	0	0	0	700	0	76	162	128	4502	2398	3034	4438	1740	110	194	244	0	0	0	0	0	108	324	0	0	0	0	0	0	0	0	158	0	0	0	0	0	0	0	0	0	218	144	11732	3354	7418	1816	2348	84	2026	0	0	2994	216	0	0	0	0	0	0	0	0	0	0	0	0	0	0	0	0	0	0	0	0	0	0	0	0	0	0	0	0	0	0	0	0	0	0	0	0	0	
148648	Thalamus_R	0	9066	284	16410	0	0	262	670	0	0	0	250	0	78	0	0	0	128	200	13310	0	88	0	0	0	0	0	0	210	500	0	690	0	1184	0	244	0	5630	0	1490	0	0	0	0	0	0	0	918	0	0	0	0	0	0	0	82	0	90	0	0	0	0	0	0	0	0	0	92	178	0	668	13942	0	2980	0	890	2994	0	0	0	0	0	0	0	0	0	0	0	0	208	0	0	0	0	0	0	0	380	0	0	0	0	0	0	0	0	0	0	0	0	208	0	0	0	0	0	
105648	Heschl_L	5652	0	1342	0	0	0	2368	0	0	0	1860	0	586	0	0	0	6720	0	260	0	0	0	0	0	0	0	0	0	12442	0	98	0	0	0	0	0	1090	0	0	0	0	0	0	0	0	0	0	0	0	0	2252	0	1748	0	0	0	1600	0	0	0	332	0	138	0	404	0	0	0	194	0	0	0	1162	0	90	0	216	0	0	0	3576	0	0	0	6092	0	0	0	2602	0	0	0	0	0	0	0	0	0	0	0	0	0	0	0	0	0	0	0	0	0	0	0	0	0	0	0	
25516	Heschl_R	0	82	0	246	0	0	0	0	0	0	0	254	0	0	0	0	0	1996	0	164	0	0	0	0	0	0	0	0	0	1950	0	0	0	0	0	0	0	580	0	232	0	0	0	0	0	0	0	0	0	84	0	0	0	194	0	214	0	100	0	0	0	0	0	182	0	0	0	0	0	0	0	182	0	268	0	168	0	0	0	0	0	4320	0	110	0	778	0	0	0	654	0	0	0	0	0	0	0	0	0	0	0	0	0	0	0	0	0	0	0	0	0	0	0	0	0	0	
217008	Temporal_Sup_L	3232	0	756	0	0	0	368	0	0	0	1074	0	468	0	0	0	7844	0	232	0	0	0	0	0	0	0	0	0	7932	0	0	0	0	0	0	0	2760	0	110	0	182	0	0	0	0	0	0	0	0	0	2596	0	3982	0	1522	0	2262	0	526	0	1856	0	5410	0	2994	0	334	0	102	0	0	0	924	0	0	0	0	0	3576	0	0	0	7522	0	31708	0	618	0	17614	0	0	0	0	0	0	0	0	0	0	0	0	0	0	0	0	0	0	0	0	0	0	0	0	0	0	0	
126936	Temporal_Sup_R	0	162	0	304	0	0	0	0	0	0	0	314	0	0	0	0	0	3322	0	264	0	0	0	0	0	0	0	0	0	6134	0	0	0	0	0	0	0	3602	0	1008	0	0	0	208	0	170	0	0	0	378	0	192	0	788	0	1534	0	434	0	160	0	426	0	5072	0	4054	0	254	0	0	0	0	0	1278	0	0	0	0	0	4320	0	0	0	2220	0	16514	0	1074	0	8956	0	326	0	0	0	0	0	0	0	0	0	0	0	0	0	0	0	0	0	0	0	0	0	0	0	0	
103668	Temporal_Pole_Sup_L	0	0	792	0	364	0	330	0	0	0	1154	0	268	0	958	0	1250	0	332	0	652	0	0	0	0	0	150	0	4016	0	0	0	0	0	0	0	892	0	262	0	538	0	0	0	0	0	0	0	0	0	0	0	0	0	2392	0	0	0	0	0	0	0	0	0	0	0	0	0	0	0	0	0	1082	0	0	0	0	0	0	0	7522	0	0	0	12372	0	5452	0	11056	0	0	0	0	0	0	0	0	0	0	0	0	0	0	0	0	0	0	0	0	0	0	0	0	0	0	0	
66268	Temporal_Pole_Sup_R	0	0	0	502	0	0	0	0	0	0	0	902	0	178	0	282	0	738	0	384	0	420	0	0	0	0	0	0	0	3078	0	0	0	0	0	0	0	1708	0	2218	0	2522	0	0	0	0	0	0	0	0	0	0	0	0	0	4198	0	0	0	0	0	0	0	0	0	0	0	0	0	0	0	0	0	1218	0	0	0	0	0	110	0	2220	0	0	0	2644	0	5282	0	4530	0	0	0	0	0	0	0	0	0	0	0	0	0	0	0	0	0	0	0	0	0	0	0	0	0	0	
341552	Temporal_Mid_L	3410	0	410	0	0	0	760	0	0	0	416	0	196	0	0	0	2226	0	152	0	0	0	0	0	0	0	0	0	6830	0	0	0	92	0	128	0	1484	0	0	0	94	0	230	0	316	0	180	0	0	0	16954	0	11360	0	2108	0	294	0	378	0	7534	0	3126	0	15086	0	322	0	288	0	0	0	1100	0	0	0	0	0	6092	0	31708	0	12372	0	0	0	5238	0	39892	0	0	0	0	0	0	0	0	0	0	0	0	0	0	0	0	0	0	0	0	0	0	0	0	0	0	0	
203464	Temporal_Mid_R	0	334	0	0	0	0	0	0	0	0	0	0	0	0	0	0	0	0	0	0	0	0	0	0	0	0	0	0	0	682	0	0	0	0	0	0	0	2322	0	1246	0	1002	0	6224	0	1332	0	114	0	1856	0	13276	0	4728	0	2796	0	484	0	964	0	2544	0	5934	0	9550	0	768	0	0	0	0	0	180	0	0	0	0	0	778	0	16514	0	2644	0	0	0	3278	0	20918	0	1146	0	0	0	0	0	118	0	0	0	0	0	0	0	0	0	0	0	0	0	0	0	0	0	0	
38904	Temporal_Pole_Mid_L	0	0	0	0	0	0	0	0	0	0	0	0	0	0	0	0	0	0	0	0	0	0	0	0	0	0	0	0	0	0	0	0	0	0	0	0	0	0	90	0	0	0	0	0	0	0	0	0	0	0	0	0	0	0	2490	0	0	0	0	0	0	0	0	0	0	0	0	0	0	0	0	0	0	0	0	0	0	0	0	0	618	0	5452	0	5238	0	0	0	5564	0	0	0	0	0	0	0	0	0	0	0	0	0	0	0	0	0	0	0	0	0	0	0	0	0	0	0	
31744	Temporal_Pole_Mid_R	0	0	0	0	0	0	0	0	0	0	0	0	0	0	0	0	0	0	0	0	0	0	0	0	0	0	0	0	0	0	0	0	0	0	0	0	0	462	0	1366	0	616	0	0	0	0	0	0	0	0	0	0	0	0	0	1330	0	0	0	0	0	0	0	0	0	0	0	0	0	0	0	0	0	0	0	0	0	0	0	0	0	1074	0	5282	0	3278	0	0	0	2464	0	0	0	0	0	0	0	0	0	0	0	0	0	0	0	0	0	0	0	0	0	0	0	0	0	0	
283284	Temporal_Inf_L	2420	0	474	0	0	0	478	0	0	0	334	0	174	0	0	0	1786	0	188	0	0	0	0	0	0	0	0	0	5692	0	0	0	150	0	572	0	8482	0	1940	0	712	0	1020	0	348	0	1008	0	0	0	5902	0	16630	0	9272	0	400	0	0	0	906	0	560	0	1400	0	1494	0	1182	0	0	0	1102	0	0	0	0	0	2602	0	17614	0	11056	0	39892	0	5564	0	0	0	288	0	0	0	0	0	0	0	0	0	0	0	0	0	0	0	0	0	0	0	0	0	0	0	0	0	
238692	Temporal_Inf_R	0	716	0	0	0	0	0	0	0	0	0	0	0	0	0	108	0	166	0	0	0	0	0	0	0	0	0	0	0	3088	0	0	0	122	0	250	0	15258	0	5982	0	1966	0	2770	0	590	0	440	0	994	0	1460	0	12078	0	16028	0	840	0	930	0	2756	0	4296	0	4822	0	820	0	0	0	0	0	942	0	0	0	208	0	654	0	8956	0	4530	0	20918	0	2464	0	0	0	3210	0	0	0	0	0	218	0	766	0	0	0	0	0	0	0	0	0	0	0	0	0	0	0	0	
448036	Cerebelum_Crus1_L	0	0	0	0	0	0	0	0	0	0	0	0	0	0	0	0	0	0	0	0	0	0	0	0	0	0	0	0	0	0	0	0	0	0	0	0	140	0	224	0	0	0	216	0	0	0	3950	1316	0	0	764	0	764	0	6704	240	0	0	0	0	0	0	0	0	0	0	122	0	0	0	0	0	0	0	0	0	0	0	0	0	0	0	0	0	0	0	0	0	288	0	0	9700	34254	7266	3494	722	26812	1556	50776	6116	10444	626	16360	2520	3484	2058	650	546	750	780	4906	7444	13244	1774	2332	676	
464320	Cerebelum_Crus1_R	0	108	0	0	0	0	0	0	0	0	0	0	0	0	0	0	0	0	0	0	0	0	0	0	0	0	0	0	0	0	0	0	0	0	0	0	0	194	0	232	0	0	0	700	0	86	812	1730	0	176	0	242	0	3422	314	4686	0	116	0	0	0	188	0	460	0	548	0	94	0	0	0	0	0	0	0	0	0	0	0	0	0	326	0	0	0	1146	0	0	0	3210	9700	0	6686	29968	0	8680	2196	23058	4558	51568	1734	10434	3270	13862	1124	3720	106	1062	1894	5482	7546	7238	13568	2822	2896	198	
337064	Cerebelum_Crus2_L	0	0	0	0	0	0	0	0	0	0	0	0	0	0	0	0	0	0	0	0	0	0	0	0	0	0	0	0	0	0	0	0	0	0	0	0	0	0	0	0	0	0	0	0	0	0	162	450	0	0	0	0	0	0	106	90	0	0	0	0	0	0	0	0	0	0	0	0	0	0	0	0	0	0	0	0	0	0	0	0	0	0	0	0	0	0	0	0	0	0	34254	6686	0	11676	448	582	2760	662	13000	2698	29700	3722	28262	3008	3112	1706	444	418	664	580	1274	3210	13820	2478	2004	556	
279408	Cerebelum_Crus2_R	0	0	0	0	0	0	0	0	0	0	0	0	0	0	0	0	0	0	0	0	0	0	0	0	0	0	0	0	0	0	0	0	0	0	0	0	0	0	0	0	0	0	0	0	0	0	0	136	0	0	0	0	0	0	0	0	0	0	0	0	0	0	0	0	0	0	0	0	0	0	0	0	0	0	0	0	0	0	0	0	0	0	0	0	0	0	0	0	0	0	7266	29968	11676	0	0	588	98	450	954	4404	7238	20190	8178	24810	986	2436	0	452	302	416	266	664	14272	2628	1220	106	
39252	Cerebelum_3_L	0	0	0	0	0	0	0	0	0	0	0	0	0	0	0	0	0	0	0	0	0	0	0	0	0	0	0	0	0	0	0	0	0	0	0	0	0	0	132	0	0	0	0	0	0	0	758	0	0	0	0	0	0	0	0	0	0	0	0	0	0	0	0	0	0	0	0	0	0	0	0	0	0	0	0	0	0	0	0	0	0	0	0	0	0	0	0	0	0	0	3494	0	448	0	0	0	7164	0	3722	0	0	0	208	0	1034	0	92	0	820	1554	200	0	0	0	0	0	
91664	Cerebelum_3_R	0	0	0	0	0	0	0	0	0	0	0	0	0	0	0	0	0	0	0	0	0	0	0	0	0	0	0	0	0	0	0	0	0	0	0	0	76	572	168	836	0	0	0	0	0	0	0	1268	0	0	0	0	0	0	0	0	0	0	0	0	0	0	0	0	0	0	0	0	0	0	0	0	0	0	0	0	0	0	0	0	0	0	0	0	0	0	0	0	0	0	722	8680	582	588	0	0	0	7444	426	9390	0	0	176	548	96	1480	0	122	2688	7088	518	572	754	350	688	0	
239304	Cerebelum_4_5_L	0	0	0	0	0	0	0	0	0	0	0	0	0	0	0	0	0	0	0	0	0	0	0	0	0	0	0	0	0	0	0	0	0	0	0	0	0	0	288	0	0	0	0	0	0	0	5774	1204	0	0	0	0	98	0	6258	152	0	0	0	0	0	0	0	0	0	0	0	0	0	0	0	0	0	0	0	0	0	0	0	0	0	0	0	0	0	0	0	0	0	0	26812	2196	2760	98	7164	0	0	3442	37368	2724	260	0	1290	0	3164	776	508	0	218	884	11570	2874	462	0	398	910	
206864	Cerebelum_4_5_R	0	0	0	0	0	0	0	0	0	0	0	0	0	0	0	0	0	0	0	0	0	0	0	0	0	0	0	0	0	0	0	0	0	0	0	0	0	2098	0	2670	0	198	0	0	0	0	992	5310	0	0	0	0	0	0	466	3730	0	0	0	0	0	0	0	0	0	0	0	114	0	0	0	0	0	130	0	0	0	380	0	0	0	0	0	0	0	118	0	0	0	218	1556	23058	662	450	0	7444	3442	0	2524	26598	0	0	236	338	174	652	0	110	286	3490	11232	2334	1314	404	466	238	
366672	Cerebelum_6_L	0	0	0	0	0	0	0	0	0	0	0	0	0	0	0	0	0	0	0	0	0	0	0	0	0	0	0	0	0	0	0	0	0	0	0	0	248	0	348	0	0	0	0	0	0	0	5578	2812	0	0	308	0	300	0	9596	458	0	0	0	0	0	0	0	0	0	0	0	0	0	0	0	0	0	0	0	0	0	0	0	0	0	0	0	0	0	0	0	0	0	0	50776	4558	13000	954	3722	426	37368	2524	0	4728	4824	0	6188	162	3524	1526	912	304	538	1144	9698	9130	4342	840	1798	702	
343252	Cerebelum_6_R	0	0	0	0	0	0	0	0	0	0	0	0	0	0	0	0	0	0	0	0	0	0	0	0	0	0	0	0	0	78	0	0	0	0	0	0	0	582	0	526	0	0	0	110	0	0	934	3008	0	0	0	0	0	290	390	5312	0	0	0	0	0	0	0	0	0	0	0	0	0	0	0	0	0	0	0	0	0	0	0	0	0	0	0	0	0	0	0	0	0	766	6116	51568	2698	4404	0	9390	2724	26598	4728	0	262	1008	1264	3372	262	3210	0	1366	2018	5746	9324	8374	9392	2864	2732	210	
197996	Cerebelum_7b_L	0	0	0	0	0	0	0	0	0	0	0	0	0	0	0	0	0	0	0	0	0	0	0	0	0	0	0	0	0	0	0	0	0	0	0	0	0	0	0	0	0	0	0	0	0	0	0	0	0	0	0	0	0	0	0	0	0	0	0	0	0	0	0	0	0	0	0	0	0	0	0	0	0	0	0	0	0	0	0	0	0	0	0	0	0	0	0	0	0	0	10444	1734	29700	7238	0	0	260	0	4824	262	0	3072	26358	2898	1768	200	384	0	0	0	0	0	7482	2182	192	0	
139816	Cerebelum_7b_R	0	0	0	0	0	0	0	0	0	0	0	0	0	0	0	0	0	0	0	0	0	0	0	0	0	0	0	0	0	0	0	0	0	0	0	0	0	0	0	0	0	0	0	0	0	0	0	0	0	0	0	0	0	0	0	0	0	0	0	0	0	0	0	0	0	0	0	0	0	0	0	0	0	0	0	0	0	0	0	0	0	0	0	0	0	0	0	0	0	0	626	10434	3722	20190	0	0	0	0	0	1008	3072	0	2406	19710	0	4280	0	0	0	0	0	0	3550	788	122	0	
288140	Cerebelum_8_L	0	0	0	0	0	0	0	0	0	0	0	0	0	0	0	0	0	0	0	0	0	0	0	0	0	0	0	0	0	0	0	0	0	0	0	0	0	0	0	0	0	0	0	0	0	0	0	136	0	0	0	0	0	0	0	0	0	0	0	0	0	0	0	0	0	0	0	0	0	0	0	0	0	0	0	0	0	0	0	0	0	0	0	0	0	0	0	0	0	0	16360	3270	28262	8178	208	176	1290	236	6188	1264	26358	2406	0	6868	16088	2274	1902	566	222	186	686	850	11198	6002	2644	252	
217112	Cerebelum_8_R	0	0	0	0	0	0	0	0	0	0	0	0	0	0	0	0	0	0	0	0	0	0	0	0	0	0	0	0	0	0	0	0	0	0	0	0	0	0	0	0	0	0	0	0	0	0	0	0	0	0	0	0	0	0	0	0	0	0	0	0	0	0	0	0	0	0	0	0	0	0	0	0	0	0	0	0	0	0	0	0	0	0	0	0	0	0	0	0	0	0	2520	13862	3008	24810	0	548	0	338	162	3372	2898	19710	6868	0	364	14398	118	696	364	526	108	204	6768	5036	1746	132	
92504	Cerebelum_9_L	0	0	0	0	0	0	0	0	0	0	0	0	0	0	0	0	0	0	0	0	0	0	0	0	0	0	0	0	0	0	0	0	0	0	0	0	0	0	0	0	0	0	0	0	0	0	98	96	0	0	0	0	0	0	0	0	0	0	0	0	0	0	0	0	0	0	0	0	0	0	0	0	0	0	0	0	0	0	0	0	0	0	0	0	0	0	0	0	0	0	3484	1124	3112	986	1034	96	3164	174	3524	262	1768	0	16088	364	0	1046	2812	144	148	210	1120	752	1460	1144	1546	496	
140448	Cerebelum_9_R	0	0	0	0	0	0	0	0	0	0	0	0	0	0	0	0	0	0	0	0	0	0	0	0	0	0	0	0	0	0	0	0	0	0	0	0	0	0	0	0	0	0	0	0	0	0	98	0	0	0	0	0	0	0	0	0	0	0	0	0	0	0	0	0	0	0	0	0	0	0	0	0	0	0	0	0	0	0	0	0	0	0	0	0	0	0	0	0	0	0	2058	3720	1706	2436	0	1480	776	652	1526	3210	200	4280	2274	14398	1046	0	338	2902	1290	1232	1374	3434	4846	5824	6970	2154	
17908	Cerebelum_10_L	0	0	0	0	0	0	0	0	0	0	0	0	0	0	0	0	0	0	0	0	0	0	0	0	0	0	0	0	0	0	0	0	0	0	0	0	0	0	0	0	0	0	0	0	0	0	0	0	0	0	0	0	0	0	0	0	0	0	0	0	0	0	0	0	0	0	0	0	0	0	0	0	0	0	0	0	0	0	0	0	0	0	0	0	0	0	0	0	0	0	650	106	444	0	92	0	508	0	912	0	384	0	1902	118	2812	338	0	0	0	0	0	166	208	136	178	0	
31288	Cerebelum_10_R	0	0	0	0	0	0	0	0	0	0	0	0	0	0	0	0	0	0	0	0	0	0	0	0	0	0	0	0	0	0	0	0	0	0	0	0	0	0	0	0	0	0	0	0	0	0	0	0	0	0	0	0	0	0	0	0	0	0	0	0	0	0	0	0	0	0	0	0	0	0	0	0	0	0	0	0	0	0	0	0	0	0	0	0	0	0	0	0	0	0	546	1062	418	452	0	122	0	110	304	1366	0	0	566	696	144	2902	0	0	104	104	0	670	1790	1976	1984	328	
41224	Vermis_1_2	0	0	0	0	0	0	0	0	0	0	0	0	0	0	0	0	0	0	0	0	0	0	0	0	0	0	0	0	0	0	0	0	0	0	0	0	0	0	0	0	0	0	0	0	0	0	0	0	0	0	0	0	0	0	0	0	0	0	0	0	0	0	0	0	0	0	0	0	0	0	0	0	0	0	0	0	0	0	0	0	0	0	0	0	0	0	0	0	0	0	750	1894	664	302	820	2688	218	286	538	2018	0	0	222	364	148	1290	0	104	0	5384	410	660	694	374	784	0	
78512	Vermis_3	0	0	0	0	0	0	0	0	0	0	0	0	0	0	0	0	0	0	0	0	0	0	0	0	0	0	0	0	0	0	0	0	0	0	0	0	178	0	120	0	0	0	0	0	0	0	0	0	0	0	0	0	0	0	0	0	0	0	0	0	0	0	0	0	0	0	0	0	0	0	0	0	0	0	0	0	0	0	0	0	0	0	0	0	0	0	0	0	0	0	780	5482	580	416	1554	7088	884	3490	1144	5746	0	0	186	526	210	1232	0	104	5384	0	2012	506	692	324	618	0	
179684	Vermis_4_5	0	334	0	0	0	0	0	0	0	0	0	0	0	0	0	0	0	0	0	0	0	0	0	0	0	0	0	0	0	0	0	0	0	448	286	1358	0	776	0	498	0	0	82	372	86	204	1988	4482	0	0	0	0	0	0	1550	1612	0	394	0	0	0	0	0	0	0	0	176	2842	0	0	0	0	0	0	0	0	0	208	0	0	0	0	0	0	0	0	0	0	0	0	4906	7546	1274	266	200	518	11570	11232	9698	9324	0	0	686	108	1120	1374	0	0	410	2012	0	6116	1484	0	730	1572	
146948	Vermis_6	0	0	0	0	0	0	0	0	0	0	0	0	0	0	0	0	0	0	0	0	0	0	0	0	0	0	0	0	0	0	0	0	0	0	0	0	0	0	0	0	0	0	0	0	0	0	778	3484	0	0	0	0	0	0	988	926	0	0	0	0	0	0	0	0	0	0	0	0	0	0	0	0	0	0	0	0	0	0	0	0	0	0	0	0	0	0	0	0	0	0	7444	7238	3210	664	0	572	2874	2334	9130	8374	0	0	850	204	752	3434	166	670	660	506	6116	0	5108	1376	3378	2238	
