data	data	697736	271024	997144	841492	121456	107732	463600	273520	56232	29308	276584	161800	305536	192788	159520	109476	203928	161412	866120	682876	84236	124976	372384	349916	51076	94024	53528	103332	619676	416136	262820	487200	229876	503552	192608	246160	290192	395172	125232	192100	30672	59976	247968	357444	192168	421312	340004	386680	230828	423004	560396	275764	134876	86768	453452	404332	240992	274136	155280	131704	234600	162796	181768	185668	146020	135540	373072	544932	237104	155180	259772	389604	306124	368560	71496	24280	251852	209268	51748	36732	158804	118496	74584	63460	387156	248968	28392	17452	426424	339984	420492	389380	299108	319352	53924	50908	324704	196816	436164	426384	218308	224352	236012	363892	146324	153980	22408	14508	48236	103720	345704	245056	254396	203672	117368	31528	
data	data	Precentral_L	Precentral_R	Frontal_Sup_L	Frontal_Sup_R	Frontal_Sup_Orb_L	Frontal_Sup_Orb_R	Frontal_Mid_L	Frontal_Mid_R	Frontal_Mid_Orb_L	Frontal_Mid_Orb_R	Frontal_Inf_Oper_L	Frontal_Inf_Oper_R	Frontal_Inf_Tri_L	Frontal_Inf_Tri_R	Frontal_Inf_Orb_L	Frontal_Inf_Orb_R	Rolandic_Oper_L	Rolandic_Oper_R	Supp_Motor_Area_L	Supp_Motor_Area_R	Olfactory_L	Olfactory_R	Frontal_Sup_Medial_L	Frontal_Sup_Medial_R	Frontal_Med_Orb_L	Frontal_Med_Orb_R	Rectus_L	Rectus_R	Insula_L	Insula_R	Cingulum_Ant_L	Cingulum_Ant_R	Cingulum_Mid_L	Cingulum_Mid_R	Cingulum_Post_L	Cingulum_Post_R	Hippocampus_L	Hippocampus_R	ParaHippocampal_L	ParaHippocampal_R	Amygdala_L	Amygdala_R	Calcarine_L	Calcarine_R	Cuneus_L	Cuneus_R	Lingual_L	Lingual_R	Occipital_Sup_L	Occipital_Sup_R	Occipital_Mid_L	Occipital_Mid_R	Occipital_Inf_L	Occipital_Inf_R	Fusiform_L	Fusiform_R	Postcentral_L	Postcentral_R	Parietal_Sup_L	Parietal_Sup_R	Parietal_Inf_L	Parietal_Inf_R	SupraMarginal_L	SupraMarginal_R	Angular_L	Angular_R	Precuneus_L	Precuneus_R	Paracentral_Lobule_L	Paracentral_Lobule_R	Caudate_L	Caudate_R	Putamen_L	Putamen_R	Pallidum_L	Pallidum_R	Thalamus_L	Thalamus_R	Heschl_L	Heschl_R	Temporal_Sup_L	Temporal_Sup_R	Temporal_Pole_Sup_L	Temporal_Pole_Sup_R	Temporal_Mid_L	Temporal_Mid_R	Temporal_Pole_Mid_L	Temporal_Pole_Mid_R	Temporal_Inf_L	Temporal_Inf_R	Cerebelum_Crus1_L	Cerebelum_Crus1_R	Cerebelum_Crus2_L	Cerebelum_Crus2_R	Cerebelum_3_L	Cerebelum_3_R	Cerebelum_4_5_L	Cerebelum_4_5_R	Cerebelum_6_L	Cerebelum_6_R	Cerebelum_7b_L	Cerebelum_7b_R	Cerebelum_8_L	Cerebelum_8_R	Cerebelum_9_L	Cerebelum_9_R	Cerebelum_10_L	Cerebelum_10_R	Vermis_1_2	Vermis_3	Vermis_4_5	Vermis_6	Vermis_7	Vermis_8	Vermis_9	Vermis_10	
697736	Precentral_L	0	8998	42352	7876	0	0	26122	1546	0	0	16298	0	6260	0	0	0	13084	0	33984	14220	0	0	390	0	0	0	0	0	14042	142	300	168	1426	10652	2782	3944	4390	2776	982	506	0	0	160	268	0	0	0	1016	0	0	2800	0	620	0	848	142	29882	102	764	0	6274	0	6384	0	466	0	950	1128	21138	4340	7266	474	3874	566	2850	0	20780	1864	3152	0	1772	0	0	0	8014	0	0	0	7536	0	0	0	0	0	0	0	0	198	0	0	0	0	0	0	0	0	0	0	0	0	0	0	0	0	0	0	
271024	Precentral_R	8998	0	2746	7754	0	0	906	6384	0	0	0	1834	0	0	0	0	0	2052	3208	4994	0	0	0	216	0	0	0	0	168	1976	0	442	716	4296	1276	3550	244	8522	0	992	0	0	0	1050	0	1858	0	1474	0	1382	0	752	0	148	0	2102	0	11358	0	122	0	1604	0	4494	0	0	116	3830	3922	9716	362	2882	108	1282	0	340	2410	7654	0	104	0	644	0	0	0	6232	0	0	0	8292	0	0	0	0	0	0	0	0	0	0	0	0	0	0	0	0	0	0	0	0	0	0	0	0	0	0	
997144	Frontal_Sup_L	42352	2746	0	17484	6124	0	54184	4042	1656	0	20008	492	24414	162	9024	110	13040	380	98826	18822	0	0	43086	1824	3558	198	0	0	35610	1446	9260	2708	4136	5990	118	544	4072	966	568	188	0	0	0	0	0	0	0	300	0	0	0	0	0	0	736	0	2226	416	0	0	430	0	410	270	0	0	0	0	9292	0	9440	1202	13754	1164	6690	252	17288	1800	908	0	1374	0	462	0	556	0	0	0	1464	0	0	0	0	0	0	0	0	0	0	0	0	0	0	0	0	0	0	0	0	0	0	0	0	0	0	0	
841492	Frontal_Sup_R	7876	7754	17484	0	0	5650	2180	41818	0	0	626	7084	922	15266	0	2440	150	8210	29988	67652	0	266	7730	39374	0	6428	0	3166	1368	18416	3448	30230	2590	11948	0	0	0	4300	0	1514	0	0	0	0	0	0	0	218	0	0	0	0	0	0	0	1468	0	1764	0	0	0	258	0	618	0	0	0	146	2872	0	1720	23970	572	16196	0	1502	328	21258	0	188	0	258	0	0	0	438	0	0	0	1094	0	0	0	0	0	0	0	0	0	0	0	0	0	0	0	0	0	0	0	0	0	0	0	0	0	0	
121456	Frontal_Sup_Orb_L	0	0	6124	0	0	198	116	0	8546	0	0	0	1546	0	13474	176	0	0	0	0	1070	576	4584	0	5682	0	5170	334	5962	112	3398	294	0	0	0	0	0	0	0	0	0	0	0	0	0	0	0	0	0	0	0	0	0	0	0	0	0	0	0	0	0	0	0	0	0	0	0	0	0	0	928	466	1574	254	0	0	0	0	0	0	0	0	144	0	0	0	0	0	0	0	0	0	0	0	0	0	0	0	0	0	0	0	0	0	0	0	0	0	0	0	0	0	0	0	0	0	
107732	Frontal_Sup_Orb_R	0	0	0	5650	198	0	0	366	0	3950	0	0	0	118	160	5376	0	0	0	0	1084	2912	118	3552	556	7928	736	10032	0	2372	912	2150	0	0	0	0	0	0	0	0	0	0	0	0	0	0	0	0	0	0	0	0	0	0	0	0	0	0	0	0	0	0	0	0	0	0	0	0	0	0	960	2282	408	2046	0	0	0	0	0	0	0	0	0	0	0	0	0	0	0	0	0	0	0	0	0	0	0	0	0	0	0	0	0	0	0	0	0	0	0	0	0	0	0	0	0	0	
463600	Frontal_Mid_L	26122	906	54184	2180	116	0	0	1088	432	0	16450	0	30494	0	4948	130	7060	266	5166	764	0	0	19756	354	0	0	0	0	21016	1276	4678	842	1328	0	166	938	1830	1324	336	480	0	0	0	0	0	0	0	668	0	0	0	0	0	0	466	162	4832	0	0	0	1514	0	636	0	0	0	0	0	0	0	2952	1124	1320	2010	0	0	6778	944	1776	0	324	0	0	0	560	0	0	0	956	0	0	0	0	0	0	0	0	148	0	0	0	0	0	0	0	0	0	0	0	0	0	0	0	0	0	0	
273520	Frontal_Mid_R	1546	6384	4042	41818	0	366	1088	0	0	338	114	7130	110	13820	0	2252	144	6542	5172	3574	0	0	1920	10004	0	116	0	272	284	9096	482	4438	438	2472	0	0	0	1238	0	310	0	0	0	0	0	0	0	0	0	0	0	0	0	0	0	274	0	1246	0	0	0	184	0	666	0	0	0	0	0	0	730	2218	254	2650	0	430	0	1826	0	0	0	168	0	0	0	268	0	0	0	336	0	0	0	0	0	0	0	0	0	0	0	0	0	0	0	0	0	0	0	0	0	0	0	0	0	0	
56232	Frontal_Mid_Orb_L	0	0	1656	0	8546	0	432	0	0	0	0	0	1232	0	9784	0	0	0	0	0	0	0	672	0	812	0	1452	0	2508	0	232	0	0	0	0	0	0	0	0	0	0	0	0	0	0	0	0	0	0	0	0	0	0	0	0	0	0	0	0	0	0	0	0	0	0	0	0	0	0	0	108	0	682	0	0	0	0	0	0	0	0	0	0	0	0	0	0	0	0	0	0	0	0	0	0	0	0	0	0	0	0	0	0	0	0	0	0	0	0	0	0	0	0	0	0	0	
29308	Frontal_Mid_Orb_R	0	0	0	0	0	3950	0	338	0	0	0	0	0	0	0	6068	0	0	0	0	140	444	0	0	0	0	0	1094	0	790	194	286	0	0	0	0	0	0	0	0	0	0	0	0	0	0	0	0	0	0	0	0	0	0	0	0	0	0	0	0	0	0	0	0	0	0	0	0	0	0	0	322	0	1028	0	0	0	0	0	0	0	0	0	0	0	0	0	0	0	0	0	0	0	0	0	0	0	0	0	0	0	0	0	0	0	0	0	0	0	0	0	0	0	0	0	0	
276584	Frontal_Inf_Oper_L	16298	0	20008	626	0	0	16450	114	0	0	0	154	19662	0	184	0	13536	0	14180	460	0	0	3138	0	0	0	0	0	21226	1168	2250	194	136	0	0	0	178	0	0	0	0	0	0	0	0	0	0	0	0	0	0	0	0	0	0	0	2304	0	0	0	390	0	196	0	0	0	0	0	0	0	494	504	488	1508	0	0	0	0	1086	0	876	0	484	0	0	0	0	0	0	0	0	0	0	0	0	0	0	0	0	0	0	0	0	0	0	0	0	0	0	0	0	0	0	0	0	0	
161800	Frontal_Inf_Oper_R	0	1834	492	7084	0	0	0	7130	0	0	154	0	158	12252	0	616	0	5476	2000	3922	0	0	262	2480	0	0	0	0	790	12044	230	6216	0	616	198	370	280	1304	142	404	0	0	0	0	0	0	0	120	0	0	0	0	0	0	0	412	0	1932	0	0	0	158	0	932	0	0	0	0	0	0	1078	3852	412	3688	0	0	134	742	0	138	0	286	0	196	0	116	0	0	0	250	0	0	0	0	0	0	0	0	0	0	0	0	0	0	0	0	0	0	0	0	0	0	0	0	0	0	
305536	Frontal_Inf_Tri_L	6260	0	24414	922	1546	0	30494	110	1232	0	19662	158	0	0	10468	0	302	0	4226	750	0	0	10360	0	604	0	0	0	29908	1110	5172	264	280	0	0	0	0	0	0	0	0	0	0	0	0	0	0	0	0	0	0	0	0	0	0	0	558	0	0	0	422	0	114	0	0	0	0	0	0	0	538	484	800	1432	0	0	0	0	0	0	0	0	178	0	0	0	0	0	0	0	0	0	0	0	0	0	0	0	0	0	0	0	0	0	0	0	0	0	0	0	0	0	0	0	0	0	
192788	Frontal_Inf_Tri_R	0	0	162	15266	0	118	0	13820	0	0	0	12252	0	0	0	5832	0	298	1982	4020	0	0	1404	8336	0	196	0	0	204	14052	416	12090	212	2300	0	0	0	0	0	0	0	0	0	0	0	0	0	0	0	0	0	0	0	0	0	0	0	208	0	0	0	0	0	0	0	0	0	0	0	0	218	2322	0	686	0	0	0	0	0	0	0	0	0	0	0	0	0	0	0	0	0	0	0	0	0	0	0	0	0	0	0	0	0	0	0	0	0	0	0	0	0	0	0	0	0	0	
159520	Frontal_Inf_Orb_L	0	0	9024	0	13474	160	4948	0	9784	0	184	0	10468	0	0	130	0	0	140	0	1604	422	3690	0	2118	146	2172	228	11622	102	2768	232	0	0	0	0	170	0	354	0	124	0	0	0	0	0	0	0	0	0	0	0	0	0	0	0	0	0	0	0	0	0	0	0	0	0	0	0	0	0	750	386	3256	210	0	0	0	0	0	0	0	0	1094	0	0	0	0	0	0	0	0	0	0	0	0	0	0	0	0	0	0	0	0	0	0	0	0	0	0	0	0	0	0	0	0	0	
109476	Frontal_Inf_Orb_R	0	0	110	2440	176	5376	130	2252	0	6068	0	616	0	5832	130	0	0	338	0	104	988	2368	132	1502	0	312	498	2248	124	10350	854	3946	0	0	0	0	0	0	0	0	0	0	0	0	0	0	0	0	0	0	0	0	0	0	0	0	0	0	0	0	0	0	0	0	0	0	0	0	0	0	1068	1888	374	3382	0	0	0	0	0	0	0	456	0	676	0	0	0	0	0	0	0	0	0	0	0	0	0	0	0	0	0	0	0	0	0	0	0	0	0	0	0	0	0	0	0	0	
203928	Rolandic_Oper_L	13084	0	13040	150	0	0	7060	144	0	0	13536	0	302	0	0	0	0	0	10756	0	0	0	134	0	0	0	0	0	17342	0	122	0	194	0	0	0	434	0	0	0	0	0	0	0	0	0	0	0	0	0	790	0	0	0	0	0	7048	0	366	0	568	0	3440	0	168	0	158	0	304	0	514	0	760	0	382	0	206	0	2602	0	4312	0	360	0	2132	0	0	0	1556	0	0	0	0	0	0	0	0	0	0	0	0	0	0	0	0	0	0	0	0	0	0	0	0	0	0	0	
161412	Rolandic_Oper_R	0	2052	380	8210	0	0	266	6542	0	0	0	5476	0	298	0	338	0	0	396	2662	0	0	136	1136	0	0	0	0	280	18914	0	2666	0	164	0	0	0	1012	0	346	0	0	0	0	0	0	0	0	0	0	0	0	0	0	0	594	0	5610	0	0	0	1134	0	5694	0	0	0	108	0	0	366	2162	0	5094	0	0	0	248	0	1808	0	3810	0	838	0	982	0	0	0	984	0	0	0	0	0	0	0	0	0	0	0	0	0	0	0	0	0	0	0	0	0	0	0	0	0	0	
866120	Supp_Motor_Area_L	33984	3208	98826	29988	0	0	5166	5172	0	0	14180	2000	4226	1982	140	0	10756	396	0	55920	0	0	5160	2196	0	0	0	0	26266	1314	4162	8200	10288	25076	930	560	4380	286	740	0	0	0	0	0	0	0	0	136	0	0	0	0	0	0	1414	0	1586	912	0	0	206	106	214	668	0	0	0	0	12302	642	10564	3230	15828	1508	6658	474	13942	1088	350	0	1830	0	322	0	808	0	0	0	2770	0	0	0	0	0	0	0	0	0	0	0	0	0	0	0	0	0	0	0	0	0	0	0	0	0	0	0	
682876	Supp_Motor_Area_R	14220	4994	18822	67652	0	0	764	3574	0	0	460	3922	750	4020	0	104	0	2662	55920	0	0	0	2836	6704	0	0	0	0	880	4778	2268	13860	10554	44984	956	4236	102	2358	0	1080	0	0	0	366	0	190	0	372	0	156	0	0	0	0	0	1112	0	1078	0	0	0	0	0	0	0	0	110	1348	7676	12098	618	16900	468	9718	0	1210	0	13910	0	0	0	0	0	0	0	0	0	0	0	648	0	0	0	0	0	0	0	0	0	0	0	0	0	0	0	0	0	0	0	0	0	0	0	0	0	0	
84236	Olfactory_L	0	0	0	0	1070	1084	0	0	0	140	0	0	0	0	1604	988	0	0	0	0	0	5230	0	0	232	176	2284	2048	2932	1000	2692	1808	0	0	0	0	498	0	1368	0	714	0	0	0	0	0	0	0	0	0	0	0	0	0	198	0	0	0	0	0	0	0	0	0	0	0	0	0	0	0	4802	3930	3136	2790	150	0	0	0	0	0	0	0	1244	0	0	0	0	0	0	0	0	0	0	0	0	0	0	0	0	0	0	0	0	0	0	0	0	0	0	0	0	0	0	0	0	0	
124976	Olfactory_R	0	0	0	266	576	2912	0	0	0	444	0	0	0	0	422	2368	0	0	0	0	5230	0	0	102	204	1632	1790	5734	0	3496	3730	4804	0	0	0	0	0	0	146	0	0	398	0	0	0	0	0	0	0	0	0	0	0	0	0	0	0	0	0	0	0	0	0	0	0	0	0	0	0	0	7726	8338	5338	5548	1164	120	0	0	0	0	0	0	0	0	0	0	0	0	0	0	0	0	0	0	0	0	0	0	0	0	0	0	0	0	0	0	0	0	0	0	0	0	0	0	0	0	
372384	Frontal_Sup_Medial_L	390	0	43086	7730	4584	118	19756	1920	672	0	3138	262	10360	1404	3690	132	134	136	5160	2836	0	0	0	18380	3926	678	0	0	8482	1594	13490	13468	7246	12172	0	0	0	0	0	0	0	0	0	0	0	0	0	0	0	0	0	0	0	0	0	0	0	0	0	0	0	0	0	0	0	0	0	0	0	0	204	206	464	374	0	0	0	0	0	0	0	0	0	0	0	0	0	0	0	0	0	0	0	0	0	0	0	0	0	0	0	0	0	0	0	0	0	0	0	0	0	0	0	0	0	0	
349916	Frontal_Sup_Medial_R	0	216	1824	39374	0	3552	354	10004	0	0	0	2480	0	8336	0	1502	0	1136	2196	6704	0	102	18380	0	108	6498	0	1988	232	7622	4068	28766	2268	15260	0	0	0	0	0	0	0	0	0	0	0	0	0	0	0	0	0	0	0	0	0	0	0	380	0	0	0	0	0	0	0	0	0	0	0	0	406	7022	0	4024	0	0	0	156	0	0	0	0	0	0	0	0	0	0	0	0	0	0	0	0	0	0	0	0	0	0	0	0	0	0	0	0	0	0	0	0	0	0	0	0	0	0	
51076	Frontal_Med_Orb_L	0	0	3558	0	5682	556	0	0	812	0	0	0	604	0	2118	0	0	0	0	0	232	204	3926	108	0	1148	1504	182	818	0	2758	118	0	0	0	0	0	0	0	0	0	0	0	0	0	0	0	0	0	0	0	0	0	0	0	0	0	0	0	0	0	0	0	0	0	0	0	0	0	0	246	146	818	0	0	0	0	0	0	0	0	0	0	0	0	0	0	0	0	0	0	0	0	0	0	0	0	0	0	0	0	0	0	0	0	0	0	0	0	0	0	0	0	0	0	0	
94024	Frontal_Med_Orb_R	0	0	198	6428	0	7928	0	116	0	0	0	0	0	196	146	312	0	0	0	0	176	1632	678	6498	1148	0	356	8490	102	264	2018	5966	0	0	0	0	0	0	0	0	0	0	0	0	0	0	0	0	0	0	0	0	0	0	0	0	0	0	0	0	0	0	0	0	0	0	0	0	0	0	0	2502	276	1582	0	0	0	0	0	0	0	0	0	0	0	0	0	0	0	0	0	0	0	0	0	0	0	0	0	0	0	0	0	0	0	0	0	0	0	0	0	0	0	0	0	0	
53528	Rectus_L	0	0	0	0	5170	736	0	0	1452	0	0	0	0	0	2172	498	0	0	0	0	2284	1790	0	0	1504	356	0	1208	878	362	3014	1086	0	0	0	0	0	0	0	0	0	0	0	0	0	0	0	0	0	0	0	0	0	0	0	0	0	0	0	0	0	0	0	0	0	0	0	0	0	0	1808	1188	486	772	0	0	0	0	0	0	0	0	0	0	0	0	0	0	0	0	0	0	0	0	0	0	0	0	0	0	0	0	0	0	0	0	0	0	0	0	0	0	0	0	0	0	
103332	Rectus_R	0	0	0	3166	334	10032	0	272	0	1094	0	0	0	0	228	2248	0	0	0	0	2048	5734	0	1988	182	8490	1208	0	0	2002	2166	5044	0	0	0	0	0	0	0	0	0	0	0	0	0	0	0	0	0	0	0	0	0	0	0	0	0	0	0	0	0	0	0	0	0	0	0	0	0	0	1606	2150	726	948	0	0	0	0	0	0	0	0	0	0	0	0	0	0	0	0	0	0	0	0	0	0	0	0	0	0	0	0	0	0	0	0	0	0	0	0	0	0	0	0	0	0	
619676	Insula_L	14042	168	35610	1368	5962	0	21016	284	2508	0	21226	790	29908	204	11622	124	17342	280	26266	880	2932	0	8482	232	818	102	878	0	0	1514	8086	1104	640	0	146	0	9668	0	2172	140	1886	0	0	0	0	0	228	294	0	0	1262	0	0	0	5392	0	9218	108	620	0	2278	0	3760	0	0	0	0	0	394	0	3594	1244	18312	1776	178	0	1868	0	5344	0	7770	0	3704	0	4136	0	0	0	9958	0	0	0	0	0	0	0	0	0	0	0	0	0	0	0	0	0	0	0	0	0	0	0	0	0	0	0	
416136	Insula_R	142	1976	1446	18416	112	2372	1276	9096	0	790	1168	12044	1110	14052	102	10350	0	18914	1314	4778	1000	3496	1594	7622	0	264	362	2002	1514	0	1304	15400	274	1878	0	668	0	3798	0	1198	0	764	0	418	0	0	0	654	0	0	0	0	0	0	0	3260	0	4650	0	114	0	728	0	3414	0	0	0	700	0	0	1882	8270	636	20350	0	0	0	360	0	4392	0	5710	0	2132	0	2244	0	0	0	5558	0	0	0	0	0	0	0	0	0	0	0	0	0	0	0	0	0	0	0	0	0	0	0	0	0	0	
262820	Cingulum_Ant_L	300	0	9260	3448	3398	912	4678	482	232	194	2250	230	5172	416	2768	854	122	0	4162	2268	2692	3730	13490	4068	2758	2018	3014	2166	8086	1304	0	14860	4732	4310	0	0	0	0	0	0	0	0	0	0	0	0	0	0	0	0	0	0	0	0	0	0	172	0	0	0	0	0	0	0	0	0	0	0	0	0	6002	4812	8768	3282	0	0	0	0	0	0	0	0	0	0	0	0	0	0	0	0	0	0	0	0	0	0	0	0	0	0	0	0	0	0	0	0	0	0	0	0	0	0	0	0	0	0	
487200	Cingulum_Ant_R	168	442	2708	30230	294	2150	842	4438	0	286	194	6216	264	12090	232	3946	0	2666	8200	13860	1808	4804	13468	28766	118	5966	1086	5044	1104	15400	14860	0	3892	19952	0	0	0	480	0	294	0	0	0	0	0	0	0	0	0	0	0	0	0	0	0	140	0	586	0	0	0	0	0	0	0	0	0	0	0	0	3646	21192	2970	8176	0	0	0	240	0	0	0	226	0	156	0	0	0	0	0	0	0	0	0	0	0	0	0	0	0	0	0	0	0	0	0	0	0	0	0	0	0	0	0	0	0	0	
229876	Cingulum_Mid_L	1426	716	4136	2590	0	0	1328	438	0	0	136	0	280	212	0	0	194	0	10288	10554	0	0	7246	2268	0	0	0	0	640	274	4732	3892	0	17988	8926	1694	0	0	0	0	0	0	390	0	1184	722	0	0	570	716	4684	0	142	0	236	0	1450	106	240	0	546	0	148	0	420	0	10538	2294	7282	2474	0	0	0	0	0	0	0	0	0	0	112	0	0	0	506	0	0	0	220	0	0	0	0	0	0	0	0	0	0	0	0	0	0	0	0	0	0	0	0	0	0	0	0	0	0	0	
503552	Cingulum_Mid_R	10652	4296	5990	11948	0	0	0	2472	0	0	0	616	0	2300	0	0	0	164	25076	44984	0	0	12172	15260	0	0	0	0	0	1878	4310	19952	17988	0	2218	7920	0	0	0	0	0	0	0	2786	136	5764	0	1946	0	5410	172	2018	0	0	0	166	162	3340	0	350	0	0	0	0	0	0	2266	13586	8016	15346	0	0	0	0	0	0	0	0	0	0	0	0	0	0	0	0	0	0	0	0	0	0	0	0	0	0	0	0	0	0	0	0	0	0	0	0	0	0	0	0	116	0	0	0	0	0	
192608	Cingulum_Post_L	2782	1276	118	0	0	0	166	0	0	0	0	198	0	0	0	0	0	0	930	956	0	0	0	0	0	0	0	0	146	0	0	0	8926	2218	0	11172	7774	4318	3456	100	0	0	5042	222	1452	0	1062	374	772	0	4700	0	214	0	2960	240	784	390	0	0	102	0	0	0	270	0	14564	2562	5800	1654	0	0	0	0	0	0	2010	614	0	0	0	0	0	0	1962	110	0	0	3074	732	0	0	0	0	0	0	0	0	0	0	0	0	0	0	0	0	0	0	0	0	102	0	0	0	0	0	
246160	Cingulum_Post_R	3944	3550	544	0	0	0	938	0	0	0	0	370	0	0	0	0	0	0	560	4236	0	0	0	0	0	0	0	0	0	668	0	0	1694	7920	11172	0	5986	11608	2328	414	0	0	162	4198	0	1284	218	9936	0	940	100	252	0	164	1480	1570	268	1694	0	0	0	0	0	340	0	0	3046	17006	882	5704	0	0	0	0	0	0	5810	3220	0	0	0	180	0	0	0	1128	0	0	1144	4586	0	0	0	0	0	0	0	0	0	0	0	0	0	0	0	0	0	0	0	0	1836	0	0	0	0	0	
290192	Hippocampus_L	4390	244	4072	0	0	0	1830	0	0	0	178	280	0	0	170	0	434	0	4380	102	498	0	0	0	0	0	0	0	9668	0	0	0	0	0	7774	5986	0	4302	16236	350	5412	0	1974	0	0	0	3824	1560	0	0	492	0	0	0	20260	106	1208	218	0	0	0	0	332	0	0	0	3886	900	0	114	208	0	7228	0	684	0	6674	736	986	0	1782	0	1550	0	3696	0	0	0	19086	186	0	0	0	0	0	0	422	178	202	0	0	0	0	0	0	0	0	0	0	198	100	0	0	0	0	0	
395172	Hippocampus_R	2776	8522	966	4300	0	0	1324	1238	0	0	0	1304	0	0	0	0	0	1012	286	2358	0	0	0	0	0	0	0	0	0	3798	0	480	0	0	4318	11608	4302	0	1458	27026	0	9392	0	1394	0	0	0	8518	0	0	0	0	0	840	918	31644	186	3874	0	0	0	758	0	2536	0	0	0	5784	0	0	190	520	300	12824	0	1002	7350	8518	0	656	0	1158	0	736	0	1892	0	182	772	16358	0	0	0	0	0	0	0	1210	0	140	0	0	0	0	0	0	0	0	0	0	858	0	0	0	0	0	
125232	ParaHippocampal_L	982	0	568	0	0	0	336	0	0	0	0	142	0	0	354	0	0	0	740	0	1368	146	0	0	0	0	0	0	2172	0	0	0	0	0	3456	2328	16236	1458	0	0	1082	0	912	0	0	0	3458	812	0	0	122	0	0	0	9534	0	488	0	0	0	0	0	244	0	0	0	1756	330	0	100	184	0	2352	0	134	0	1060	154	0	0	0	0	1752	0	0	0	618	0	5640	156	0	0	0	0	0	0	864	0	322	0	0	0	0	0	0	0	0	0	0	256	0	0	0	0	0	0	
192100	ParaHippocampal_R	506	992	188	1514	0	0	480	310	0	0	0	404	0	0	0	0	0	346	0	1080	0	0	0	0	0	0	0	0	140	1198	0	294	0	0	100	414	350	27026	0	0	0	6864	0	406	0	0	0	6438	0	0	0	0	0	262	110	21410	0	470	0	0	0	0	0	224	0	0	0	846	0	0	0	350	0	6824	0	982	1742	2178	0	156	0	240	0	2814	0	416	0	944	160	4060	0	0	0	0	0	0	0	2708	0	104	0	0	0	0	0	0	0	0	0	0	0	0	0	0	0	0	
30672	Amygdala_L	0	0	0	0	0	0	0	0	0	0	0	0	0	0	124	0	0	0	0	0	714	0	0	0	0	0	0	0	1886	0	0	0	0	0	0	0	5412	0	1082	0	0	0	0	0	0	0	0	0	0	0	0	0	0	0	3028	0	0	0	0	0	0	0	0	0	0	0	0	0	0	0	226	0	732	0	0	0	0	0	0	0	0	0	1174	0	0	0	0	0	958	0	0	0	0	0	0	0	0	0	0	0	0	0	0	0	0	0	0	0	0	0	0	0	0	0	0	0	
59976	Amygdala_R	0	0	0	0	0	0	0	0	0	0	0	0	0	0	0	0	0	0	0	0	0	398	0	0	0	0	0	0	0	764	0	0	0	0	0	0	0	9392	0	6864	0	0	0	0	0	0	0	0	0	0	0	0	0	0	0	6986	0	0	0	0	0	0	0	0	0	0	0	0	0	0	0	202	0	1574	0	0	0	142	0	146	0	0	0	2292	0	0	0	346	0	882	0	0	0	0	0	0	0	0	0	0	0	0	0	0	0	0	0	0	0	0	0	0	0	0	0	0	
247968	Calcarine_L	160	0	0	0	0	0	0	0	0	0	0	0	0	0	0	0	0	0	0	0	0	0	0	0	0	0	0	0	0	0	0	0	390	0	5042	162	1974	0	912	0	0	0	0	9104	12396	5998	12018	3104	12166	3282	21940	970	4324	126	6540	434	0	0	226	580	0	0	0	0	0	0	12032	1470	1426	0	0	0	0	0	0	0	0	0	0	0	0	0	0	0	3448	0	0	0	2410	0	202	0	0	0	0	0	172	0	452	0	0	0	0	0	0	0	0	0	0	0	314	210	0	0	0	0	
357444	Calcarine_R	268	1050	0	0	0	0	0	0	0	0	0	0	0	0	0	0	0	0	0	366	0	0	0	0	0	0	0	0	0	418	0	0	0	2786	222	4198	0	1394	0	406	0	0	9104	0	4870	30722	908	23448	690	25718	582	13520	112	5972	0	8010	0	2306	0	1948	0	0	0	298	0	540	2944	28100	0	1222	0	0	0	0	0	0	0	0	0	0	0	0	0	0	0	1724	0	0	0	4474	0	0	0	0	0	0	0	0	0	108	0	0	0	0	0	0	0	0	0	0	154	140	0	0	0	0	
192168	Cuneus_L	0	0	0	0	0	0	0	0	0	0	0	0	0	0	0	0	0	0	0	0	0	0	0	0	0	0	0	0	0	0	0	0	1184	136	1452	0	0	0	0	0	0	0	12396	4870	0	7858	1780	1088	22690	2746	15392	676	1802	0	1400	0	0	0	2108	100	0	0	0	0	106	0	13814	2244	1604	0	0	0	0	0	0	0	0	0	0	0	0	0	0	0	436	0	0	0	202	0	0	0	0	0	0	0	0	0	0	0	0	0	0	0	0	0	0	0	0	0	0	0	0	0	0	0	
421312	Cuneus_R	0	1858	0	0	0	0	0	0	0	0	0	0	0	0	0	0	0	0	0	190	0	0	0	0	0	0	0	0	0	0	0	0	722	5764	0	1284	0	0	0	0	0	0	5998	30722	7858	0	424	9526	1850	52790	976	16194	162	1576	0	1478	0	5288	0	5446	0	654	0	0	0	1190	8094	43572	0	1922	0	0	0	0	0	0	0	0	0	0	0	0	0	0	0	2756	0	0	0	2362	0	0	0	0	0	0	0	0	0	0	0	0	0	0	0	0	0	0	0	0	0	0	0	0	0	0	
340004	Lingual_L	0	0	0	0	0	0	0	0	0	0	0	0	0	0	0	0	0	0	0	0	0	0	0	0	0	0	0	0	228	0	0	0	0	0	1062	218	3824	0	3458	0	0	0	12018	908	1780	424	0	3610	3804	198	17702	0	10354	0	29948	152	0	0	0	0	0	0	0	0	320	0	2964	0	0	0	0	0	144	0	0	0	110	0	0	0	0	0	0	0	380	0	0	0	2166	0	12390	776	2812	696	388	0	13954	362	20514	1282	170	140	228	378	280	664	0	0	0	660	8282	5204	3188	666	632	564	
386680	Lingual_R	1016	1474	300	218	0	0	668	0	0	0	0	120	0	0	0	0	0	0	136	372	0	0	0	0	0	0	0	0	294	654	0	0	0	1946	374	9936	1560	8518	812	6438	0	0	3104	23448	1088	9526	3610	0	100	10242	198	6560	320	6882	1302	19548	0	1064	0	0	0	0	0	386	0	128	708	16088	0	1314	0	0	198	158	0	0	2728	1514	0	0	0	116	0	0	130	1040	0	0	530	4530	3472	4580	922	208	0	126	570	5226	3174	6600	0	0	100	826	170	0	0	0	0	220	3840	7030	4880	0	0	0	
230828	Occipital_Sup_L	0	0	0	0	0	0	0	0	0	0	0	0	0	0	0	0	0	0	0	0	0	0	0	0	0	0	0	0	0	0	0	0	570	0	772	0	0	0	0	0	0	0	12166	690	22690	1850	3804	100	0	276	35706	0	3014	0	2760	0	154	0	8936	0	484	0	0	0	874	0	16876	1608	310	0	0	0	0	0	0	0	0	0	0	0	0	0	0	0	1484	0	0	0	0	0	0	0	0	0	0	0	116	0	174	0	0	0	0	0	0	0	0	0	0	0	0	0	0	0	0	0	
423004	Occipital_Sup_R	0	1382	0	0	0	0	0	0	0	0	0	0	0	0	0	0	0	0	0	156	0	0	0	0	0	0	0	0	0	0	0	0	716	5410	0	940	0	0	0	0	0	0	3282	25718	2746	52790	198	10242	276	0	234	28680	0	2354	0	1942	0	3868	0	11996	0	5236	0	0	0	7824	3760	34986	0	1564	0	0	0	0	0	0	0	0	0	0	0	0	0	0	0	2974	0	0	0	2228	0	0	0	0	0	0	0	0	0	0	0	0	0	0	0	0	0	0	0	0	0	0	0	0	0	0	
560396	Occipital_Mid_L	2800	0	0	0	0	0	0	0	0	0	0	0	0	0	0	0	790	0	0	0	0	0	0	0	0	0	0	0	1262	0	0	0	4684	172	4700	100	492	0	122	0	0	0	21940	582	15392	976	17702	198	35706	234	0	0	20062	0	19384	0	3842	0	21760	0	18928	0	3368	0	19808	0	27740	760	5048	0	0	0	0	0	0	0	0	0	302	0	1112	0	0	0	21298	0	0	0	5678	0	404	0	202	0	0	0	702	0	1056	0	0	0	0	0	0	0	0	0	0	0	520	224	148	0	0	0	
275764	Occipital_Mid_R	0	752	0	0	0	0	0	0	0	0	0	0	0	0	0	0	0	0	0	0	0	0	0	0	0	0	0	0	0	0	0	0	0	2018	0	252	0	0	0	0	0	0	970	13520	676	16194	0	6560	0	28680	0	0	0	5342	0	3080	0	464	0	3186	0	7670	0	118	0	24494	1556	11028	0	438	0	0	0	0	0	0	0	0	0	0	0	492	0	0	0	9044	0	0	0	1348	0	0	0	0	0	0	0	0	0	0	0	0	0	0	0	0	0	0	0	0	0	0	0	0	0	0	
134876	Occipital_Inf_L	620	0	0	0	0	0	0	0	0	0	0	0	0	0	0	0	0	0	0	0	0	0	0	0	0	0	0	0	0	0	0	0	142	0	214	0	0	0	0	0	0	0	4324	112	1802	162	10354	320	3014	0	20062	0	0	0	12070	0	0	0	0	0	0	0	174	0	680	0	824	0	558	0	0	0	0	0	0	0	0	0	0	0	0	0	0	0	1882	0	0	0	2270	0	1540	0	276	0	0	0	1392	0	2948	0	0	0	0	0	0	0	0	0	0	0	876	414	408	0	0	0	
86768	Occipital_Inf_R	0	148	0	0	0	0	0	0	0	0	0	0	0	0	0	0	0	0	0	0	0	0	0	0	0	0	0	0	0	0	0	0	0	0	0	164	0	840	0	262	0	0	126	5972	0	1576	0	6882	0	2354	0	5342	0	0	0	9122	0	248	0	0	0	0	0	0	0	0	0	3248	0	0	0	0	0	0	0	0	0	0	0	0	0	0	0	0	0	1946	0	0	0	4688	0	0	0	0	0	0	0	0	0	258	0	0	0	0	0	0	0	0	0	0	0	208	0	0	0	0	
453452	Fusiform_L	848	0	736	0	0	0	466	0	0	0	0	0	0	0	0	0	0	0	1414	0	198	0	0	0	0	0	0	0	5392	0	0	0	236	0	2960	1480	20260	918	9534	110	3028	0	6540	0	1400	0	29948	1302	2760	0	19384	0	12070	0	0	0	160	0	0	0	404	0	722	0	328	0	3516	286	248	0	0	0	1810	0	0	0	1604	0	0	0	668	0	2898	0	1786	0	1110	0	23210	0	17996	284	830	0	144	0	13800	0	26448	424	0	0	140	0	0	0	0	0	0	0	3768	1900	1258	0	0	0	
404332	Fusiform_R	142	2102	0	1468	0	0	162	274	0	0	0	412	0	0	0	0	0	594	0	1112	0	0	0	0	0	0	0	0	0	3260	0	140	0	166	240	1570	106	31644	0	21410	0	6986	434	8010	0	1478	152	19548	0	1942	0	3080	0	9122	0	0	0	2304	0	0	0	466	0	1646	0	0	0	4246	0	0	0	112	0	6996	0	354	646	1548	0	424	0	716	0	8926	0	2654	0	2014	0	21124	226	9304	186	286	0	272	0	5550	186	11324	0	132	0	682	0	0	0	0	0	0	540	2420	1328	0	0	0	
240992	Postcentral_L	29882	0	2226	0	0	0	4832	0	0	0	2304	0	558	0	0	0	7048	0	1586	0	0	0	0	0	0	0	0	0	9218	0	172	0	1450	162	784	268	1208	186	488	0	0	0	0	0	0	0	0	0	154	0	3842	0	0	0	160	0	0	0	6456	0	17122	0	9296	0	228	0	4120	0	2884	0	1552	0	4606	0	1664	0	1034	0	1822	0	1902	0	0	0	730	0	0	0	552	0	0	0	0	0	0	0	0	0	0	0	0	0	0	0	0	0	0	0	0	0	0	0	0	0	0	0	
274136	Postcentral_R	102	11358	416	1764	0	0	0	1246	0	0	0	1932	0	208	0	0	0	5610	912	1078	0	0	0	380	0	0	0	0	108	4650	0	586	106	3340	390	1694	218	3874	0	470	0	0	0	2306	0	5288	0	1064	0	3868	0	464	0	248	0	2304	0	0	0	6108	0	13730	0	28224	0	124	0	16668	0	4090	154	692	0	3084	0	264	164	860	0	138	0	488	0	0	0	2220	0	0	0	4076	0	0	0	0	0	0	0	0	0	0	0	0	0	0	0	0	0	0	0	0	0	0	0	0	0	0	
155280	Parietal_Sup_L	764	0	0	0	0	0	0	0	0	0	0	0	0	0	0	0	366	0	0	0	0	0	0	0	0	0	0	0	620	0	0	0	240	0	0	0	0	0	0	0	0	0	226	0	2108	0	0	0	8936	0	21760	0	0	0	0	0	6456	0	0	0	15904	0	108	0	2618	0	13534	158	1192	0	0	0	0	0	0	0	0	0	0	0	332	0	0	0	1344	0	0	0	974	0	0	0	0	0	0	0	0	0	0	0	0	0	0	0	0	0	0	0	0	0	0	0	0	0	0	0	
131704	Parietal_Sup_R	0	122	0	0	0	0	0	0	0	0	0	0	0	0	0	0	0	0	0	0	0	0	0	0	0	0	0	0	0	114	0	0	0	350	0	0	0	0	0	0	0	0	580	1948	100	5446	0	0	0	11996	0	3186	0	0	0	0	0	6108	0	0	0	9938	0	1310	0	5216	1078	14048	0	146	0	0	0	0	0	0	0	0	0	0	0	0	0	0	0	2116	0	0	0	2050	0	0	0	0	0	0	0	0	0	0	0	0	0	0	0	0	0	0	0	0	0	0	0	0	0	0	
234600	Parietal_Inf_L	6274	0	430	0	0	0	1514	0	0	0	390	0	422	0	0	0	568	0	206	0	0	0	0	0	0	0	0	0	2278	0	0	0	546	0	102	0	0	0	0	0	0	0	0	0	0	0	0	0	484	0	18928	0	0	0	404	0	17122	0	15904	0	0	0	18022	0	16686	0	2328	0	1448	0	882	0	0	0	0	0	440	0	122	0	906	0	0	0	7022	0	0	0	3872	0	0	0	0	0	0	0	0	0	0	0	0	0	0	0	0	0	0	0	0	0	0	0	0	0	0	0	
162796	Parietal_Inf_R	0	1604	0	258	0	0	0	184	0	0	0	158	0	0	0	0	0	1134	106	0	0	0	0	0	0	0	0	0	0	728	0	0	0	0	0	0	0	758	0	0	0	0	0	0	0	654	0	0	0	5236	0	7670	0	0	0	466	0	13730	0	9938	0	0	0	16000	0	12876	0	2170	0	0	0	0	0	264	0	0	0	0	0	0	0	278	0	0	0	3578	0	0	0	3608	0	0	0	0	0	0	0	0	0	0	0	0	0	0	0	0	0	0	0	0	0	0	0	0	0	0	
181768	SupraMarginal_L	6384	0	410	0	0	0	636	0	0	0	196	0	114	0	0	0	3440	0	214	0	0	0	0	0	0	0	0	0	3760	0	0	0	148	0	0	0	332	0	244	0	0	0	0	0	0	0	0	0	0	0	3368	0	174	0	722	0	9296	0	108	0	18022	0	0	0	6780	0	352	0	1010	0	316	0	2472	0	1146	0	224	0	416	0	9320	0	0	0	12084	0	0	0	9196	0	0	0	0	0	0	0	0	0	0	0	0	0	0	0	0	0	0	0	0	0	0	0	0	0	0	0	
185668	SupraMarginal_R	0	4494	270	618	0	0	0	666	0	0	0	932	0	0	0	0	0	5694	668	0	0	0	0	0	0	0	0	0	0	3414	0	0	0	0	0	340	0	2536	0	224	0	0	0	298	0	0	0	386	0	0	0	118	0	0	0	1646	0	28224	0	1310	0	16000	0	0	0	3420	0	436	0	100	0	136	0	2172	0	226	0	468	0	720	0	5962	0	0	0	5794	0	0	0	5562	0	0	0	0	0	0	0	0	0	0	0	0	0	0	0	0	0	0	0	0	0	0	0	0	0	0	
146020	Angular_L	466	0	0	0	0	0	0	0	0	0	0	0	0	0	0	0	168	0	0	0	0	0	0	0	0	0	0	0	0	0	0	0	420	0	270	0	0	0	0	0	0	0	0	0	106	0	320	0	874	0	19808	0	680	0	328	0	228	0	2618	0	16686	0	6780	0	0	0	1044	0	426	0	0	0	0	0	0	0	0	0	0	0	2022	0	0	0	15192	0	0	0	4574	0	0	0	0	0	0	0	0	0	0	0	0	0	0	0	0	0	0	0	0	0	0	0	0	0	0	0	
135540	Angular_R	0	0	0	0	0	0	0	0	0	0	0	0	0	0	0	0	0	0	0	0	0	0	0	0	0	0	0	0	0	0	0	0	0	0	0	0	0	0	0	0	0	0	0	540	0	1190	0	128	0	7824	0	24494	0	0	0	0	0	124	0	5216	0	12876	0	3420	0	0	0	780	0	0	0	0	0	0	0	0	0	0	0	0	0	3272	0	0	0	7400	0	0	0	506	0	0	0	0	0	0	0	0	0	0	0	0	0	0	0	0	0	0	0	0	0	0	0	0	0	0	
373072	Precuneus_L	950	116	0	0	0	0	0	0	0	0	0	0	0	0	0	0	158	0	0	110	0	0	0	0	0	0	0	0	0	0	0	0	10538	2266	14564	3046	3886	0	1756	0	0	0	12032	2944	13814	8094	2964	708	16876	3760	27740	1556	824	0	3516	0	4120	0	13534	1078	2328	0	352	0	1044	0	0	15544	7440	384	0	0	0	0	0	0	0	0	0	0	222	0	0	0	4592	0	0	0	3680	0	0	0	0	0	0	0	0	0	0	0	0	0	0	0	0	0	0	0	0	0	0	0	0	0	0	0	
544932	Precuneus_R	1128	3830	0	146	0	0	0	0	0	0	0	0	0	0	0	0	0	108	0	1348	0	0	0	0	0	0	0	0	0	700	0	0	2294	13586	2562	17006	900	5784	330	846	0	0	1470	28100	2244	43572	0	16088	1608	34986	760	11028	0	3248	286	4246	0	16668	158	14048	0	2170	0	436	0	780	15544	0	552	7348	0	0	0	0	0	0	808	218	0	0	0	154	0	0	0	4576	0	0	264	8626	0	0	0	0	0	0	0	196	0	0	0	0	0	0	0	0	0	0	0	0	1716	0	0	0	0	0	
237104	Paracentral_Lobule_L	21138	3922	9292	2872	0	0	0	0	0	0	0	0	0	0	0	0	304	0	12302	7676	0	0	0	0	0	0	0	0	394	0	0	0	7282	8016	5800	882	0	0	0	0	0	0	1426	0	1604	0	0	0	310	0	5048	0	558	0	248	0	2884	0	1192	0	1448	0	1010	0	426	0	7440	552	0	4114	358	0	0	0	0	0	1426	240	0	0	630	0	0	0	4324	0	0	0	3434	0	0	0	0	0	0	0	0	0	0	0	0	0	0	0	0	0	0	0	0	0	0	0	0	0	0	0	
155180	Paracentral_Lobule_R	4340	9716	0	0	0	0	0	0	0	0	0	0	0	0	0	0	0	0	642	12098	0	0	0	0	0	0	0	0	0	0	0	0	2474	15346	1654	5704	114	0	100	0	0	0	0	1222	0	1922	0	1314	0	1564	0	438	0	0	0	0	0	4090	0	146	0	0	0	100	0	0	384	7348	4114	0	0	0	0	0	0	0	0	0	0	0	0	0	0	0	0	1388	0	0	0	1228	0	0	0	0	0	0	0	0	0	0	0	0	0	0	0	0	0	0	0	0	144	0	0	0	0	0	
259772	Caudate_L	7266	362	9440	1720	928	960	2952	730	108	0	494	1078	538	218	750	1068	514	366	10564	618	4802	7726	204	406	246	0	1808	1606	3594	1882	6002	3646	0	0	0	0	208	190	184	0	226	0	0	0	0	0	0	0	0	0	0	0	0	0	0	0	1552	154	0	0	882	0	316	0	0	0	0	0	358	0	0	16510	15172	8904	2792	660	8754	428	0	0	0	0	0	0	0	0	0	0	0	0	0	0	0	0	0	0	0	0	0	0	0	0	0	0	0	0	0	0	0	0	0	0	0	0	0	0	
389604	Caudate_R	474	2882	1202	23970	466	2282	1124	2218	0	322	504	3852	484	2322	386	1888	0	2162	3230	16900	3930	8338	206	7022	146	2502	1188	2150	1244	8270	4812	21192	0	0	0	0	0	520	0	350	0	202	0	0	0	0	0	0	0	0	0	0	0	0	0	112	0	692	0	0	0	0	0	136	0	0	0	0	0	0	16510	0	8174	20238	1170	1868	758	16020	0	0	0	226	0	158	0	0	0	0	0	0	0	0	0	0	0	0	0	0	0	0	0	0	0	0	0	0	0	0	0	0	0	0	0	0	0	0	
306124	Putamen_L	3874	108	13754	572	1574	408	1320	254	682	0	488	412	800	0	3256	374	760	0	15828	468	3136	5338	464	0	818	276	486	726	18312	636	8768	2970	0	0	0	0	7228	300	2352	0	732	0	0	0	0	0	144	198	0	0	0	0	0	0	1810	0	4606	0	0	0	0	0	2472	0	0	0	0	0	0	0	15172	8174	0	5706	8244	120	2816	286	286	0	1292	0	614	0	1046	0	0	0	2602	0	0	0	0	0	0	0	0	0	0	0	0	0	0	0	0	0	0	0	0	0	0	0	0	0	0	0	
368560	Putamen_R	566	1282	1164	16196	254	2046	2010	2650	0	1028	1508	3688	1432	686	210	3382	0	5094	1508	9718	2790	5548	374	4024	0	1582	772	948	1776	20350	3282	8176	0	0	0	0	0	12824	0	6824	0	1574	0	0	0	0	0	158	0	0	0	0	0	0	0	6996	0	3084	0	0	0	264	0	2172	0	0	0	0	0	0	8904	20238	5706	0	558	2336	0	2330	0	1100	0	950	0	338	0	516	0	0	0	3102	0	0	0	0	0	0	0	262	0	0	0	0	0	0	0	0	0	0	0	0	0	0	0	0	0	0	
71496	Pallidum_L	2850	0	6690	0	0	0	0	0	0	0	0	0	0	0	0	0	382	0	6658	0	150	1164	0	0	0	0	0	0	178	0	0	0	0	0	0	0	684	0	134	0	0	0	0	0	0	0	0	0	0	0	0	0	0	0	0	0	1664	0	0	0	0	0	1146	0	0	0	0	0	0	0	2792	1170	8244	558	0	0	1284	0	0	0	0	0	0	0	0	0	0	0	0	0	0	0	0	0	0	0	0	0	0	0	0	0	0	0	0	0	0	0	0	0	0	0	0	0	0	0	
24280	Pallidum_R	0	340	252	1502	0	0	0	430	0	0	0	0	0	0	0	0	0	0	474	1210	0	120	0	0	0	0	0	0	0	0	0	0	0	0	0	0	0	1002	0	982	0	0	0	0	0	0	0	0	0	0	0	0	0	0	0	354	0	264	0	0	0	0	0	226	0	0	0	0	0	0	660	1868	120	2336	0	0	0	0	0	0	0	0	0	0	0	0	0	0	0	0	0	0	0	0	0	0	0	0	0	0	0	0	0	0	0	0	0	0	0	0	0	0	0	0	0	0	
251852	Thalamus_L	20780	2410	17288	328	0	0	6778	0	0	0	0	134	0	0	0	0	206	0	13942	0	0	0	0	0	0	0	0	0	1868	0	0	0	0	0	2010	5810	6674	7350	1060	1742	0	0	0	0	0	0	110	2728	0	0	0	0	0	0	1604	646	1034	164	0	0	440	0	224	0	0	0	0	808	1426	0	8754	758	2816	0	1284	0	0	10350	262	0	238	0	0	0	922	0	0	0	2376	0	0	0	0	0	0	0	0	602	0	0	0	0	0	0	0	0	0	0	0	0	0	0	0	0	0	0	
209268	Thalamus_R	1864	7654	1800	21258	0	0	944	1826	0	0	0	742	0	0	0	0	0	248	1088	13910	0	0	0	156	0	0	0	0	0	360	0	240	0	0	614	3220	736	8518	154	2178	0	142	0	0	0	0	0	1514	0	0	0	0	0	0	0	1548	0	860	0	0	0	0	0	468	0	0	0	218	240	0	428	16020	286	2330	0	0	10350	0	0	0	0	188	0	0	0	814	0	0	0	1524	0	0	0	0	0	0	0	194	0	0	0	0	0	0	0	0	0	0	0	0	0	0	0	0	0	0	
51748	Heschl_L	3152	0	908	0	0	0	1776	0	0	0	1086	0	0	0	0	0	2602	0	350	0	0	0	0	0	0	0	0	0	5344	0	0	0	0	0	0	0	986	0	0	0	0	0	0	0	0	0	0	0	0	0	302	0	0	0	0	0	1822	0	0	0	122	0	416	0	0	0	0	0	0	0	0	0	286	0	0	0	262	0	0	0	1732	0	0	0	2700	0	0	0	2028	0	0	0	0	0	0	0	0	0	0	0	0	0	0	0	0	0	0	0	0	0	0	0	0	0	0	0	
36732	Heschl_R	0	104	0	188	0	0	0	0	0	0	0	138	0	0	0	0	0	1808	0	0	0	0	0	0	0	0	0	0	0	4392	0	0	0	0	0	0	0	656	0	156	0	146	0	0	0	0	0	0	0	0	0	0	0	0	0	424	0	138	0	0	0	0	0	720	0	0	0	0	0	0	0	0	0	1100	0	0	0	0	0	0	0	5020	0	176	0	1276	0	0	0	1924	0	0	0	0	0	0	0	0	0	0	0	0	0	0	0	0	0	0	0	0	0	0	0	0	0	0	
158804	Temporal_Sup_L	1772	0	1374	0	0	0	324	0	0	0	876	0	0	0	0	0	4312	0	1830	0	0	0	0	0	0	0	0	0	7770	0	0	0	112	0	0	0	1782	0	0	0	0	0	0	0	0	0	0	0	0	0	1112	0	0	0	668	0	1902	0	332	0	906	0	9320	0	2022	0	222	0	630	0	0	0	1292	0	0	0	238	0	1732	0	0	0	1774	0	25194	0	0	0	11906	0	0	0	0	0	0	0	0	0	0	0	0	0	0	0	0	0	0	0	0	0	0	0	0	0	0	0	
118496	Temporal_Sup_R	0	644	0	258	0	0	0	168	0	0	0	286	0	0	0	456	0	3810	0	0	0	0	0	0	0	0	0	0	0	5710	0	226	0	0	0	180	0	1158	0	240	0	0	0	0	0	0	0	116	0	0	0	492	0	0	0	716	0	488	0	0	0	278	0	5962	0	3272	0	154	0	0	0	226	0	950	0	0	0	188	0	5020	0	0	0	2866	0	18962	0	158	0	6264	0	0	0	0	0	0	0	0	0	0	0	0	0	0	0	0	0	0	0	0	0	0	0	0	0	0	
74584	Temporal_Pole_Sup_L	0	0	462	0	144	0	0	0	0	0	484	0	178	0	1094	0	360	0	322	0	1244	0	0	0	0	0	0	0	3704	0	0	0	0	0	0	0	1550	0	1752	0	1174	0	0	0	0	0	0	0	0	0	0	0	0	0	2898	0	0	0	0	0	0	0	0	0	0	0	0	0	0	0	0	0	614	0	0	0	0	0	0	0	1774	0	0	0	7246	0	3986	0	8306	0	0	0	0	0	0	0	0	0	0	0	0	0	0	0	0	0	0	0	0	0	0	0	0	0	0	0	
63460	Temporal_Pole_Sup_R	0	0	0	0	0	0	0	0	0	0	0	196	0	0	0	676	0	838	0	0	0	0	0	0	0	0	0	0	0	2132	0	156	0	0	0	0	0	736	0	2814	0	2292	0	0	0	0	0	0	0	0	0	0	0	0	0	8926	0	0	0	0	0	0	0	0	0	0	0	0	0	0	0	158	0	338	0	0	0	0	0	176	0	2866	0	0	0	1178	0	2836	0	5412	0	0	0	0	0	0	0	0	0	0	0	0	0	0	0	0	0	0	0	0	0	0	0	0	0	0	
387156	Temporal_Mid_L	8014	0	556	0	0	0	560	0	0	0	0	0	0	0	0	0	2132	0	808	0	0	0	0	0	0	0	0	0	4136	0	0	0	506	0	1962	0	3696	0	0	0	0	0	3448	0	436	0	380	130	1484	0	21298	0	1882	0	1786	0	730	0	1344	0	7022	0	12084	0	15192	0	4592	0	4324	0	0	0	1046	0	0	0	922	0	2700	0	25194	0	7246	0	0	0	3718	0	54250	0	0	0	0	0	0	0	0	0	0	0	0	0	0	0	0	0	0	0	0	0	0	0	0	0	0	0	
248968	Temporal_Mid_R	0	6232	0	438	0	0	0	268	0	0	0	116	0	0	0	0	0	982	0	0	0	0	0	0	0	0	0	0	0	2244	0	0	0	0	110	1128	0	1892	0	416	0	0	0	1724	0	2756	0	1040	0	2974	0	9044	0	1946	0	2654	0	2220	0	2116	0	3578	0	5794	0	7400	0	4576	0	1388	0	0	0	516	0	0	0	814	0	1276	0	18962	0	1178	0	0	0	638	0	38064	0	0	0	0	0	0	0	0	0	0	0	0	0	0	0	0	0	0	0	0	0	0	0	0	0	0	
28392	Temporal_Pole_Mid_L	0	0	0	0	0	0	0	0	0	0	0	0	0	0	0	0	0	0	0	0	0	0	0	0	0	0	0	0	0	0	0	0	0	0	0	0	0	0	618	0	0	0	0	0	0	0	0	0	0	0	0	0	0	0	1110	0	0	0	0	0	0	0	0	0	0	0	0	0	0	0	0	0	0	0	0	0	0	0	0	0	0	0	3986	0	3718	0	0	0	4764	0	0	0	0	0	0	0	0	0	0	0	0	0	0	0	0	0	0	0	0	0	0	0	0	0	0	0	
17452	Temporal_Pole_Mid_R	0	0	0	0	0	0	0	0	0	0	0	0	0	0	0	0	0	0	0	0	0	0	0	0	0	0	0	0	0	0	0	0	0	0	0	0	0	182	0	944	0	346	0	0	0	0	0	0	0	0	0	0	0	0	0	2014	0	0	0	0	0	0	0	0	0	0	0	0	0	0	0	0	0	0	0	0	0	0	0	0	0	158	0	2836	0	638	0	0	0	1608	0	0	0	0	0	0	0	0	0	0	0	0	0	0	0	0	0	0	0	0	0	0	0	0	0	0	
426424	Temporal_Inf_L	7536	0	1464	0	0	0	956	0	0	0	0	0	0	0	0	0	1556	0	2770	0	0	0	0	0	0	0	0	0	9958	0	0	0	220	0	3074	1144	19086	772	5640	160	958	0	2410	0	202	0	2166	530	0	0	5678	0	2270	0	23210	0	552	0	974	0	3872	0	9196	0	4574	0	3680	264	3434	0	0	0	2602	0	0	0	2376	0	2028	0	11906	0	8306	0	54250	0	4764	0	0	0	4082	0	668	0	0	0	1218	0	2244	0	138	0	106	0	0	0	0	0	0	0	218	0	0	0	0	0	
339984	Temporal_Inf_R	0	8292	0	1094	0	0	0	336	0	0	0	250	0	0	0	0	0	984	0	648	0	0	0	0	0	0	0	0	0	5558	0	0	0	0	732	4586	186	16358	156	4060	0	882	0	4474	0	2362	0	4530	0	2228	0	1348	0	4688	0	21124	0	4076	0	2050	0	3608	0	5562	0	506	0	8626	0	1228	0	0	0	3102	0	0	0	1524	0	1924	0	6264	0	5412	0	38064	0	1608	0	0	0	654	0	114	0	0	0	130	0	308	0	0	0	134	0	0	0	0	0	0	222	0	0	0	0	0	
420492	Cerebelum_Crus1_L	0	0	0	0	0	0	0	0	0	0	0	0	0	0	0	0	0	0	0	0	0	0	0	0	0	0	0	0	0	0	0	0	0	0	0	0	0	0	0	0	0	0	202	0	0	0	12390	3472	0	0	404	0	1540	0	17996	226	0	0	0	0	0	0	0	0	0	0	0	0	0	0	0	0	0	0	0	0	0	0	0	0	0	0	0	0	0	0	0	0	4082	0	0	3108	26824	3256	1520	0	22226	534	54544	4270	7210	794	8620	1500	4544	568	492	0	976	1472	9618	7432	9272	820	334	0	
389380	Cerebelum_Crus1_R	0	0	0	0	0	0	0	0	0	0	0	0	0	0	0	0	0	0	0	0	0	0	0	0	0	0	0	0	0	0	0	0	0	0	0	0	0	0	0	0	0	0	0	0	0	0	776	4580	0	0	0	0	0	0	284	9304	0	0	0	0	0	0	0	0	0	0	0	0	0	0	0	0	0	0	0	0	0	0	0	0	0	0	0	0	0	0	0	0	0	654	3108	0	1676	29380	174	2438	1352	20392	2190	48328	180	11788	158	21298	356	1822	0	194	286	2298	10088	8728	10126	1554	1178	0	
299108	Cerebelum_Crus2_L	0	0	0	0	0	0	0	0	0	0	0	0	0	0	0	0	0	0	0	0	0	0	0	0	0	0	0	0	0	0	0	0	0	0	0	0	0	0	0	0	0	0	0	0	0	0	2812	922	0	0	202	0	276	0	830	186	0	0	0	0	0	0	0	0	0	0	0	0	0	0	0	0	0	0	0	0	0	0	0	0	0	0	0	0	0	0	0	0	668	0	26824	1676	0	9708	498	0	5944	204	10000	1938	28758	5796	24020	2372	3834	490	380	0	722	912	3832	2036	9196	4240	278	0	
319352	Cerebelum_Crus2_R	0	0	0	0	0	0	0	0	0	0	0	0	0	0	0	0	0	0	0	0	0	0	0	0	0	0	0	0	0	0	0	0	0	0	0	0	0	0	0	0	0	0	0	0	0	0	696	208	0	0	0	0	0	0	0	286	0	0	0	0	0	0	0	0	0	0	0	0	0	0	0	0	0	0	0	0	0	0	0	0	0	0	0	0	0	0	0	0	0	114	3256	29380	9708	0	128	564	744	2182	1278	10198	7184	27586	4708	30800	450	3386	0	188	270	744	4090	1918	11062	7084	1334	130	
53924	Cerebelum_3_L	0	0	0	0	0	0	0	0	0	0	0	0	0	0	0	0	0	0	0	0	0	0	0	0	0	0	0	0	0	0	0	0	0	0	0	0	0	0	0	0	0	0	0	0	0	0	388	0	0	0	0	0	0	0	144	0	0	0	0	0	0	0	0	0	0	0	0	0	0	0	0	0	0	0	0	0	0	0	0	0	0	0	0	0	0	0	0	0	0	0	1520	174	498	128	0	226	7442	194	2216	780	0	0	0	718	1712	550	0	0	1588	4296	2578	364	358	630	458	0	
50908	Cerebelum_3_R	0	0	0	0	0	0	0	0	0	0	0	0	0	0	0	0	0	0	0	0	0	0	0	0	0	0	0	0	0	0	0	0	0	0	0	0	0	0	0	0	0	0	0	0	0	0	0	126	0	0	0	0	0	0	0	272	0	0	0	0	0	0	0	0	0	0	0	0	0	0	0	0	0	0	0	0	0	0	0	0	0	0	0	0	0	0	0	0	0	0	0	2438	0	564	226	0	232	4752	0	5602	0	204	0	1028	106	726	100	0	298	5326	1994	206	284	654	316	0	
324704	Cerebelum_4_5_L	0	0	0	0	0	0	0	0	0	0	0	0	0	0	0	0	0	0	0	0	0	0	0	0	0	0	0	0	0	0	0	0	0	0	0	0	422	0	864	0	0	0	172	0	0	0	13954	570	116	0	702	0	1392	0	13800	0	0	0	0	0	0	0	0	0	0	0	0	0	0	0	0	0	0	0	0	0	0	0	0	0	0	0	0	0	0	0	0	0	1218	0	22226	1352	5944	744	7442	232	0	1288	34538	3762	346	678	682	2224	5098	2454	114	0	2976	5382	20988	4406	738	1884	1998	1646	
196816	Cerebelum_4_5_R	198	0	0	0	0	0	148	0	0	0	0	0	0	0	0	0	0	0	0	0	0	0	0	0	0	0	0	0	0	0	0	0	0	0	0	0	178	1210	0	2708	0	0	0	0	0	0	362	5226	0	0	0	0	0	0	0	5550	0	0	0	0	0	0	0	0	0	0	0	196	0	0	0	0	0	262	0	0	602	194	0	0	0	0	0	0	0	0	0	0	0	130	534	20392	204	2182	194	4752	1288	0	650	29066	0	1558	0	3370	264	788	0	0	172	2264	9916	866	1136	1096	752	0	
436164	Cerebelum_6_L	0	0	0	0	0	0	0	0	0	0	0	0	0	0	0	0	0	0	0	0	0	0	0	0	0	0	0	0	0	0	0	0	0	0	0	0	202	0	322	0	0	0	452	0	0	0	20514	3174	174	0	1056	0	2948	0	26448	186	0	0	0	0	0	0	0	0	0	0	0	0	0	0	0	0	0	0	0	0	0	0	0	0	0	0	0	0	0	0	0	0	2244	0	54544	2190	10000	1278	2216	0	34538	650	0	3904	3200	286	3578	1492	5724	794	926	0	1046	1674	16116	9328	5452	688	536	202	
426384	Cerebelum_6_R	0	0	0	0	0	0	0	0	0	0	0	0	0	0	0	0	0	0	0	0	0	0	0	0	0	0	0	0	0	0	0	0	0	0	0	0	0	140	0	104	0	0	0	108	0	0	1282	6600	0	0	0	0	0	258	424	11324	0	0	0	0	0	0	0	0	0	0	0	0	0	0	0	0	0	0	0	0	0	0	0	0	0	0	0	0	0	0	0	0	0	308	4270	48328	1938	10198	780	5602	3762	29066	3904	0	272	4564	264	15556	1362	4512	0	658	1510	4918	16578	13314	12812	4682	3626	168	
218308	Cerebelum_7b_L	0	0	0	0	0	0	0	0	0	0	0	0	0	0	0	0	0	0	0	0	0	0	0	0	0	0	0	0	0	0	0	0	0	0	0	0	0	0	0	0	0	0	0	0	0	0	170	0	0	0	0	0	0	0	0	0	0	0	0	0	0	0	0	0	0	0	0	0	0	0	0	0	0	0	0	0	0	0	0	0	0	0	0	0	0	0	0	0	138	0	7210	180	28758	7184	0	0	346	0	3200	272	0	7224	29954	3776	5596	290	654	0	0	0	650	758	4246	8342	206	0	
224352	Cerebelum_7b_R	0	0	0	0	0	0	0	0	0	0	0	0	0	0	0	0	0	0	0	0	0	0	0	0	0	0	0	0	0	0	0	0	0	0	0	0	0	0	0	0	0	0	0	0	0	0	140	0	0	0	0	0	0	0	0	132	0	0	0	0	0	0	0	0	0	0	0	0	0	0	0	0	0	0	0	0	0	0	0	0	0	0	0	0	0	0	0	0	0	0	794	11788	5796	27586	0	204	678	1558	286	4564	7224	0	5180	27726	258	2700	0	0	164	364	2700	588	3358	7360	766	262	
236012	Cerebelum_8_L	0	0	0	0	0	0	0	0	0	0	0	0	0	0	0	0	0	0	0	0	0	0	0	0	0	0	0	0	0	0	0	0	0	0	0	0	0	0	0	0	0	0	0	0	0	0	228	100	0	0	0	0	0	0	140	0	0	0	0	0	0	0	0	0	0	0	0	0	0	0	0	0	0	0	0	0	0	0	0	0	0	0	0	0	0	0	0	0	106	0	8620	158	24020	4708	0	0	682	0	3578	264	29954	5180	0	4508	16600	1238	1928	0	0	0	936	808	3654	9158	1438	0	
363892	Cerebelum_8_R	0	0	0	0	0	0	0	0	0	0	0	0	0	0	0	0	0	0	0	0	0	0	0	0	0	0	0	0	0	0	0	0	0	0	0	0	0	0	0	0	0	0	0	0	0	0	378	826	0	0	0	0	0	0	0	682	0	0	0	0	0	0	0	0	0	0	0	0	0	0	0	0	0	0	0	0	0	0	0	0	0	0	0	0	0	0	0	0	0	134	1500	21298	2372	30800	718	1028	2224	3370	1492	15556	3776	27726	4508	0	1368	17086	0	800	988	2062	7438	5744	9008	12074	6328	662	
146324	Cerebelum_9_L	0	0	0	0	0	0	0	0	0	0	0	0	0	0	0	0	0	0	0	0	0	0	0	0	0	0	0	0	0	0	0	0	0	0	0	0	0	0	0	0	0	0	0	0	0	0	280	170	0	0	0	0	0	0	0	0	0	0	0	0	0	0	0	0	0	0	0	0	0	0	0	0	0	0	0	0	0	0	0	0	0	0	0	0	0	0	0	0	0	0	4544	356	3834	450	1712	106	5098	264	5724	1362	5596	258	16600	1368	0	1768	4592	0	1660	2184	5634	3796	958	2012	1894	942	
153980	Cerebelum_9_R	0	0	0	0	0	0	0	0	0	0	0	0	0	0	0	0	0	0	0	0	0	0	0	0	0	0	0	0	0	0	0	0	0	0	0	0	0	0	0	0	0	0	0	0	0	0	664	0	0	0	0	0	0	0	0	0	0	0	0	0	0	0	0	0	0	0	0	0	0	0	0	0	0	0	0	0	0	0	0	0	0	0	0	0	0	0	0	0	0	0	568	1822	490	3386	550	726	2454	788	794	4512	290	2700	1238	17086	1768	0	0	1664	938	1704	4356	5190	4002	8276	8810	2214	
22408	Cerebelum_10_L	0	0	0	0	0	0	0	0	0	0	0	0	0	0	0	0	0	0	0	0	0	0	0	0	0	0	0	0	0	0	0	0	0	0	0	0	0	0	0	0	0	0	0	0	0	0	0	0	0	0	0	0	0	0	0	0	0	0	0	0	0	0	0	0	0	0	0	0	0	0	0	0	0	0	0	0	0	0	0	0	0	0	0	0	0	0	0	0	0	0	492	0	380	0	0	100	114	0	926	0	654	0	1928	0	4592	0	0	0	0	134	520	922	292	150	0	0	
14508	Cerebelum_10_R	0	0	0	0	0	0	0	0	0	0	0	0	0	0	0	0	0	0	0	0	0	0	0	0	0	0	0	0	0	0	0	0	0	0	0	0	0	0	0	0	0	0	0	0	0	0	0	0	0	0	0	0	0	0	0	0	0	0	0	0	0	0	0	0	0	0	0	0	0	0	0	0	0	0	0	0	0	0	0	0	0	0	0	0	0	0	0	0	0	0	0	194	0	188	0	0	0	0	0	658	0	0	0	800	0	1664	0	0	0	0	150	580	926	1046	1048	0	
48236	Vermis_1_2	0	0	0	0	0	0	0	0	0	0	0	0	0	0	0	0	0	0	0	0	0	0	0	0	0	0	0	0	0	0	0	0	0	0	0	0	0	0	0	0	0	0	0	0	0	0	0	0	0	0	0	0	0	0	0	0	0	0	0	0	0	0	0	0	0	0	0	0	0	0	0	0	0	0	0	0	0	0	0	0	0	0	0	0	0	0	0	0	0	0	976	286	722	270	1588	298	2976	172	1046	1510	0	164	0	988	1660	938	0	0	0	5300	3298	558	344	574	450	0	
103720	Vermis_3	0	0	0	0	0	0	0	0	0	0	0	0	0	0	0	0	0	0	0	0	0	0	0	0	0	0	0	0	0	0	0	0	0	0	0	0	198	0	256	0	0	0	0	0	0	0	660	220	0	0	0	0	0	0	0	0	0	0	0	0	0	0	0	0	0	0	0	0	0	0	0	0	0	0	0	0	0	0	0	0	0	0	0	0	0	0	0	0	0	0	1472	2298	912	744	4296	5326	5382	2264	1674	4918	0	364	0	2062	2184	1704	134	0	5300	0	6040	782	642	1196	832	0	
345704	Vermis_4_5	0	0	0	0	0	0	0	0	0	0	0	0	0	0	0	0	0	0	0	0	0	0	0	0	0	0	0	0	0	0	0	0	0	116	102	1836	100	858	0	0	0	0	314	154	0	0	8282	3840	0	0	520	0	876	0	3768	540	0	0	0	0	0	0	0	0	0	0	0	1716	0	144	0	0	0	0	0	0	0	0	0	0	0	0	0	0	0	0	0	0	218	222	9618	10088	3832	4090	2578	1994	20988	9916	16116	16578	650	2700	936	7438	5634	4356	520	150	3298	6040	0	9886	2366	3346	3444	2684	
