data	data	431376	232312	773328	716880	81560	94408	427980	227840	40208	22228	221336	136880	255408	261848	129564	95544	215588	106064	647376	721852	43352	53420	248904	288716	25224	68336	38440	45764	514472	360492	271572	356648	94128	522260	139076	158248	242232	388884	147996	256448	51220	65472	270644	340620	168616	454260	328792	429220	316444	393096	540892	266824	147876	109568	444120	574120	321988	198764	184044	142100	233072	107348	127988	131852	155580	136612	305752	466480	277696	202592	322196	351148	269196	298780	43664	41096	189784	177916	47284	35024	221356	166344	77268	43300	272596	310640	31888	18420	260684	207048	484992	446368	433344	414444	57216	100628	345556	264992	496980	459672	313744	149308	378784	359472	162852	172644	24532	30628	13452	65700	229324	181620	326860	131884	107324	39036	
data	data	Precentral_L	Precentral_R	Frontal_Sup_L	Frontal_Sup_R	Frontal_Sup_Orb_L	Frontal_Sup_Orb_R	Frontal_Mid_L	Frontal_Mid_R	Frontal_Mid_Orb_L	Frontal_Mid_Orb_R	Frontal_Inf_Oper_L	Frontal_Inf_Oper_R	Frontal_Inf_Tri_L	Frontal_Inf_Tri_R	Frontal_Inf_Orb_L	Frontal_Inf_Orb_R	Rolandic_Oper_L	Rolandic_Oper_R	Supp_Motor_Area_L	Supp_Motor_Area_R	Olfactory_L	Olfactory_R	Frontal_Sup_Medial_L	Frontal_Sup_Medial_R	Frontal_Med_Orb_L	Frontal_Med_Orb_R	Rectus_L	Rectus_R	Insula_L	Insula_R	Cingulum_Ant_L	Cingulum_Ant_R	Cingulum_Mid_L	Cingulum_Mid_R	Cingulum_Post_L	Cingulum_Post_R	Hippocampus_L	Hippocampus_R	ParaHippocampal_L	ParaHippocampal_R	Amygdala_L	Amygdala_R	Calcarine_L	Calcarine_R	Cuneus_L	Cuneus_R	Lingual_L	Lingual_R	Occipital_Sup_L	Occipital_Sup_R	Occipital_Mid_L	Occipital_Mid_R	Occipital_Inf_L	Occipital_Inf_R	Fusiform_L	Fusiform_R	Postcentral_L	Postcentral_R	Parietal_Sup_L	Parietal_Sup_R	Parietal_Inf_L	Parietal_Inf_R	SupraMarginal_L	SupraMarginal_R	Angular_L	Angular_R	Precuneus_L	Precuneus_R	Paracentral_Lobule_L	Paracentral_Lobule_R	Caudate_L	Caudate_R	Putamen_L	Putamen_R	Pallidum_L	Pallidum_R	Thalamus_L	Thalamus_R	Heschl_L	Heschl_R	Temporal_Sup_L	Temporal_Sup_R	Temporal_Pole_Sup_L	Temporal_Pole_Sup_R	Temporal_Mid_L	Temporal_Mid_R	Temporal_Pole_Mid_L	Temporal_Pole_Mid_R	Temporal_Inf_L	Temporal_Inf_R	Cerebelum_Crus1_L	Cerebelum_Crus1_R	Cerebelum_Crus2_L	Cerebelum_Crus2_R	Cerebelum_3_L	Cerebelum_3_R	Cerebelum_4_5_L	Cerebelum_4_5_R	Cerebelum_6_L	Cerebelum_6_R	Cerebelum_7b_L	Cerebelum_7b_R	Cerebelum_8_L	Cerebelum_8_R	Cerebelum_9_L	Cerebelum_9_R	Cerebelum_10_L	Cerebelum_10_R	Vermis_1_2	Vermis_3	Vermis_4_5	Vermis_6	Vermis_7	Vermis_8	Vermis_9	Vermis_10	
431376	Precentral_L	0	2792	9082	4842	0	120	16074	560	0	0	7080	228	882	562	0	140	7724	0	6614	10278	0	0	0	280	0	0	0	0	6272	636	1164	386	208	6944	2150	1594	2102	618	110	182	0	0	496	0	384	92	182	0	3374	0	4724	0	108	0	566	218	27656	410	1318	0	7548	0	936	0	1306	0	1708	1300	21132	4052	14902	1770	3316	150	1404	84	18432	2542	890	0	1866	100	0	0	1570	148	0	0	1380	0	0	0	0	0	0	0	0	0	0	0	0	0	0	0	0	0	0	0	0	0	0	0	0	0	0	0	
232312	Precentral_R	2792	0	2182	19426	0	0	866	8612	0	0	0	10480	0	2420	0	0	0	3918	1482	6860	0	0	0	156	0	0	0	0	140	2406	0	484	0	308	0	84	124	2918	0	1050	0	0	0	0	0	522	0	202	0	812	0	252	0	0	0	836	234	16272	0	360	0	948	0	1736	0	372	0	732	1414	1728	1456	7210	244	2338	104	382	1816	8738	0	106	0	0	0	0	0	260	0	0	0	0	0	186	0	0	0	0	0	0	0	188	0	0	0	0	0	0	0	0	0	0	0	0	0	0	0	0	
773328	Frontal_Sup_L	9082	2182	0	13674	3560	142	61188	1128	1474	0	10156	0	25970	580	6072	236	10130	0	81392	16178	0	0	30624	2524	1174	94	228	0	31416	410	15852	3476	1972	4146	106	96	2020	826	160	124	0	0	0	0	0	0	0	0	224	0	458	0	0	0	798	166	3018	1100	0	0	708	0	400	0	0	0	104	0	1462	0	10006	952	17140	528	2446	174	2338	772	294	0	3934	0	536	0	180	98	0	0	436	0	0	0	0	0	0	0	0	0	0	0	0	0	0	0	0	0	0	0	0	0	0	0	0	0	0	0	
716880	Frontal_Sup_R	4842	19426	13674	0	0	3658	2968	23332	0	300	988	5154	144	15712	0	1296	490	4948	21626	68950	0	0	5912	31782	0	2588	0	0	1156	7724	3420	21080	244	19538	0	0	162	3154	0	1654	0	0	0	0	0	0	0	252	0	0	0	0	0	116	0	1596	400	2272	0	0	0	0	0	0	0	0	0	96	2504	0	5798	28434	1364	7518	136	1642	1618	16866	0	0	264	374	0	0	0	666	0	0	0	430	0	86	0	0	0	0	0	0	0	86	0	0	0	0	0	0	0	0	0	0	0	0	0	0	0	0	
81560	Frontal_Sup_Orb_L	0	0	3560	0	0	0	596	0	6098	0	0	0	858	0	8008	0	0	0	0	0	678	174	1402	0	2344	0	4396	0	5914	0	1880	0	0	0	0	0	0	0	0	0	0	0	0	0	0	0	0	0	0	0	0	0	0	0	0	0	0	0	0	0	0	0	0	0	0	0	0	0	0	0	382	0	4256	0	0	0	0	0	0	0	0	0	234	0	0	0	0	0	0	0	0	0	0	0	0	0	0	0	0	0	0	0	0	0	0	0	0	0	0	0	0	0	0	0	0	0	
94408	Frontal_Sup_Orb_R	120	0	142	3658	0	0	222	1296	0	4442	0	272	0	368	0	3112	0	0	182	222	422	1414	490	5134	288	7478	272	6622	0	756	814	3062	0	124	0	0	0	0	0	0	0	0	0	0	0	0	0	0	0	0	0	0	0	0	0	0	0	0	0	0	0	0	0	0	0	0	0	0	0	0	1040	2356	196	2566	0	0	0	134	0	0	0	0	0	0	0	0	0	0	0	0	0	0	0	0	0	0	0	0	0	0	0	0	0	0	0	0	0	0	0	0	0	0	0	0	0	0	
427980	Frontal_Mid_L	16074	866	61188	2968	596	222	0	1786	2276	0	3608	320	31176	962	9868	128	1668	0	13258	2068	0	0	11582	992	0	0	0	0	14188	916	4108	784	2632	678	142	102	782	604	0	152	0	0	0	0	0	0	0	0	230	0	490	0	0	0	88	192	1560	800	0	0	1426	0	436	0	0	0	130	0	324	0	10990	2012	2250	334	654	162	2720	984	0	0	798	178	82	0	164	176	0	0	116	0	0	0	0	0	0	0	0	0	0	0	0	0	0	0	0	0	0	0	0	0	0	0	0	0	0	0	
227840	Frontal_Mid_R	560	8612	1128	23332	0	1296	1786	0	0	1488	836	4968	102	24516	0	2842	336	566	1608	5808	110	0	316	4742	0	0	0	0	530	8750	232	1554	0	2680	0	0	0	948	0	276	0	0	0	0	0	0	0	0	0	0	0	0	0	0	0	270	0	1026	0	0	0	0	0	0	0	0	0	0	0	0	3836	4556	140	3068	0	442	100	560	0	0	0	0	0	0	0	0	0	0	0	0	0	0	0	0	0	0	0	0	0	0	0	0	0	0	0	0	0	0	0	0	0	0	0	0	0	0	
40208	Frontal_Mid_Orb_L	0	0	1474	0	6098	0	2276	0	0	0	0	0	1286	0	6548	0	0	0	0	0	0	0	0	0	0	0	1602	0	532	0	0	0	0	0	0	0	0	0	0	0	0	0	0	0	0	0	0	0	0	0	0	0	0	0	0	0	0	0	0	0	0	0	0	0	0	0	0	0	0	0	0	0	170	0	0	0	0	0	0	0	0	0	118	0	0	0	0	0	0	0	0	0	0	0	0	0	0	0	0	0	0	0	0	0	0	0	0	0	0	0	0	0	0	0	0	0	
22228	Frontal_Mid_Orb_R	0	0	0	300	0	4442	0	1488	0	0	0	0	0	216	0	2518	0	0	0	0	0	286	0	256	0	282	0	436	0	126	0	92	0	0	0	0	0	0	0	0	0	0	0	0	0	0	0	0	0	0	0	0	0	0	0	0	0	0	0	0	0	0	0	0	0	0	0	0	0	0	98	208	0	366	0	0	0	0	0	0	0	0	0	0	0	0	0	0	0	0	0	0	0	0	0	0	0	0	0	0	0	0	0	0	0	0	0	0	0	0	0	0	0	0	0	0	
221336	Frontal_Inf_Oper_L	7080	0	10156	988	0	0	3608	836	0	0	0	0	12080	1628	270	636	10834	0	8350	1304	0	0	536	148	0	0	0	0	20866	602	6634	554	0	742	0	0	1320	114	160	0	0	0	0	0	0	0	0	0	0	0	0	0	0	0	924	0	1776	0	0	0	0	0	0	0	0	0	0	0	0	0	5406	616	4248	0	0	0	530	0	0	0	4424	0	2864	0	250	0	0	0	184	0	0	0	0	0	0	0	0	0	0	0	0	0	0	0	0	0	0	0	0	0	0	0	0	0	0	0	
136880	Frontal_Inf_Oper_R	228	10480	0	5154	0	272	320	4968	0	0	0	0	0	7022	0	512	0	3626	2378	4344	0	0	0	816	0	0	0	0	0	11502	308	2154	0	2172	0	0	0	690	0	492	0	0	0	0	0	0	0	0	0	0	0	0	0	0	0	462	0	2852	0	0	0	0	0	0	0	0	0	0	0	0	842	1404	364	3978	0	354	88	564	0	0	0	0	0	94	0	0	0	0	0	0	0	0	0	0	0	0	0	0	0	0	0	0	0	0	0	0	0	0	0	0	0	0	0	0	0	0	
255408	Frontal_Inf_Tri_L	882	0	25970	144	858	0	31176	102	1286	0	12080	0	0	284	12920	230	470	0	7478	168	0	0	3158	140	0	0	0	0	17070	0	7818	252	2110	134	0	0	0	0	0	0	0	0	0	0	0	0	0	0	0	0	0	0	0	0	0	0	0	0	0	0	0	0	0	0	0	0	0	0	0	0	1094	0	594	0	0	0	0	0	0	0	296	0	990	0	0	0	0	0	0	0	0	0	0	0	0	0	0	0	0	0	0	0	0	0	0	0	0	0	0	0	0	0	0	0	0	0	
261848	Frontal_Inf_Tri_R	562	2420	580	15712	0	368	962	24516	0	216	1628	7022	284	0	0	7104	588	624	3726	9822	130	0	532	6098	0	214	0	0	628	16842	1060	7644	0	6714	0	0	0	0	0	0	0	0	0	0	0	0	0	0	0	0	0	0	0	0	0	0	0	474	0	0	0	0	0	0	0	0	0	0	0	0	4288	7124	696	1862	0	0	116	368	0	0	0	0	0	0	0	0	0	0	0	0	0	0	0	0	0	0	0	0	0	0	0	0	0	0	0	0	0	0	0	0	0	0	0	0	0	0	
129564	Frontal_Inf_Orb_L	0	0	6072	0	8008	0	9868	0	6548	0	270	0	12920	0	0	0	0	0	334	0	746	0	774	0	0	0	618	0	11882	0	348	0	928	0	0	0	186	0	226	0	238	0	0	0	0	0	0	0	0	0	0	0	0	0	0	0	0	0	0	0	0	0	0	0	0	0	0	0	0	0	258	0	3712	0	0	0	0	0	0	0	0	0	846	0	0	0	0	0	0	0	0	0	0	0	0	0	0	0	0	0	0	0	0	0	0	0	0	0	0	0	0	0	0	0	0	0	
95544	Frontal_Inf_Orb_R	140	0	236	1296	0	3112	128	2842	0	2518	636	512	230	7104	0	0	154	280	1414	1900	0	762	0	1050	0	510	0	976	180	6142	98	1616	0	1710	0	0	0	146	0	100	0	290	0	0	0	0	0	0	0	0	0	0	0	0	0	0	0	0	0	0	0	0	0	0	0	0	0	0	0	0	1322	1094	356	4386	0	90	0	0	0	124	0	1702	0	1976	0	546	0	94	0	0	0	0	0	0	0	0	0	0	0	0	0	0	0	0	0	0	0	0	0	0	0	0	0	0	0	0	
215588	Rolandic_Oper_L	7724	0	10130	490	0	0	1668	336	0	0	10834	0	470	588	0	154	0	0	9342	752	0	0	0	0	0	0	0	0	23918	294	1494	364	0	360	976	118	868	98	0	0	0	0	0	0	90	0	0	0	136	0	426	0	398	0	762	0	7238	0	0	0	302	0	1554	0	290	0	570	0	154	0	2066	188	1530	0	0	0	1124	0	3096	0	13504	0	454	0	1774	0	0	0	1160	0	0	0	0	0	0	0	0	0	0	0	0	0	0	0	0	0	0	0	0	0	0	0	0	0	0	0	
106064	Rolandic_Oper_R	0	3918	0	4948	0	0	0	566	0	0	0	3626	0	624	0	280	0	0	188	5198	0	0	0	0	0	0	0	0	0	6630	0	190	0	234	0	0	0	1180	0	794	0	0	0	0	0	0	0	0	0	0	0	0	0	0	0	900	0	6796	0	0	0	0	0	2382	0	0	0	142	0	144	0	230	0	1954	0	186	0	110	0	2906	0	5776	0	584	0	1960	0	0	0	256	0	164	0	0	0	0	0	0	0	166	0	0	0	0	0	0	0	0	0	0	0	0	0	0	0	0	
647376	Supp_Motor_Area_L	6614	1482	81392	21626	0	182	13258	1608	0	0	8350	2378	7478	3726	334	1414	9342	188	0	41482	0	0	6346	1180	0	0	92	0	16486	3360	8200	7274	5916	23146	176	94	1850	898	160	246	0	0	0	0	0	0	0	0	0	0	146	0	0	0	746	240	2418	778	0	0	180	0	0	0	0	0	166	0	6548	0	9622	1118	14704	1264	2398	222	1608	712	274	0	3448	0	220	0	114	86	0	0	398	0	0	0	0	0	0	0	0	0	0	0	0	0	0	0	0	0	0	0	0	0	0	0	0	0	0	0	
721852	Supp_Motor_Area_R	10278	6860	16178	68950	0	222	2068	5808	0	0	1304	4344	168	9822	0	1900	752	5198	41482	0	0	0	1346	8752	0	0	0	0	1416	7400	3750	13598	3746	56056	764	2134	0	2878	0	1550	0	0	0	760	0	704	0	150	0	1014	0	1048	0	166	0	2236	522	3250	0	398	0	0	0	0	0	226	0	3656	17564	17840	3880	13654	1614	5304	206	1500	704	1884	0	84	264	476	0	0	0	2268	0	0	0	550	0	140	0	0	0	0	0	0	0	140	0	0	0	0	0	0	0	0	0	0	0	0	0	0	0	0	
43352	Olfactory_L	0	0	0	0	678	422	0	110	0	0	0	0	0	130	746	0	0	0	0	0	0	2270	0	0	294	0	1828	724	2530	112	1466	1192	0	0	0	0	596	0	1110	0	1212	0	0	0	0	0	0	0	0	0	0	0	0	0	124	0	0	0	0	0	0	0	0	0	0	0	0	0	0	0	2790	1162	672	482	0	0	0	0	0	0	0	0	1026	0	0	0	0	0	0	0	0	0	0	0	0	0	0	0	0	0	0	0	0	0	0	0	0	0	0	0	0	0	0	0	0	0	
53420	Olfactory_R	0	0	0	0	174	1414	0	0	0	286	0	0	0	0	0	762	0	0	0	0	2270	0	0	0	0	820	1318	2768	0	542	1040	1638	0	0	0	0	0	0	0	0	0	380	0	0	0	0	0	0	0	0	0	0	0	0	0	0	0	0	0	0	0	0	0	0	0	0	0	0	0	0	5470	4052	1480	2062	234	0	0	0	0	0	0	0	0	0	0	0	0	0	0	0	0	0	0	0	0	0	0	0	0	0	0	0	0	0	0	0	0	0	0	0	0	0	0	0	0	0	
248904	Frontal_Sup_Medial_L	0	0	30624	5912	1402	490	11582	316	0	0	536	0	3158	532	774	0	0	0	6346	1346	0	0	0	16448	1656	728	172	0	3432	116	15860	10042	2600	8634	112	0	0	0	0	0	0	0	0	0	0	0	0	0	0	0	0	0	0	0	0	0	0	0	0	0	0	0	0	0	0	0	114	0	0	0	0	176	1236	108	0	0	0	0	0	0	0	0	0	0	0	0	0	0	0	0	0	0	0	0	0	0	0	0	0	0	0	0	0	0	0	0	0	0	0	0	0	0	0	0	0	0	
288716	Frontal_Sup_Medial_R	280	156	2524	31782	0	5134	992	4742	0	256	148	816	140	6098	0	1050	0	0	1180	8752	0	0	16448	0	410	5850	0	210	158	2224	5184	22920	100	16828	0	0	0	0	0	0	0	0	0	0	0	0	0	0	0	0	0	0	0	0	0	0	0	0	0	0	0	0	0	0	0	0	0	0	0	0	1094	4686	0	3806	0	108	0	282	0	0	0	0	0	0	0	0	0	0	0	0	0	0	0	0	0	0	0	0	0	0	0	0	0	0	0	0	0	0	0	0	0	0	0	0	0	0	
25224	Frontal_Med_Orb_L	0	0	1174	0	2344	288	0	0	0	0	0	0	0	0	0	0	0	0	0	0	294	0	1656	410	0	846	1722	0	140	0	2968	156	0	0	0	0	0	0	0	0	0	0	0	0	0	0	0	0	0	0	0	0	0	0	0	0	0	0	0	0	0	0	0	0	0	0	0	0	0	0	306	0	308	0	0	0	0	0	0	0	0	0	0	0	0	0	0	0	0	0	0	0	0	0	0	0	0	0	0	0	0	0	0	0	0	0	0	0	0	0	0	0	0	0	0	0	
68336	Frontal_Med_Orb_R	0	0	94	2588	0	7478	0	0	0	282	0	0	0	214	0	510	0	0	0	0	0	820	728	5850	846	0	0	4170	0	134	1538	2756	0	0	0	0	0	0	0	0	0	0	0	0	0	0	0	0	0	0	0	0	0	0	0	0	0	0	0	0	0	0	0	0	0	0	0	0	0	0	214	2814	0	3132	0	0	0	0	0	0	0	0	0	0	0	0	0	0	0	0	0	0	0	0	0	0	0	0	0	0	0	0	0	0	0	0	0	0	0	0	0	0	0	0	0	0	
38440	Rectus_L	0	0	228	0	4396	272	0	0	1602	0	0	0	0	0	618	0	0	0	92	0	1828	1318	172	0	1722	0	0	448	256	0	2516	958	0	0	0	0	0	0	0	0	0	0	0	0	0	0	0	0	0	0	0	0	0	0	0	0	0	0	0	0	0	0	0	0	0	0	0	0	0	0	1614	530	440	210	0	0	0	0	0	0	0	0	0	0	0	0	0	0	0	0	0	0	0	0	0	0	0	0	0	0	0	0	0	0	0	0	0	0	0	0	0	0	0	0	0	0	
45764	Rectus_R	0	0	0	0	0	6622	0	0	0	436	0	0	0	0	0	976	0	0	0	0	724	2768	0	210	0	4170	448	0	0	334	144	1974	0	0	0	0	0	0	0	0	0	90	0	0	0	0	0	0	0	0	0	0	0	0	0	0	0	0	0	0	0	0	0	0	0	0	0	0	0	0	994	1442	274	1276	0	0	0	0	0	0	0	0	0	0	0	0	0	0	0	0	0	0	0	0	0	0	0	0	0	0	0	0	0	0	0	0	0	0	0	0	0	0	0	0	0	0	
514472	Insula_L	6272	140	31416	1156	5914	0	14188	530	532	0	20866	0	17070	628	11882	180	23918	0	16486	1416	2530	0	3432	158	140	0	256	0	0	322	6072	586	1240	672	1522	172	9510	334	2384	0	2864	0	0	0	0	0	0	0	220	0	400	0	248	0	4972	0	2246	0	94	0	190	0	1050	0	222	0	722	0	396	0	3080	284	16980	0	118	0	5164	546	5104	0	16296	0	4546	0	4650	0	0	0	4920	0	0	0	0	0	0	0	0	0	0	0	0	0	0	0	0	0	0	0	0	0	0	0	0	0	0	0	
360492	Insula_R	636	2406	410	7724	0	756	916	8750	0	126	602	11502	0	16842	0	6142	294	6630	3360	7400	112	542	116	2224	0	134	0	334	322	0	712	5520	0	3618	204	208	84	12458	0	5922	0	1900	0	140	0	0	0	328	0	0	0	0	0	626	0	11650	0	578	0	0	0	0	0	0	0	0	0	448	160	86	3012	5664	608	15812	0	404	164	1108	0	3200	0	13278	0	1470	0	5242	0	524	0	5308	0	756	0	0	0	0	0	0	0	774	0	0	0	0	0	0	0	0	0	0	0	0	0	0	0	0	
271572	Cingulum_Ant_L	1164	0	15852	3420	1880	814	4108	232	0	0	6634	308	7818	1060	348	98	1494	0	8200	3750	1466	1040	15860	5184	2968	1538	2516	144	6072	712	0	14172	1212	6562	0	0	0	0	0	0	0	0	0	0	0	0	0	0	0	0	0	0	0	0	0	0	114	0	0	0	0	0	0	0	0	0	0	0	0	0	6046	2350	8944	900	0	0	0	0	0	0	806	0	0	0	0	0	0	0	0	0	0	0	0	0	0	0	0	0	0	0	0	0	0	0	0	0	0	0	0	0	0	0	0	0	0	0	
356648	Cingulum_Ant_R	386	484	3476	21080	0	3062	784	1554	0	92	554	2154	252	7644	0	1616	364	190	7274	13598	1192	1638	10042	22920	156	2756	958	1974	586	5520	14172	0	630	19900	0	0	0	168	0	140	0	0	0	0	0	0	0	0	0	0	0	0	0	0	0	0	0	0	0	0	0	0	0	0	0	0	0	0	0	0	2602	15158	1066	11036	0	392	92	546	0	0	116	0	0	0	0	0	0	0	0	0	0	0	0	0	0	0	0	0	0	0	0	0	0	0	0	0	0	0	0	0	0	0	0	0	0	0	
94128	Cingulum_Mid_L	208	0	1972	244	0	0	2632	0	0	0	0	0	2110	0	928	0	0	0	5916	3746	0	0	2600	100	0	0	0	0	1240	0	1212	630	0	9122	3488	344	0	0	0	0	0	0	134	0	726	0	0	0	184	0	236	0	0	0	0	0	0	120	184	0	0	0	0	0	0	0	3282	708	4706	292	0	0	0	0	0	0	0	0	0	0	0	0	0	0	0	0	0	0	0	0	0	0	0	0	0	0	0	0	0	0	0	0	0	0	0	0	0	0	0	0	0	0	0	0	0	0	
522260	Cingulum_Mid_R	6944	308	4146	19538	0	124	678	2680	0	0	742	2172	134	6714	0	1710	360	234	23146	56056	0	0	8634	16828	0	0	0	0	672	3618	6562	19900	9122	0	1358	4380	0	1042	0	718	0	0	0	492	0	1986	0	258	0	1168	0	714	0	0	0	790	0	4672	0	532	0	526	0	740	0	100	870	10050	15090	18554	1140	558	834	1836	0	376	0	268	0	0	0	92	0	0	0	846	0	0	0	118	0	0	0	0	0	0	0	0	0	0	0	0	0	0	0	0	0	0	0	0	0	0	0	0	0	0	
139076	Cingulum_Post_L	2150	0	106	0	0	0	142	0	0	0	0	0	0	0	0	0	976	0	176	764	0	0	112	0	0	0	0	0	1522	204	0	0	3488	1358	0	10520	5370	4982	2698	1212	0	0	1586	0	3254	0	2006	852	990	0	706	0	490	0	1684	654	1682	0	0	0	236	0	586	0	138	0	8818	1950	3352	520	0	0	0	0	0	0	526	1168	190	0	942	0	0	0	150	0	0	0	404	0	0	108	0	0	0	0	0	122	536	108	0	0	0	0	0	0	0	0	0	0	0	0	0	0	0	0	
158248	Cingulum_Post_R	1594	84	96	0	0	0	102	0	0	0	0	0	0	0	0	0	118	0	94	2134	0	0	0	0	0	0	0	0	172	208	0	0	344	4380	10520	0	4704	8354	1830	2146	0	0	0	1384	172	3094	1416	3502	0	2146	0	1280	0	106	0	3022	462	782	0	106	104	0	84	102	0	0	1542	14030	1524	2500	0	0	0	0	0	0	740	1054	92	0	118	0	0	0	0	1426	0	0	82	564	0	154	0	0	0	0	0	242	0	154	0	0	0	0	0	0	0	0	0	0	260	0	0	0	0	0	
242232	Hippocampus_L	2102	124	2020	162	0	0	782	0	0	0	1320	0	0	0	186	0	868	0	1850	0	596	0	0	0	0	0	0	0	9510	84	0	0	0	0	5370	4704	0	4760	17552	1032	8646	0	766	0	0	0	4872	1040	0	0	0	0	0	0	17844	0	618	0	0	0	0	0	0	0	0	0	1968	572	1120	0	340	0	6554	0	680	0	7608	2844	992	0	1636	0	564	0	510	0	0	0	6864	0	174	0	0	0	0	0	544	132	1206	0	0	0	0	0	0	0	0	0	0	0	0	0	0	0	0	0	
388884	Hippocampus_R	618	2918	826	3154	0	0	604	948	0	0	114	690	0	0	0	146	98	1180	898	2878	0	0	0	0	0	0	0	0	334	12458	0	168	0	1042	4982	8354	4760	0	2052	34904	0	10468	0	976	0	0	1296	6650	0	0	0	114	0	0	110	35884	236	324	0	0	0	0	0	0	0	0	392	6606	1130	976	514	958	140	14722	0	2766	1562	6624	98	1278	100	4072	0	602	0	1796	0	0	0	3964	0	2198	0	0	0	0	0	1234	0	2280	0	0	0	0	0	0	0	0	0	0	246	0	0	0	0	0	
147996	ParaHippocampal_L	110	0	160	0	0	0	0	0	0	0	160	0	0	0	226	0	0	0	160	0	1110	0	0	0	0	0	0	0	2384	0	0	0	0	0	2698	1830	17552	2052	0	622	5222	0	1562	0	0	0	5916	706	0	0	140	0	0	0	13490	0	0	0	0	0	0	0	0	0	0	0	2026	162	110	0	0	0	1162	0	214	0	2980	1276	0	0	324	0	1684	0	0	0	514	0	840	0	666	0	154	0	160	250	2768	0	1920	0	0	0	0	0	0	0	0	0	206	482	0	0	0	0	0	0	
256448	ParaHippocampal_R	182	1050	124	1654	0	0	152	276	0	0	0	492	0	0	0	100	0	794	246	1550	0	0	0	0	0	0	0	0	0	5922	0	140	0	718	1212	2146	1032	34904	622	0	0	6756	0	822	0	0	488	4864	0	0	0	126	0	0	0	28192	0	180	0	0	0	0	0	0	0	0	0	3436	334	362	174	574	0	11260	0	2442	496	3142	0	258	0	1538	0	1208	0	576	0	528	0	1304	0	2250	0	0	0	0	106	1126	0	2366	0	0	0	0	0	0	0	0	0	0	0	0	0	0	0	0	
51220	Amygdala_L	0	0	0	0	0	0	0	0	0	0	0	0	0	0	238	0	0	0	0	0	1212	0	0	0	0	0	0	0	2864	0	0	0	0	0	0	0	8646	0	5222	0	0	0	0	0	0	0	0	0	0	0	0	0	0	0	4442	0	0	0	0	0	0	0	0	0	0	0	0	0	0	0	140	0	954	0	0	0	0	0	0	0	0	0	760	0	0	0	0	0	1132	0	0	0	0	0	0	0	0	0	0	0	0	0	0	0	0	0	0	0	0	0	0	0	0	0	0	0	
65472	Amygdala_R	0	0	0	0	0	0	0	0	0	0	0	0	0	0	0	290	0	0	0	0	0	380	0	0	0	0	0	90	0	1900	0	0	0	0	0	0	0	10468	0	6756	0	0	0	0	0	0	0	0	0	0	0	0	0	0	0	6398	0	0	0	0	0	0	0	0	0	0	0	0	0	0	0	0	0	2812	0	0	0	0	0	0	0	0	0	1004	0	686	0	0	0	1952	0	0	0	0	0	0	0	0	0	0	0	0	0	0	0	0	0	0	0	0	0	0	0	0	0	0	
270644	Calcarine_L	496	0	0	0	0	0	0	0	0	0	0	0	0	0	0	0	0	0	0	0	0	0	0	0	0	0	0	0	0	0	0	0	134	0	1586	0	766	0	1562	0	0	0	0	5572	15954	3878	18100	3862	12538	1062	30150	102	6704	100	4006	434	2938	0	1042	94	228	0	0	0	324	0	15494	618	2074	0	0	0	0	0	0	0	86	0	0	0	0	0	0	0	432	120	0	0	258	0	96	310	0	0	0	0	248	1022	836	990	0	0	0	0	0	0	0	0	0	0	1106	0	0	0	0	0	
340620	Calcarine_R	0	0	0	0	0	0	0	0	0	0	0	0	0	0	0	0	0	0	0	760	0	0	0	0	0	0	0	0	0	140	0	0	0	492	0	1384	0	976	0	822	0	0	5572	0	3304	35460	336	28308	0	26642	0	14566	0	5518	0	8904	0	224	0	2824	0	0	0	0	0	0	654	21590	0	994	0	0	0	154	0	0	0	0	0	106	0	156	0	0	0	7342	0	0	0	2862	0	0	0	0	0	0	0	0	0	220	0	0	0	0	0	0	0	0	0	0	0	0	0	0	0	0	
168616	Cuneus_L	384	0	0	0	0	0	0	0	0	0	0	0	0	0	0	0	90	0	0	0	0	0	0	0	0	0	0	0	0	0	0	0	726	0	3254	172	0	0	0	0	0	0	15954	3304	0	6960	1398	788	17622	2504	10478	152	292	0	372	104	508	0	1050	0	212	0	0	0	0	0	13604	1728	2520	0	0	0	0	0	0	0	0	0	0	0	0	0	0	0	132	0	0	0	0	0	0	0	0	0	0	0	0	0	0	0	0	0	0	0	0	0	0	0	0	0	0	0	0	0	0	0	
454260	Cuneus_R	92	522	0	0	0	0	0	0	0	0	0	0	0	0	0	0	0	0	0	704	0	0	0	0	0	0	0	0	0	0	0	0	0	1986	0	3094	0	0	0	0	0	0	3878	35460	6960	0	108	12530	196	52450	100	16848	0	2266	0	3468	0	4204	0	11744	0	1576	0	1310	0	2248	6636	41110	106	5378	0	0	0	0	0	0	0	0	0	0	0	440	0	0	0	9098	0	0	0	2618	0	0	0	0	0	0	0	0	0	0	0	0	0	0	0	0	0	0	0	0	0	0	0	0	0	0	
328792	Lingual_L	182	0	0	0	0	0	0	0	0	0	0	0	0	0	0	0	0	0	0	0	0	0	0	0	0	0	0	0	0	0	0	0	0	0	2006	1416	4872	1296	5916	488	0	0	18100	336	1398	108	0	4398	2956	0	21342	0	12700	0	25568	338	412	0	174	0	86	0	0	0	440	0	6664	202	334	0	0	0	0	0	0	0	1130	568	0	0	0	0	0	0	912	0	0	0	362	0	7794	148	2538	182	0	214	10098	1912	16596	1656	642	0	558	0	200	0	102	0	0	166	4000	2426	460	0	0	0	
429220	Lingual_R	0	202	0	252	0	0	0	0	0	0	0	0	0	0	0	0	0	0	0	150	0	0	0	0	0	0	0	0	0	328	0	0	0	258	852	3502	1040	6650	706	4864	0	0	3862	28308	788	12530	4398	0	128	9370	682	4944	776	7288	1942	23540	0	0	0	832	0	0	0	0	0	0	302	15840	0	278	0	362	0	370	0	0	346	1758	0	0	0	94	0	0	0	1692	0	0	0	1018	3448	5916	1362	2388	768	842	5130	6294	8138	14222	936	0	1038	256	1144	324	0	0	0	402	7682	9174	3942	472	480	0	
316444	Occipital_Sup_L	3374	0	224	0	0	0	230	0	0	0	0	0	0	0	0	0	136	0	0	0	0	0	0	0	0	0	0	0	220	0	0	0	184	0	990	0	0	0	0	0	0	0	12538	0	17622	196	2956	128	0	0	47742	0	828	0	794	0	10370	0	18322	0	9118	0	3636	0	6528	0	14596	224	2774	0	0	0	0	0	0	0	0	0	0	0	458	0	0	0	2622	0	0	0	1412	0	0	0	0	0	0	0	0	0	0	0	0	0	0	0	0	0	0	0	0	0	0	0	0	0	0	0	
393096	Occipital_Sup_R	0	812	0	0	0	0	0	0	0	0	0	0	0	0	0	0	0	0	0	1014	0	0	0	0	0	0	0	0	0	0	0	0	0	1168	0	2146	0	0	0	0	0	0	1062	26642	2504	52450	0	9370	0	0	0	26364	0	3104	0	3466	0	2400	0	15316	0	1954	0	1474	0	6354	292	24638	0	3202	0	0	0	0	0	0	0	0	0	0	0	446	0	0	0	7890	0	0	0	2396	0	0	0	0	0	0	0	0	0	84	0	0	0	0	0	0	0	0	0	0	0	0	0	0	0	0	
540892	Occipital_Mid_L	4724	0	458	0	0	0	490	0	0	0	0	0	0	0	0	0	426	0	146	0	0	0	0	0	0	0	0	0	400	0	0	0	236	0	706	0	0	0	140	0	0	0	30150	0	10478	100	21342	682	47742	0	0	0	19494	0	10678	0	16418	0	21092	0	16938	0	3830	0	19178	0	18610	98	5890	0	0	0	0	0	0	0	212	0	172	0	1042	0	0	0	14016	0	0	0	3990	0	148	0	0	0	0	0	132	0	288	0	0	0	0	0	0	0	0	0	0	0	0	0	0	0	0	0	
266824	Occipital_Mid_R	0	252	0	0	0	0	0	0	0	0	0	0	0	0	0	0	0	0	0	1048	0	0	0	0	0	0	0	0	0	0	0	0	0	714	0	1280	0	114	0	126	0	0	102	14566	152	16848	0	4944	0	26364	0	0	0	6256	0	3432	0	848	0	6492	0	3668	0	948	0	13490	0	10348	90	1602	0	0	0	0	0	0	0	0	0	0	0	614	0	0	0	16680	0	0	0	2434	0	0	0	0	0	0	0	0	0	0	0	0	0	0	0	0	0	0	0	0	0	0	0	0	0	0	
147876	Occipital_Inf_L	108	0	0	0	0	0	0	0	0	0	0	0	0	0	0	0	398	0	0	0	0	0	0	0	0	0	0	0	248	0	0	0	0	0	490	0	0	0	0	0	0	0	6704	0	292	0	12700	776	828	0	19494	0	0	0	11940	0	748	0	0	0	118	0	0	0	222	0	2766	0	220	0	0	0	0	0	0	0	180	0	482	0	618	0	0	0	3370	0	0	0	3000	0	1486	0	658	0	0	0	598	272	3002	220	184	0	244	0	92	0	0	0	0	0	696	784	0	0	0	0	
109568	Occipital_Inf_R	0	0	0	116	0	0	0	0	0	0	0	0	0	0	0	0	0	0	0	166	0	0	0	0	0	0	0	0	0	626	0	0	0	0	0	106	0	0	0	0	0	0	100	5518	0	2266	0	7288	0	3104	0	6256	0	0	0	12300	0	0	0	140	0	0	0	0	0	134	0	726	0	0	0	0	0	0	0	0	0	0	0	0	0	926	0	0	0	2318	0	0	0	6212	188	1248	0	872	0	0	134	0	266	2196	0	0	0	0	110	0	0	0	0	0	130	660	678	0	0	0	
444120	Fusiform_L	566	0	798	0	0	0	88	0	0	0	924	0	0	0	0	0	762	0	746	0	124	0	0	0	0	0	0	0	4972	0	0	0	0	0	1684	0	17844	110	13490	0	4442	0	4006	0	372	0	25568	1942	794	0	10678	0	11940	0	0	198	1036	0	196	0	112	0	0	0	424	0	4616	0	468	0	0	0	2830	0	214	0	2894	132	1470	0	2838	0	2540	0	4874	0	1422	0	14990	0	19594	0	3926	82	82	258	12692	1606	31448	1316	878	0	1122	84	422	0	130	0	0	150	3266	1692	208	0	0	0	
574120	Fusiform_R	218	836	166	1596	0	0	192	270	0	0	0	462	0	0	0	0	0	900	240	2236	0	0	0	0	0	0	0	0	0	11650	0	0	0	790	654	3022	0	35884	0	28192	0	6398	434	8904	104	3468	338	23540	0	3466	0	3432	0	12300	198	0	152	230	0	312	0	190	0	202	0	284	0	7038	740	878	270	144	0	10264	0	1914	180	682	0	650	0	7290	0	2800	0	4452	0	1932	0	17044	1076	19982	250	1922	506	1020	2240	8856	2748	27326	458	0	478	1414	682	946	0	222	0	334	3484	3090	1810	342	336	0	
321988	Postcentral_L	27656	234	3018	400	0	0	1560	0	0	0	1776	0	0	0	0	0	7238	0	2418	522	0	0	0	0	0	0	0	0	2246	0	114	0	0	0	1682	462	618	236	0	0	0	0	2938	0	508	0	412	0	10370	0	16418	0	748	0	1036	152	0	0	12882	0	23386	0	10286	0	3712	0	5916	84	10266	0	972	0	900	0	0	0	640	0	872	0	2044	0	0	0	3920	0	0	0	2352	0	0	0	0	0	0	0	0	0	0	0	0	0	0	0	0	0	0	0	0	0	0	0	0	0	0	0	
198764	Postcentral_R	410	16272	1100	2272	0	0	800	1026	0	0	0	2852	0	474	0	0	0	6796	778	3250	0	0	0	0	0	0	0	0	0	578	0	0	120	4672	0	782	0	324	0	180	0	0	0	224	0	4204	0	0	0	2400	0	848	0	0	0	230	0	0	0	4182	0	6810	0	12782	0	672	956	7054	82	11916	388	98	0	390	0	0	366	0	0	560	0	566	0	0	0	1356	0	0	0	612	0	0	0	0	0	0	0	0	0	0	0	0	0	0	0	0	0	0	0	0	0	0	0	0	0	0	
184044	Parietal_Sup_L	1318	0	0	0	0	0	0	0	0	0	0	0	0	0	0	0	0	0	0	0	0	0	0	0	0	0	0	0	94	0	0	0	184	0	0	0	0	0	0	0	0	0	1042	0	1050	0	174	0	18322	0	21092	0	0	0	196	0	12882	0	0	0	14018	0	1720	0	5642	0	11590	0	1944	0	0	0	0	0	0	0	0	0	0	0	0	0	0	0	516	0	0	0	238	0	0	0	0	0	0	0	0	0	0	0	0	0	0	0	0	0	0	0	0	0	0	0	0	0	0	0	
142100	Parietal_Sup_R	0	360	0	0	0	0	0	0	0	0	0	0	0	0	0	0	0	0	0	398	0	0	0	0	0	0	0	0	0	0	0	0	0	532	0	106	0	0	0	0	0	0	94	2824	0	11744	0	832	0	15316	0	6492	0	140	0	312	0	4182	0	0	0	3844	0	1204	0	6374	136	12982	0	2150	0	0	0	0	0	0	0	0	0	0	0	140	0	0	0	794	0	0	0	94	0	0	0	0	0	0	0	0	0	0	0	0	0	0	0	0	0	0	0	0	0	0	0	0	0	0	
233072	Parietal_Inf_L	7548	0	708	0	0	0	1426	0	0	0	0	0	0	0	0	0	302	0	180	0	0	0	0	0	0	0	0	0	190	0	0	0	0	0	236	104	0	0	0	0	0	0	228	0	212	0	86	0	9118	0	16938	0	118	0	112	0	23386	0	14018	0	0	0	14038	0	16964	0	3126	0	1306	0	122	0	86	0	0	0	0	0	0	0	1310	0	0	0	2726	0	0	0	1948	0	0	0	0	0	0	0	0	0	0	0	0	0	0	0	0	0	0	0	0	0	0	0	0	0	0	0	
107348	Parietal_Inf_R	0	948	0	0	0	0	0	0	0	0	0	0	0	0	0	0	0	0	0	0	0	0	0	0	0	0	0	0	0	0	0	0	0	526	0	0	0	0	0	0	0	0	0	0	0	1576	0	0	0	1954	0	3668	0	0	0	190	0	6810	0	3844	0	0	0	15400	0	11944	0	1612	0	1028	0	0	0	0	0	0	0	0	0	0	0	470	0	0	0	2764	0	0	0	940	0	0	0	0	0	0	0	0	0	0	0	0	0	0	0	0	0	0	0	0	0	0	0	0	0	0	
127988	SupraMarginal_L	936	0	400	0	0	0	436	0	0	0	0	0	0	0	0	0	1554	0	0	0	0	0	0	0	0	0	0	0	1050	0	0	0	0	0	586	84	0	0	0	0	0	0	0	0	0	0	0	0	3636	0	3830	0	0	0	0	0	10286	0	1720	0	14038	0	0	0	7984	0	680	0	452	0	0	0	0	0	0	0	114	0	0	0	5898	0	0	0	6156	0	0	0	4154	0	0	0	0	0	0	0	0	0	0	0	0	0	0	0	0	0	0	0	0	0	0	0	0	0	0	0	
131852	SupraMarginal_R	0	1736	0	0	0	0	0	0	0	0	0	0	0	0	0	0	0	2382	0	0	0	0	0	0	0	0	0	0	0	0	0	0	0	740	0	102	0	0	0	0	0	0	0	0	0	1310	0	0	0	1474	0	948	0	0	0	202	0	12782	0	1204	0	15400	0	0	0	8850	0	1504	0	1390	0	0	0	0	0	0	0	0	0	186	0	2782	0	0	0	8094	0	0	0	4840	0	0	0	0	0	0	0	0	0	0	0	0	0	0	0	0	0	0	0	0	0	0	0	0	0	0	
155580	Angular_L	1306	0	0	0	0	0	0	0	0	0	0	0	0	0	0	0	290	0	0	0	0	0	0	0	0	0	0	0	222	0	0	0	0	0	138	0	0	0	0	0	0	0	324	0	0	0	440	0	6528	0	19178	0	222	0	424	0	3712	0	5642	0	16964	0	7984	0	0	0	1246	0	966	0	0	0	0	0	0	0	0	0	0	0	1292	0	0	0	6954	0	0	0	3958	0	0	0	0	0	0	0	0	0	0	0	0	0	0	0	0	0	0	0	0	0	0	0	0	0	0	0	
136612	Angular_R	0	372	0	0	0	0	0	0	0	0	0	0	0	0	0	0	0	0	0	226	0	0	0	0	0	0	0	0	0	0	0	0	0	100	0	0	0	0	0	0	0	0	0	0	0	2248	0	0	0	6354	0	13490	0	134	0	284	0	672	0	6374	0	11944	0	8850	0	0	0	1868	0	466	0	0	0	0	0	0	0	0	0	0	0	3624	0	0	0	10158	0	0	0	1142	0	0	0	0	0	0	0	0	0	0	0	0	0	0	0	0	0	0	0	0	0	0	0	0	0	0	
305752	Precuneus_L	1708	0	104	0	0	0	130	0	0	0	0	0	0	0	0	0	570	0	166	0	0	0	114	0	0	0	0	0	722	0	0	0	3282	870	8818	1542	1968	392	2026	0	0	0	15494	654	13604	6636	6664	302	14596	292	18610	0	2766	0	4616	0	5916	956	11590	136	3126	0	680	0	1246	0	0	9970	5768	1212	0	0	0	0	0	0	132	0	0	0	660	0	0	0	2614	0	0	0	1564	0	0	0	0	0	0	0	0	0	660	0	0	0	0	0	0	0	0	0	0	0	0	0	0	0	0	0	
466480	Precuneus_R	1300	732	0	96	0	0	0	0	0	0	0	0	0	0	0	0	0	142	0	3656	0	0	0	0	0	0	0	0	0	448	0	0	708	10050	1950	14030	572	6606	162	3436	0	0	618	21590	1728	41110	202	15840	224	24638	98	10348	0	726	0	7038	84	7054	0	12982	0	1612	0	1504	0	1868	9970	0	1618	12692	0	104	0	442	0	0	82	532	0	0	0	550	0	0	0	9958	0	0	0	3116	0	0	0	0	0	0	0	622	0	102	0	0	0	0	0	0	0	0	0	0	300	0	0	0	0	0	
277696	Paracentral_Lobule_L	21132	1414	1462	2504	0	0	324	0	0	0	0	0	0	0	0	0	154	0	6548	17564	0	0	0	0	0	0	0	0	396	160	0	0	4706	15090	3352	1524	1120	1130	110	334	0	0	2074	0	2520	106	334	0	2774	0	5890	90	220	0	468	740	10266	82	1944	0	1306	0	452	0	966	0	5768	1618	0	8160	3302	492	122	122	1054	0	7062	102	116	0	146	0	0	0	1120	92	0	0	316	0	0	0	0	0	0	0	0	0	0	0	0	0	0	0	0	0	0	0	0	0	0	0	0	0	0	0	
202592	Paracentral_Lobule_R	4052	1728	0	0	0	0	0	0	0	0	0	0	0	0	0	0	0	144	0	17840	0	0	0	0	0	0	0	0	0	86	0	0	292	18554	520	2500	0	976	0	362	0	0	0	994	0	5378	0	278	0	3202	0	1602	0	0	0	878	0	11916	0	2150	0	1028	0	1390	0	466	1212	12692	8160	0	0	0	0	0	0	0	0	0	0	0	0	404	0	0	0	2224	0	0	0	268	0	0	0	0	0	0	0	0	0	0	0	0	0	0	0	0	0	0	0	0	0	0	0	0	0	0	
322196	Caudate_L	14902	1456	10006	5798	382	1040	10990	3836	0	98	5406	842	1094	4288	258	1322	2066	0	9622	3880	2790	5470	0	1094	306	214	1614	994	3080	3012	6046	2602	0	1140	0	0	340	514	0	174	140	0	0	0	0	0	0	0	0	0	0	0	0	0	0	270	972	388	0	0	122	0	0	0	0	0	0	0	3302	0	0	13824	16850	3432	3532	498	8786	1380	0	0	176	276	0	0	0	308	0	0	0	166	0	0	0	0	0	0	0	0	0	0	0	0	0	0	0	0	0	0	0	0	0	0	0	0	0	0	
351148	Caudate_R	1770	7210	952	28434	0	2356	2012	4556	0	208	616	1404	0	7124	0	1094	188	230	1118	13654	1162	4052	176	4686	0	2814	530	1442	284	5664	2350	15158	0	558	0	0	0	958	0	574	0	0	0	0	0	0	0	362	0	0	0	0	0	0	0	144	0	98	0	0	0	0	0	0	0	0	0	104	492	0	13824	0	2490	18846	726	1624	3272	20258	0	0	0	0	0	0	0	0	0	0	0	0	0	0	0	0	0	0	0	0	0	0	0	0	0	0	0	0	0	0	0	0	0	0	0	0	0	0	
269196	Putamen_L	3316	244	17140	1364	4256	196	2250	140	170	0	4248	364	594	696	3712	356	1530	0	14704	1614	672	1480	1236	0	308	0	440	274	16980	608	8944	1066	0	834	0	0	6554	140	1162	0	954	0	0	0	0	0	0	0	0	0	0	0	0	0	2830	0	900	0	0	0	86	0	0	0	0	0	0	0	122	0	16850	2490	0	1222	5396	0	2168	92	160	0	2120	0	700	0	160	0	0	0	756	0	0	0	0	0	0	0	0	0	0	0	0	0	0	0	0	0	0	0	0	0	0	0	0	0	0	0	
298780	Putamen_R	150	2338	528	7518	0	2566	334	3068	0	366	0	3978	0	1862	0	4386	0	1954	1264	5304	482	2062	108	3806	0	3132	210	1276	0	15812	900	11036	0	1836	0	0	0	14722	0	11260	0	2812	0	154	0	0	0	370	0	0	0	0	0	0	0	10264	0	390	0	0	0	0	0	0	0	0	0	442	122	0	3432	18846	1222	0	280	4550	132	1834	0	0	0	196	0	184	0	170	0	0	0	258	0	558	0	0	0	0	0	336	0	580	0	0	0	0	0	0	0	0	0	0	0	0	0	0	0	0	
43664	Pallidum_L	1404	104	2446	136	0	0	654	0	0	0	0	0	0	0	0	0	0	0	2398	206	0	234	0	0	0	0	0	0	118	0	0	0	0	0	0	0	680	0	214	0	0	0	0	0	0	0	0	0	0	0	0	0	0	0	214	0	0	0	0	0	0	0	0	0	0	0	0	0	1054	0	3532	726	5396	280	0	0	1904	132	0	0	0	0	0	0	0	0	0	0	0	0	0	0	0	0	0	0	0	0	0	0	0	0	0	0	0	0	0	0	0	0	0	0	0	0	0	0	
41096	Pallidum_R	84	382	174	1642	0	0	162	442	0	0	0	354	0	0	0	90	0	186	222	1500	0	0	0	108	0	0	0	0	0	404	0	392	0	376	0	0	0	2766	0	2442	0	0	0	0	0	0	0	0	0	0	0	0	0	0	0	1914	0	0	0	0	0	0	0	0	0	0	0	0	0	0	498	1624	0	4550	0	0	0	236	0	0	0	0	0	0	0	0	0	0	0	0	0	0	0	0	0	0	0	0	0	0	0	0	0	0	0	0	0	0	0	0	0	0	0	0	0	0	
189784	Thalamus_L	18432	1816	2338	1618	0	0	2720	100	0	0	530	88	0	116	0	0	1124	0	1608	704	0	0	0	0	0	0	0	0	5164	164	0	92	0	0	526	740	7608	1562	2980	496	0	0	86	0	0	0	1130	346	0	0	212	0	180	0	2894	180	640	366	0	0	0	0	114	0	0	0	132	82	7062	0	8786	3272	2168	132	1904	0	0	7566	2018	0	796	0	0	0	876	0	0	0	2810	0	86	0	0	0	0	0	138	0	390	0	0	0	0	0	0	0	0	0	0	0	0	0	0	0	0	0	
177916	Thalamus_R	2542	8738	772	16866	0	134	984	560	0	0	0	564	0	368	0	0	0	110	712	1884	0	0	0	282	0	0	0	0	546	1108	0	546	0	268	1168	1054	2844	6624	1276	3142	0	0	0	0	0	0	568	1758	0	0	0	0	0	0	132	682	0	0	0	0	0	0	0	0	0	0	0	532	102	0	1380	20258	92	1834	132	236	7566	0	258	94	0	0	0	0	0	0	0	0	114	0	0	0	0	0	0	0	0	128	0	0	0	0	0	0	0	0	0	0	0	0	0	0	0	0	0	0	
47284	Heschl_L	890	0	294	0	0	0	0	0	0	0	0	0	0	0	0	0	3096	0	274	0	0	0	0	0	0	0	0	0	5104	0	0	0	0	0	190	92	992	98	0	0	0	0	0	0	0	0	0	0	0	0	172	0	482	0	1470	0	872	0	0	0	0	0	0	0	0	0	0	0	116	0	0	0	160	0	0	0	2018	258	0	0	3006	0	0	0	1428	0	0	0	2630	0	0	0	0	0	0	0	0	0	0	0	0	0	0	0	0	0	0	0	0	0	0	0	0	0	0	0	
35024	Heschl_R	0	106	0	0	0	0	0	0	0	0	0	0	0	0	0	124	0	2906	0	84	0	0	0	0	0	0	0	0	0	3200	0	0	0	0	0	0	0	1278	0	258	0	0	0	106	0	0	0	0	0	0	0	0	0	0	0	650	0	560	0	0	0	0	0	186	0	0	0	0	0	0	0	0	0	0	0	0	0	94	0	0	0	6248	0	246	0	980	0	0	0	486	0	0	0	0	0	0	0	0	0	0	0	0	0	0	0	0	0	0	0	0	0	0	0	0	0	0	
221356	Temporal_Sup_L	1866	0	3934	264	0	0	798	0	0	0	4424	0	296	0	0	0	13504	0	3448	264	0	0	0	0	0	0	0	0	16296	0	806	116	0	0	942	118	1636	100	324	0	0	0	0	0	0	0	0	0	458	0	1042	0	618	0	2838	0	2044	0	0	0	1310	0	5898	0	1292	0	660	0	146	0	176	0	2120	0	0	0	796	0	3006	0	0	0	2868	0	23460	0	206	0	12604	0	0	0	0	0	0	0	0	0	0	0	0	0	0	0	0	0	0	0	0	0	0	0	0	0	0	0	
166344	Temporal_Sup_R	100	0	0	374	0	0	178	0	0	0	0	0	0	0	0	1702	0	5776	0	476	0	0	0	0	0	0	0	0	0	13278	0	0	0	92	0	0	0	4072	0	1538	0	0	0	156	0	440	0	94	0	446	0	614	0	926	0	7290	0	566	0	140	0	470	0	2782	0	3624	0	550	0	404	276	0	0	196	0	0	0	0	0	6248	0	0	0	3118	0	18610	0	260	0	7806	0	280	0	0	0	0	0	0	0	290	0	0	0	0	0	0	0	0	0	0	0	0	0	0	0	0	
77268	Temporal_Pole_Sup_L	0	0	536	0	234	0	82	0	118	0	2864	0	990	0	846	0	454	0	220	0	1026	0	0	0	0	0	0	0	4546	0	0	0	0	0	0	0	564	0	1684	0	760	0	0	0	0	0	0	0	0	0	0	0	0	0	2540	0	0	0	0	0	0	0	0	0	0	0	0	0	0	0	0	0	700	0	0	0	0	0	0	0	2868	0	0	0	6616	0	5678	0	5308	0	0	0	0	0	0	0	0	0	0	0	0	0	0	0	0	0	0	0	0	0	0	0	0	0	0	0	
43300	Temporal_Pole_Sup_R	0	0	0	0	0	0	0	0	0	0	0	94	0	0	0	1976	0	584	0	0	0	0	0	0	0	0	0	0	0	1470	0	0	0	0	0	0	0	602	0	1208	0	1004	0	0	0	0	0	0	0	0	0	0	0	0	0	2800	0	0	0	0	0	0	0	0	0	0	0	0	0	0	0	0	0	184	0	0	0	0	0	246	0	3118	0	0	0	3354	0	3252	0	1758	0	0	0	0	0	0	0	0	0	0	0	0	0	0	0	0	0	0	0	0	0	0	0	0	0	0	
272596	Temporal_Mid_L	1570	0	180	0	0	0	164	0	0	0	250	0	0	0	0	0	1774	0	114	0	0	0	0	0	0	0	0	0	4650	0	0	0	0	0	150	0	510	0	0	0	0	0	432	0	132	0	912	0	2622	0	14016	0	3370	0	4874	0	3920	0	516	0	2726	0	6156	0	6954	0	2614	0	1120	0	0	0	160	0	0	0	876	0	1428	0	23460	0	6616	0	0	0	4182	0	39850	0	0	0	0	0	0	0	0	0	0	0	0	0	0	0	0	0	0	0	0	0	0	0	0	0	0	0	
310640	Temporal_Mid_R	148	260	98	666	0	0	176	0	0	0	0	0	0	0	0	546	0	1960	86	2268	0	0	0	0	0	0	0	0	0	5242	0	0	0	846	0	1426	0	1796	0	576	0	686	120	7342	0	9098	0	1692	0	7890	0	16680	0	2318	0	4452	0	1356	0	794	0	2764	0	8094	0	10158	0	9958	92	2224	308	0	0	170	0	0	0	0	0	980	0	18610	0	3354	0	0	0	968	0	29118	0	0	0	0	0	0	0	0	0	0	0	0	0	0	0	0	0	0	0	0	0	0	0	0	0	0	
31888	Temporal_Pole_Mid_L	0	0	0	0	0	0	0	0	0	0	0	0	0	0	0	0	0	0	0	0	0	0	0	0	0	0	0	0	0	0	0	0	0	0	0	0	0	0	514	0	0	0	0	0	0	0	0	0	0	0	0	0	0	0	1422	0	0	0	0	0	0	0	0	0	0	0	0	0	0	0	0	0	0	0	0	0	0	0	0	0	206	0	5678	0	4182	0	0	0	3942	0	0	0	0	0	0	0	0	0	0	0	0	0	0	0	0	0	0	0	0	0	0	0	0	0	0	0	
18420	Temporal_Pole_Mid_R	0	0	0	0	0	0	0	0	0	0	0	0	0	0	0	94	0	0	0	0	0	0	0	0	0	0	0	0	0	524	0	0	0	0	0	0	0	0	0	528	0	0	0	0	0	0	0	0	0	0	0	0	0	0	0	1932	0	0	0	0	0	0	0	0	0	0	0	0	0	0	0	0	0	0	0	0	0	0	0	0	0	260	0	3252	0	968	0	0	0	1652	0	0	0	0	0	0	0	0	0	0	0	0	0	0	0	0	0	0	0	0	0	0	0	0	0	0	
260684	Temporal_Inf_L	1380	0	436	0	0	0	116	0	0	0	184	0	0	0	0	0	1160	0	398	0	0	0	0	0	0	0	0	0	4920	0	0	0	0	0	404	82	6864	0	840	0	1132	0	258	0	0	0	362	0	1412	0	3990	0	3000	0	14990	0	2352	0	238	0	1948	0	4154	0	3958	0	1564	0	316	0	0	0	756	0	0	0	2810	114	2630	0	12604	0	5308	0	39850	0	3942	0	0	0	2946	0	1094	0	0	0	92	0	1378	0	180	0	180	0	0	0	0	0	0	0	0	0	0	0	0	0	
207048	Temporal_Inf_R	0	0	0	430	0	0	0	0	0	0	0	0	0	0	0	0	0	256	0	550	0	0	0	0	0	0	0	0	0	5308	0	0	0	118	0	564	0	3964	0	1304	0	1952	0	2862	0	2618	0	1018	0	2396	0	2434	0	6212	0	17044	0	612	0	94	0	940	0	4840	0	1142	0	3116	0	268	166	0	0	258	0	0	0	0	0	486	0	7806	0	1758	0	29118	0	1652	0	0	0	2000	0	122	0	0	0	0	0	116	0	0	0	0	0	0	0	0	0	0	0	0	0	0	0	0	
484992	Cerebelum_Crus1_L	0	0	0	0	0	0	0	0	0	0	0	0	0	0	0	0	0	0	0	0	0	0	0	0	0	0	0	0	0	0	0	0	0	0	0	0	174	0	666	0	0	0	96	0	0	0	7794	3448	0	0	148	0	1486	188	19594	1076	0	0	0	0	0	0	0	0	0	0	0	0	0	0	0	0	0	0	0	0	86	0	0	0	0	0	0	0	0	0	0	0	2946	0	0	1962	45758	4554	1260	928	18664	3400	50452	4390	20510	0	22328	3540	2952	658	534	618	0	490	5332	5156	9524	796	654	334	
446368	Cerebelum_Crus1_R	0	186	0	86	0	0	0	0	0	0	0	0	0	0	0	0	0	164	0	140	0	0	0	0	0	0	0	0	0	756	0	0	0	0	108	154	0	2198	0	2250	0	0	310	0	0	0	148	5916	0	0	0	0	0	1248	0	19982	0	0	0	0	0	0	0	0	0	0	0	0	0	0	0	0	0	558	0	0	0	0	0	0	0	280	0	0	0	0	0	0	0	2000	1962	0	4610	41582	0	4332	156	13922	498	49236	3080	5930	3022	24834	714	7258	0	2370	0	1712	2528	2418	11294	3002	2112	128	
433344	Cerebelum_Crus2_L	0	0	0	0	0	0	0	0	0	0	0	0	0	0	0	0	0	0	0	0	0	0	0	0	0	0	0	0	0	0	0	0	0	0	0	0	0	0	154	0	0	0	0	0	0	0	2538	1362	0	0	0	0	658	0	3926	250	0	0	0	0	0	0	0	0	0	0	0	0	0	0	0	0	0	0	0	0	0	0	0	0	0	0	0	0	0	0	0	0	1094	0	45758	4610	0	16048	364	782	4774	1832	14358	2214	39226	4270	33324	8236	2994	998	316	338	0	466	2010	2500	16956	2994	1062	260	
414444	Cerebelum_Crus2_R	0	0	0	0	0	0	0	0	0	0	0	0	0	0	0	0	0	0	0	0	0	0	0	0	0	0	0	0	0	0	0	0	0	0	0	0	0	0	0	0	0	0	0	0	0	0	182	2388	0	0	0	0	0	872	82	1922	0	0	0	0	0	0	0	0	0	0	0	0	0	0	0	0	0	0	0	0	0	0	0	0	0	0	0	0	0	0	0	0	0	122	4554	41582	16048	0	0	1782	204	2990	688	9752	10086	25216	9638	39786	1742	6526	146	1668	0	862	146	1776	18950	4792	2424	296	
57216	Cerebelum_3_L	0	0	0	0	0	0	0	0	0	0	0	0	0	0	0	0	0	0	0	0	0	0	0	0	0	0	0	0	0	0	0	0	0	0	0	0	0	0	160	0	0	0	0	0	0	0	0	768	0	0	0	0	0	0	82	506	0	0	0	0	0	0	0	0	0	0	0	0	0	0	0	0	0	0	0	0	0	0	0	0	0	0	0	0	0	0	0	0	0	0	1260	0	364	0	0	390	7046	360	2536	982	286	0	1416	172	3786	296	288	0	512	1270	1164	1870	1418	732	606	338	
100628	Cerebelum_3_R	0	0	0	0	0	0	0	0	0	0	0	0	0	0	0	0	0	0	0	0	0	0	0	0	0	0	0	0	0	0	0	0	0	0	0	0	0	0	250	0	0	0	0	0	0	0	214	842	0	0	0	0	0	0	258	1020	0	0	0	0	0	0	0	0	0	0	0	0	0	0	0	0	0	0	0	0	0	0	0	0	0	0	0	0	0	0	0	0	0	0	928	4332	782	1782	390	0	1432	6228	864	7300	382	92	738	1994	516	2550	84	0	628	6310	1560	804	2940	2324	2538	232	
345556	Cerebelum_4_5_L	0	0	0	0	0	0	0	0	0	0	0	0	0	0	0	0	0	0	0	0	0	0	0	0	0	0	0	0	0	0	0	0	0	0	0	0	544	0	2768	106	0	0	248	0	0	0	10098	5130	0	0	132	0	598	134	12692	2240	0	0	0	0	0	0	0	0	0	0	0	0	0	0	0	0	0	0	0	0	138	0	0	0	0	0	0	0	0	0	0	0	92	0	18664	156	4774	204	7046	1432	0	6616	38300	7026	5328	0	6778	544	7336	966	434	0	420	1338	17144	6436	3076	1218	1078	1544	
264992	Cerebelum_4_5_R	0	0	0	0	0	0	0	0	0	0	0	0	0	0	0	0	0	0	0	0	0	0	0	0	0	0	0	0	0	0	0	0	0	0	122	242	132	1234	0	1126	0	0	1022	0	0	0	1912	6294	0	0	0	0	272	0	1606	8856	0	0	0	0	0	0	0	0	0	0	0	622	0	0	0	0	0	336	0	0	0	128	0	0	0	0	0	0	0	0	0	0	0	0	3400	13922	1832	2990	360	6228	6616	0	6742	30146	1338	100	1712	3498	946	2976	0	356	0	1508	13418	3230	3124	1898	1892	360	
496980	Cerebelum_6_L	0	0	0	0	0	0	0	0	0	0	0	0	0	0	0	0	0	0	0	0	0	0	0	0	0	0	0	0	0	0	0	0	0	0	536	0	1206	0	1920	0	0	0	836	0	0	0	16596	8138	0	0	288	0	3002	266	31448	2748	0	0	0	0	0	0	0	0	0	0	660	0	0	0	0	0	0	0	0	0	390	0	0	0	0	0	0	0	0	0	0	0	1378	0	50452	498	14358	688	2536	864	38300	6742	0	8324	9176	0	7856	530	3922	582	584	0	166	478	15286	11694	3464	954	816	808	
459672	Cerebelum_6_R	0	188	0	86	0	0	0	0	0	0	0	0	0	0	0	0	0	166	0	140	0	0	0	0	0	0	0	0	0	774	0	0	0	0	108	154	0	2280	0	2366	0	0	990	220	0	0	1656	14222	0	84	0	0	220	2196	1316	27326	0	0	0	0	0	0	0	0	0	0	0	102	0	0	0	0	0	580	0	0	0	0	0	0	0	290	0	0	0	0	0	0	0	116	4390	49236	2214	9752	982	7300	7026	30146	8324	0	1666	462	2078	6922	1662	4154	84	1160	158	2748	12876	8672	7530	2062	2240	412	
313744	Cerebelum_7b_L	0	0	0	0	0	0	0	0	0	0	0	0	0	0	0	0	0	0	0	0	0	0	0	0	0	0	0	0	0	0	0	0	0	0	0	0	0	0	0	0	0	0	0	0	0	0	642	936	0	0	0	0	184	0	878	458	0	0	0	0	0	0	0	0	0	0	0	0	0	0	0	0	0	0	0	0	0	0	0	0	0	0	0	0	0	0	0	0	180	0	20510	3080	39226	10086	286	382	5328	1338	9176	1666	0	3028	33928	5280	2984	682	384	90	0	228	2096	844	10442	1906	624	0	
149308	Cerebelum_7b_R	0	0	0	0	0	0	0	0	0	0	0	0	0	0	0	0	0	0	0	0	0	0	0	0	0	0	0	0	0	0	0	0	0	0	0	0	0	0	0	0	0	0	0	0	0	0	0	0	0	0	0	0	0	0	0	0	0	0	0	0	0	0	0	0	0	0	0	0	0	0	0	0	0	0	0	0	0	0	0	0	0	0	0	0	0	0	0	0	0	0	0	5930	4270	25216	0	92	0	100	0	462	3028	0	1972	25954	516	2592	0	96	0	0	0	0	2758	1478	190	0	
378784	Cerebelum_8_L	0	0	0	0	0	0	0	0	0	0	0	0	0	0	0	0	0	0	0	0	0	0	0	0	0	0	0	0	0	0	0	0	0	0	0	0	0	0	0	0	0	0	0	0	0	0	558	1038	0	0	0	0	244	0	1122	478	0	0	0	0	0	0	0	0	0	0	0	0	0	0	0	0	0	0	0	0	0	0	0	0	0	0	0	0	0	0	0	0	180	0	22328	3022	33324	9638	1416	738	6778	1712	7856	2078	33928	1972	0	6922	21178	1430	3212	362	0	466	1928	1500	16130	5114	2220	520	
359472	Cerebelum_8_R	0	0	0	0	0	0	0	0	0	0	0	0	0	0	0	0	0	0	0	0	0	0	0	0	0	0	0	0	0	0	0	0	0	0	0	0	0	0	0	0	0	0	0	0	0	0	0	256	0	0	0	0	0	0	84	1414	0	0	0	0	0	0	0	0	0	0	0	0	0	0	0	0	0	0	0	0	0	0	0	0	0	0	0	0	0	0	0	0	0	0	3540	24834	8236	39786	172	1994	544	3498	530	6922	5280	25954	6922	0	1540	23706	248	3464	0	1010	126	360	11130	4304	3312	570	
162852	Cerebelum_9_L	0	0	0	0	0	0	0	0	0	0	0	0	0	0	0	0	0	0	0	0	0	0	0	0	0	0	0	0	0	0	0	0	0	0	0	0	0	0	0	0	0	0	0	0	0	0	200	1144	0	0	0	0	92	110	422	682	0	0	0	0	0	0	0	0	0	0	0	0	0	0	0	0	0	0	0	0	0	0	0	0	0	0	0	0	0	0	0	0	0	0	2952	714	2994	1742	3786	516	7336	946	3922	1662	2984	516	21178	1540	0	1622	4908	0	120	456	2166	2730	6138	4074	2844	930	
172644	Cerebelum_9_R	0	0	0	0	0	0	0	0	0	0	0	0	0	0	0	0	0	0	0	0	0	0	0	0	0	0	0	0	0	0	0	0	0	0	0	0	0	0	0	0	0	0	0	0	0	0	0	324	0	0	0	0	0	0	0	946	0	0	0	0	0	0	0	0	0	0	0	0	0	0	0	0	0	0	0	0	0	0	0	0	0	0	0	0	0	0	0	0	0	0	658	7258	998	6526	296	2550	966	2976	582	4154	682	2592	1430	23706	1622	0	178	3442	264	1638	870	1806	4986	5444	6814	2614	
24532	Cerebelum_10_L	0	0	0	0	0	0	0	0	0	0	0	0	0	0	0	0	0	0	0	0	0	0	0	0	0	0	0	0	0	0	0	0	0	0	0	0	0	0	0	0	0	0	0	0	0	0	102	0	0	0	0	0	0	0	130	0	0	0	0	0	0	0	0	0	0	0	0	0	0	0	0	0	0	0	0	0	0	0	0	0	0	0	0	0	0	0	0	0	0	0	534	0	316	146	288	84	434	0	584	84	384	0	3212	248	4908	178	0	0	0	0	0	90	282	104	158	0	
30628	Cerebelum_10_R	0	0	0	0	0	0	0	0	0	0	0	0	0	0	0	0	0	0	0	0	0	0	0	0	0	0	0	0	0	0	0	0	0	0	0	0	0	0	0	0	0	0	0	0	0	0	0	0	0	0	0	0	0	0	0	222	0	0	0	0	0	0	0	0	0	0	0	0	0	0	0	0	0	0	0	0	0	0	0	0	0	0	0	0	0	0	0	0	0	0	618	2370	338	1668	0	0	0	356	0	1160	90	96	362	3464	0	3442	0	0	0	0	0	0	840	138	150	0	
13452	Vermis_1_2	0	0	0	0	0	0	0	0	0	0	0	0	0	0	0	0	0	0	0	0	0	0	0	0	0	0	0	0	0	0	0	0	0	0	0	0	0	0	206	0	0	0	0	0	0	0	0	0	0	0	0	0	0	0	0	0	0	0	0	0	0	0	0	0	0	0	0	0	0	0	0	0	0	0	0	0	0	0	0	0	0	0	0	0	0	0	0	0	0	0	0	0	0	0	512	628	420	0	166	158	0	0	0	0	120	264	0	0	0	2716	552	260	128	148	270	178	
65700	Vermis_3	0	0	0	0	0	0	0	0	0	0	0	0	0	0	0	0	0	0	0	0	0	0	0	0	0	0	0	0	0	0	0	0	0	0	0	0	0	0	482	0	0	0	0	0	0	0	166	402	0	0	0	0	0	0	150	334	0	0	0	0	0	0	0	0	0	0	0	0	0	0	0	0	0	0	0	0	0	0	0	0	0	0	0	0	0	0	0	0	0	0	490	1712	466	862	1270	6310	1338	1508	478	2748	228	0	466	1010	456	1638	0	0	2716	0	1394	732	1934	1524	1802	234	
229324	Vermis_4_5	0	0	0	0	0	0	0	0	0	0	0	0	0	0	0	0	0	0	0	0	0	0	0	0	0	0	0	0	0	0	0	0	0	0	0	260	0	246	0	0	0	0	1106	0	0	0	4000	7682	0	0	0	0	696	130	3266	3484	0	0	0	0	0	0	0	0	0	0	0	300	0	0	0	0	0	0	0	0	0	0	0	0	0	0	0	0	0	0	0	0	0	0	5332	2528	2010	146	1164	1560	17144	13418	15286	12876	2096	0	1928	126	2166	870	0	0	552	1394	0	8834	1204	396	736	1726	
