data	data	354444	215288	1.11477e+06	945064	289888	130360	535616	410044	131892	51120	247236	237900	405912	297484	226808	99260	178692	92316	745640	976092	115024	124584	714932	546512	57076	189640	59472	76028	759172	406712	495104	746396	202040	745508	127320	117296	234472	249608	97396	149108	32900	50908	168276	224652	196040	323116	255152	224952	187888	322972	423008	224684	121312	89016	321092	355076	266304	174868	123372	71868	179332	114144	88304	123948	103432	117336	282164	396340	140364	181964	256192	572764	338852	364260	46428	69356	160132	208392	66948	39512	171296	116848	149536	58236	317208	209672	50164	17068	249420	163500	297276	306288	324776	346152	26440	57872	224316	157820	309664	304856	243464	183192	281448	265440	94620	109464	11940	9932	16160	47208	136596	120212	150652	165796	57652	4908	
data	data	Precentral_L	Precentral_R	Frontal_Sup_L	Frontal_Sup_R	Frontal_Sup_Orb_L	Frontal_Sup_Orb_R	Frontal_Mid_L	Frontal_Mid_R	Frontal_Mid_Orb_L	Frontal_Mid_Orb_R	Frontal_Inf_Oper_L	Frontal_Inf_Oper_R	Frontal_Inf_Tri_L	Frontal_Inf_Tri_R	Frontal_Inf_Orb_L	Frontal_Inf_Orb_R	Rolandic_Oper_L	Rolandic_Oper_R	Supp_Motor_Area_L	Supp_Motor_Area_R	Olfactory_L	Olfactory_R	Frontal_Sup_Medial_L	Frontal_Sup_Medial_R	Frontal_Med_Orb_L	Frontal_Med_Orb_R	Rectus_L	Rectus_R	Insula_L	Insula_R	Cingulum_Ant_L	Cingulum_Ant_R	Cingulum_Mid_L	Cingulum_Mid_R	Cingulum_Post_L	Cingulum_Post_R	Hippocampus_L	Hippocampus_R	ParaHippocampal_L	ParaHippocampal_R	Amygdala_L	Amygdala_R	Calcarine_L	Calcarine_R	Cuneus_L	Cuneus_R	Lingual_L	Lingual_R	Occipital_Sup_L	Occipital_Sup_R	Occipital_Mid_L	Occipital_Mid_R	Occipital_Inf_L	Occipital_Inf_R	Fusiform_L	Fusiform_R	Postcentral_L	Postcentral_R	Parietal_Sup_L	Parietal_Sup_R	Parietal_Inf_L	Parietal_Inf_R	SupraMarginal_L	SupraMarginal_R	Angular_L	Angular_R	Precuneus_L	Precuneus_R	Paracentral_Lobule_L	Paracentral_Lobule_R	Caudate_L	Caudate_R	Putamen_L	Putamen_R	Pallidum_L	Pallidum_R	Thalamus_L	Thalamus_R	Heschl_L	Heschl_R	Temporal_Sup_L	Temporal_Sup_R	Temporal_Pole_Sup_L	Temporal_Pole_Sup_R	Temporal_Mid_L	Temporal_Mid_R	Temporal_Pole_Mid_L	Temporal_Pole_Mid_R	Temporal_Inf_L	Temporal_Inf_R	Cerebelum_Crus1_L	Cerebelum_Crus1_R	Cerebelum_Crus2_L	Cerebelum_Crus2_R	Cerebelum_3_L	Cerebelum_3_R	Cerebelum_4_5_L	Cerebelum_4_5_R	Cerebelum_6_L	Cerebelum_6_R	Cerebelum_7b_L	Cerebelum_7b_R	Cerebelum_8_L	Cerebelum_8_R	Cerebelum_9_L	Cerebelum_9_R	Cerebelum_10_L	Cerebelum_10_R	Vermis_1_2	Vermis_3	Vermis_4_5	Vermis_6	Vermis_7	Vermis_8	Vermis_9	Vermis_10	
354444	Precentral_L	0	3804	9806	3452	108	0	20906	2192	0	0	10954	412	610	96	0	0	6046	0	5794	6188	0	0	184	0	0	0	0	0	13130	318	292	0	1990	346	888	170	3158	94	576	0	0	0	666	0	0	0	562	0	0	0	1690	0	150	0	528	0	32722	230	140	0	2800	0	776	0	420	0	782	0	7876	0	5702	8230	7694	116	1062	0	3886	3906	3240	0	1572	0	0	0	804	0	0	0	154	0	0	0	0	0	0	0	0	0	0	0	0	0	0	0	0	0	0	0	0	0	0	0	0	0	0	0	
215288	Precentral_R	3804	0	902	6450	0	0	0	15474	94	0	0	8468	322	176	300	0	0	1310	494	5142	0	0	112	0	0	0	0	0	126	3052	0	0	0	2074	0	512	0	2456	0	698	0	0	0	0	0	1206	0	1434	0	1330	0	556	0	328	0	1814	2638	19370	0	598	0	3180	0	5612	0	108	0	3014	0	6110	990	294	268	600	0	200	1086	940	0	752	0	1338	0	0	0	920	0	0	0	992	0	0	0	0	0	0	0	0	0	0	0	0	0	0	0	0	0	0	0	0	0	0	0	0	0	0	
1.11477e+06	Frontal_Sup_L	9806	902	0	22554	16330	104	76302	8744	1722	0	16654	3700	27586	1820	3096	0	7712	306	78826	28074	0	0	54726	17462	812	1306	0	0	43382	1998	23208	18468	6348	16862	1002	322	4464	496	1414	0	0	0	0	0	0	0	236	0	0	0	94	0	0	0	124	0	2668	246	0	0	0	0	0	98	0	0	100	0	1252	0	5632	6106	21994	974	5440	178	10014	884	308	0	2032	0	2130	0	212	0	0	0	154	0	0	0	0	0	0	0	0	0	0	0	0	0	0	0	0	0	0	0	0	0	0	0	0	0	0	0	
945064	Frontal_Sup_R	3452	6450	22554	0	358	2124	4424	42782	190	346	912	3200	1652	14714	518	2286	148	1324	19830	86680	0	0	25350	44216	0	3088	0	0	5040	10316	12966	40134	4226	31554	1450	1210	1042	4962	216	1572	0	796	0	0	0	164	0	292	0	178	0	0	0	0	0	422	1526	788	0	0	134	154	0	516	0	0	0	324	710	160	2498	23048	846	16610	404	4120	2044	14982	0	118	0	188	224	0	0	0	0	0	0	0	0	0	0	0	0	0	0	0	0	0	0	0	0	0	0	0	0	0	0	0	0	0	0	0	0	0	
289888	Frontal_Sup_Orb_L	108	0	16330	358	0	132	11348	112	18000	0	922	172	12204	0	18392	0	122	0	2192	406	2920	634	4438	410	4172	1582	5464	316	21624	130	5422	842	0	0	0	0	562	0	164	0	602	0	0	0	0	0	0	0	0	0	0	0	0	0	0	0	0	0	0	0	0	0	0	0	0	0	0	0	0	0	2404	790	7448	152	0	0	0	0	0	0	184	0	3704	0	92	0	0	0	90	0	0	0	0	0	0	0	0	0	0	0	0	0	0	0	0	0	0	0	0	0	0	0	0	0	0	0	
130360	Frontal_Sup_Orb_R	0	0	104	2124	132	0	0	1302	0	5440	0	0	0	818	0	5746	0	0	0	214	728	3142	350	1386	286	12796	494	8862	0	1230	784	3982	0	0	0	0	0	332	0	0	0	0	0	0	0	0	0	0	0	0	0	0	0	0	0	126	0	0	0	0	0	0	0	0	0	0	0	0	0	0	734	5656	468	7830	0	114	0	0	0	0	0	0	0	0	0	0	0	0	0	0	0	0	0	0	0	0	0	0	0	0	0	0	0	0	0	0	0	0	0	0	0	0	0	0	0	0	
535616	Frontal_Mid_L	20906	0	76302	4424	11348	0	0	1690	5116	0	11010	1998	37966	1054	4900	0	4382	104	11714	5368	0	0	10376	1726	0	0	0	0	26520	894	3540	1322	472	1206	0	0	750	0	116	0	0	0	0	0	0	0	0	0	0	0	0	0	0	0	0	0	2672	0	0	0	0	0	0	0	0	0	0	0	224	0	7118	5188	3450	232	110	124	178	94	1012	0	1314	0	790	0	98	0	0	0	0	0	0	0	0	0	0	0	0	0	0	0	0	0	0	0	0	0	0	0	0	0	0	0	0	0	0	0	
410044	Frontal_Mid_R	2192	15474	8744	42782	112	1302	1690	0	88	2196	448	8780	1158	23540	720	2164	0	516	11702	14402	0	0	9994	11692	0	202	0	0	2078	3850	4270	8636	634	10412	0	0	0	1168	0	300	0	0	0	0	0	0	0	0	0	0	0	0	0	0	0	0	1486	1606	0	0	0	690	0	1160	0	0	0	0	0	0	922	4946	158	1398	0	0	648	390	0	108	0	168	0	0	0	0	0	0	0	96	0	0	0	0	0	0	0	0	0	0	0	0	0	0	0	0	0	0	0	0	0	0	0	0	0	0	
131892	Frontal_Mid_Orb_L	0	94	1722	190	18000	0	5116	88	0	0	0	142	5288	0	18768	0	0	0	104	216	378	0	170	0	480	0	1900	0	6986	0	416	0	0	0	0	0	234	0	0	0	184	0	0	0	0	0	0	0	0	0	0	0	0	0	0	0	0	0	0	0	0	0	0	0	0	0	0	0	0	0	1064	336	1922	0	0	0	0	0	0	0	0	0	2148	0	0	0	0	0	0	0	0	0	0	0	0	0	0	0	0	0	0	0	0	0	0	0	0	0	0	0	0	0	0	0	0	0	
51120	Frontal_Mid_Orb_R	0	0	0	346	0	5440	0	2196	0	0	0	0	0	1788	0	10358	0	0	0	0	164	422	0	0	0	936	0	1226	0	612	0	88	0	0	0	0	0	0	0	0	0	0	0	0	0	0	0	0	0	0	0	0	0	0	0	0	0	0	0	0	0	0	0	0	0	0	0	0	0	0	168	752	116	948	0	0	0	0	0	0	0	0	0	0	0	0	0	0	0	0	0	0	0	0	0	0	0	0	0	0	0	0	0	0	0	0	0	0	0	0	0	0	0	0	0	0	
247236	Frontal_Inf_Oper_L	10954	0	16654	912	922	0	11010	448	0	0	0	1666	13038	878	254	0	8766	0	13360	1730	0	0	1364	204	0	0	0	0	21516	1628	738	276	0	828	0	0	396	0	0	0	0	0	0	0	0	0	0	0	0	0	0	0	0	0	0	0	4180	0	0	0	0	0	0	0	0	0	0	0	0	0	2440	2376	1686	180	0	0	230	180	642	0	1776	0	2386	0	0	0	0	0	0	0	0	0	0	0	0	0	0	0	0	0	0	0	0	0	0	0	0	0	0	0	0	0	0	0	0	0	
237900	Frontal_Inf_Oper_R	412	8468	3700	3200	172	0	1998	8780	142	0	1666	0	2758	15834	1474	308	146	4368	3416	4948	0	0	1572	660	0	420	0	0	2378	20146	1230	3526	222	1990	0	0	100	1458	0	268	0	0	0	0	0	0	0	100	0	0	0	0	0	0	0	0	120	2084	0	0	0	286	0	578	0	0	0	0	0	178	2012	10590	312	4318	0	604	0	1040	0	296	0	428	0	0	0	124	0	0	0	120	0	0	0	0	0	0	0	0	0	0	0	0	0	0	0	0	0	0	0	0	0	0	0	0	0	0	
405912	Frontal_Inf_Tri_L	610	322	27586	1652	12204	0	37966	1158	5288	0	13038	2758	0	1688	16644	0	194	0	3908	2200	0	0	6668	1256	0	152	0	0	42782	2162	3160	974	346	1062	0	0	90	0	0	0	0	0	0	0	0	0	0	0	0	0	0	0	0	0	0	0	0	176	0	0	0	0	0	0	0	0	0	0	0	0	6184	4192	1910	252	0	0	0	766	0	0	166	0	3442	0	0	0	0	0	0	0	0	0	0	0	0	0	0	0	0	0	0	0	0	0	0	0	0	0	0	0	0	0	0	0	0	0	
297484	Frontal_Inf_Tri_R	96	176	1820	14714	0	818	1054	23540	0	1788	878	15834	1688	0	558	6636	0	0	5108	7988	0	0	4484	7244	0	558	0	0	2088	22214	2066	10290	104	5932	0	0	0	0	0	0	0	0	0	0	0	0	0	0	0	0	0	0	0	0	0	0	0	0	0	0	0	0	0	0	0	0	0	0	0	0	1194	8294	0	1368	0	0	0	210	0	0	0	0	0	0	0	0	0	0	0	0	0	0	0	0	0	0	0	0	0	0	0	0	0	0	0	0	0	0	0	0	0	0	0	0	0	0	
226808	Frontal_Inf_Orb_L	0	300	3096	518	18392	0	4900	720	18768	0	254	1474	16644	558	0	0	0	0	310	758	2250	404	474	0	504	0	2258	0	18300	724	1204	176	0	0	0	0	360	0	164	0	350	0	0	0	0	0	0	0	0	0	0	0	0	0	0	0	0	142	0	0	0	0	0	0	0	0	0	0	0	0	4764	1992	3020	176	0	0	0	544	0	0	0	0	8906	0	0	0	0	0	0	0	0	0	0	0	0	0	0	0	0	0	0	0	0	0	0	0	0	0	0	0	0	0	0	0	0	0	
99260	Frontal_Inf_Orb_R	0	0	0	2286	0	5746	0	2164	0	10358	0	308	0	6636	0	0	0	0	0	0	0	1240	0	716	0	1000	0	1968	0	9342	94	1536	0	0	0	0	0	0	0	104	0	0	0	0	0	0	0	0	0	0	0	0	0	0	0	0	0	0	0	0	0	0	0	0	0	0	0	0	0	0	88	2160	0	3444	0	0	0	0	0	0	0	164	0	276	0	0	0	0	0	0	0	0	0	0	0	0	0	0	0	0	0	0	0	0	0	0	0	0	0	0	0	0	0	0	0	0	
178692	Rolandic_Oper_L	6046	0	7712	148	122	0	4382	0	0	0	8766	146	194	0	0	0	0	0	6328	170	0	0	0	0	0	0	0	0	19684	138	0	0	0	0	0	0	1602	0	250	0	0	0	276	0	0	0	280	0	108	0	1048	0	0	0	96	0	6320	0	92	0	776	0	2382	0	768	0	458	0	222	0	522	494	2866	0	200	0	1584	0	6082	0	6902	0	1156	0	830	0	0	0	196	0	0	0	0	0	0	0	0	0	0	0	0	0	0	0	0	0	0	0	0	0	0	0	0	0	0	0	
92316	Rolandic_Oper_R	0	1310	306	1324	0	0	104	516	0	0	0	4368	0	0	0	0	0	0	258	856	0	0	0	0	0	216	0	0	0	11762	198	682	144	0	0	0	0	2856	0	280	0	0	0	0	0	0	0	96	0	0	0	0	0	0	0	0	0	1798	0	0	0	622	0	2106	0	204	0	0	0	0	98	1130	0	5202	0	2450	0	2116	0	1458	0	2906	0	322	0	292	0	0	0	178	0	0	0	0	0	0	0	0	0	0	0	0	0	0	0	0	0	0	0	0	0	0	0	0	0	0	
745640	Supp_Motor_Area_L	5794	494	78826	19830	2192	0	11714	11702	104	0	13360	3416	3908	5108	310	0	6328	258	0	47998	0	0	24010	13400	0	0	0	0	18242	1876	4874	5540	14208	23130	1340	384	2028	422	550	0	0	0	106	0	1134	0	160	0	1054	0	708	0	0	0	96	0	2512	0	0	0	0	0	0	0	0	0	828	0	6030	0	2222	3832	8584	674	1248	0	18580	1328	164	0	1364	0	526	0	224	0	0	0	100	0	0	0	0	0	0	0	0	0	0	0	0	0	0	0	0	0	0	0	0	0	0	0	0	0	0	0	
976092	Supp_Motor_Area_R	6188	5142	28074	86680	406	214	5368	14402	216	0	1730	4948	2200	7988	758	0	170	856	47998	0	0	0	19438	13964	0	420	0	0	4898	5176	6524	12130	7190	54908	1616	4812	1246	5062	236	1508	0	796	0	654	0	8298	0	800	0	9270	0	2302	0	200	0	1058	2160	3940	0	904	352	516	0	404	0	568	288	14040	3320	15564	2920	23250	1560	12142	544	3854	2494	20800	0	308	0	548	176	0	0	934	0	0	0	616	0	0	0	0	0	0	0	0	0	0	0	0	0	0	0	0	0	0	0	0	0	0	0	0	0	0	
115024	Olfactory_L	0	0	0	0	2920	728	0	0	378	164	0	0	0	0	2250	0	0	0	0	0	0	8958	0	0	1010	1110	3046	1308	3038	0	3828	2252	0	0	0	0	542	0	906	0	768	0	0	0	0	0	0	0	0	0	0	0	0	0	0	0	0	0	0	0	0	0	0	0	0	0	0	0	0	0	10778	5764	5034	1092	0	0	0	0	0	0	0	0	1638	0	0	0	0	0	0	0	0	0	0	0	0	0	0	0	0	0	0	0	0	0	0	0	0	0	0	0	0	0	0	0	0	0	
124584	Olfactory_R	0	0	0	0	634	3142	0	0	0	422	0	0	0	0	404	1240	0	0	0	0	8958	0	90	0	282	4556	1640	5606	0	1784	3262	5502	0	0	0	0	0	194	0	300	0	806	0	0	0	0	0	0	0	0	0	0	0	0	0	0	0	0	0	0	0	0	0	0	0	0	0	0	0	0	8634	8990	4134	1712	0	0	0	0	0	0	0	0	0	0	0	0	0	0	0	0	0	0	0	0	0	0	0	0	0	0	0	0	0	0	0	0	0	0	0	0	0	0	0	0	0	0	
714932	Frontal_Sup_Medial_L	184	112	54726	25350	4438	350	10376	9994	170	0	1364	1572	6668	4484	474	0	0	0	24010	19438	0	90	0	46124	1782	3558	126	94	7612	1622	37598	43374	8458	38222	0	0	0	94	0	0	0	0	0	0	0	0	0	0	0	0	0	0	0	0	0	0	0	0	0	0	0	0	0	0	0	0	0	0	0	0	202	2240	1284	1012	0	94	0	0	0	0	0	0	170	0	0	0	0	0	0	0	0	0	0	0	0	0	0	0	0	0	0	0	0	0	0	0	0	0	0	0	0	0	0	0	0	0	
546512	Frontal_Sup_Medial_R	0	0	17462	44216	410	1386	1726	11692	0	0	204	660	1256	7244	0	716	0	0	13400	13964	0	0	46124	0	228	8092	0	0	1430	4068	14240	42096	2242	34138	0	0	0	0	0	0	0	0	0	0	0	0	0	0	0	0	0	0	0	0	0	0	0	0	0	0	0	0	0	0	0	0	0	0	0	0	126	2560	284	3084	0	208	0	0	0	0	0	0	0	0	0	0	0	0	0	0	0	0	0	0	0	0	0	0	0	0	0	0	0	0	0	0	0	0	0	0	0	0	0	0	0	0	
57076	Frontal_Med_Orb_L	0	0	812	0	4172	286	0	0	480	0	0	0	0	0	504	0	0	0	0	0	1010	282	1782	228	0	3622	2880	634	238	0	7662	474	0	0	0	0	0	0	0	0	0	0	0	0	0	0	0	0	0	0	0	0	0	0	0	0	0	0	0	0	0	0	0	0	0	0	0	0	0	0	1166	132	2174	0	0	0	0	0	0	0	0	0	0	0	0	0	0	0	0	0	0	0	0	0	0	0	0	0	0	0	0	0	0	0	0	0	0	0	0	0	0	0	0	0	0	0	
189640	Frontal_Med_Orb_R	0	0	1306	3088	1582	12796	0	202	0	936	0	420	152	558	0	1000	0	216	0	420	1110	4556	3558	8092	3622	0	1106	7086	238	1462	8016	14202	0	0	0	0	0	284	0	0	0	0	0	0	0	0	0	0	0	0	0	0	0	0	0	88	0	0	0	0	0	0	0	0	0	0	0	0	0	0	864	7628	798	9102	0	332	0	0	0	0	0	0	0	0	0	0	0	0	0	0	0	0	0	0	0	0	0	0	0	0	0	0	0	0	0	0	0	0	0	0	0	0	0	0	0	0	
59472	Rectus_L	0	0	0	0	5464	494	0	0	1900	0	0	0	0	0	2258	0	0	0	0	0	3046	1640	126	0	2880	1106	0	1118	842	0	3010	530	0	0	0	0	0	0	0	0	0	0	0	0	0	0	0	0	0	0	0	0	0	0	0	0	0	0	0	0	0	0	0	0	0	0	0	0	0	0	3088	876	836	144	0	0	0	0	0	0	0	0	378	0	0	0	0	0	0	0	0	0	0	0	0	0	0	0	0	0	0	0	0	0	0	0	0	0	0	0	0	0	0	0	0	0	
76028	Rectus_R	0	0	0	0	316	8862	0	0	0	1226	0	0	0	0	0	1968	0	0	0	0	1308	5606	94	0	634	7086	1118	0	0	378	598	3118	0	0	0	0	0	0	0	0	0	0	0	0	0	0	0	0	0	0	0	0	0	0	0	0	0	0	0	0	0	0	0	0	0	0	0	0	0	0	1058	3238	718	688	0	0	0	0	0	0	0	0	0	0	0	0	0	0	0	0	0	0	0	0	0	0	0	0	0	0	0	0	0	0	0	0	0	0	0	0	0	0	0	0	0	0	
759172	Insula_L	13130	126	43382	5040	21624	0	26520	2078	6986	0	21516	2378	42782	2088	18300	0	19684	0	18242	4898	3038	0	7612	1430	238	238	842	0	0	2620	5830	1732	662	1186	184	184	9090	126	1724	0	2006	0	140	0	0	0	246	0	0	0	974	0	0	0	1388	0	8172	0	132	0	1144	0	1124	0	572	0	204	0	350	0	6602	14264	19674	336	252	96	1082	444	9976	0	9582	0	9616	0	3080	0	114	0	2506	0	0	0	0	0	0	0	0	0	0	0	0	0	0	0	0	0	0	0	0	0	0	0	0	0	0	0	
406712	Insula_R	318	3052	1998	10316	130	1230	894	3850	0	612	1628	20146	2162	22214	724	9342	138	11762	1876	5176	0	1784	1622	4068	0	1462	0	378	2620	0	2382	13524	194	1538	0	0	90	9486	0	1956	0	1280	0	0	0	0	0	264	0	0	0	0	0	0	0	2352	94	904	0	0	0	680	0	1218	0	0	0	112	0	96	1836	16110	202	21204	0	2408	0	2522	0	2094	0	5264	0	1824	0	2092	0	0	0	2002	0	0	0	0	0	0	0	126	0	0	0	0	0	0	0	0	0	0	0	0	0	0	0	0	0	0	
495104	Cingulum_Ant_L	292	0	23208	12966	5422	784	3540	4270	416	0	738	1230	3160	2066	1204	94	0	198	4874	6524	3828	3262	37598	14240	7662	8016	3010	598	5830	2382	0	42610	5368	14744	0	0	0	254	0	0	0	0	0	0	0	0	0	0	0	0	0	0	0	0	0	0	0	0	0	0	0	0	0	0	0	0	0	0	0	0	5842	9180	7806	3840	0	270	0	0	0	0	0	0	226	0	0	0	0	0	0	0	0	0	0	0	0	0	0	0	0	0	0	0	0	0	0	0	0	0	0	0	0	0	0	0	0	0	
746396	Cingulum_Ant_R	0	0	18468	40134	842	3982	1322	8636	0	88	276	3526	974	10290	176	1536	0	682	5540	12130	2252	5502	43374	42096	474	14202	530	3118	1732	13524	42610	0	6762	38040	0	0	0	1148	0	388	0	0	0	0	0	0	0	0	0	0	0	0	0	0	0	138	0	0	0	0	0	0	0	0	0	0	0	0	0	0	2346	27524	1154	16264	0	1212	0	114	0	0	0	0	92	0	0	0	0	0	0	0	0	0	0	0	0	0	0	0	0	0	0	0	0	0	0	0	0	0	0	0	0	0	0	0	0	0	
202040	Cingulum_Mid_L	1990	0	6348	4226	0	0	472	634	0	0	0	222	346	104	0	0	0	144	14208	7190	0	0	8458	2242	0	0	0	0	662	194	5368	6762	0	15154	2862	802	0	0	0	0	0	0	0	112	1270	322	0	0	1182	280	1718	104	0	0	0	0	0	0	626	0	240	0	0	0	0	0	3164	2134	9186	1158	0	576	0	0	0	0	0	0	0	0	0	0	0	0	328	0	0	0	232	0	0	0	0	0	0	0	0	0	0	0	0	0	0	0	0	0	0	0	0	0	0	0	0	0	0	0	
745508	Cingulum_Mid_R	346	2074	16862	31554	0	0	1206	10412	0	0	828	1990	1062	5932	0	0	0	0	23130	54908	0	0	38222	34138	0	0	0	0	1186	1538	14744	38040	15154	0	1636	4826	0	148	0	0	0	0	0	670	0	10712	0	130	0	11780	0	2902	0	0	0	140	0	2456	0	1218	0	556	0	0	0	568	1314	19870	2868	15582	0	474	0	154	0	0	0	0	0	142	0	192	0	0	0	720	0	0	0	370	0	0	0	0	0	0	0	0	0	0	0	0	0	0	0	0	0	0	0	0	0	0	0	0	0	0	
127320	Cingulum_Post_L	888	0	1002	1450	0	0	0	0	0	0	0	0	0	0	0	0	0	0	1340	1616	0	0	0	0	0	0	0	0	184	0	0	0	2862	1636	0	8204	8606	2860	2018	268	0	0	5290	300	1522	298	2178	216	144	128	132	116	0	0	0	0	136	0	0	0	0	0	0	0	0	0	8656	3612	1488	90	112	236	778	0	588	0	2236	2470	0	0	0	0	0	0	0	0	0	0	0	0	0	0	0	0	0	0	0	0	0	0	0	0	0	0	0	0	0	0	0	0	0	0	0	0	0	0	
117296	Cingulum_Post_R	170	512	322	1210	0	0	0	0	0	0	0	0	0	0	0	0	0	0	384	4812	0	0	0	0	0	0	0	0	184	0	0	0	802	4826	8204	0	3996	5216	1366	552	0	0	0	2116	0	372	956	1786	0	214	0	206	0	88	0	536	138	238	0	0	0	0	0	0	0	0	460	7902	772	3006	0	254	762	0	574	0	2530	2768	0	0	0	0	0	0	0	150	0	0	0	174	0	0	0	0	0	0	0	0	0	0	0	0	0	0	0	0	0	0	0	0	90	0	0	0	0	0	
234472	Hippocampus_L	3158	0	4464	1042	562	0	750	0	234	0	396	100	90	0	360	0	1602	0	2028	1246	542	0	0	0	0	0	0	0	9090	90	0	0	0	0	8606	3996	0	2730	11604	210	5834	0	4204	0	394	0	4950	146	0	0	236	0	0	0	6592	0	2690	0	0	0	158	0	104	0	0	0	5558	300	228	0	202	470	11582	0	1276	0	4274	2242	1908	0	2516	0	1446	0	1684	0	310	0	4928	0	0	0	0	0	0	0	104	0	0	0	0	0	0	0	0	0	0	0	0	0	0	0	0	0	0	0	
249608	Hippocampus_R	94	2456	496	4962	0	332	0	1168	0	0	0	1458	0	0	0	0	0	2856	422	5062	0	194	94	0	0	284	0	0	126	9486	254	1148	0	148	2860	5216	2730	0	1176	16786	0	6956	0	1140	0	0	862	3056	0	0	0	0	0	0	0	12208	0	370	0	0	0	152	0	410	0	0	166	3182	0	94	0	1826	182	15838	104	2008	1054	3894	0	1270	0	3362	0	662	0	1436	0	0	0	3486	0	0	0	0	0	126	0	1054	0	0	0	0	0	0	0	0	0	0	0	0	98	0	0	0	0	0	
97396	ParaHippocampal_L	576	0	1414	216	164	0	116	0	0	0	0	0	0	0	164	0	250	0	550	236	906	0	0	0	0	0	0	0	1724	0	0	0	0	0	2018	1366	11604	1176	0	130	1710	0	828	0	0	0	3594	0	0	0	0	0	88	0	4968	0	544	0	0	0	0	0	0	0	0	0	1358	0	0	0	92	0	3636	0	520	0	584	608	0	0	230	0	2234	0	236	0	1956	0	902	0	390	0	0	0	114	0	782	0	714	0	0	0	0	0	0	0	0	0	0	0	0	0	0	0	0	0	
149108	ParaHippocampal_R	0	698	0	1572	0	0	0	300	0	0	0	268	0	0	0	104	0	280	0	1508	0	300	0	0	0	0	0	0	0	1956	0	388	0	0	268	552	210	16786	130	0	0	5688	0	1512	0	0	0	5030	0	0	0	0	0	880	0	14398	0	94	0	0	0	0	0	0	0	0	0	2158	0	0	0	594	0	4940	0	1204	0	554	0	0	0	0	0	2508	0	1012	0	1226	0	4276	0	302	0	0	0	142	0	1922	0	494	0	0	0	0	0	0	0	0	0	0	196	104	0	0	0	0	
32900	Amygdala_L	0	0	0	0	602	0	0	0	184	0	0	0	0	0	350	0	0	0	0	0	768	0	0	0	0	0	0	0	2006	0	0	0	0	0	0	0	5834	0	1710	0	0	0	0	0	0	0	0	0	0	0	0	0	0	0	2268	0	0	0	0	0	0	0	0	0	0	0	0	0	0	0	0	0	254	0	0	0	0	0	0	0	0	0	1260	0	0	0	474	0	740	0	0	0	0	0	0	0	0	0	0	0	0	0	0	0	0	0	0	0	0	0	0	0	0	0	0	0	
50908	Amygdala_R	0	0	0	796	0	0	0	0	0	0	0	0	0	0	0	0	0	0	0	796	0	806	0	0	0	0	0	0	0	1280	0	0	0	0	0	0	0	6956	0	5688	0	0	0	0	0	0	0	0	0	0	0	0	0	0	0	4546	0	0	0	0	0	0	0	0	0	0	0	0	0	0	0	0	0	1872	0	0	0	0	0	0	0	126	0	2198	0	0	0	0	0	178	0	0	0	0	0	122	0	90	0	0	0	0	0	0	0	0	0	0	0	0	0	0	0	0	0	0	
168276	Calcarine_L	666	0	0	0	0	0	0	0	0	0	0	0	0	0	0	0	276	0	106	0	0	0	0	0	0	0	0	0	140	0	0	0	0	0	5290	0	4204	0	828	0	0	0	0	6266	9628	4548	10650	1338	5286	592	11434	262	2278	0	2036	0	0	0	0	0	0	0	0	0	0	0	13828	450	662	0	0	0	0	0	0	0	0	0	0	0	196	0	0	0	2458	0	0	0	716	0	0	0	0	0	0	0	0	0	0	0	0	0	0	0	0	0	0	0	0	0	0	0	0	0	0	0	
224652	Calcarine_R	0	0	0	0	0	0	0	0	0	0	0	0	0	0	0	0	0	0	0	654	0	0	0	0	0	0	0	0	0	0	0	0	112	670	300	2116	0	1140	0	1512	0	0	6266	0	7224	22288	596	10970	944	16926	102	13540	0	3388	0	4910	0	0	0	0	0	0	0	0	0	416	686	12326	126	486	0	0	0	0	0	0	0	0	0	0	0	0	0	0	0	3028	0	0	0	1160	0	0	0	0	0	0	0	0	0	200	0	0	0	0	0	0	0	0	0	0	240	0	0	0	0	0	
196040	Cuneus_L	0	0	0	0	0	0	0	0	0	0	0	0	0	0	0	0	0	0	1134	0	0	0	0	0	0	0	0	0	0	0	0	0	1270	0	1522	0	394	0	0	0	0	0	9628	7224	0	11198	1110	350	22388	3298	13272	1504	768	0	1332	124	0	0	1934	0	0	0	0	0	0	0	13360	1532	3536	0	0	0	0	0	0	0	0	0	0	0	0	0	0	0	1142	0	0	0	0	0	0	0	0	0	0	0	0	0	0	0	0	0	0	0	0	0	0	0	0	0	0	0	0	0	0	0	
323116	Cuneus_R	0	1206	0	164	0	0	0	0	0	0	0	0	0	0	0	0	0	0	0	8298	0	0	0	0	0	0	0	0	0	0	0	0	322	10712	298	372	0	0	0	0	0	0	4548	22288	11198	0	0	1718	2856	33946	378	12772	0	836	0	1084	0	1728	846	1832	140	184	0	0	0	874	6000	27280	370	6646	0	0	0	0	0	0	0	0	0	0	0	170	0	0	0	2190	0	0	0	302	0	0	0	0	0	0	0	0	0	0	0	0	0	0	0	0	0	0	0	0	0	0	0	0	0	0	
255152	Lingual_L	562	0	236	0	0	0	0	0	0	0	0	0	0	0	0	0	280	0	160	0	0	0	0	0	0	0	0	0	246	0	0	0	0	0	2178	956	4950	862	3594	0	0	0	10650	596	1110	0	0	2424	1660	0	15474	0	10488	0	18332	570	0	0	0	0	108	0	0	0	92	0	7164	98	410	0	0	0	606	0	0	0	454	280	0	0	494	0	0	0	2626	0	0	0	4644	0	3890	530	1228	594	0	0	6612	468	9886	2172	0	0	0	0	0	358	0	180	0	0	3096	4290	1188	272	508	0	
224952	Lingual_R	0	1434	0	292	0	0	0	0	0	0	0	100	0	0	0	0	0	96	0	800	0	0	0	0	0	0	0	0	0	264	0	0	0	130	216	1786	146	3056	0	5030	0	0	1338	10970	350	1718	2424	0	0	2466	98	3696	0	10582	224	22430	0	288	0	0	0	0	0	92	0	0	0	6882	0	598	0	0	0	644	0	158	0	142	0	0	0	0	0	0	0	2062	0	0	0	3540	674	1580	446	576	0	0	1248	4296	2196	7552	0	0	0	0	0	96	0	0	0	0	3774	4660	1208	0	118	0	
187888	Occipital_Sup_L	0	0	0	0	0	0	0	0	0	0	0	0	0	0	0	0	108	0	1054	0	0	0	0	0	0	0	0	0	0	0	0	0	1182	0	144	0	0	0	0	0	0	0	5286	944	22388	2856	1660	0	0	600	29138	108	1538	0	982	0	0	0	6674	0	1576	0	122	0	436	0	11802	1406	3180	0	0	0	0	0	0	0	0	0	0	0	0	0	0	0	760	0	0	0	0	0	0	0	0	0	0	0	0	0	0	0	0	0	0	0	0	0	0	0	0	0	0	0	0	0	0	0	
322972	Occipital_Sup_R	0	1330	0	178	0	0	0	0	0	0	0	0	0	0	0	0	0	0	0	9270	0	0	0	0	0	0	0	0	0	0	0	0	280	11780	128	214	0	0	0	0	0	0	592	16926	3298	33946	0	2466	600	0	158	21316	0	1532	0	1812	0	3306	100	6078	94	2408	0	0	0	5798	2468	22920	600	7722	0	0	0	0	0	0	0	0	0	106	0	274	0	0	0	3066	0	0	0	720	0	0	0	0	0	0	0	0	0	0	0	0	0	0	0	0	0	0	0	0	0	0	0	0	0	0	
423008	Occipital_Mid_L	1690	0	94	0	0	0	0	0	0	0	0	0	0	0	0	0	1048	0	708	0	0	0	0	0	0	0	0	0	974	0	0	0	1718	0	132	0	236	0	0	0	0	0	11434	102	13272	378	15474	98	29138	158	0	0	18868	0	13668	0	1194	0	8710	0	15290	0	3332	0	15758	0	13080	502	5648	0	0	0	0	0	0	0	0	0	494	0	2070	0	0	0	26188	0	0	0	7850	0	170	0	0	0	0	0	720	0	952	106	0	0	0	0	0	0	0	0	0	0	98	152	0	0	0	0	
224684	Occipital_Mid_R	0	556	0	0	0	0	0	0	0	0	0	0	0	0	0	0	0	0	0	2302	0	0	0	0	0	0	0	0	0	0	0	0	104	2902	116	206	0	0	0	0	0	0	262	13540	1504	12772	0	3696	108	21316	0	0	0	5882	0	3250	0	0	0	908	0	4870	0	608	0	12754	304	7002	94	1946	0	0	0	0	0	0	0	0	0	0	0	406	0	0	0	13140	0	0	0	1584	0	88	0	0	0	0	0	0	0	122	0	0	0	0	0	0	0	0	0	0	0	0	0	0	0	0	
121312	Occipital_Inf_L	150	0	0	0	0	0	0	0	0	0	0	0	0	0	0	0	0	0	0	0	0	0	0	0	0	0	0	0	0	0	0	0	0	0	0	0	0	0	88	0	0	0	2278	0	768	0	10488	0	1538	0	18868	0	0	0	13750	0	0	0	0	0	186	0	0	0	228	0	728	0	270	0	0	0	0	0	0	0	0	0	0	0	94	0	0	0	3140	0	0	0	3268	0	410	0	0	0	0	0	1666	0	2260	92	0	0	0	0	0	0	0	0	0	0	254	132	0	0	0	0	
89016	Occipital_Inf_R	0	328	0	0	0	0	0	0	0	0	0	0	0	0	0	0	0	0	0	200	0	0	0	0	0	0	0	0	0	0	0	0	0	0	0	88	0	0	0	880	0	0	0	3388	0	836	0	10582	0	1532	0	5882	0	0	0	12456	0	0	0	0	0	0	0	0	0	140	0	1042	0	198	0	0	0	0	0	0	0	0	0	0	0	0	0	0	0	1750	0	0	0	2358	0	582	0	134	0	0	102	294	0	1026	0	0	0	0	0	0	0	0	0	0	334	216	160	0	0	0	
321092	Fusiform_L	528	0	124	0	0	0	0	0	0	0	0	0	0	0	0	0	96	0	96	0	0	0	0	0	0	0	0	0	1388	0	0	0	0	0	0	0	6592	0	4968	0	2268	0	2036	0	1332	0	18332	224	982	0	13668	0	13750	0	0	0	0	0	0	0	454	0	218	0	554	0	2212	0	780	0	0	0	552	0	0	0	0	0	0	0	1972	0	2640	0	5444	0	2208	0	16302	0	12962	246	624	264	394	0	16812	0	24816	606	178	0	116	0	0	164	134	0	0	0	1298	1368	506	168	170	0	
355076	Fusiform_R	0	1814	0	422	0	126	0	0	0	0	0	0	0	0	0	0	0	0	0	1058	0	0	0	0	0	88	0	0	0	2352	0	138	0	140	0	536	0	12208	0	14398	0	4546	0	4910	124	1084	570	22430	0	1812	0	3250	0	12456	0	0	0	344	0	0	0	0	0	88	0	148	0	5582	0	724	0	174	0	2732	0	0	0	104	0	162	0	692	0	6864	0	5404	0	1446	0	16776	134	7782	172	498	0	2954	946	11644	520	18264	0	0	0	0	0	0	0	0	0	1348	4462	2548	564	0	0	0	
266304	Postcentral_L	32722	2638	2668	1526	0	0	2672	1486	0	0	4180	120	0	0	0	0	6320	0	2512	2160	0	0	0	0	0	0	0	0	8172	94	0	0	0	0	136	138	2690	0	544	0	0	0	0	0	0	0	0	0	0	0	1194	0	0	0	0	0	0	0	4874	0	17910	0	9230	0	734	0	2394	0	2504	0	992	2418	6530	0	700	0	4828	1762	2856	0	2354	0	0	0	642	0	0	0	452	0	0	0	0	0	0	0	0	0	0	0	0	0	0	0	0	0	0	0	0	0	0	0	0	0	0	0	
174868	Postcentral_R	230	19370	246	788	0	0	0	1606	0	0	0	2084	176	0	142	0	0	1798	0	3940	0	0	0	0	0	0	0	0	0	904	0	0	0	2456	0	238	0	370	0	94	0	0	0	0	0	1728	0	288	0	3306	0	0	0	0	0	344	0	0	0	7000	0	7754	0	15542	0	196	0	5490	0	7262	302	0	110	130	0	296	228	334	0	920	0	1152	0	0	0	298	0	0	0	312	0	0	0	0	0	0	0	0	0	0	0	0	0	0	0	0	0	0	0	0	0	0	0	0	0	0	
123372	Parietal_Sup_L	140	0	0	0	0	0	0	0	0	0	0	0	0	0	0	0	92	0	0	0	0	0	0	0	0	0	0	0	132	0	0	0	626	0	0	0	0	0	0	0	0	0	0	0	1934	846	0	0	6674	100	8710	0	0	0	0	0	4874	0	0	784	11150	0	0	0	1362	0	15018	2708	2254	0	0	0	0	0	0	0	0	0	0	0	0	0	0	0	2176	0	0	0	2106	0	0	0	0	0	0	0	0	0	0	0	0	0	0	0	0	0	0	0	0	0	0	0	0	0	0	0	
71868	Parietal_Sup_R	0	598	0	0	0	0	0	0	0	0	0	0	0	0	0	0	0	0	0	904	0	0	0	0	0	0	0	0	0	0	0	0	0	1218	0	0	0	0	0	0	0	0	0	0	0	1832	0	0	0	6078	0	908	0	0	0	0	0	7000	784	0	0	3144	0	1120	0	2462	1392	6706	0	1788	0	0	0	0	0	0	0	0	0	0	0	0	0	0	0	0	0	0	0	0	0	0	0	0	0	0	0	0	0	0	0	0	0	0	0	0	0	0	0	0	0	0	0	0	0	0	
179332	Parietal_Inf_L	2800	0	0	134	0	0	0	0	0	0	0	0	0	0	0	0	776	0	0	352	0	0	0	0	0	0	0	0	1144	0	0	0	240	0	0	0	158	0	0	0	0	0	0	0	0	140	108	0	1576	94	15290	0	186	0	454	0	17910	0	11150	0	0	0	9982	0	16300	0	2390	232	2860	0	0	0	290	0	0	0	0	0	0	0	420	0	0	0	2964	0	0	0	1716	0	0	0	0	0	0	0	0	0	0	0	0	0	0	0	0	0	0	0	0	0	0	0	0	0	0	0	
114144	Parietal_Inf_R	0	3180	0	154	0	0	0	690	0	0	0	286	0	0	0	0	0	622	0	516	0	0	0	0	0	0	0	0	0	680	0	0	0	556	0	0	0	152	0	0	0	0	0	0	0	184	0	0	0	2408	0	4870	0	0	0	0	0	7754	0	3144	0	0	0	14166	0	11714	110	750	110	440	0	0	0	0	0	0	0	118	0	998	0	1560	0	0	0	1174	0	0	0	736	0	0	0	0	0	0	0	0	0	0	0	0	0	0	0	0	0	0	0	0	0	0	0	0	0	0	
88304	SupraMarginal_L	776	0	0	0	0	0	0	0	0	0	0	0	0	0	0	0	2382	0	0	0	0	0	0	0	0	0	0	0	1124	0	0	0	0	0	0	0	104	0	0	0	0	0	0	0	0	0	0	0	122	0	3332	0	0	0	218	0	9230	0	0	0	9982	0	0	0	5934	0	0	0	228	0	0	0	270	0	0	0	204	0	356	0	4430	0	0	0	5344	0	0	0	116	0	0	0	0	0	0	0	0	0	0	0	0	0	0	0	0	0	0	0	0	0	0	0	0	0	0	0	
123948	SupraMarginal_R	0	5612	98	516	0	0	0	1160	0	0	0	578	0	0	0	0	0	2106	0	404	0	0	0	0	0	0	0	0	0	1218	0	0	0	0	0	0	0	410	0	0	0	0	0	0	0	0	0	92	0	0	0	608	0	0	0	88	0	15542	0	1120	0	14166	0	0	0	5788	0	92	0	438	0	0	0	96	0	0	0	158	0	1818	0	4928	0	0	0	3712	0	0	0	1226	0	0	0	0	0	0	0	0	0	0	0	0	0	0	0	0	0	0	0	0	0	0	0	0	0	0	
103432	Angular_L	420	0	0	0	0	0	0	0	0	0	0	0	0	0	0	0	768	0	0	0	0	0	0	0	0	0	0	0	572	0	0	0	0	0	0	0	0	0	0	0	0	0	0	0	0	0	92	0	436	0	15758	0	228	0	554	0	734	0	1362	0	16300	0	5934	0	0	0	0	0	478	0	0	0	0	0	0	0	0	0	0	0	852	0	0	0	6538	0	0	0	690	0	0	0	0	0	0	0	0	0	0	0	0	0	0	0	0	0	0	0	0	0	0	0	0	0	0	0	
117336	Angular_R	0	108	0	0	0	0	0	0	0	0	0	0	0	0	0	0	0	204	0	568	0	0	0	0	0	0	0	0	0	0	0	0	0	568	0	0	0	0	0	0	0	0	0	416	0	874	0	0	0	5798	0	12754	0	140	0	148	0	196	0	2462	0	11714	0	5788	0	0	0	1774	102	890	0	0	0	0	0	0	0	0	0	166	0	2502	0	0	0	10214	0	0	0	1282	0	0	0	0	0	0	0	0	0	0	0	0	0	0	0	0	0	0	0	0	0	0	0	0	0	0	
282164	Precuneus_L	782	0	100	0	0	0	0	0	0	0	0	0	0	0	0	0	458	0	828	288	0	0	0	0	0	0	0	0	204	0	0	0	3164	1314	8656	460	5558	166	1358	0	0	0	13828	686	13360	6000	7164	0	11802	2468	13080	304	728	0	2212	0	2394	0	15018	1392	2390	110	0	0	0	0	0	12980	4518	184	0	0	0	0	0	0	0	0	0	0	412	0	0	0	4104	100	0	0	2512	0	0	0	0	0	0	0	0	0	0	0	0	0	0	0	0	0	0	0	0	0	0	0	0	0	0	0	
396340	Precuneus_R	0	3014	0	324	0	0	0	0	0	0	0	0	0	0	0	0	0	0	0	14040	0	0	0	0	0	0	0	0	0	112	0	0	2134	19870	3612	7902	300	3182	0	2158	0	0	450	12326	1532	27280	98	6882	1406	22920	502	7002	0	1042	0	5582	0	5490	2708	6706	232	750	0	92	0	1774	12980	0	1260	14872	0	0	0	0	0	0	0	0	0	162	0	324	0	0	0	4368	0	0	0	2226	0	0	0	0	0	0	0	0	0	0	0	0	0	0	0	0	0	0	0	0	556	0	0	0	0	0	
140364	Paracentral_Lobule_L	7876	0	1252	710	0	0	224	0	0	0	0	0	0	0	0	0	222	0	6030	3320	0	0	0	0	0	0	0	0	350	0	0	0	9186	2868	1488	772	228	0	0	0	0	0	662	126	3536	370	410	0	3180	600	5648	94	270	0	780	0	2504	0	2254	0	2860	110	228	0	478	102	4518	1260	0	2166	0	0	270	0	0	0	0	0	0	0	146	0	0	0	1980	0	0	0	1104	0	0	0	0	0	0	0	0	0	0	0	0	0	0	0	0	0	0	0	0	0	0	0	0	0	0	0	
181964	Paracentral_Lobule_R	0	6110	0	160	0	0	0	0	0	0	0	178	0	0	0	0	0	0	0	15564	0	0	0	0	0	0	0	0	0	96	0	0	1158	15582	90	3006	0	94	0	0	0	0	0	486	0	6646	0	598	0	7722	0	1946	0	198	0	724	0	7262	0	1788	0	440	0	438	0	890	184	14872	2166	0	0	0	0	0	0	0	0	0	0	218	0	442	0	0	0	1528	0	0	0	396	0	0	0	0	0	0	0	0	0	0	0	0	0	0	0	0	0	0	0	0	0	0	0	0	0	0	
256192	Caudate_L	5702	990	5632	2498	2404	734	7118	922	1064	168	2440	2012	6184	1194	4764	88	522	98	2222	2920	10778	8634	202	126	1166	864	3088	1058	6602	1836	5842	2346	0	0	112	0	202	0	92	0	0	0	0	0	0	0	0	0	0	0	0	0	0	0	0	0	992	302	0	0	0	0	0	0	0	0	0	0	0	0	0	15836	10396	1284	550	132	3212	2110	232	0	236	0	190	0	0	0	0	0	0	0	0	0	0	0	0	0	0	0	0	0	0	0	0	0	0	0	0	0	0	0	0	0	0	0	0	0	
572764	Caudate_R	8230	294	6106	23048	790	5656	5188	4946	336	752	2376	10590	4192	8294	1992	2160	494	1130	3832	23250	5764	8990	2240	2560	132	7628	876	3238	14264	16110	9180	27524	576	474	236	254	470	1826	0	594	0	0	0	0	0	0	0	0	0	0	0	0	0	0	0	174	2418	0	0	0	0	0	0	0	0	0	0	0	0	0	15836	0	4160	22474	0	3348	2220	18628	242	0	168	0	122	0	0	0	0	0	0	0	0	0	0	0	0	0	0	0	0	0	0	0	0	0	0	0	0	0	0	0	0	0	0	0	0	0	
338852	Putamen_L	7694	268	21994	846	7448	468	3450	158	1922	116	1686	312	1910	0	3020	0	2866	0	8584	1560	5034	4134	1284	284	2174	798	836	718	19674	202	7806	1154	0	0	778	762	11582	182	3636	0	254	0	0	0	0	0	606	0	0	0	0	0	0	0	552	0	6530	110	0	0	290	0	270	0	0	0	0	0	270	0	10396	4160	0	564	7502	0	7556	1200	520	0	1838	0	780	0	260	0	0	0	428	0	0	0	0	0	0	0	0	0	0	0	0	0	0	0	0	0	0	0	0	0	0	0	0	0	0	0	
364260	Putamen_R	116	600	974	16610	152	7830	232	1398	0	948	180	4318	252	1368	176	3444	0	5202	674	12142	1092	1712	1012	3084	0	9102	144	688	336	21204	3840	16264	0	154	0	0	0	15838	0	4940	0	1872	0	0	0	0	0	644	0	0	0	0	0	0	0	2732	0	130	0	0	0	0	0	96	0	0	0	0	0	0	1284	22474	564	0	0	8100	0	5740	0	178	0	662	0	450	0	276	0	0	0	534	0	0	0	0	0	0	0	368	0	0	0	0	0	0	0	0	0	0	0	0	0	0	0	0	0	0	
46428	Pallidum_L	1062	0	5440	404	0	0	110	0	0	0	0	0	0	0	0	0	200	0	1248	544	0	0	0	0	0	0	0	0	252	0	0	0	0	0	588	574	1276	104	520	0	0	0	0	0	0	0	0	0	0	0	0	0	0	0	0	0	700	0	0	0	0	0	0	0	0	0	0	0	0	0	550	0	7502	0	0	0	1738	402	0	0	0	0	0	0	0	0	0	0	0	0	0	0	0	0	0	0	0	0	0	0	0	0	0	0	0	0	0	0	0	0	0	0	0	0	0	0	
69356	Pallidum_R	0	200	178	4120	0	114	124	0	0	0	0	604	0	0	0	0	0	2450	0	3854	0	0	94	208	0	332	0	0	96	2408	270	1212	0	0	0	0	0	2008	0	1204	0	0	0	0	0	0	0	158	0	0	0	0	0	0	0	0	0	296	0	0	0	0	0	0	0	0	0	0	0	0	132	3348	0	8100	0	0	0	2880	0	188	0	0	0	0	0	0	0	0	0	0	0	0	0	0	0	0	0	100	0	0	0	0	0	0	0	0	0	0	0	0	0	0	0	0	0	0	
160132	Thalamus_L	3886	1086	10014	2044	0	0	178	648	0	0	230	0	0	0	0	0	1584	0	18580	2494	0	0	0	0	0	0	0	0	1082	0	0	0	0	0	2236	2530	4274	1054	584	0	0	0	0	0	0	0	454	0	0	0	0	0	0	0	0	0	4828	228	0	0	0	0	204	0	0	0	0	0	0	0	3212	2220	7556	0	1738	0	0	6542	138	0	442	0	0	0	0	0	0	0	0	0	0	0	0	0	0	0	0	0	0	0	0	0	0	0	0	0	0	0	0	0	0	0	0	0	0	0	
208392	Thalamus_R	3906	940	884	14982	0	0	94	390	0	0	180	1040	766	210	544	0	0	2116	1328	20800	0	0	0	0	0	0	0	0	444	2522	0	114	0	0	2470	2768	2242	3894	608	554	0	0	0	0	0	0	280	142	0	0	0	0	0	0	0	104	1762	334	0	0	0	118	0	158	0	0	0	0	0	0	2110	18628	1200	5740	402	2880	6542	0	0	0	0	0	0	0	0	0	0	0	0	0	0	0	0	0	0	0	0	0	0	0	0	0	0	0	0	0	0	0	0	0	0	0	0	0	0	0	
66948	Heschl_L	3240	0	308	0	0	0	1012	0	0	0	642	0	0	0	0	0	6082	0	164	0	0	0	0	0	0	0	0	0	9976	0	0	0	0	0	0	0	1908	0	0	0	0	0	0	0	0	0	0	0	0	0	494	0	0	0	0	0	2856	0	0	0	0	0	356	0	0	0	0	0	0	0	232	242	520	0	0	0	138	0	0	0	3270	0	170	0	1264	0	0	0	600	0	0	0	0	0	0	0	0	0	0	0	0	0	0	0	0	0	0	0	0	0	0	0	0	0	0	0	
39512	Heschl_R	0	752	0	118	0	0	0	108	0	0	0	296	0	0	0	0	0	1458	0	308	0	0	0	0	0	0	0	0	0	2094	0	0	0	142	0	0	0	1270	0	0	0	0	0	0	0	0	0	0	0	106	0	0	0	0	0	162	0	920	0	0	0	998	0	1818	0	166	0	162	0	218	0	0	0	178	0	188	0	0	0	0	0	7046	0	286	0	448	0	0	0	514	0	0	0	0	0	0	0	0	0	0	0	0	0	0	0	0	0	0	0	0	0	0	0	0	0	0	
171296	Temporal_Sup_L	1572	0	2032	0	184	0	1314	0	0	0	1776	0	166	0	0	0	6902	0	1364	0	0	0	0	0	0	0	0	0	9582	0	0	0	0	0	0	0	2516	0	230	0	0	0	196	0	0	0	494	0	0	0	2070	0	94	0	1972	0	2354	0	0	0	420	0	4430	0	852	0	412	0	146	0	236	168	1838	0	0	0	442	0	3270	0	0	0	3822	0	23214	0	90	0	11490	0	0	0	0	0	0	0	0	0	0	0	0	0	0	0	0	0	0	0	0	0	0	0	0	0	0	0	
116848	Temporal_Sup_R	0	1338	0	188	0	0	0	168	0	0	0	428	0	0	0	164	0	2906	0	548	0	0	0	0	0	0	0	0	0	5264	0	0	0	192	0	0	0	3362	0	0	0	126	0	0	0	170	0	0	0	274	0	406	0	0	0	692	0	1152	0	0	0	1560	0	4928	0	2502	0	324	0	442	0	0	0	662	0	0	0	0	0	7046	0	0	0	3526	0	15180	0	260	0	4616	0	0	0	0	0	0	0	0	0	0	0	0	0	0	0	0	0	0	0	0	0	0	0	0	0	0	
149536	Temporal_Pole_Sup_L	0	0	2130	224	3704	0	790	0	2148	0	2386	0	3442	0	8906	0	1156	0	526	176	1638	0	170	0	0	0	378	0	9616	0	226	92	0	0	0	0	1446	0	2234	0	1260	0	0	0	0	0	0	0	0	0	0	0	0	0	2640	0	0	0	0	0	0	0	0	0	0	0	0	0	0	0	190	122	780	0	0	0	0	0	170	0	3822	0	0	0	8874	0	8400	0	7122	0	0	0	0	0	0	0	0	0	0	0	0	0	0	0	0	0	0	0	0	0	0	0	0	0	0	0	
58236	Temporal_Pole_Sup_R	0	0	0	0	0	0	0	0	0	0	0	0	0	0	0	276	0	322	0	0	0	0	0	0	0	0	0	0	0	1824	0	0	0	0	0	0	0	662	0	2508	0	2198	0	0	0	0	0	0	0	0	0	0	0	0	0	6864	0	0	0	0	0	0	0	0	0	0	0	0	0	0	0	0	0	450	0	0	0	0	0	286	0	3526	0	0	0	2886	0	3102	0	4214	0	0	0	0	0	0	0	0	0	0	0	0	0	0	0	0	0	0	0	0	0	0	0	0	0	0	
317208	Temporal_Mid_L	804	0	212	0	92	0	98	0	0	0	0	0	0	0	0	0	830	0	224	0	0	0	0	0	0	0	0	0	3080	0	0	0	328	0	0	0	1684	0	236	0	0	0	2458	0	1142	0	2626	0	760	0	26188	0	3140	0	5444	0	642	0	2176	0	2964	0	5344	0	6538	0	4104	0	1980	0	0	0	260	0	0	0	0	0	1264	0	23214	0	8874	0	0	0	5976	0	45922	0	0	0	0	0	0	0	0	0	0	0	0	0	0	0	0	0	0	0	0	0	0	0	0	0	0	0	
209672	Temporal_Mid_R	0	920	0	0	0	0	0	0	0	0	0	124	0	0	0	0	0	292	0	934	0	0	0	0	0	0	0	0	0	2092	0	0	0	720	0	150	0	1436	0	1012	0	0	0	3028	0	2190	0	2062	0	3066	0	13140	0	1750	0	5404	0	298	0	0	0	1174	0	3712	0	10214	100	4368	0	1528	0	0	0	276	0	0	0	0	0	448	0	15180	0	2886	0	0	0	1178	0	25154	0	0	0	0	0	0	0	0	0	0	0	0	0	0	0	0	0	0	0	0	0	0	0	0	0	0	
50164	Temporal_Pole_Mid_L	0	0	0	0	0	0	0	0	0	0	0	0	0	0	0	0	0	0	0	0	0	0	0	0	0	0	0	0	114	0	0	0	0	0	0	0	310	0	1956	0	474	0	0	0	0	0	0	0	0	0	0	0	0	0	2208	0	0	0	0	0	0	0	0	0	0	0	0	0	0	0	0	0	0	0	0	0	0	0	0	0	90	0	8400	0	5976	0	0	0	5554	0	0	0	0	0	0	0	0	0	0	0	0	0	0	0	0	0	0	0	0	0	0	0	0	0	0	0	
17068	Temporal_Pole_Mid_R	0	0	0	0	0	0	0	0	0	0	0	0	0	0	0	0	0	0	0	0	0	0	0	0	0	0	0	0	0	0	0	0	0	0	0	0	0	0	0	1226	0	0	0	0	0	0	0	0	0	0	0	0	0	0	0	1446	0	0	0	0	0	0	0	0	0	0	0	0	0	0	0	0	0	0	0	0	0	0	0	0	0	260	0	3102	0	1178	0	0	0	1322	0	0	0	0	0	0	0	0	0	0	0	0	0	0	0	0	0	0	0	0	0	0	0	0	0	0	
249420	Temporal_Inf_L	154	0	154	0	90	0	0	0	0	0	0	0	0	0	0	0	196	0	100	0	0	0	0	0	0	0	0	0	2506	0	0	0	232	0	0	0	4928	0	902	0	740	0	716	0	0	0	4644	0	0	0	7850	0	3268	0	16302	0	452	0	2106	0	1716	0	116	0	690	0	2512	0	1104	0	0	0	428	0	0	0	0	0	600	0	11490	0	7122	0	45922	0	5554	0	0	0	1452	0	0	0	0	0	158	0	506	0	0	0	0	0	0	0	0	0	0	0	0	0	0	0	0	0	
163500	Temporal_Inf_R	0	992	0	0	0	0	0	96	0	0	0	120	0	0	0	0	0	178	0	616	0	0	0	0	0	0	0	0	0	2002	0	0	0	370	0	174	0	3486	0	4276	0	178	0	1160	0	302	0	3540	0	720	0	1584	0	2358	0	16776	0	312	0	0	0	736	0	1226	0	1282	0	2226	0	396	0	0	0	534	0	0	0	0	0	514	0	4616	0	4214	0	25154	0	1322	0	0	0	188	0	0	0	0	0	0	0	102	0	0	0	0	0	0	0	0	0	0	0	0	0	0	0	0	
297276	Cerebelum_Crus1_L	0	0	0	0	0	0	0	0	0	0	0	0	0	0	0	0	0	0	0	0	0	0	0	0	0	0	0	0	0	0	0	0	0	0	0	0	0	0	390	0	0	0	0	0	0	0	3890	674	0	0	170	0	410	0	12962	134	0	0	0	0	0	0	0	0	0	0	0	0	0	0	0	0	0	0	0	0	0	0	0	0	0	0	0	0	0	0	0	0	1452	0	0	2030	22604	2962	1738	0	17584	0	41876	2178	10080	0	12684	260	2432	380	712	0	0	106	976	3236	4430	1650	638	0	
306288	Cerebelum_Crus1_R	0	0	0	0	0	0	0	0	0	0	0	0	0	0	0	0	0	0	0	0	0	0	0	0	0	0	0	0	0	0	0	0	0	0	0	0	0	0	0	302	0	0	0	0	0	0	530	1580	0	0	0	88	0	582	246	7782	0	0	0	0	0	0	0	0	0	0	0	0	0	0	0	0	0	0	0	0	0	0	0	0	0	0	0	0	0	0	0	0	0	188	2030	0	4040	32114	0	3772	558	11816	1110	38298	252	6668	930	21822	0	4664	0	230	176	1336	1724	1968	5944	1660	734	0	
324776	Cerebelum_Crus2_L	0	0	0	0	0	0	0	0	0	0	0	0	0	0	0	0	0	0	0	0	0	0	0	0	0	0	0	0	0	0	0	0	0	0	0	0	0	0	0	0	0	0	0	0	0	0	1228	446	0	0	0	0	0	0	624	172	0	0	0	0	0	0	0	0	0	0	0	0	0	0	0	0	0	0	0	0	0	0	0	0	0	0	0	0	0	0	0	0	0	0	22604	4040	0	14914	0	0	244	0	3196	2424	34524	6034	34950	4458	7976	130	0	0	0	0	88	1772	12022	10172	370	0	
346152	Cerebelum_Crus2_R	0	0	0	0	0	0	0	0	0	0	0	0	0	0	0	0	0	0	0	0	0	0	0	0	0	0	0	0	0	0	0	0	0	0	0	0	0	0	0	0	0	0	0	0	0	0	594	576	0	0	0	0	0	134	264	498	0	0	0	0	0	0	0	0	0	0	0	0	0	0	0	0	0	0	0	0	0	0	0	0	0	0	0	0	0	0	0	0	0	0	2962	32114	14914	0	0	0	172	92	1264	8684	5452	25388	7534	38094	376	8668	0	0	0	0	208	1712	13250	8862	1264	0	
26440	Cerebelum_3_L	0	0	0	0	0	0	0	0	0	0	0	0	0	0	0	0	0	0	0	0	0	0	0	0	0	0	0	0	0	0	0	0	0	0	0	0	0	0	114	0	0	0	0	0	0	0	0	0	0	0	0	0	0	0	394	0	0	0	0	0	0	0	0	0	0	0	0	0	0	0	0	0	0	0	0	0	0	0	0	0	0	0	0	0	0	0	0	0	0	0	1738	0	0	0	0	0	4964	0	2782	0	0	0	0	0	974	0	194	0	522	1024	514	0	0	0	0	0	
57872	Cerebelum_3_R	0	0	0	0	0	0	0	0	0	0	0	0	0	0	0	0	0	0	0	0	0	0	0	0	0	0	0	0	0	0	0	0	0	0	0	0	0	126	0	142	0	122	0	0	0	0	0	0	0	0	0	0	0	0	0	2954	0	0	0	0	0	0	0	0	0	0	0	0	0	0	0	0	0	0	0	0	0	0	0	0	0	0	0	0	0	0	0	0	0	0	0	3772	0	0	0	0	0	7772	0	7280	0	0	0	0	0	606	0	0	1124	4534	504	0	0	0	0	0	
224316	Cerebelum_4_5_L	0	0	0	0	0	0	0	0	0	0	0	0	0	0	0	0	0	0	0	0	0	0	0	0	0	0	0	0	0	0	0	0	0	0	0	0	104	0	782	0	0	0	0	0	0	0	6612	1248	0	0	720	0	1666	102	16812	946	0	0	0	0	0	0	0	0	0	0	0	0	0	0	0	0	0	0	0	0	0	0	0	0	0	0	0	0	0	0	0	0	158	0	17584	558	244	172	4964	0	0	982	33868	2744	518	0	866	154	1874	1148	982	298	240	636	9026	3504	406	886	1210	144	
157820	Cerebelum_4_5_R	0	0	0	0	0	0	0	0	0	0	0	0	0	0	0	0	0	0	0	0	0	0	0	0	0	0	0	0	0	126	0	0	0	0	0	0	0	1054	0	1922	0	90	0	0	0	0	468	4296	0	0	0	0	0	294	0	11644	0	0	0	0	0	0	0	0	0	0	0	0	0	0	0	0	0	368	0	100	0	0	0	0	0	0	0	0	0	0	0	0	0	0	0	11816	0	92	0	7772	982	0	362	23674	0	0	0	0	0	1002	0	186	468	3552	7252	888	0	0	334	168	
309664	Cerebelum_6_L	0	0	0	0	0	0	0	0	0	0	0	0	0	0	0	0	0	0	0	0	0	0	0	0	0	0	0	0	0	0	0	0	0	0	0	0	0	0	714	0	0	0	0	0	0	0	9886	2196	0	0	952	0	2260	0	24816	520	0	0	0	0	0	0	0	0	0	0	0	0	0	0	0	0	0	0	0	0	0	0	0	0	0	0	0	0	0	0	0	0	506	0	41876	1110	3196	1264	2782	0	33868	362	0	3044	2724	0	1536	176	1034	1100	1212	152	0	148	5172	6896	2806	1260	1264	0	
304856	Cerebelum_6_R	0	0	0	0	0	0	0	0	0	0	0	0	0	0	0	0	0	0	0	0	0	0	0	0	0	0	0	0	0	0	0	0	0	0	0	0	0	0	0	494	0	0	0	200	0	0	2172	7552	0	0	106	122	92	1026	606	18264	0	0	0	0	0	0	0	0	0	0	0	0	0	0	0	0	0	0	0	0	0	0	0	0	0	0	0	0	0	0	0	0	0	102	2178	38298	2424	8684	0	7280	2744	23674	3044	0	104	616	294	4868	0	1000	0	584	376	2940	9248	7078	4386	1050	822	0	
243464	Cerebelum_7b_L	0	0	0	0	0	0	0	0	0	0	0	0	0	0	0	0	0	0	0	0	0	0	0	0	0	0	0	0	0	0	0	0	0	0	0	0	0	0	0	0	0	0	0	0	0	0	0	0	0	0	0	0	0	0	178	0	0	0	0	0	0	0	0	0	0	0	0	0	0	0	0	0	0	0	0	0	0	0	0	0	0	0	0	0	0	0	0	0	0	0	10080	252	34524	5452	0	0	518	0	2724	104	0	6080	35692	4798	8560	90	0	0	0	0	278	0	3000	9402	0	0	
183192	Cerebelum_7b_R	0	0	0	0	0	0	0	0	0	0	0	0	0	0	0	0	0	0	0	0	0	0	0	0	0	0	0	0	0	0	0	0	0	0	0	0	0	0	0	0	0	0	0	0	0	0	0	0	0	0	0	0	0	0	0	0	0	0	0	0	0	0	0	0	0	0	0	0	0	0	0	0	0	0	0	0	0	0	0	0	0	0	0	0	0	0	0	0	0	0	0	6668	6034	25388	0	0	0	0	0	616	6080	0	5684	27246	88	4750	0	0	0	0	0	0	1580	7178	284	0	
281448	Cerebelum_8_L	0	0	0	0	0	0	0	0	0	0	0	0	0	0	0	0	0	0	0	0	0	0	0	0	0	0	0	0	0	0	0	0	0	0	0	0	0	0	0	0	0	0	0	0	0	0	0	0	0	0	0	0	0	0	116	0	0	0	0	0	0	0	0	0	0	0	0	0	0	0	0	0	0	0	0	0	0	0	0	0	0	0	0	0	0	0	0	0	0	0	12684	930	34950	7534	0	0	866	0	1536	294	35692	5684	0	6010	14278	732	388	0	0	0	692	290	5132	11910	1006	0	
265440	Cerebelum_8_R	0	0	0	0	0	0	0	0	0	0	0	0	0	0	0	0	0	0	0	0	0	0	0	0	0	0	0	0	0	0	0	0	0	0	0	0	0	0	0	0	0	0	0	0	0	0	0	0	0	0	0	0	0	0	0	0	0	0	0	0	0	0	0	0	0	0	0	0	0	0	0	0	0	0	0	0	0	0	0	0	0	0	0	0	0	0	0	0	0	0	260	21822	4458	38094	0	0	154	0	176	4868	4798	27246	6010	0	424	12428	0	242	0	0	166	248	2706	7220	1400	0	
94620	Cerebelum_9_L	0	0	0	0	0	0	0	0	0	0	0	0	0	0	0	0	0	0	0	0	0	0	0	0	0	0	0	0	0	0	0	0	0	0	0	0	0	0	0	0	0	0	0	0	0	0	0	0	0	0	0	0	0	0	0	0	0	0	0	0	0	0	0	0	0	0	0	0	0	0	0	0	0	0	0	0	0	0	0	0	0	0	0	0	0	0	0	0	0	0	2432	0	7976	376	974	0	1874	0	1034	0	8560	88	14278	424	0	696	1640	0	0	248	1144	936	928	2246	1318	138	
109464	Cerebelum_9_R	0	0	0	0	0	0	0	0	0	0	0	0	0	0	0	0	0	0	0	0	0	0	0	0	0	0	0	0	0	0	0	0	0	0	0	0	0	0	0	0	0	0	0	0	0	0	358	96	0	0	0	0	0	0	164	0	0	0	0	0	0	0	0	0	0	0	0	0	0	0	0	0	0	0	0	0	0	0	0	0	0	0	0	0	0	0	0	0	0	0	380	4664	130	8668	0	606	1148	1002	1100	1000	90	4750	732	12428	696	0	0	814	474	1096	2596	2290	1544	3402	4114	390	
11940	Cerebelum_10_L	0	0	0	0	0	0	0	0	0	0	0	0	0	0	0	0	0	0	0	0	0	0	0	0	0	0	0	0	0	0	0	0	0	0	0	0	0	0	0	0	0	0	0	0	0	0	0	0	0	0	0	0	0	0	134	0	0	0	0	0	0	0	0	0	0	0	0	0	0	0	0	0	0	0	0	0	0	0	0	0	0	0	0	0	0	0	0	0	0	0	712	0	0	0	194	0	982	0	1212	0	0	0	388	0	1640	0	0	0	0	0	578	130	0	0	0	0	
9932	Cerebelum_10_R	0	0	0	0	0	0	0	0	0	0	0	0	0	0	0	0	0	0	0	0	0	0	0	0	0	0	0	0	0	0	0	0	0	0	0	0	0	0	0	0	0	0	0	0	0	0	180	0	0	0	0	0	0	0	0	0	0	0	0	0	0	0	0	0	0	0	0	0	0	0	0	0	0	0	0	0	0	0	0	0	0	0	0	0	0	0	0	0	0	0	0	230	0	0	0	0	298	186	152	584	0	0	0	242	0	814	0	0	0	0	596	562	142	400	580	0	
16160	Vermis_1_2	0	0	0	0	0	0	0	0	0	0	0	0	0	0	0	0	0	0	0	0	0	0	0	0	0	0	0	0	0	0	0	0	0	0	0	0	0	0	0	0	0	0	0	0	0	0	0	0	0	0	0	0	0	0	0	0	0	0	0	0	0	0	0	0	0	0	0	0	0	0	0	0	0	0	0	0	0	0	0	0	0	0	0	0	0	0	0	0	0	0	0	176	0	0	522	1124	240	468	0	376	0	0	0	0	0	474	0	0	0	3820	602	0	0	0	0	278	
47208	Vermis_3	0	0	0	0	0	0	0	0	0	0	0	0	0	0	0	0	0	0	0	0	0	0	0	0	0	0	0	0	0	0	0	0	0	0	0	0	0	0	0	0	0	0	0	0	0	0	0	0	0	0	0	0	0	0	0	1348	0	0	0	0	0	0	0	0	0	0	0	0	0	0	0	0	0	0	0	0	0	0	0	0	0	0	0	0	0	0	0	0	0	0	106	1336	0	0	1024	4534	636	3552	148	2940	0	0	0	0	248	1096	0	0	3820	0	2506	0	0	0	0	310	
136596	Vermis_4_5	0	0	0	0	0	0	0	0	0	0	0	0	0	0	0	0	0	0	0	0	0	0	0	0	0	0	0	0	0	0	0	0	0	0	0	90	0	98	0	196	0	0	0	240	0	0	3096	3774	0	0	98	0	254	334	1298	4462	0	0	0	0	0	0	0	0	0	0	0	556	0	0	0	0	0	0	0	0	0	0	0	0	0	0	0	0	0	0	0	0	0	0	976	1724	88	208	514	504	9026	7252	5172	9248	278	0	692	166	1144	2596	578	596	602	2506	0	5974	298	1096	2012	552	
120212	Vermis_6	0	0	0	0	0	0	0	0	0	0	0	0	0	0	0	0	0	0	0	0	0	0	0	0	0	0	0	0	0	0	0	0	0	0	0	0	0	0	0	104	0	0	0	0	0	0	4290	4660	0	0	152	0	132	216	1368	2548	0	0	0	0	0	0	0	0	0	0	0	0	0	0	0	0	0	0	0	0	0	0	0	0	0	0	0	0	0	0	0	0	0	0	3236	1968	1772	1712	0	0	3504	888	6896	7078	0	0	290	248	936	2290	130	562	0	0	5974	0	3624	2194	3020	314	
150652	Vermis_7	0	0	0	0	0	0	0	0	0	0	0	0	0	0	0	0	0	0	0	0	0	0	0	0	0	0	0	0	0	0	0	0	0	0	0	0	0	0	0	0	0	0	0	0	0	0	1188	1208	0	0	0	0	0	160	506	564	0	0	0	0	0	0	0	0	0	0	0	0	0	0	0	0	0	0	0	0	0	0	0	0	0	0	0	0	0	0	0	0	0	0	4430	5944	12022	13250	0	0	406	0	2806	4386	3000	1580	5132	2706	928	1544	0	142	0	0	298	3624	0	6936	2566	0	
