data	data	317288	253752	1.31092e+06	891928	105608	154392	587248	324068	45080	20636	182812	320620	265968	224544	100312	70924	211004	135120	947172	941636	87500	84200	494436	416132	37816	122228	61932	117956	518328	456632	571172	596976	273076	725652	107040	132760	168524	197528	71276	108144	30996	49860	190180	313804	94508	338692	168760	243676	122680	394128	327800	206864	140476	91556	302752	398040	221580	198548	95980	93348	144204	90196	84704	112428	108184	92164	131708	381656	105264	179568	401220	454020	336520	358136	57128	31372	100968	127848	56428	16216	150508	60388	69212	50472	216816	140156	16500	16544	201588	97600	433036	389592	343828	267068	27468	61788	193292	168120	371068	390272	231200	138284	273664	266348	105996	129316	9200	1828	11300	42676	136028	151568	171164	80268	66664	12400	
data	data	Precentral_L	Precentral_R	Frontal_Sup_L	Frontal_Sup_R	Frontal_Sup_Orb_L	Frontal_Sup_Orb_R	Frontal_Mid_L	Frontal_Mid_R	Frontal_Mid_Orb_L	Frontal_Mid_Orb_R	Frontal_Inf_Oper_L	Frontal_Inf_Oper_R	Frontal_Inf_Tri_L	Frontal_Inf_Tri_R	Frontal_Inf_Orb_L	Frontal_Inf_Orb_R	Rolandic_Oper_L	Rolandic_Oper_R	Supp_Motor_Area_L	Supp_Motor_Area_R	Olfactory_L	Olfactory_R	Frontal_Sup_Medial_L	Frontal_Sup_Medial_R	Frontal_Med_Orb_L	Frontal_Med_Orb_R	Rectus_L	Rectus_R	Insula_L	Insula_R	Cingulum_Ant_L	Cingulum_Ant_R	Cingulum_Mid_L	Cingulum_Mid_R	Cingulum_Post_L	Cingulum_Post_R	Hippocampus_L	Hippocampus_R	ParaHippocampal_L	ParaHippocampal_R	Amygdala_L	Amygdala_R	Calcarine_L	Calcarine_R	Cuneus_L	Cuneus_R	Lingual_L	Lingual_R	Occipital_Sup_L	Occipital_Sup_R	Occipital_Mid_L	Occipital_Mid_R	Occipital_Inf_L	Occipital_Inf_R	Fusiform_L	Fusiform_R	Postcentral_L	Postcentral_R	Parietal_Sup_L	Parietal_Sup_R	Parietal_Inf_L	Parietal_Inf_R	SupraMarginal_L	SupraMarginal_R	Angular_L	Angular_R	Precuneus_L	Precuneus_R	Paracentral_Lobule_L	Paracentral_Lobule_R	Caudate_L	Caudate_R	Putamen_L	Putamen_R	Pallidum_L	Pallidum_R	Thalamus_L	Thalamus_R	Heschl_L	Heschl_R	Temporal_Sup_L	Temporal_Sup_R	Temporal_Pole_Sup_L	Temporal_Pole_Sup_R	Temporal_Mid_L	Temporal_Mid_R	Temporal_Pole_Mid_L	Temporal_Pole_Mid_R	Temporal_Inf_L	Temporal_Inf_R	Cerebelum_Crus1_L	Cerebelum_Crus1_R	Cerebelum_Crus2_L	Cerebelum_Crus2_R	Cerebelum_3_L	Cerebelum_3_R	Cerebelum_4_5_L	Cerebelum_4_5_R	Cerebelum_6_L	Cerebelum_6_R	Cerebelum_7b_L	Cerebelum_7b_R	Cerebelum_8_L	Cerebelum_8_R	Cerebelum_9_L	Cerebelum_9_R	Cerebelum_10_L	Cerebelum_10_R	Vermis_1_2	Vermis_3	Vermis_4_5	Vermis_6	Vermis_7	Vermis_8	Vermis_9	Vermis_10	
317288	Precentral_L	0	978	16618	3330	0	0	20890	112	0	0	11570	530	1058	0	0	0	5454	0	8636	5514	0	0	622	0	0	0	0	0	8134	0	706	0	4296	1108	3716	452	2356	0	158	0	0	0	168	0	0	0	0	0	0	0	2348	0	766	0	1426	0	27624	0	762	0	2004	0	434	0	1778	0	460	0	8302	0	4764	834	2482	0	218	0	1630	516	1380	0	644	0	0	0	2156	0	0	0	1710	0	0	0	0	0	0	0	0	0	0	0	0	0	0	0	0	0	0	0	0	0	0	0	0	0	0	0	
253752	Precentral_R	978	0	2232	12198	0	0	1342	17256	0	0	0	15194	0	678	0	0	0	1818	2684	6638	0	0	324	236	0	0	0	0	0	3936	314	234	0	3572	308	2472	0	384	0	0	0	0	0	960	0	1476	0	0	0	1964	106	184	0	0	124	1754	0	19364	0	0	0	338	0	2794	0	0	0	4094	0	6366	3694	6412	0	876	0	0	0	396	0	0	0	362	0	0	0	1642	0	0	0	1172	0	0	0	0	0	0	0	0	0	0	0	0	0	0	0	0	0	0	0	0	0	0	0	0	0	0	
1.31092e+06	Frontal_Sup_L	16618	2232	0	17674	10018	298	90786	3474	1732	0	8442	4996	25758	2298	9972	150	12324	656	105596	36272	0	0	46614	9240	1540	238	372	0	45454	3424	40434	10092	10908	22182	864	0	3734	0	158	0	0	0	0	0	0	0	0	0	0	0	196	0	0	0	876	0	5978	0	0	0	0	0	1320	0	1508	0	190	0	3626	0	23394	2928	30222	1700	8376	244	19410	320	402	0	2776	0	1134	0	3764	0	0	0	2546	0	0	0	0	0	0	0	0	0	0	0	0	0	0	0	0	0	0	0	0	0	0	0	0	0	0	0	
891928	Frontal_Sup_R	3330	12198	17674	0	0	10892	2376	42674	0	830	0	13216	0	13332	0	3534	114	6160	29428	60350	0	0	9784	35440	208	4788	0	1966	192	24562	6112	30744	3108	29584	972	2564	440	6774	220	576	0	0	0	358	0	320	130	140	0	444	680	0	228	0	358	1128	0	760	0	0	0	0	0	0	0	0	364	642	560	656	8454	23584	754	19800	0	3420	194	7752	0	156	0	0	0	0	336	338	0	0	148	118	0	0	0	0	0	0	0	0	0	0	0	0	0	0	0	0	0	0	0	0	0	0	0	0	0	0	
105608	Frontal_Sup_Orb_L	0	0	10018	0	0	0	1432	0	6396	0	308	0	2248	0	7394	0	0	0	428	0	370	0	3780	0	2978	0	2196	0	5744	0	4026	0	0	0	0	0	0	0	0	0	0	0	0	0	0	0	0	0	0	0	0	0	0	0	0	0	0	0	0	0	0	0	0	0	0	0	0	0	0	0	286	0	5090	0	0	0	0	0	0	0	0	0	110	0	0	0	0	0	0	0	0	0	0	0	0	0	0	0	0	0	0	0	0	0	0	0	0	0	0	0	0	0	0	0	0	0	
154392	Frontal_Sup_Orb_R	0	0	298	10892	0	0	0	2300	0	3082	0	470	0	1688	0	2170	0	0	1038	2058	0	606	442	9036	1106	10886	0	9032	0	4204	1400	4702	0	570	0	0	0	0	0	0	0	0	0	0	0	0	0	0	0	0	0	0	0	0	0	0	0	0	0	0	0	0	0	0	0	0	0	0	0	0	0	4374	0	6842	0	0	0	0	0	0	0	0	0	0	0	0	0	0	0	0	0	0	0	0	0	0	0	0	0	0	0	0	0	0	0	0	0	0	0	0	0	0	0	0	0	0	
587248	Frontal_Mid_L	20890	1342	90786	2376	1432	0	0	562	2356	0	12004	2776	38736	1552	5456	0	6464	0	10540	3086	0	0	15856	2814	0	0	0	0	29468	440	11448	1930	2152	3332	126	112	1082	0	132	0	0	0	0	0	0	0	0	0	0	0	254	0	0	0	250	0	2448	0	118	0	182	0	396	0	956	0	0	0	304	0	9670	970	3806	106	0	0	1848	284	128	0	552	0	926	0	790	0	0	0	386	0	0	0	0	0	0	0	0	0	0	0	0	0	0	0	0	0	0	0	0	0	0	0	0	0	0	0	
324068	Frontal_Mid_R	112	17256	3474	42674	0	2300	562	0	0	1806	0	14914	0	14728	0	4994	0	3344	5496	6324	0	206	1702	3560	0	0	0	282	0	10582	1610	1812	304	4870	0	0	0	162	0	0	0	0	0	0	0	0	0	0	0	182	0	0	0	0	0	204	0	1276	0	0	0	0	0	0	0	0	0	236	0	164	3974	10276	186	1880	0	0	0	288	0	0	0	0	0	0	0	166	0	0	0	128	0	0	0	0	0	0	0	0	0	0	0	0	0	0	0	0	0	0	0	0	0	0	0	0	0	0	
45080	Frontal_Mid_Orb_L	0	0	1732	0	6396	0	2356	0	0	0	0	0	3850	0	7102	0	0	0	0	0	0	0	0	0	264	0	156	0	684	0	0	0	0	0	0	0	0	0	0	0	0	0	0	0	0	0	0	0	0	0	0	0	0	0	0	0	0	0	0	0	0	0	0	0	0	0	0	0	0	0	0	0	0	0	0	0	0	0	0	0	0	0	0	0	0	0	0	0	0	0	0	0	0	0	0	0	0	0	0	0	0	0	0	0	0	0	0	0	0	0	0	0	0	0	0	0	
20636	Frontal_Mid_Orb_R	0	0	0	830	0	3082	0	1806	0	0	0	0	0	484	0	3170	0	0	0	0	0	0	0	0	0	0	0	0	0	368	0	0	0	0	0	0	0	0	0	0	0	0	0	0	0	0	0	0	0	0	0	0	0	0	0	0	0	0	0	0	0	0	0	0	0	0	0	0	0	0	126	452	0	0	0	0	0	0	0	0	0	0	0	0	0	0	0	0	0	0	0	0	0	0	0	0	0	0	0	0	0	0	0	0	0	0	0	0	0	0	0	0	0	0	0	0	
182812	Frontal_Inf_Oper_L	11570	0	8442	0	308	0	12004	0	0	0	0	0	14068	0	336	0	9044	0	2996	118	0	0	666	0	0	0	0	0	21244	0	704	0	0	158	0	0	132	0	0	0	0	0	0	0	0	0	0	0	0	0	0	0	0	0	0	0	3166	0	0	0	0	0	0	0	0	0	0	0	0	0	586	0	3178	0	0	0	0	0	0	0	1304	0	1228	0	0	0	0	0	154	0	0	0	0	0	0	0	0	0	0	0	0	0	0	0	0	0	0	0	0	0	0	0	0	0	0	0	
320620	Frontal_Inf_Oper_R	530	15194	4996	13216	0	470	2776	14914	0	0	0	0	0	18624	0	0	0	8310	7924	11704	0	0	908	1416	0	0	0	0	0	25720	628	750	374	3048	0	0	0	972	0	462	0	0	0	170	0	0	0	0	0	0	0	0	0	0	0	908	0	1452	0	0	0	0	0	0	0	0	0	0	0	0	8316	7826	208	7824	0	0	114	0	0	0	0	0	0	138	0	290	0	0	0	128	0	0	0	0	0	0	0	0	0	0	0	0	0	0	0	0	0	0	0	0	0	0	0	0	0	0	
265968	Frontal_Inf_Tri_L	1058	0	25758	0	2248	0	38736	0	3850	0	14068	0	0	0	8734	0	1232	0	2570	0	0	0	856	0	0	0	0	0	29388	0	1302	0	0	0	0	0	0	0	0	0	0	0	0	0	0	0	0	0	0	0	0	0	0	0	0	0	0	0	0	0	0	0	0	0	0	0	0	0	0	0	0	0	806	0	0	0	0	0	0	0	0	0	2378	0	0	0	0	0	0	0	0	0	0	0	0	0	0	0	0	0	0	0	0	0	0	0	0	0	0	0	0	0	0	0	0	0	
224544	Frontal_Inf_Tri_R	0	678	2298	13332	0	1688	1552	14728	0	484	0	18624	0	0	0	4412	0	1076	2922	3236	0	0	492	2520	0	0	0	122	0	22716	858	2948	188	2360	0	0	0	296	0	126	0	0	0	0	0	0	0	0	0	0	0	0	0	0	0	236	0	264	0	0	0	0	0	0	0	0	0	0	0	0	5238	5188	248	3442	0	0	0	0	0	0	0	0	0	0	0	0	0	0	0	0	0	0	0	0	0	0	0	0	0	0	0	0	0	0	0	0	0	0	0	0	0	0	0	0	0	0	
100312	Frontal_Inf_Orb_L	0	0	9972	0	7394	0	5456	0	7102	0	336	0	8734	0	0	0	110	0	106	0	352	0	188	0	0	0	126	0	8374	0	140	0	0	0	0	0	0	0	0	0	0	0	0	0	0	0	0	0	0	0	0	0	0	0	0	0	0	0	0	0	0	0	0	0	0	0	0	0	0	0	0	0	894	0	0	0	0	0	0	0	0	0	872	0	0	0	0	0	0	0	0	0	0	0	0	0	0	0	0	0	0	0	0	0	0	0	0	0	0	0	0	0	0	0	0	0	
70924	Frontal_Inf_Orb_R	0	0	150	3534	0	2170	0	4994	0	3170	0	0	0	4412	0	0	0	0	244	238	0	1088	0	340	0	0	0	1454	0	7520	124	328	0	252	0	0	0	192	0	0	0	0	0	0	0	0	0	0	0	0	0	0	0	0	0	0	0	0	0	0	0	0	0	0	0	0	0	0	0	0	578	2034	0	2640	0	0	0	0	0	0	0	0	0	0	0	0	0	0	0	0	0	0	0	0	0	0	0	0	0	0	0	0	0	0	0	0	0	0	0	0	0	0	0	0	0	0	
211004	Rolandic_Oper_L	5454	0	12324	114	0	0	6464	0	0	0	9044	0	1232	0	110	0	0	0	5368	0	0	0	1602	276	0	0	0	0	26326	0	130	0	0	200	0	0	952	0	0	0	0	0	0	0	0	0	0	0	0	0	842	0	490	0	566	0	8396	0	0	0	140	0	2234	0	202	0	0	0	0	0	968	0	5038	0	614	0	0	0	3146	0	8704	0	1364	0	1516	0	0	0	1686	0	0	0	0	0	0	0	0	0	0	0	0	0	0	0	0	0	0	0	0	0	0	0	0	0	0	0	
135120	Rolandic_Oper_R	0	1818	656	6160	0	0	0	3344	0	0	0	8310	0	1076	0	0	0	0	1282	5868	0	0	0	0	0	0	0	0	0	18778	0	0	226	302	0	0	0	0	0	0	0	0	0	0	0	0	0	0	0	158	0	0	0	0	0	128	0	4640	0	246	0	278	0	3076	0	112	0	704	0	818	0	636	0	2688	0	0	0	0	0	2712	0	3364	0	180	0	0	0	0	0	0	0	0	0	0	0	0	0	0	0	0	0	0	0	0	0	0	0	0	0	0	0	0	0	0	0	0	
947172	Supp_Motor_Area_L	8636	2684	105596	29428	428	1038	10540	5496	0	0	2996	7924	2570	2922	106	244	5368	1282	0	72488	0	0	12756	8054	0	666	0	150	11200	7898	16358	15642	15802	49344	2718	1334	2894	0	0	0	0	0	136	0	426	0	0	0	0	0	0	0	0	0	0	0	1506	106	0	0	0	0	190	0	0	0	328	190	4160	108	18444	5598	14938	3154	7308	366	10864	214	0	0	988	0	0	0	0	0	0	0	0	0	0	0	0	0	0	0	0	0	0	0	0	0	0	0	0	0	0	0	0	0	0	0	0	0	0	0	
941636	Supp_Motor_Area_R	5514	6638	36272	60350	0	2058	3086	6324	0	0	118	11704	0	3236	0	238	0	5868	72488	0	0	0	9858	12826	0	1168	0	250	262	16880	11426	19354	10002	65246	832	9582	152	3306	0	520	0	152	0	476	0	654	0	146	0	724	0	156	0	0	0	984	0	360	0	0	0	0	0	148	0	0	0	6870	1560	10150	10104	28616	784	15202	0	2228	196	14258	0	0	0	144	0	186	0	790	0	0	0	372	0	0	0	0	0	0	0	0	0	0	0	0	0	0	0	0	0	0	0	0	0	0	0	0	0	0	
87500	Olfactory_L	0	0	0	0	370	0	0	0	0	0	0	0	0	0	352	0	0	0	0	0	0	6104	0	0	0	206	4038	3510	1368	0	5164	5102	0	0	0	0	266	0	578	0	438	0	0	0	0	0	0	0	0	0	0	0	0	0	112	0	0	0	0	0	0	0	0	0	0	0	0	0	0	0	6726	4402	3396	1416	0	0	0	0	0	0	0	0	202	0	0	0	0	0	0	0	0	0	0	0	0	0	0	0	0	0	0	0	0	0	0	0	0	0	0	0	0	0	0	0	0	0	
84200	Olfactory_R	0	0	0	0	0	606	0	206	0	0	0	0	0	0	0	1088	0	0	0	0	6104	0	0	0	0	566	3040	4472	0	1822	3584	4384	0	0	0	0	0	0	0	0	0	304	0	0	0	0	0	0	0	0	0	0	0	0	0	0	0	0	0	0	0	0	0	0	0	0	0	0	0	0	6524	4992	3200	1208	0	0	0	0	0	0	0	0	0	0	0	0	0	0	0	0	0	0	0	0	0	0	0	0	0	0	0	0	0	0	0	0	0	0	0	0	0	0	0	0	0	0	
494436	Frontal_Sup_Medial_L	622	324	46614	9784	3780	442	15856	1702	0	0	666	908	856	492	188	0	1602	0	12756	9858	0	0	0	27202	2296	1216	820	422	3092	860	44424	21424	10694	18632	0	0	0	0	0	0	0	0	0	0	0	0	0	0	0	0	0	0	0	0	0	0	124	0	0	0	0	0	0	0	0	0	0	0	0	0	3630	996	4508	312	0	0	0	0	0	0	116	0	0	0	0	0	0	0	0	0	0	0	0	0	0	0	0	0	0	0	0	0	0	0	0	0	0	0	0	0	0	0	0	0	0	0	
416132	Frontal_Sup_Medial_R	0	236	9240	35440	0	9036	2814	3560	0	0	0	1416	0	2520	0	340	276	0	8054	12826	0	0	27202	0	828	8212	0	2780	424	4666	13488	29938	1620	18648	0	0	0	0	0	0	0	0	0	0	0	0	0	0	0	0	0	0	0	0	0	0	0	0	0	0	0	0	0	0	0	0	0	0	0	0	1564	7484	0	5284	0	170	0	0	0	0	0	0	0	0	0	0	0	0	0	0	0	0	0	0	0	0	0	0	0	0	0	0	0	0	0	0	0	0	0	0	0	0	0	0	0	0	
37816	Frontal_Med_Orb_L	0	0	1540	208	2978	1106	0	0	264	0	0	0	0	0	0	0	0	0	0	0	0	0	2296	828	0	2376	1472	566	126	0	4180	478	0	0	0	0	0	0	0	0	0	0	0	0	0	0	0	0	0	0	0	0	0	0	0	0	0	0	0	0	0	0	0	0	0	0	0	0	0	0	0	0	490	0	0	0	0	0	0	0	0	0	0	0	0	0	0	0	0	0	0	0	0	0	0	0	0	0	0	0	0	0	0	0	0	0	0	0	0	0	0	0	0	0	0	0	
122228	Frontal_Med_Orb_R	0	0	238	4788	0	10886	0	0	0	0	0	0	0	0	0	0	0	0	666	1168	206	566	1216	8212	2376	0	170	9052	0	724	4526	7538	0	452	0	0	0	0	0	0	0	0	0	0	0	0	0	0	0	0	0	0	0	0	0	0	0	0	0	0	0	0	0	0	0	0	0	0	0	0	132	2472	0	5726	0	0	0	0	0	0	0	0	0	0	0	0	0	0	0	0	0	0	0	0	0	0	0	0	0	0	0	0	0	0	0	0	0	0	0	0	0	0	0	0	0	0	
61932	Rectus_L	0	0	372	0	2196	0	0	0	156	0	0	0	0	0	126	0	0	0	0	0	4038	3040	820	0	1472	170	0	2546	0	0	5444	2998	0	0	0	0	0	0	0	0	0	0	0	0	0	0	0	0	0	0	0	0	0	0	0	0	0	0	0	0	0	0	0	0	0	0	0	0	0	0	3592	1784	1890	322	0	0	0	0	0	0	0	0	0	0	0	0	0	0	0	0	0	0	0	0	0	0	0	0	0	0	0	0	0	0	0	0	0	0	0	0	0	0	0	0	0	0	
117956	Rectus_R	0	0	0	1966	0	9032	0	282	0	0	0	0	0	122	0	1454	0	0	150	250	3510	4472	422	2780	566	9052	2546	0	0	1290	3936	6680	0	230	0	0	0	0	0	0	0	0	0	0	0	0	0	0	0	0	0	0	0	0	0	0	0	0	0	0	0	0	0	0	0	0	0	0	0	0	2916	3590	1476	2256	0	0	0	0	0	0	0	0	0	0	0	0	0	0	0	0	0	0	0	0	0	0	0	0	0	0	0	0	0	0	0	0	0	0	0	0	0	0	0	0	0	0	
518328	Insula_L	8134	0	45454	192	5744	0	29468	0	684	0	21244	0	29388	0	8374	0	26326	0	11200	262	1368	0	3092	424	126	0	0	0	0	0	1772	258	122	440	0	0	5504	0	724	0	702	0	0	0	0	0	0	0	0	0	486	0	0	0	2912	0	6238	0	108	0	192	0	2152	0	202	0	604	0	442	0	1166	0	21606	0	138	0	0	0	4040	0	9770	0	2822	0	628	0	0	0	4656	0	0	0	0	0	0	0	0	0	0	0	0	0	0	0	0	0	0	0	0	0	0	0	0	0	0	0	
456632	Insula_R	0	3936	3424	24562	0	4204	440	10582	0	368	0	25720	0	22716	0	7520	0	18778	7898	16880	0	1822	860	4666	0	724	0	1290	0	0	1400	4874	636	4868	0	0	0	3660	0	1080	0	972	0	184	0	0	0	0	0	0	0	0	0	0	0	2066	0	2374	0	0	0	0	0	0	0	0	0	0	0	0	2324	9660	0	30230	0	236	0	0	0	2184	0	2908	0	1346	0	592	0	0	0	332	0	0	0	0	0	0	0	0	0	0	0	0	0	0	0	0	0	0	0	0	0	0	0	0	0	0	
571172	Cingulum_Ant_L	706	314	40434	6112	4026	1400	11448	1610	0	0	704	628	1302	858	140	124	130	0	16358	11426	5164	3584	44424	13488	4180	4526	5444	3936	1772	1400	0	32030	15362	18588	0	0	0	0	0	0	0	0	0	0	0	0	0	0	0	0	0	0	0	0	0	0	0	0	0	0	0	0	0	0	0	0	0	0	0	0	15004	4704	12164	1990	0	106	0	0	0	0	0	0	0	0	0	0	0	0	0	0	0	0	0	0	0	0	0	0	0	0	0	0	0	0	0	0	0	0	0	0	0	0	0	0	0	0	
596976	Cingulum_Ant_R	0	234	10092	30744	0	4702	1930	1812	0	0	0	750	0	2948	0	328	0	0	15642	19354	5102	4384	21424	29938	478	7538	2998	6680	258	4874	32030	0	12144	36498	0	0	0	0	0	0	0	0	0	0	0	0	0	0	0	0	0	0	0	0	0	0	0	0	0	0	0	0	0	0	0	0	0	0	0	0	8074	24102	2358	10328	0	634	0	110	0	0	0	0	0	0	0	0	0	0	0	0	0	0	0	0	0	0	0	0	0	0	0	0	0	0	0	0	0	0	0	0	0	0	0	0	0	0	
273076	Cingulum_Mid_L	4296	0	10908	3108	0	0	2152	304	0	0	0	374	0	188	0	0	0	226	15802	10002	0	0	10694	1620	0	0	0	0	122	636	15362	12144	0	28346	3712	1516	0	0	0	0	0	0	244	0	1084	538	0	0	0	408	714	160	166	0	116	0	124	0	0	0	0	0	0	0	0	132	2688	2166	5580	440	232	118	0	0	0	0	0	0	0	0	0	0	0	0	116	0	0	0	0	0	0	0	0	0	0	0	0	0	0	0	0	0	0	0	0	0	0	0	0	0	0	0	0	0	0	0	
725652	Cingulum_Mid_R	1108	3572	22182	29584	0	570	3332	4870	0	0	158	3048	0	2360	0	252	200	302	49344	65246	0	0	18632	18648	0	452	0	230	440	4868	18588	36498	28346	0	648	12246	0	0	0	0	0	0	0	438	0	1446	0	0	0	948	0	116	0	0	0	312	0	654	0	0	0	0	0	0	0	0	114	12738	850	8968	6056	2682	188	1174	0	0	0	0	0	0	0	0	0	0	0	418	0	0	0	0	0	0	0	0	0	0	0	0	0	0	0	0	0	0	0	0	0	0	0	0	0	0	0	0	0	0	
107040	Cingulum_Post_L	3716	308	864	972	0	0	126	0	0	0	0	0	0	0	0	0	0	0	2718	832	0	0	0	0	0	0	0	0	0	0	0	0	3712	648	0	6894	6352	1340	2426	0	0	0	4060	0	630	0	1182	0	0	0	848	0	556	0	766	0	0	0	0	0	0	0	0	0	0	0	6506	706	1914	0	0	368	0	0	0	0	1438	2918	0	0	0	0	0	0	438	0	0	0	282	0	0	0	0	0	0	0	0	0	0	0	0	0	0	0	0	0	0	0	0	0	0	0	0	0	0	0	
132760	Cingulum_Post_R	452	2472	0	2564	0	0	112	0	0	0	0	0	0	0	0	0	0	0	1334	9582	0	0	0	0	0	0	0	0	0	0	0	0	1516	12246	6894	0	3668	3592	862	384	0	0	0	1476	0	558	286	1624	0	122	0	0	0	0	0	1056	0	0	0	0	0	0	0	0	0	0	966	7388	160	1538	0	210	0	144	0	0	1078	2944	0	0	0	0	0	0	0	708	0	0	0	230	0	0	0	0	0	0	0	0	0	0	0	0	0	0	0	0	0	0	0	0	214	0	0	0	0	0	
168524	Hippocampus_L	2356	0	3734	440	0	0	1082	0	0	0	132	0	0	0	0	0	952	0	2894	152	266	0	0	0	0	0	0	0	5504	0	0	0	0	0	6352	3668	0	1358	9062	0	6770	0	1706	0	0	0	2616	132	0	0	0	0	0	0	8078	0	654	0	0	0	0	0	0	0	0	0	3250	456	0	0	338	276	6812	0	564	0	2884	2992	1376	0	916	0	538	0	458	0	0	0	5128	0	0	0	0	0	0	0	0	0	0	0	0	0	0	0	0	0	0	0	0	366	0	0	0	0	0	0	
197528	Hippocampus_R	0	384	0	6774	0	0	0	162	0	0	0	972	0	296	0	192	0	0	0	3306	0	0	0	0	0	0	0	0	0	3660	0	0	0	0	1340	3592	1358	0	766	15374	0	9192	0	1534	0	0	272	4326	0	0	0	0	0	146	0	18680	0	0	0	0	0	0	0	0	0	0	588	3648	0	0	0	296	0	12684	0	660	0	3578	0	194	0	368	0	1650	0	208	0	0	0	1736	0	0	0	0	0	0	0	466	0	0	0	0	0	0	0	0	0	0	0	0	362	0	0	0	0	0	
71276	ParaHippocampal_L	158	0	158	220	0	0	132	0	0	0	0	0	0	0	0	0	0	0	0	0	578	0	0	0	0	0	0	0	724	0	0	0	0	0	2426	862	9062	766	0	0	2442	0	1276	0	0	0	3464	364	0	0	372	0	388	0	5214	0	0	0	0	0	0	0	0	0	0	0	2470	146	0	0	0	0	726	0	0	0	0	672	222	0	0	0	954	0	144	0	204	0	860	0	0	0	0	0	0	0	0	0	0	0	0	0	0	0	0	0	0	0	0	634	0	0	0	0	0	0	
108144	ParaHippocampal_R	0	0	0	576	0	0	0	0	0	0	0	462	0	126	0	0	0	0	0	520	0	0	0	0	0	0	0	0	0	1080	0	0	0	0	0	384	0	15374	0	0	0	5960	0	1398	0	0	0	3850	0	0	0	0	0	190	0	13214	0	0	0	0	0	0	0	0	0	0	0	1016	0	0	0	278	0	3820	0	118	0	462	0	0	0	0	0	3518	0	0	0	1108	0	174	0	0	0	0	0	0	0	444	0	0	0	0	0	0	0	0	0	0	0	0	0	0	0	0	0	0	
30996	Amygdala_L	0	0	0	0	0	0	0	0	0	0	0	0	0	0	0	0	0	0	0	0	438	0	0	0	0	0	0	0	702	0	0	0	0	0	0	0	6770	0	2442	0	0	0	0	0	0	0	0	0	0	0	0	0	0	0	3382	0	0	0	0	0	0	0	0	0	0	0	0	0	0	0	0	0	348	0	0	0	0	0	0	0	0	0	602	0	0	0	0	0	814	0	0	0	0	0	0	0	0	0	0	0	0	0	0	0	0	0	0	0	0	0	0	0	0	0	0	0	
49860	Amygdala_R	0	0	0	0	0	0	0	0	0	0	0	0	0	0	0	0	0	0	0	152	0	304	0	0	0	0	0	0	0	972	0	0	0	0	0	0	0	9192	0	5960	0	0	0	0	0	0	0	0	0	0	0	0	0	0	0	4020	0	0	0	0	0	0	0	0	0	0	0	0	0	0	0	160	0	954	0	0	0	172	0	0	0	0	0	3044	0	0	0	0	0	0	0	0	0	0	0	0	0	0	0	0	0	0	0	0	0	0	0	0	0	0	0	0	0	0	0	0	
190180	Calcarine_L	168	0	0	0	0	0	0	0	0	0	0	0	0	0	0	0	0	0	136	0	0	0	0	0	0	0	0	0	0	0	0	0	244	0	4060	0	1706	0	1276	0	0	0	0	7380	11996	4780	10376	4278	10680	1448	15322	206	4728	0	1772	0	0	0	0	0	0	0	0	0	1282	0	9892	544	2044	0	0	0	0	0	0	0	0	0	0	0	0	0	0	0	654	0	0	0	118	0	0	0	0	0	0	0	0	0	0	0	0	0	0	0	0	0	0	0	0	0	0	0	0	0	0	0	
313804	Calcarine_R	0	960	0	358	0	0	0	0	0	0	0	170	0	0	0	0	0	0	0	476	0	0	0	0	0	0	0	0	0	184	0	0	0	438	0	1476	0	1534	0	1398	0	0	7380	0	3286	30072	572	22276	0	28812	0	11268	0	8440	0	13838	0	0	0	0	0	0	0	284	0	0	144	15946	0	804	0	0	0	0	0	0	0	0	0	0	0	0	0	0	0	4858	0	0	0	1928	0	0	0	0	0	0	0	0	0	0	0	0	0	0	0	0	0	0	0	0	0	0	0	0	0	0	
94508	Cuneus_L	0	0	0	0	0	0	0	0	0	0	0	0	0	0	0	0	0	0	426	0	0	0	0	0	0	0	0	0	0	0	0	0	1084	0	630	0	0	0	0	0	0	0	11996	3286	0	5550	2618	576	10466	1400	3338	114	1090	0	172	0	0	0	112	0	0	0	0	0	0	0	3348	448	600	0	0	0	0	0	0	0	0	0	0	0	0	0	0	0	0	0	0	0	0	0	0	0	0	0	0	0	0	0	0	0	0	0	0	0	0	0	0	0	0	0	0	0	0	0	0	0	
338692	Cuneus_R	0	1476	0	320	0	0	0	0	0	0	0	0	0	0	0	0	0	0	0	654	0	0	0	0	0	0	0	0	0	0	0	0	538	1446	0	558	0	0	0	0	0	0	4780	30072	5550	0	0	7784	0	49748	0	11362	0	3860	0	3698	0	4128	0	1498	0	542	0	1200	0	1750	696	26318	0	7530	0	0	0	0	0	0	0	0	0	0	0	0	0	0	0	2924	0	0	0	914	0	0	0	0	0	0	0	0	0	0	0	0	0	0	0	0	0	0	0	0	0	0	0	0	0	0	
168760	Lingual_L	0	0	0	130	0	0	0	0	0	0	0	0	0	0	0	0	0	0	0	0	0	0	0	0	0	0	0	0	0	0	0	0	0	0	1182	286	2616	272	3464	0	0	0	10376	572	2618	0	0	2194	7764	0	13336	0	9482	0	10962	312	0	0	0	0	0	0	0	0	236	0	2434	0	0	0	0	0	0	0	0	0	0	194	0	0	0	0	0	0	568	0	0	0	388	0	1184	120	0	0	0	238	2950	384	3876	1230	0	0	0	0	0	322	0	0	0	282	1748	2222	214	0	224	0	
243676	Lingual_R	0	0	0	140	0	0	0	0	0	0	0	0	0	0	0	0	0	0	0	146	0	0	0	0	0	0	0	0	0	0	0	0	0	0	0	1624	132	4326	364	3850	0	0	4278	22276	576	7784	2194	0	0	8438	0	1808	0	3866	1184	13644	0	0	0	0	0	0	0	0	0	0	0	7510	0	0	0	0	0	0	0	0	0	436	0	0	0	0	0	0	0	222	0	0	0	0	2996	1984	676	486	138	440	1324	3330	4864	7846	0	0	0	0	0	0	0	0	0	138	3228	7322	2268	0	0	0	
122680	Occipital_Sup_L	0	0	0	0	0	0	0	0	0	0	0	0	0	0	0	0	0	0	0	0	0	0	0	0	0	0	0	0	0	0	0	0	0	0	0	0	0	0	0	0	0	0	10680	0	10466	0	7764	0	0	0	21562	0	4802	0	1220	0	0	0	2342	0	0	0	0	0	0	0	2232	0	272	0	0	0	0	0	0	0	0	0	0	0	0	0	0	0	0	0	0	0	0	0	0	0	0	0	0	0	0	0	0	0	0	0	0	0	0	0	0	0	0	0	0	0	0	0	0	0	
394128	Occipital_Sup_R	0	1964	0	444	0	0	0	182	0	0	0	0	0	0	0	0	0	158	0	724	0	0	0	0	0	0	0	0	0	0	0	0	408	948	0	122	0	0	0	0	0	0	1448	28812	1400	49748	0	8438	0	0	0	25932	0	6106	0	4990	0	6652	0	7426	0	1234	0	1982	0	5006	234	28050	0	9820	0	118	0	0	0	0	0	0	0	0	0	204	0	0	0	3484	0	0	0	1030	0	0	0	0	0	0	0	0	0	0	0	0	0	0	0	0	0	0	0	0	0	0	0	0	0	0	
327800	Occipital_Mid_L	2348	106	196	680	0	0	254	0	0	0	0	0	0	0	0	0	842	0	0	0	0	0	0	0	0	0	0	0	486	0	0	0	714	0	848	0	0	0	372	0	0	0	15322	0	3338	0	13336	0	21562	0	0	0	23852	0	9394	0	6364	0	13034	0	10136	0	556	0	12112	0	9542	0	4764	0	0	220	0	0	0	0	0	204	1294	0	562	0	0	0	10094	0	0	0	1368	0	0	0	0	0	0	0	0	0	0	0	0	0	0	0	0	0	0	0	0	0	0	0	0	0	0	0	
206864	Occipital_Mid_R	0	184	0	0	0	0	0	0	0	0	0	0	0	0	0	0	0	0	0	156	0	0	0	0	0	0	0	0	0	0	0	0	160	116	0	0	0	0	0	0	0	0	206	11268	114	11362	0	1808	0	25932	0	0	0	4974	0	2488	0	1308	0	5942	0	1546	0	404	0	11496	0	9162	0	2564	0	0	0	0	0	0	0	0	0	0	0	200	0	0	0	10876	0	0	0	1166	0	0	0	0	0	0	0	0	0	0	0	0	0	0	0	0	0	0	0	0	0	0	0	0	0	0	
140476	Occipital_Inf_L	766	0	0	228	0	0	0	0	0	0	0	0	0	0	0	0	490	0	0	0	0	0	0	0	0	0	0	0	0	0	0	0	166	0	556	0	0	0	388	0	0	0	4728	0	1090	0	9482	0	4802	0	23852	0	0	0	13438	0	252	0	0	0	0	0	234	0	670	0	1380	0	210	0	0	124	0	0	0	0	0	126	1678	0	522	0	0	0	1568	0	0	0	3076	0	134	0	0	0	0	0	106	0	172	0	0	0	0	0	0	0	0	0	0	0	0	0	0	0	0	0	
91556	Occipital_Inf_R	0	0	0	0	0	0	0	0	0	0	0	0	0	0	0	0	0	0	0	0	0	0	0	0	0	0	0	0	0	0	0	0	0	0	0	0	0	146	0	190	0	0	0	8440	0	3860	0	3866	0	6106	0	4974	0	0	0	9186	0	0	0	0	0	0	0	0	0	0	0	606	0	0	0	0	0	0	0	0	0	0	0	0	0	0	0	0	0	1634	0	0	0	2798	0	360	0	0	0	154	0	906	0	1674	0	0	0	0	0	0	0	0	0	130	408	220	120	0	0	0	
302752	Fusiform_L	1426	124	876	358	0	0	250	0	0	0	0	0	0	0	0	0	566	0	0	0	112	0	0	0	0	0	0	0	2912	0	0	0	116	0	766	0	8078	0	5214	0	3382	0	1772	0	172	0	10962	1184	1220	0	9394	0	13438	0	0	208	286	0	0	0	392	0	626	0	222	0	802	0	362	0	0	114	856	0	0	0	0	126	3028	0	2810	0	2574	0	7192	0	1050	0	18754	0	12720	120	1162	0	0	0	8558	112	18918	1028	328	0	486	0	250	486	0	0	0	0	1702	2618	248	336	580	0	
398040	Fusiform_R	0	1754	0	1128	0	0	0	204	0	0	0	908	0	236	0	0	0	128	0	984	0	0	0	0	0	0	0	0	0	2066	0	0	0	312	0	1056	0	18680	0	13214	0	4020	0	13838	0	3698	312	13644	0	4990	0	2488	0	9186	208	0	0	0	0	0	0	0	0	490	0	0	0	3870	0	412	0	236	0	7414	0	0	0	160	0	108	0	258	0	5556	0	2000	0	2444	0	9592	1420	14518	544	782	0	3578	212	14530	1426	24738	0	0	0	194	0	388	0	0	0	1390	4184	3472	1618	118	314	0	
221580	Postcentral_L	27624	0	5978	0	0	0	2448	0	0	0	3166	0	0	0	0	0	8396	0	1506	0	0	0	124	0	0	0	0	0	6238	0	0	0	124	0	0	0	654	0	0	0	0	0	0	0	0	0	0	0	0	0	6364	0	252	0	286	0	0	0	7450	0	13644	0	3690	0	2646	0	2188	0	5972	0	2362	0	1372	0	486	0	596	0	2386	0	3716	0	0	0	702	0	0	0	420	0	0	0	0	0	0	0	0	0	0	0	0	0	0	0	0	0	0	0	0	0	0	0	0	0	0	0	
198548	Postcentral_R	0	19364	0	760	0	0	0	1276	0	0	0	1452	0	264	0	0	0	4640	106	360	0	0	0	0	0	0	0	0	0	2374	0	0	0	654	0	0	0	0	0	0	0	0	0	0	0	4128	0	0	0	6652	0	1308	0	0	0	0	0	0	0	7482	0	10568	0	14710	0	1480	0	11284	0	7292	0	452	0	454	0	0	0	0	0	224	0	1380	0	0	0	422	0	0	0	188	0	0	0	0	0	0	0	0	0	0	0	0	0	0	0	0	0	0	0	0	0	0	0	0	0	0	
95980	Parietal_Sup_L	762	0	0	0	0	0	118	0	0	0	0	0	0	0	0	0	0	0	0	0	0	0	0	0	0	0	0	0	108	0	0	0	0	0	0	0	0	0	0	0	0	0	0	0	112	0	0	0	2342	0	13034	0	0	0	0	0	7450	0	0	0	9890	0	0	0	3860	0	7410	0	2600	0	0	0	0	0	0	0	0	0	0	0	0	0	0	0	142	0	0	0	162	0	0	0	0	0	0	0	0	0	0	0	0	0	0	0	0	0	0	0	0	0	0	0	0	0	0	0	
93348	Parietal_Sup_R	0	0	0	0	0	0	0	0	0	0	0	0	0	0	0	0	0	246	0	0	0	0	0	0	0	0	0	0	0	0	0	0	0	0	0	0	0	0	0	0	0	0	0	0	0	1498	0	0	0	7426	0	5942	0	0	0	0	0	7482	0	0	0	8126	0	2832	0	5900	0	6088	0	968	0	0	0	0	0	0	0	0	0	0	0	166	0	0	0	0	0	0	0	0	0	0	0	0	0	0	0	0	0	0	0	0	0	0	0	0	0	0	0	0	0	0	0	0	0	0	
144204	Parietal_Inf_L	2004	0	0	0	0	0	182	0	0	0	0	0	0	0	0	0	140	0	0	0	0	0	0	0	0	0	0	0	192	0	0	0	0	0	0	0	0	0	0	0	0	0	0	0	0	0	0	0	0	0	10136	0	0	0	392	0	13644	0	9890	0	0	0	8892	0	16168	0	0	0	1846	0	156	0	0	0	0	0	0	0	0	0	714	0	0	0	6230	0	0	0	1516	0	0	0	0	0	0	0	0	0	0	0	0	0	0	0	0	0	0	0	0	0	0	0	0	0	0	0	
90196	Parietal_Inf_R	0	338	0	0	0	0	0	0	0	0	0	0	0	0	0	0	0	278	0	0	0	0	0	0	0	0	0	0	0	0	0	0	0	0	0	0	0	0	0	0	0	0	0	0	0	542	0	0	0	1234	0	1546	0	0	0	0	0	10568	0	8126	0	0	0	11434	0	9136	0	1060	0	560	0	0	0	0	0	0	0	0	0	0	0	136	0	0	0	140	0	0	0	0	0	0	0	0	0	0	0	0	0	0	0	0	0	0	0	0	0	0	0	0	0	0	0	0	0	0	
84704	SupraMarginal_L	434	0	1320	0	0	0	396	0	0	0	0	0	0	0	0	0	2234	0	190	0	0	0	0	0	0	0	0	0	2152	0	0	0	0	0	0	0	0	0	0	0	0	0	0	0	0	0	0	0	0	0	556	0	234	0	626	0	3690	0	0	0	8892	0	0	0	4320	0	0	0	0	0	402	0	0	0	0	0	0	0	0	0	5302	0	0	0	8472	0	0	0	3132	0	0	0	0	0	0	0	0	0	0	0	0	0	0	0	0	0	0	0	0	0	0	0	0	0	0	0	
112428	SupraMarginal_R	0	2794	0	0	0	0	0	0	0	0	0	0	0	0	0	0	0	3076	0	148	0	0	0	0	0	0	0	0	0	0	0	0	0	0	0	0	0	0	0	0	0	0	0	284	0	1200	0	0	0	1982	0	404	0	0	0	490	0	14710	0	2832	0	11434	0	0	0	4346	0	4054	0	3184	0	0	0	0	0	0	0	0	0	0	0	4238	0	0	0	826	0	0	0	212	0	0	0	0	0	0	0	0	0	0	0	0	0	0	0	0	0	0	0	0	0	0	0	0	0	0	
108184	Angular_L	1778	0	1508	0	0	0	956	0	0	0	0	0	0	0	0	0	202	0	0	0	0	0	0	0	0	0	0	0	202	0	0	0	0	0	0	0	0	0	0	0	0	0	1282	0	0	0	236	0	0	0	12112	0	670	0	222	0	2646	0	3860	0	16168	0	4320	0	0	0	146	0	178	0	256	0	208	0	0	0	0	0	0	0	1214	0	0	0	5672	0	0	0	256	0	0	0	0	0	0	0	0	0	0	0	0	0	0	0	0	0	0	0	0	0	0	0	0	0	0	0	
92164	Angular_R	0	0	0	0	0	0	0	0	0	0	0	0	0	0	0	0	0	112	0	0	0	0	0	0	0	0	0	0	0	0	0	0	132	0	0	0	0	0	0	0	0	0	0	0	0	1750	0	0	0	5006	0	11496	0	0	0	0	0	1480	0	5900	0	9136	0	4346	0	0	0	1978	0	524	0	0	0	0	0	0	0	0	0	0	0	1868	0	0	0	2354	0	0	0	0	0	0	0	0	0	0	0	0	0	0	0	0	0	0	0	0	0	0	0	0	0	0	0	0	0	0	
131708	Precuneus_L	460	0	190	364	0	0	0	0	0	0	0	0	0	0	0	0	0	0	328	0	0	0	0	0	0	0	0	0	604	0	0	0	2688	114	6506	966	3250	588	2470	0	0	0	9892	144	3348	696	2434	0	2232	234	9542	0	1380	0	802	0	2188	0	7410	0	0	0	0	0	146	0	0	1768	3566	224	0	110	0	0	0	0	0	606	0	0	0	0	0	0	350	0	0	0	254	0	0	0	0	0	0	0	0	0	0	0	0	0	0	0	0	0	0	0	0	0	0	0	0	0	0	0	
381656	Precuneus_R	0	4094	0	642	0	0	0	236	0	0	0	0	0	0	0	0	0	704	190	6870	0	0	0	0	0	0	0	0	0	0	0	0	2166	12738	706	7388	456	3648	146	1016	0	0	544	15946	448	26318	0	7510	0	28050	0	9162	0	606	0	3870	0	11284	0	6088	0	1060	0	4054	0	1978	1768	0	496	21714	0	128	0	0	0	0	0	378	0	0	0	1036	0	0	0	5146	0	0	0	1746	0	0	0	0	0	0	0	132	0	0	0	0	0	0	0	0	0	0	0	0	366	0	0	0	0	0	
105264	Paracentral_Lobule_L	8302	0	3626	560	0	0	304	0	0	0	0	0	0	0	0	0	0	0	4160	1560	0	0	0	0	0	0	0	0	442	0	0	0	5580	850	1914	160	0	0	0	0	0	0	2044	0	600	0	0	0	272	0	4764	0	210	0	362	0	5972	0	2600	0	1846	0	0	0	178	0	3566	496	0	630	0	158	0	0	0	0	0	112	0	0	106	0	0	0	704	0	0	0	554	0	0	0	0	0	0	0	0	0	0	0	0	0	0	0	0	0	0	0	0	0	0	0	0	0	0	0	
179568	Paracentral_Lobule_R	0	6366	0	656	0	0	0	164	0	0	0	0	0	0	0	0	0	818	108	10150	0	0	0	0	0	0	0	0	0	0	0	0	440	8968	0	1538	0	0	0	0	0	0	0	804	0	7530	0	0	0	9820	0	2564	0	0	0	412	0	7292	0	968	0	560	0	3184	0	524	224	21714	630	0	0	0	0	0	0	0	0	0	0	0	0	1154	0	0	0	2332	0	0	0	864	0	0	0	0	0	0	0	0	0	0	0	0	0	0	0	0	0	0	0	0	0	0	0	0	0	0	
401220	Caudate_L	4764	3694	23394	8454	286	0	9670	3974	0	126	586	8316	0	5238	0	578	968	0	18444	10104	6726	6524	3630	1564	0	132	3592	2916	1166	2324	15004	8074	232	6056	0	0	338	0	0	0	0	0	0	0	0	0	0	0	0	0	0	0	0	0	0	0	2362	0	0	0	156	0	402	0	256	0	0	0	0	0	0	13032	16690	3812	2616	480	3750	0	180	0	0	0	0	0	0	0	0	0	0	0	0	0	0	0	0	0	0	0	0	0	0	0	0	0	0	0	0	0	0	0	0	0	0	0	0	0	
454020	Caudate_R	834	6412	2928	23584	0	4374	970	10276	0	452	0	7826	0	5188	0	2034	0	636	5598	28616	4402	4992	996	7484	0	2472	1784	3590	0	9660	4704	24102	118	2682	368	210	276	296	0	278	0	160	0	0	0	0	0	0	0	118	220	0	124	0	114	236	0	452	0	0	0	0	0	0	0	0	110	128	158	0	13032	0	4194	15910	0	2884	278	20486	0	0	0	0	0	142	0	122	0	0	0	0	0	0	0	0	0	0	0	0	0	0	0	0	0	0	0	0	0	0	0	0	0	0	0	0	0	0	
336520	Putamen_L	2482	0	30222	754	5090	0	3806	186	0	0	3178	208	806	248	894	0	5038	0	14938	784	3396	3200	4508	0	490	0	1890	1476	21606	0	12164	2358	0	188	0	0	6812	0	726	0	348	0	0	0	0	0	0	0	0	0	0	0	0	0	856	0	1372	0	0	0	0	0	0	0	208	0	0	0	0	0	16690	4194	0	1810	6452	382	2068	0	546	0	3316	0	326	0	482	0	0	0	1762	0	0	0	0	0	0	0	0	0	0	0	0	0	0	0	0	0	0	0	0	0	0	0	0	0	0	0	
358136	Putamen_R	0	876	1700	19800	0	6842	106	1880	0	0	0	7824	0	3442	0	2640	0	2688	3154	15202	1416	1208	312	5284	0	5726	322	2256	0	30230	1990	10328	0	1174	0	144	0	12684	0	3820	0	954	0	0	0	0	0	0	0	0	0	0	0	0	0	7414	0	454	0	0	0	0	0	0	0	0	0	0	0	0	3812	15910	1810	0	0	3758	0	560	0	146	0	110	0	178	0	222	0	0	0	692	0	0	0	0	0	0	0	0	0	0	0	0	0	0	0	0	0	0	0	0	0	0	0	0	0	0	
57128	Pallidum_L	218	0	8376	0	0	0	0	0	0	0	0	0	0	0	0	0	614	0	7308	0	0	0	0	0	0	0	0	0	138	0	0	0	0	0	0	0	564	0	0	0	0	0	0	0	0	0	0	0	0	0	0	0	0	0	0	0	486	0	0	0	0	0	0	0	0	0	0	0	0	0	2616	0	6452	0	0	0	1620	0	172	0	0	0	0	0	0	0	0	0	0	0	0	0	0	0	0	0	0	0	0	0	0	0	0	0	0	0	0	0	0	0	0	0	0	0	0	0	
31372	Pallidum_R	0	0	244	3420	0	0	0	0	0	0	0	0	0	0	0	0	0	0	366	2228	0	0	0	170	0	0	0	0	0	236	106	634	0	0	0	0	0	660	0	118	0	0	0	0	0	0	0	0	0	0	0	0	0	0	0	0	0	0	0	0	0	0	0	0	0	0	0	0	0	0	480	2884	382	3758	0	0	0	0	0	0	0	0	0	0	0	0	0	0	0	0	0	0	0	0	0	0	0	0	0	0	0	0	0	0	0	0	0	0	0	0	0	0	0	0	0	0	
100968	Thalamus_L	1630	0	19410	194	0	0	1848	0	0	0	0	114	0	0	0	0	0	0	10864	196	0	0	0	0	0	0	0	0	0	0	0	0	0	0	1438	1078	2884	0	0	0	0	0	0	0	0	0	0	0	0	0	0	0	0	0	0	0	596	0	0	0	0	0	0	0	0	0	0	0	0	0	3750	278	2068	0	1620	0	0	2516	0	0	0	0	0	0	0	0	0	0	0	0	0	0	0	0	0	0	0	0	0	0	0	0	0	0	0	0	0	0	0	0	0	0	0	0	0	0	
127848	Thalamus_R	516	396	320	7752	0	0	284	288	0	0	0	0	0	0	0	0	0	0	214	14258	0	0	0	0	0	0	0	0	0	0	0	110	0	0	2918	2944	2992	3578	672	462	0	172	0	0	0	0	194	436	0	0	204	0	126	0	126	160	0	0	0	0	0	0	0	0	0	0	606	378	112	0	0	20486	0	560	0	0	2516	0	0	0	0	0	0	144	0	0	0	0	0	0	0	0	0	0	0	0	0	0	0	0	0	0	0	0	0	0	0	0	0	0	0	0	0	0	0	0	
56428	Heschl_L	1380	0	402	0	0	0	128	0	0	0	0	0	0	0	0	0	3146	0	0	0	0	0	0	0	0	0	0	0	4040	0	0	0	0	0	0	0	1376	0	222	0	0	0	0	0	0	0	0	0	0	0	1294	0	1678	0	3028	0	2386	0	0	0	0	0	0	0	0	0	0	0	0	0	180	0	546	0	172	0	0	0	0	0	3382	0	0	0	1978	0	0	0	2876	0	0	0	0	0	0	0	0	0	0	0	0	0	0	0	0	0	0	0	0	0	0	0	0	0	0	0	
16216	Heschl_R	0	0	0	156	0	0	0	0	0	0	0	0	0	0	0	0	0	2712	0	0	0	0	0	0	0	0	0	0	0	2184	0	0	0	0	0	0	0	194	0	0	0	0	0	0	0	0	0	0	0	0	0	0	0	0	0	108	0	224	0	0	0	0	0	0	0	0	0	0	0	0	0	0	0	146	0	0	0	0	0	0	0	2056	0	0	0	328	0	0	0	0	0	0	0	0	0	0	0	0	0	0	0	0	0	0	0	0	0	0	0	0	0	0	0	0	0	0	
150508	Temporal_Sup_L	644	0	2776	0	0	0	552	0	0	0	1304	0	0	0	0	0	8704	0	988	0	0	0	116	0	0	0	0	0	9770	0	0	0	0	0	0	0	916	0	0	0	0	0	0	0	0	0	0	0	0	0	562	0	522	0	2810	0	3716	0	0	0	714	0	5302	0	1214	0	0	0	106	0	0	0	3316	0	0	0	0	0	3382	0	0	0	2158	0	16082	0	0	0	9600	0	0	0	0	0	0	0	0	0	0	0	0	0	0	0	0	0	0	0	0	0	0	0	0	0	0	0	
60388	Temporal_Sup_R	0	362	0	0	0	0	0	0	0	0	0	0	0	0	0	0	0	3364	0	144	0	0	0	0	0	0	0	0	0	2908	0	0	0	0	0	0	0	368	0	0	0	0	0	0	0	0	0	0	0	204	0	200	0	0	0	258	0	1380	0	166	0	136	0	4238	0	1868	0	1036	0	1154	0	0	0	110	0	0	0	0	0	2056	0	0	0	1914	0	7176	0	190	0	962	0	0	0	0	0	0	0	0	0	0	0	0	0	0	0	0	0	0	0	0	0	0	0	0	0	0	
69212	Temporal_Pole_Sup_L	0	0	1134	0	110	0	926	0	0	0	1228	0	2378	0	872	0	1364	0	0	0	202	0	0	0	0	0	0	0	2822	0	0	0	0	0	0	0	538	0	954	0	602	0	0	0	0	0	0	0	0	0	0	0	0	0	2574	0	0	0	0	0	0	0	0	0	0	0	0	0	0	0	0	0	326	0	0	0	0	0	0	0	2158	0	0	0	6462	0	2708	0	7248	0	0	0	0	0	0	0	0	0	0	0	0	0	0	0	0	0	0	0	0	0	0	0	0	0	0	0	
50472	Temporal_Pole_Sup_R	0	0	0	0	0	0	0	0	0	0	0	138	0	0	0	0	0	180	0	186	0	0	0	0	0	0	0	0	0	1346	0	0	0	0	0	0	0	1650	0	3518	0	3044	0	0	0	0	0	0	0	0	0	0	0	0	0	5556	0	0	0	0	0	0	0	0	0	0	0	0	0	0	0	142	0	178	0	0	0	144	0	0	0	1914	0	0	0	1516	0	3072	0	2652	0	0	0	0	0	0	0	0	0	0	0	0	0	0	0	0	0	0	0	0	0	0	0	0	0	0	
216816	Temporal_Mid_L	2156	0	3764	336	0	0	790	0	0	0	0	0	0	0	0	0	1516	0	0	0	0	0	0	0	0	0	0	0	628	0	0	0	116	0	438	0	458	0	144	0	0	0	654	0	0	0	568	0	0	0	10094	0	1568	0	7192	0	702	0	142	0	6230	0	8472	0	5672	0	350	0	704	0	0	0	482	0	0	0	0	0	1978	0	16082	0	6462	0	0	0	2778	0	27932	0	0	0	0	0	0	0	0	0	0	0	0	0	0	0	0	0	0	0	0	0	0	0	0	0	0	0	
140156	Temporal_Mid_R	0	1642	0	338	0	0	0	166	0	0	0	290	0	0	0	0	0	0	0	790	0	0	0	0	0	0	0	0	0	592	0	0	0	418	0	708	0	208	0	0	0	0	0	4858	0	2924	0	222	0	3484	0	10876	0	1634	0	2000	0	422	0	0	0	140	0	826	0	2354	0	5146	0	2332	0	122	0	222	0	0	0	0	0	328	0	7176	0	1516	0	0	0	720	0	17624	0	0	0	0	0	0	0	0	0	0	0	0	0	0	0	0	0	0	0	0	0	0	0	0	0	0	
16500	Temporal_Pole_Mid_L	0	0	0	0	0	0	0	0	0	0	0	0	0	0	0	0	0	0	0	0	0	0	0	0	0	0	0	0	0	0	0	0	0	0	0	0	0	0	204	0	0	0	0	0	0	0	0	0	0	0	0	0	0	0	1050	0	0	0	0	0	0	0	0	0	0	0	0	0	0	0	0	0	0	0	0	0	0	0	0	0	0	0	2708	0	2778	0	0	0	1510	0	0	0	0	0	0	0	0	0	0	0	0	0	0	0	0	0	0	0	0	0	0	0	0	0	0	0	
16544	Temporal_Pole_Mid_R	0	0	0	0	0	0	0	0	0	0	0	0	0	0	0	0	0	0	0	0	0	0	0	0	0	0	0	0	0	0	0	0	0	0	0	0	0	0	0	1108	0	0	0	0	0	0	0	0	0	0	0	0	0	0	0	2444	0	0	0	0	0	0	0	0	0	0	0	0	0	0	0	0	0	0	0	0	0	0	0	0	0	190	0	3072	0	720	0	0	0	738	0	0	0	0	0	0	0	0	0	0	0	0	0	0	0	0	0	0	0	0	0	0	0	0	0	0	
201588	Temporal_Inf_L	1710	0	2546	148	0	0	386	0	0	0	154	0	0	0	0	0	1686	0	0	0	0	0	0	0	0	0	0	0	4656	0	0	0	0	0	282	0	5128	0	860	0	814	0	118	0	0	0	388	0	0	0	1368	0	3076	0	18754	0	420	0	162	0	1516	0	3132	0	256	0	254	0	554	0	0	0	1762	0	0	0	0	0	2876	0	9600	0	7248	0	27932	0	1510	0	0	0	1248	0	0	0	0	0	0	0	250	0	0	0	0	0	0	0	0	0	0	0	0	0	0	0	0	0	
97600	Temporal_Inf_R	0	1172	0	118	0	0	0	128	0	0	0	128	0	0	0	0	0	0	0	372	0	0	0	0	0	0	0	0	0	332	0	0	0	0	0	230	0	1736	0	174	0	0	0	1928	0	914	0	0	0	1030	0	1166	0	2798	0	9592	0	188	0	0	0	0	0	212	0	0	0	1746	0	864	0	0	0	692	0	0	0	0	0	0	0	962	0	2652	0	17624	0	738	0	0	0	806	0	0	0	0	0	0	0	246	0	122	0	130	0	0	0	0	0	0	0	0	0	0	0	0	
433036	Cerebelum_Crus1_L	0	0	0	0	0	0	0	0	0	0	0	0	0	0	0	0	0	0	0	0	0	0	0	0	0	0	0	0	0	0	0	0	0	0	0	0	0	0	0	0	0	0	0	0	0	0	1184	2996	0	0	0	0	134	0	12720	1420	0	0	0	0	0	0	0	0	0	0	0	0	0	0	0	0	0	0	0	0	0	0	0	0	0	0	0	0	0	0	0	0	1248	0	0	4662	36238	2684	1084	0	20318	0	55328	6720	14130	586	21500	1416	7336	1104	346	0	152	274	2862	7740	8554	1844	1938	0	
389592	Cerebelum_Crus1_R	0	0	0	0	0	0	0	0	0	0	0	0	0	0	0	0	0	0	0	0	0	0	0	0	0	0	0	0	0	0	0	0	0	0	0	0	0	0	0	0	0	0	0	0	0	0	120	1984	0	0	0	0	0	360	120	14518	0	0	0	0	0	0	0	0	0	0	0	0	0	0	0	0	0	0	0	0	0	0	0	0	0	0	0	0	0	0	0	0	0	806	4662	0	3304	31538	0	5100	0	15362	2092	49680	514	8470	624	27372	130	7852	0	198	0	1048	1336	4176	9628	2034	1768	0	
343828	Cerebelum_Crus2_L	0	0	0	0	0	0	0	0	0	0	0	0	0	0	0	0	0	0	0	0	0	0	0	0	0	0	0	0	0	0	0	0	0	0	0	0	0	0	0	0	0	0	0	0	0	0	0	676	0	0	0	0	0	0	1162	544	0	0	0	0	0	0	0	0	0	0	0	0	0	0	0	0	0	0	0	0	0	0	0	0	0	0	0	0	0	0	0	0	0	0	36238	3304	0	6014	0	0	630	0	10672	2964	38048	3034	38220	4540	9300	1278	142	0	0	0	0	2424	8652	3316	756	0	
267068	Cerebelum_Crus2_R	0	0	0	0	0	0	0	0	0	0	0	0	0	0	0	0	0	0	0	0	0	0	0	0	0	0	0	0	0	0	0	0	0	0	0	0	0	0	0	0	0	0	0	0	0	0	0	486	0	0	0	0	0	0	0	782	0	0	0	0	0	0	0	0	0	0	0	0	0	0	0	0	0	0	0	0	0	0	0	0	0	0	0	0	0	0	0	0	0	0	2684	31538	6014	0	0	0	0	0	818	8124	2690	23332	2822	33236	364	8224	0	0	0	0	0	540	8424	2444	1012	0	
27468	Cerebelum_3_L	0	0	0	0	0	0	0	0	0	0	0	0	0	0	0	0	0	0	0	0	0	0	0	0	0	0	0	0	0	0	0	0	0	0	0	0	0	0	0	0	0	0	0	0	0	0	0	138	0	0	0	0	0	0	0	0	0	0	0	0	0	0	0	0	0	0	0	0	0	0	0	0	0	0	0	0	0	0	0	0	0	0	0	0	0	0	0	0	0	0	1084	0	0	0	0	0	6820	0	1768	0	0	0	0	0	1210	0	206	0	658	968	882	0	0	0	0	0	
61788	Cerebelum_3_R	0	0	0	0	0	0	0	0	0	0	0	0	0	0	0	0	0	0	0	0	0	0	0	0	0	0	0	0	0	0	0	0	0	0	0	0	0	0	0	0	0	0	0	0	0	0	238	440	0	0	0	0	0	154	0	3578	0	0	0	0	0	0	0	0	0	0	0	0	0	0	0	0	0	0	0	0	0	0	0	0	0	0	0	0	0	0	0	0	0	0	0	5100	0	0	0	0	330	7000	390	6882	0	0	0	0	0	804	0	0	210	3882	1010	554	0	0	322	0	
193292	Cerebelum_4_5_L	0	0	0	0	0	0	0	0	0	0	0	0	0	0	0	0	0	0	0	0	0	0	0	0	0	0	0	0	0	0	0	0	0	0	0	0	0	0	0	0	0	0	0	0	0	0	2950	1324	0	0	0	0	106	0	8558	212	0	0	0	0	0	0	0	0	0	0	0	0	0	0	0	0	0	0	0	0	0	0	0	0	0	0	0	0	0	0	0	0	0	0	20318	0	630	0	6820	330	0	1332	30174	828	360	0	606	0	3926	960	388	0	500	1226	11564	1784	0	202	886	662	
168120	Cerebelum_4_5_R	0	0	0	0	0	0	0	0	0	0	0	0	0	0	0	0	0	0	0	0	0	0	0	0	0	0	0	0	0	0	0	0	0	0	0	0	0	466	0	444	0	0	0	0	0	0	384	3330	0	0	0	0	0	906	112	14530	0	0	0	0	0	0	0	0	0	0	0	132	0	0	0	0	0	0	0	0	0	0	0	0	0	0	0	0	0	0	0	0	0	0	0	15362	0	0	0	7000	1332	0	618	25454	0	0	0	0	0	1078	0	0	0	2086	8810	888	140	202	422	364	
371068	Cerebelum_6_L	0	0	0	0	0	0	0	0	0	0	0	0	0	0	0	0	0	0	0	0	0	0	0	0	0	0	0	0	0	0	0	0	0	0	0	0	0	0	0	0	0	0	0	0	0	0	3876	4864	0	0	0	0	172	0	18918	1426	0	0	0	0	0	0	0	0	0	0	0	0	0	0	0	0	0	0	0	0	0	0	0	0	0	0	0	0	0	0	0	0	250	0	55328	2092	10672	818	1768	390	30174	618	0	5888	6136	134	8102	348	3294	1896	414	0	226	542	7902	11172	3586	1724	2640	164	
390272	Cerebelum_6_R	0	0	0	0	0	0	0	0	0	0	0	0	0	0	0	0	0	0	0	0	0	0	0	0	0	0	0	0	0	0	0	0	0	0	0	0	0	0	0	0	0	0	0	0	0	0	1230	7846	0	0	0	0	0	1674	1028	24738	0	0	0	0	0	0	0	0	0	0	0	0	0	0	0	0	0	0	0	0	0	0	0	0	0	0	0	0	0	0	0	0	0	246	6720	49680	2964	8124	0	6882	828	25454	5888	0	276	1144	462	9340	110	4792	0	356	0	2160	6754	10500	10596	2564	2780	0	
231200	Cerebelum_7b_L	0	0	0	0	0	0	0	0	0	0	0	0	0	0	0	0	0	0	0	0	0	0	0	0	0	0	0	0	0	0	0	0	0	0	0	0	0	0	0	0	0	0	0	0	0	0	0	0	0	0	0	0	0	0	328	0	0	0	0	0	0	0	0	0	0	0	0	0	0	0	0	0	0	0	0	0	0	0	0	0	0	0	0	0	0	0	0	0	0	0	14130	514	38048	2690	0	0	360	0	6136	276	0	2044	34756	3244	5914	842	196	0	0	0	0	0	2856	3138	128	0	
138284	Cerebelum_7b_R	0	0	0	0	0	0	0	0	0	0	0	0	0	0	0	0	0	0	0	0	0	0	0	0	0	0	0	0	0	0	0	0	0	0	0	0	0	0	0	0	0	0	0	0	0	0	0	0	0	0	0	0	0	0	0	0	0	0	0	0	0	0	0	0	0	0	0	0	0	0	0	0	0	0	0	0	0	0	0	0	0	0	0	0	0	0	0	0	0	122	586	8470	3034	23332	0	0	0	0	134	1144	2044	0	1524	23406	0	1382	0	0	0	0	0	0	2512	1452	0	0	
273664	Cerebelum_8_L	0	0	0	0	0	0	0	0	0	0	0	0	0	0	0	0	0	0	0	0	0	0	0	0	0	0	0	0	0	0	0	0	0	0	0	0	0	0	0	0	0	0	0	0	0	0	0	0	0	0	0	0	0	0	486	0	0	0	0	0	0	0	0	0	0	0	0	0	0	0	0	0	0	0	0	0	0	0	0	0	0	0	0	0	0	0	0	0	0	0	21500	624	38220	2822	0	0	606	0	8102	462	34756	1524	0	3618	13994	1354	750	0	0	0	0	0	3396	3938	680	0	
266348	Cerebelum_8_R	0	0	0	0	0	0	0	0	0	0	0	0	0	0	0	0	0	0	0	0	0	0	0	0	0	0	0	0	0	0	0	0	0	0	0	0	0	0	0	0	0	0	0	0	0	0	0	0	0	0	0	0	0	0	0	194	0	0	0	0	0	0	0	0	0	0	0	0	0	0	0	0	0	0	0	0	0	0	0	0	0	0	0	0	0	0	0	0	0	130	1416	27372	4540	33236	0	0	0	0	348	9340	3244	23406	3618	0	280	16086	0	0	0	0	0	130	6014	3114	706	0	
105996	Cerebelum_9_L	0	0	0	0	0	0	0	0	0	0	0	0	0	0	0	0	0	0	0	0	0	0	0	0	0	0	0	0	0	0	0	0	0	0	0	0	0	0	0	0	0	0	0	0	0	0	0	0	0	0	0	0	0	0	250	0	0	0	0	0	0	0	0	0	0	0	0	0	0	0	0	0	0	0	0	0	0	0	0	0	0	0	0	0	0	0	0	0	0	0	7336	130	9300	364	1210	0	3926	0	3294	110	5914	0	13994	280	0	478	2158	0	0	0	1644	440	760	420	610	380	
129316	Cerebelum_9_R	0	0	0	0	0	0	0	0	0	0	0	0	0	0	0	0	0	0	0	0	0	0	0	0	0	0	0	0	0	0	0	0	0	0	0	0	0	0	0	0	0	0	0	0	0	0	322	0	0	0	0	0	0	0	486	388	0	0	0	0	0	0	0	0	0	0	0	0	0	0	0	0	0	0	0	0	0	0	0	0	0	0	0	0	0	0	0	0	0	0	1104	7852	1278	8224	0	804	960	1078	1896	4792	842	1382	1354	16086	478	0	0	360	0	462	2448	3134	2772	1838	3238	1080	
9200	Cerebelum_10_L	0	0	0	0	0	0	0	0	0	0	0	0	0	0	0	0	0	0	0	0	0	0	0	0	0	0	0	0	0	0	0	0	0	0	0	0	0	0	0	0	0	0	0	0	0	0	0	0	0	0	0	0	0	0	0	0	0	0	0	0	0	0	0	0	0	0	0	0	0	0	0	0	0	0	0	0	0	0	0	0	0	0	0	0	0	0	0	0	0	0	346	0	142	0	206	0	388	0	414	0	196	0	750	0	2158	0	0	0	0	0	0	0	0	0	0	0	
1828	Cerebelum_10_R	0	0	0	0	0	0	0	0	0	0	0	0	0	0	0	0	0	0	0	0	0	0	0	0	0	0	0	0	0	0	0	0	0	0	0	0	0	0	0	0	0	0	0	0	0	0	0	0	0	0	0	0	0	0	0	0	0	0	0	0	0	0	0	0	0	0	0	0	0	0	0	0	0	0	0	0	0	0	0	0	0	0	0	0	0	0	0	0	0	0	0	198	0	0	0	0	0	0	0	356	0	0	0	0	0	360	0	0	0	0	0	0	0	0	0	0	
11300	Vermis_1_2	0	0	0	0	0	0	0	0	0	0	0	0	0	0	0	0	0	0	0	0	0	0	0	0	0	0	0	0	0	0	0	0	0	0	0	0	0	0	0	0	0	0	0	0	0	0	0	0	0	0	0	0	0	0	0	0	0	0	0	0	0	0	0	0	0	0	0	0	0	0	0	0	0	0	0	0	0	0	0	0	0	0	0	0	0	0	0	0	0	0	152	0	0	0	658	210	500	0	226	0	0	0	0	0	0	0	0	0	0	3090	814	0	0	0	0	0	
42676	Vermis_3	0	0	0	0	0	0	0	0	0	0	0	0	0	0	0	0	0	0	0	0	0	0	0	0	0	0	0	0	0	0	0	0	0	0	0	0	366	0	634	0	0	0	0	0	0	0	282	138	0	0	0	0	0	130	0	1390	0	0	0	0	0	0	0	0	0	0	0	0	0	0	0	0	0	0	0	0	0	0	0	0	0	0	0	0	0	0	0	0	0	0	274	1048	0	0	968	3882	1226	2086	542	2160	0	0	0	0	0	462	0	0	3090	0	2070	384	0	0	206	0	
136028	Vermis_4_5	0	0	0	0	0	0	0	0	0	0	0	0	0	0	0	0	0	0	0	0	0	0	0	0	0	0	0	0	0	0	0	0	0	0	0	214	0	362	0	0	0	0	0	0	0	0	1748	3228	0	0	0	0	0	408	1702	4184	0	0	0	0	0	0	0	0	0	0	0	366	0	0	0	0	0	0	0	0	0	0	0	0	0	0	0	0	0	0	0	0	0	0	2862	1336	0	0	882	1010	11564	8810	7902	6754	0	0	0	0	1644	2448	0	0	814	2070	0	3648	166	282	1726	1884	
151568	Vermis_6	0	0	0	0	0	0	0	0	0	0	0	0	0	0	0	0	0	0	0	0	0	0	0	0	0	0	0	0	0	0	0	0	0	0	0	0	0	0	0	0	0	0	0	0	0	0	2222	7322	0	0	0	0	0	220	2618	3472	0	0	0	0	0	0	0	0	0	0	0	0	0	0	0	0	0	0	0	0	0	0	0	0	0	0	0	0	0	0	0	0	0	0	7740	4176	2424	540	0	554	1784	888	11172	10500	0	0	0	130	440	3134	0	0	0	384	3648	0	5198	2090	4058	1070	
171164	Vermis_7	0	0	0	0	0	0	0	0	0	0	0	0	0	0	0	0	0	0	0	0	0	0	0	0	0	0	0	0	0	0	0	0	0	0	0	0	0	0	0	0	0	0	0	0	0	0	214	2268	0	0	0	0	0	120	248	1618	0	0	0	0	0	0	0	0	0	0	0	0	0	0	0	0	0	0	0	0	0	0	0	0	0	0	0	0	0	0	0	0	0	0	8554	9628	8652	8424	0	0	0	140	3586	10596	2856	2512	3396	6014	760	2772	0	0	0	0	166	5198	0	4598	3262	0	
80268	Vermis_8	0	0	0	0	0	0	0	0	0	0	0	0	0	0	0	0	0	0	0	0	0	0	0	0	0	0	0	0	0	0	0	0	0	0	0	0	0	0	0	0	0	0	0	0	0	0	0	0	0	0	0	0	0	0	336	118	0	0	0	0	0	0	0	0	0	0	0	0	0	0	0	0	0	0	0	0	0	0	0	0	0	0	0	0	0	0	0	0	0	0	1844	2034	3316	2444	0	0	202	202	1724	2564	3138	1452	3938	3114	420	1838	0	0	0	0	282	2090	4598	0	4480	0	
66664	Vermis_9	0	0	0	0	0	0	0	0	0	0	0	0	0	0	0	0	0	0	0	0	0	0	0	0	0	0	0	0	0	0	0	0	0	0	0	0	0	0	0	0	0	0	0	0	0	0	224	0	0	0	0	0	0	0	580	314	0	0	0	0	0	0	0	0	0	0	0	0	0	0	0	0	0	0	0	0	0	0	0	0	0	0	0	0	0	0	0	0	0	0	1938	1768	756	1012	0	322	886	422	2640	2780	128	0	680	706	610	3238	0	0	0	206	1726	4058	3262	4480	0	596	
12400	Vermis_10	0	0	0	0	0	0	0	0	0	0	0	0	0	0	0	0	0	0	0	0	0	0	0	0	0	0	0	0	0	0	0	0	0	0	0	0	0	0	0	0	0	0	0	0	0	0	0	0	0	0	0	0	0	0	0	0	0	0	0	0	0	0	0	0	0	0	0	0	0	0	0	0	0	0	0	0	0	0	0	0	0	0	0	0	0	0	0	0	0	0	0	0	0	0	0	0	662	364	164	0	0	0	0	0	380	1080	0	0	0	0	1884	1070	0	0	596	0	
