data	data	399748	189680	932572	818292	169504	138912	517292	281088	131296	57244	323464	83256	461484	128472	291956	172920	173112	102196	672096	497920	75912	91272	531952	405012	43900	135548	63040	78748	756988	336144	321676	531584	221724	558948	88740	121324	247760	203500	57012	117552	23248	49772	149748	243812	129156	397224	175024	281784	152060	425732	359616	241188	101636	77108	218944	245436	251392	213148	130416	142852	167980	122124	104548	71544	125412	126432	222288	412516	118968	139636	315668	471940	416564	348048	67560	11580	109128	88284	105328	15592	197560	91828	101004	74756	287804	137908	33996	38848	224416	114700	332728	320284	284412	239776	16600	27960	184188	158752	289604	317464	200376	119972	257096	273004	64860	88584	13184	4732	12976	30424	168808	160668	180704	124724	72600	25800	
data	data	Precentral_L	Precentral_R	Frontal_Sup_L	Frontal_Sup_R	Frontal_Sup_Orb_L	Frontal_Sup_Orb_R	Frontal_Mid_L	Frontal_Mid_R	Frontal_Mid_Orb_L	Frontal_Mid_Orb_R	Frontal_Inf_Oper_L	Frontal_Inf_Oper_R	Frontal_Inf_Tri_L	Frontal_Inf_Tri_R	Frontal_Inf_Orb_L	Frontal_Inf_Orb_R	Rolandic_Oper_L	Rolandic_Oper_R	Supp_Motor_Area_L	Supp_Motor_Area_R	Olfactory_L	Olfactory_R	Frontal_Sup_Medial_L	Frontal_Sup_Medial_R	Frontal_Med_Orb_L	Frontal_Med_Orb_R	Rectus_L	Rectus_R	Insula_L	Insula_R	Cingulum_Ant_L	Cingulum_Ant_R	Cingulum_Mid_L	Cingulum_Mid_R	Cingulum_Post_L	Cingulum_Post_R	Hippocampus_L	Hippocampus_R	ParaHippocampal_L	ParaHippocampal_R	Amygdala_L	Amygdala_R	Calcarine_L	Calcarine_R	Cuneus_L	Cuneus_R	Lingual_L	Lingual_R	Occipital_Sup_L	Occipital_Sup_R	Occipital_Mid_L	Occipital_Mid_R	Occipital_Inf_L	Occipital_Inf_R	Fusiform_L	Fusiform_R	Postcentral_L	Postcentral_R	Parietal_Sup_L	Parietal_Sup_R	Parietal_Inf_L	Parietal_Inf_R	SupraMarginal_L	SupraMarginal_R	Angular_L	Angular_R	Precuneus_L	Precuneus_R	Paracentral_Lobule_L	Paracentral_Lobule_R	Caudate_L	Caudate_R	Putamen_L	Putamen_R	Pallidum_L	Pallidum_R	Thalamus_L	Thalamus_R	Heschl_L	Heschl_R	Temporal_Sup_L	Temporal_Sup_R	Temporal_Pole_Sup_L	Temporal_Pole_Sup_R	Temporal_Mid_L	Temporal_Mid_R	Temporal_Pole_Mid_L	Temporal_Pole_Mid_R	Temporal_Inf_L	Temporal_Inf_R	Cerebelum_Crus1_L	Cerebelum_Crus1_R	Cerebelum_Crus2_L	Cerebelum_Crus2_R	Cerebelum_3_L	Cerebelum_3_R	Cerebelum_4_5_L	Cerebelum_4_5_R	Cerebelum_6_L	Cerebelum_6_R	Cerebelum_7b_L	Cerebelum_7b_R	Cerebelum_8_L	Cerebelum_8_R	Cerebelum_9_L	Cerebelum_9_R	Cerebelum_10_L	Cerebelum_10_R	Vermis_1_2	Vermis_3	Vermis_4_5	Vermis_6	Vermis_7	Vermis_8	Vermis_9	Vermis_10	
399748	Precentral_L	0	94	18492	466	144	0	19402	0	0	0	20780	0	1542	0	0	0	8642	0	20666	1556	0	0	176	0	0	0	0	0	18528	0	0	82	1290	370	872	514	7542	472	322	0	0	0	0	0	0	728	0	116	80	198	756	0	78	0	168	90	35494	458	396	0	3942	0	2460	0	2264	0	316	1380	9792	160	302	280	7074	120	1384	0	2800	0	3460	0	2050	0	0	0	876	0	0	0	568	132	0	0	0	0	0	0	0	0	0	0	0	0	0	0	0	0	0	0	0	0	0	0	0	0	0	0	
189680	Precentral_R	94	0	344	9100	0	0	0	4902	0	0	432	5702	462	222	0	0	78	2610	612	3212	0	0	0	0	0	0	0	0	2060	4056	0	0	186	2094	0	1330	0	3678	0	904	0	0	0	0	0	1714	0	288	0	1594	0	274	0	126	0	198	0	18576	0	86	0	158	0	2318	0	274	0	2576	0	3922	3604	1766	3142	2300	0	0	92	8270	0	0	0	254	0	0	0	668	0	0	0	562	0	0	0	0	0	0	0	0	0	0	0	0	0	0	0	0	0	0	0	0	0	0	0	0	0	0	
932572	Frontal_Sup_L	18492	344	0	12632	7376	0	76702	276	4454	0	14236	0	29290	0	14552	234	1514	128	70654	11364	0	0	55804	10062	872	294	0	0	36084	226	16062	9668	9190	6988	350	146	9126	222	590	0	0	0	0	0	0	270	0	0	0	204	154	0	0	0	522	0	1932	190	190	0	252	0	0	0	186	0	156	406	4260	166	6178	2378	19306	708	5768	78	1340	502	662	0	846	0	518	0	256	0	0	0	824	102	0	0	0	0	0	0	0	0	0	0	0	0	0	0	0	0	0	0	0	0	0	0	0	0	0	0	
818292	Frontal_Sup_R	466	9100	12632	0	170	6140	1390	41324	0	1530	3196	2444	3326	6800	530	10654	1508	3792	14860	44074	0	152	16846	44804	0	4220	0	646	8922	13240	7528	39770	2882	36866	150	0	82	1642	0	452	0	0	0	0	0	182	0	0	0	0	0	0	0	0	0	0	0	924	0	0	0	0	0	0	0	0	0	256	0	0	5604	33186	2778	18032	152	0	234	4168	0	0	234	442	668	148	0	0	0	0	0	0	0	0	0	0	0	0	0	0	0	0	0	0	0	0	0	0	0	0	0	0	0	0	0	0	0	0	
169504	Frontal_Sup_Orb_L	144	0	7376	170	0	0	1046	0	14824	0	0	0	1400	0	10958	0	0	0	374	156	1776	184	4430	430	4540	256	6878	0	4548	102	4658	542	116	0	0	0	0	94	140	0	468	0	0	0	0	0	0	0	0	0	0	0	0	0	0	0	0	0	0	0	0	0	0	0	0	0	0	0	0	0	6266	368	11454	326	0	0	0	0	0	0	0	0	728	0	0	0	0	0	0	0	0	0	0	0	0	0	0	0	0	0	0	0	0	0	0	0	0	0	0	0	0	0	0	0	0	0	
138912	Frontal_Sup_Orb_R	0	0	0	6140	0	0	0	6080	0	7430	0	0	128	952	0	4860	0	0	0	170	210	1218	110	2864	360	11538	150	10130	260	1052	294	3790	0	184	0	0	0	0	0	0	0	0	0	0	0	0	0	0	0	0	0	0	0	0	0	0	0	0	0	0	0	0	0	0	0	0	0	0	0	0	446	6014	248	4724	0	0	0	104	0	0	0	0	0	0	0	0	0	0	0	0	0	0	0	0	0	0	0	0	0	0	0	0	0	0	0	0	0	0	0	0	0	0	0	0	0	0	
517292	Frontal_Mid_L	19402	0	76702	1390	1046	0	0	0	5958	0	14486	0	42966	0	16838	84	570	0	15104	972	0	0	18400	1838	0	0	0	0	19256	0	4690	2260	5560	2288	0	0	1220	0	0	0	0	0	0	0	0	0	0	0	0	0	0	0	0	0	0	0	1464	0	0	0	208	0	0	0	80	0	0	0	488	0	1080	396	2298	160	418	0	98	0	108	0	308	0	334	0	82	0	0	0	94	0	0	0	0	0	0	0	0	0	0	0	0	0	0	0	0	0	0	0	0	0	0	0	0	0	0	0	
281088	Frontal_Mid_R	0	4902	276	41324	0	6080	0	0	0	5856	0	4774	0	19424	0	6264	0	1624	200	1808	0	0	1640	8248	0	632	0	88	0	9100	806	6048	202	4092	0	0	0	1184	0	438	0	0	0	0	0	0	0	0	0	0	0	0	0	0	0	160	0	1562	0	0	0	0	0	0	0	0	0	0	0	0	102	5230	0	8166	0	0	0	162	0	0	0	152	0	0	0	0	0	0	0	0	0	0	0	0	0	0	0	0	0	0	0	0	0	0	0	0	0	0	0	0	0	0	0	0	0	0	
131296	Frontal_Mid_Orb_L	0	0	4454	0	14824	0	5958	0	0	0	0	0	7190	0	17240	0	0	0	294	0	406	0	580	0	876	0	3962	0	1486	0	632	156	226	0	0	0	0	0	0	0	98	0	0	0	0	0	0	0	0	0	0	0	0	0	0	0	0	0	0	0	0	0	0	0	0	0	0	0	0	0	2774	114	4132	0	0	0	0	0	0	0	0	0	246	0	0	0	0	0	0	0	0	0	0	0	0	0	0	0	0	0	0	0	0	0	0	0	0	0	0	0	0	0	0	0	0	0	
57244	Frontal_Mid_Orb_R	0	0	0	1530	0	7430	0	5856	0	0	0	0	0	1240	0	7672	0	0	0	0	0	0	0	126	0	1222	0	1156	0	546	0	0	0	0	0	0	0	0	0	0	0	0	0	0	0	0	0	0	0	0	0	0	0	0	0	0	0	0	0	0	0	0	0	0	0	0	0	0	0	0	0	864	0	980	0	0	0	0	0	0	0	0	0	0	0	0	0	0	0	0	0	0	0	0	0	0	0	0	0	0	0	0	0	0	0	0	0	0	0	0	0	0	0	0	0	0	
323464	Frontal_Inf_Oper_L	20780	432	14236	3196	0	0	14486	0	0	0	0	0	18390	0	338	0	10784	0	11674	2988	0	0	382	0	0	0	0	0	37608	132	440	0	602	206	0	0	1858	0	0	0	0	0	0	0	0	0	0	0	0	0	0	0	0	0	300	0	7600	322	0	0	1766	0	252	0	382	0	0	92	0	0	1300	270	2648	168	0	0	0	0	700	0	3860	0	2790	0	226	0	0	0	524	0	0	0	0	0	0	0	0	0	0	0	0	0	0	0	0	0	0	0	0	0	0	0	0	0	0	0	
83256	Frontal_Inf_Oper_R	0	5702	0	2444	0	0	0	4774	0	0	0	0	0	4408	0	1092	0	3196	96	986	0	0	0	78	0	0	0	0	98	8442	118	400	0	1306	0	0	0	242	0	0	0	0	0	0	0	0	0	0	0	0	0	0	0	0	0	0	0	1284	0	0	0	0	0	0	0	0	0	0	0	0	102	3114	0	2156	0	0	0	0	0	0	0	754	0	836	0	0	0	0	0	0	0	0	0	0	0	0	0	0	0	0	0	0	0	0	0	0	0	0	0	0	0	0	0	0	0	0	
461484	Frontal_Inf_Tri_L	1542	462	29290	3326	1400	128	42966	0	7190	0	18390	0	0	0	35046	1562	628	0	12642	2968	0	0	7250	520	0	78	0	0	37854	176	2408	1558	2844	2418	0	0	144	84	0	0	0	0	0	0	0	96	0	0	0	0	0	0	0	0	0	0	0	388	0	0	0	0	0	0	0	0	0	126	0	0	8400	3356	2812	446	0	0	534	0	0	0	150	0	1560	0	0	0	0	0	0	0	0	0	0	0	0	0	0	0	0	0	0	0	0	0	0	0	0	0	0	0	0	0	0	0	0	0	
128472	Frontal_Inf_Tri_R	0	222	0	6800	0	952	0	19424	0	1240	0	4408	0	0	0	3538	0	198	192	2118	0	0	378	968	0	0	0	0	0	11588	160	636	0	2750	0	0	0	492	0	250	0	0	0	0	0	0	0	0	0	0	0	0	0	0	0	84	0	0	0	0	0	0	0	0	0	0	0	0	0	0	0	3898	0	3816	0	0	0	0	0	0	0	0	0	124	0	0	0	0	0	0	0	0	0	0	0	0	0	0	0	0	0	0	0	0	0	0	0	0	0	0	0	0	0	0	0	0	
291956	Frontal_Inf_Orb_L	0	0	14552	530	10958	0	16838	0	17240	0	338	0	35046	0	0	624	0	0	3930	370	1568	0	5440	314	0	0	1750	0	14276	0	2314	1022	1186	498	0	0	108	0	168	0	418	0	0	0	0	0	0	0	0	0	0	0	0	0	0	0	0	0	0	0	0	0	0	0	0	0	0	0	0	0	4968	1328	5704	124	0	0	224	0	0	0	0	0	4142	0	0	0	0	0	0	0	0	0	0	0	0	0	0	0	0	0	0	0	0	0	0	0	0	0	0	0	0	0	0	0	0	0	
172920	Frontal_Inf_Orb_R	0	0	234	10654	0	4860	84	6264	0	7672	0	1092	1562	3538	624	0	0	0	694	4950	0	1364	86	492	0	246	0	1306	1828	9336	0	214	0	3262	0	0	0	0	0	0	0	170	0	0	0	0	0	0	0	0	0	0	0	0	0	0	0	0	0	0	0	0	0	0	0	0	0	0	0	0	2202	15260	318	7984	0	0	0	0	0	0	0	0	0	164	0	0	0	0	0	0	0	0	0	0	0	0	0	0	0	0	0	0	0	0	0	0	0	0	0	0	0	0	0	0	0	0	
173112	Rolandic_Oper_L	8642	78	1514	1508	0	0	570	0	0	0	10784	0	628	0	0	0	0	0	1454	1150	0	0	0	0	0	0	0	0	18262	0	276	0	256	0	0	0	722	0	0	0	0	0	0	0	0	0	0	0	0	0	486	0	216	0	432	0	8792	0	0	0	738	0	2872	0	1280	0	122	0	0	0	216	0	296	0	0	0	0	0	6878	0	8526	0	1716	0	4470	0	0	0	3672	0	0	0	0	0	0	0	0	0	0	0	0	0	0	0	0	0	0	0	0	0	0	0	0	0	0	0	
102196	Rolandic_Oper_R	0	2610	128	3792	0	0	0	1624	0	0	0	3196	0	198	0	0	0	0	218	122	0	0	0	0	0	0	0	0	104	16924	0	0	0	268	0	80	0	716	0	130	0	0	0	0	0	696	0	0	0	720	0	114	0	0	0	0	0	3484	0	0	0	78	0	1982	0	0	0	870	0	274	448	1394	330	4514	0	0	0	88	0	688	0	3198	0	1012	0	904	0	0	0	194	0	0	0	0	0	0	0	0	0	0	0	0	0	0	0	0	0	0	0	0	0	0	0	0	0	0	
672096	Supp_Motor_Area_L	20666	612	70654	14860	374	0	15104	200	294	0	11674	96	12642	192	3930	694	1454	218	0	29710	0	0	15488	1874	0	0	0	0	26438	502	3156	5088	13604	14904	2330	976	6822	342	384	0	0	0	0	98	0	1838	0	326	0	902	208	274	0	78	572	132	3346	1040	188	0	238	0	0	0	0	0	172	3074	12514	524	3640	3070	15820	590	3374	0	5100	204	532	0	996	0	274	0	234	80	0	0	942	386	0	0	0	0	0	0	0	0	0	0	0	0	0	0	0	0	0	0	0	0	0	0	0	0	0	0	
497920	Supp_Motor_Area_R	1556	3212	11364	44074	156	170	972	1808	0	0	2988	986	2968	2118	370	4950	1150	122	29710	0	0	0	4150	8834	0	94	0	0	9676	2306	3374	14394	5340	39356	510	2328	946	336	0	0	0	0	0	214	0	1100	0	548	0	538	0	292	0	0	218	82	300	1446	0	0	0	0	0	116	0	0	0	2846	906	4820	3924	17148	5416	1460	1260	200	740	3770	0	0	246	0	592	0	0	0	0	0	360	100	0	0	0	0	0	0	0	0	0	0	0	0	0	0	0	0	0	0	0	0	0	0	0	0	0	0	
75912	Olfactory_L	0	0	0	0	1776	210	0	0	406	0	0	0	0	0	1568	0	0	0	0	0	0	6026	94	0	408	990	1270	696	2706	0	1778	1632	0	0	0	0	326	0	498	0	576	0	0	0	0	0	0	0	0	0	0	0	0	0	0	0	0	0	0	0	0	0	0	0	0	0	0	0	0	0	6652	4314	4606	522	498	0	0	0	0	0	0	0	404	0	0	0	0	0	0	0	0	0	0	0	0	0	0	0	0	0	0	0	0	0	0	0	0	0	0	0	0	0	0	0	0	0	
91272	Olfactory_R	0	0	0	152	184	1218	0	0	0	0	0	0	0	0	0	1364	0	0	0	0	6026	0	0	144	334	3216	496	2868	0	2434	1960	3944	0	0	0	0	0	0	0	0	0	422	0	0	0	0	0	0	0	0	0	0	0	0	0	0	0	0	0	0	0	0	0	0	0	0	0	0	0	0	6318	8186	4148	1862	360	0	0	0	0	0	0	0	0	0	0	0	0	0	0	0	0	0	0	0	0	0	0	0	0	0	0	0	0	0	0	0	0	0	0	0	0	0	0	0	0	0	
531952	Frontal_Sup_Medial_L	176	0	55804	16846	4430	110	18400	1640	580	0	382	0	7250	378	5440	86	0	0	15488	4150	94	0	0	32158	2976	1598	120	0	5442	358	30018	29078	7782	22022	0	0	0	0	0	0	0	0	0	0	0	0	0	0	0	0	0	0	0	0	0	0	0	0	0	0	0	0	0	0	0	0	0	0	0	0	1506	602	534	308	0	0	0	0	0	0	0	0	220	0	0	0	0	0	0	0	0	0	0	0	0	0	0	0	0	0	0	0	0	0	0	0	0	0	0	0	0	0	0	0	0	0	
405012	Frontal_Sup_Medial_R	0	0	10062	44804	430	2864	1838	8248	0	126	0	78	520	968	314	492	0	0	1874	8834	0	144	32158	0	766	6772	0	806	292	996	10788	32800	1892	24698	0	0	0	0	0	0	0	0	0	0	0	0	0	0	0	0	0	0	0	0	0	0	0	0	0	0	0	0	0	0	0	0	0	0	0	0	232	4712	172	3704	0	0	0	122	0	0	0	0	0	0	0	0	0	0	0	0	0	0	0	0	0	0	0	0	0	0	0	0	0	0	0	0	0	0	0	0	0	0	0	0	0	0	
43900	Frontal_Med_Orb_L	0	0	872	0	4540	360	0	0	876	0	0	0	0	0	0	0	0	0	0	0	408	334	2976	766	0	1764	1878	160	0	0	4440	456	0	0	0	0	0	0	0	0	0	0	0	0	0	0	0	0	0	0	0	0	0	0	0	0	0	0	0	0	0	0	0	0	0	0	0	0	0	0	1282	256	582	0	0	0	0	0	0	0	0	0	0	0	0	0	0	0	0	0	0	0	0	0	0	0	0	0	0	0	0	0	0	0	0	0	0	0	0	0	0	0	0	0	0	0	
135548	Frontal_Med_Orb_R	0	0	294	4220	256	11538	0	632	0	1222	0	0	78	0	0	246	0	0	0	94	990	3216	1598	6772	1764	0	414	9412	150	298	4154	9550	0	112	0	0	0	0	0	0	0	0	0	0	0	0	0	0	0	0	0	0	0	0	0	0	0	0	0	0	0	0	0	0	0	0	0	0	0	0	1080	5910	624	3150	0	0	0	0	0	0	0	0	0	0	0	0	0	0	0	0	0	0	0	0	0	0	0	0	0	0	0	0	0	0	0	0	0	0	0	0	0	0	0	0	0	0	
63040	Rectus_L	0	0	0	0	6878	150	0	0	3962	0	0	0	0	0	1750	0	0	0	0	0	1270	496	120	0	1878	414	0	344	304	0	1752	264	0	0	0	0	0	0	0	0	112	0	0	0	0	0	0	0	0	0	0	0	0	0	0	0	0	0	0	0	0	0	0	0	0	0	0	0	0	0	6018	284	5524	0	0	0	0	0	0	0	0	0	0	0	0	0	0	0	0	0	0	0	0	0	0	0	0	0	0	0	0	0	0	0	0	0	0	0	0	0	0	0	0	0	0	0	
78748	Rectus_R	0	0	0	646	0	10130	0	88	0	1156	0	0	0	0	0	1306	0	0	0	0	696	2868	0	806	160	9412	344	0	0	1372	484	4114	0	0	0	0	0	0	0	0	0	0	0	0	0	0	0	0	0	0	0	0	0	0	0	0	0	0	0	0	0	0	0	0	0	0	0	0	0	0	722	3048	576	1356	90	0	0	0	0	0	0	0	0	0	0	0	0	0	0	0	0	0	0	0	0	0	0	0	0	0	0	0	0	0	0	0	0	0	0	0	0	0	0	0	0	0	
756988	Insula_L	18528	2060	36084	8922	4548	260	19256	0	1486	0	37608	98	37854	0	14276	1828	18262	104	26438	9676	2706	0	5442	292	0	150	304	0	0	652	1062	1058	4164	3072	276	398	19638	770	740	0	2074	0	0	0	0	460	0	0	0	298	302	110	124	0	3418	0	7002	1086	0	0	836	0	1200	0	940	0	0	604	928	104	15684	5190	24160	1788	112	214	2196	198	6906	0	7804	0	6928	0	4784	0	0	0	5032	0	0	0	0	0	0	0	0	0	0	0	0	0	0	0	0	0	0	0	0	0	0	0	0	0	0	0	
336144	Insula_R	0	4056	226	13240	102	1052	0	9100	0	546	132	8442	176	11588	0	9336	0	16924	502	2306	0	2434	358	996	0	298	0	1372	652	0	274	1098	100	3584	0	154	0	3984	0	1154	0	1272	0	0	0	2180	0	198	0	2066	0	320	0	286	0	494	0	2968	0	0	0	216	0	754	0	340	0	3012	0	838	1506	12088	1114	29792	0	342	0	632	0	642	0	5020	0	3404	0	2732	0	624	0	1046	0	0	0	0	0	0	0	0	0	0	0	0	0	0	0	0	0	0	0	0	0	0	0	0	0	0	
321676	Cingulum_Ant_L	0	0	16062	7528	4658	294	4690	806	632	0	440	118	2408	160	2314	0	276	0	3156	3374	1778	1960	30018	10788	4440	4154	1752	484	1062	274	0	29978	5444	11438	86	0	0	0	0	0	0	0	0	0	0	0	0	0	0	0	0	0	0	0	0	0	0	0	0	0	0	0	0	0	0	0	0	0	0	0	4902	2900	1868	596	0	0	0	0	0	0	0	0	0	0	0	0	0	0	0	0	0	0	0	0	0	0	0	0	0	0	0	0	0	0	0	0	0	0	0	0	0	0	0	0	0	0	
531584	Cingulum_Ant_R	82	0	9668	39770	542	3790	2260	6048	156	0	0	400	1558	636	1022	214	0	0	5088	14394	1632	3944	29078	32800	456	9550	264	4114	1058	1098	29978	0	4094	37732	0	0	0	0	0	0	0	0	0	0	0	0	0	0	0	0	0	0	0	0	0	0	0	0	0	0	0	0	0	0	0	0	0	0	0	0	4304	13784	1262	4116	84	0	0	816	0	0	0	0	0	0	0	0	0	0	0	0	0	0	0	0	0	0	0	0	0	0	0	0	0	0	0	0	0	0	0	0	0	0	0	0	0	0	
221724	Cingulum_Mid_L	1290	186	9190	2882	116	0	5560	202	226	0	602	0	2844	0	1186	0	256	0	13604	5340	0	0	7782	1892	0	0	0	0	4164	100	5444	4094	0	11516	4368	1476	2196	302	0	0	0	0	0	0	174	414	0	0	0	0	782	0	0	0	84	0	768	0	760	0	384	0	362	0	462	0	2178	1354	4812	224	614	176	1396	78	862	0	3970	102	188	0	664	0	0	0	2232	0	0	0	1004	0	0	0	0	0	0	0	0	0	0	0	0	0	0	0	0	0	0	0	0	0	0	0	0	0	0	0	
558948	Cingulum_Mid_R	370	2094	6988	36866	0	184	2288	4092	0	0	206	1306	2418	2750	498	3262	0	268	14904	39356	0	0	22022	24698	0	112	0	0	3072	3584	11438	37732	11516	0	708	4808	158	150	0	0	0	0	0	664	0	3992	0	766	0	3740	0	698	0	100	0	0	0	1110	0	380	0	486	0	312	0	382	288	8340	518	6900	1254	8496	528	1098	408	0	326	222	0	0	0	0	0	0	0	190	0	0	0	428	0	0	0	0	0	0	0	0	0	0	0	0	0	0	0	0	0	0	0	0	0	0	0	0	0	0	
88740	Cingulum_Post_L	872	0	350	150	0	0	0	0	0	0	0	0	0	0	0	0	0	0	2330	510	0	0	0	0	0	0	0	0	276	0	86	0	4368	708	0	3850	2392	1220	566	0	0	0	2718	0	1122	0	1882	0	248	0	2808	0	412	0	0	0	320	0	1140	0	600	0	0	0	562	0	6924	514	2230	0	290	0	522	0	274	0	2948	0	0	0	0	0	0	0	756	0	0	0	422	0	0	0	0	0	0	0	0	0	0	0	0	0	0	0	0	0	0	0	0	0	0	0	0	0	0	0	
121324	Cingulum_Post_R	514	1330	146	0	0	0	0	0	0	0	0	0	0	0	0	0	0	80	976	2328	0	0	0	0	0	0	0	0	398	154	0	0	1476	4808	3850	0	2096	4518	692	152	0	0	0	1244	0	1860	0	5434	0	1308	0	312	0	252	0	352	196	2886	0	0	0	0	0	0	0	0	250	12524	462	4294	94	0	288	186	146	0	2662	1068	134	0	0	0	0	0	0	98	0	0	0	768	0	0	0	0	0	0	0	0	0	0	0	0	0	0	0	0	0	0	0	0	326	0	0	0	0	0	
247760	Hippocampus_L	7542	0	9126	82	0	0	1220	0	0	0	1858	0	144	0	108	0	722	0	6822	946	326	0	0	0	0	0	0	0	19638	0	0	0	2196	158	2392	2096	0	1722	8004	0	4298	0	1318	0	98	0	2566	156	0	0	172	0	0	0	6170	0	2184	0	110	0	156	0	90	0	170	0	3418	570	2942	0	0	0	12002	0	1302	0	5440	0	5438	0	2494	0	1712	0	1068	0	0	0	4826	0	0	0	0	0	0	0	78	0	0	0	0	0	0	0	0	0	0	0	0	0	0	0	0	0	0	0	
203500	Hippocampus_R	472	3678	222	1642	94	0	0	1184	0	0	0	242	84	492	0	0	0	716	342	336	0	0	0	0	0	0	0	0	770	3984	0	0	302	150	1220	4518	1722	0	688	18680	0	7348	0	684	0	180	0	2926	0	130	0	0	0	1108	0	17184	212	418	0	0	0	0	0	0	0	0	122	3454	388	178	458	678	578	11398	0	432	2876	3168	134	0	0	0	0	1500	0	0	0	192	0	3278	0	0	0	0	0	0	0	310	0	548	0	0	0	0	0	0	0	0	0	0	330	0	0	0	0	0	
57012	ParaHippocampal_L	322	0	590	0	140	0	0	0	0	0	0	0	0	0	168	0	0	0	384	0	498	0	0	0	0	0	0	0	740	0	0	0	0	0	566	692	8004	688	0	0	924	0	606	0	0	0	3122	154	0	0	164	0	136	0	3376	0	162	0	0	0	0	0	0	0	0	0	2302	342	102	0	0	0	1318	0	0	0	678	0	0	0	0	0	710	0	0	0	464	0	766	0	0	0	0	0	0	0	276	0	0	0	0	0	0	0	0	0	0	0	0	112	0	0	0	0	0	0	
117552	ParaHippocampal_R	0	904	0	452	0	0	0	438	0	0	0	0	0	250	0	0	0	130	0	0	0	0	0	0	0	0	0	0	0	1154	0	0	0	0	0	152	0	18680	0	0	0	7822	0	290	0	0	0	1268	0	0	0	0	0	864	0	12206	0	0	0	0	0	0	0	0	0	0	0	454	0	0	0	0	0	4954	0	290	256	530	0	0	0	0	0	3694	0	0	0	2084	0	768	0	0	0	0	0	0	0	430	0	706	0	0	0	0	0	0	0	0	0	0	0	0	0	0	0	0	
23248	Amygdala_L	0	0	0	0	468	0	0	0	98	0	0	0	0	0	418	0	0	0	0	0	576	0	0	0	0	0	112	0	2074	0	0	0	0	0	0	0	4298	0	924	0	0	0	0	0	0	0	0	0	0	0	0	0	0	0	1100	0	0	0	0	0	0	0	0	0	0	0	0	0	0	0	0	0	358	0	0	0	0	0	0	0	0	0	970	0	0	0	0	0	228	0	0	0	0	0	0	0	0	0	0	0	0	0	0	0	0	0	0	0	0	0	0	0	0	0	0	0	
49772	Amygdala_R	0	0	0	0	0	0	0	0	0	0	0	0	0	0	0	170	0	0	0	0	0	422	0	0	0	0	0	0	0	1272	0	0	0	0	0	0	0	7348	0	7822	0	0	0	0	0	0	0	0	0	0	0	0	0	0	0	2844	0	0	0	0	0	0	0	0	0	0	0	0	0	0	0	0	0	1360	0	0	0	0	0	0	0	0	0	2980	0	0	0	342	0	326	0	0	0	0	0	0	0	0	0	0	0	0	0	0	0	0	0	0	0	0	0	0	0	0	0	0	
149748	Calcarine_L	0	0	0	0	0	0	0	0	0	0	0	0	0	0	0	0	0	0	0	0	0	0	0	0	0	0	0	0	0	0	0	0	0	0	2718	0	1318	0	606	0	0	0	0	4504	9706	3682	14214	1734	7208	1114	10076	0	1128	0	0	0	0	0	1434	0	826	0	0	0	248	0	12654	564	0	0	0	0	0	0	0	0	0	0	0	0	0	0	0	0	828	0	0	0	312	0	0	0	0	0	0	0	0	0	0	0	0	0	0	0	0	0	0	0	0	0	0	0	0	0	0	0	
243812	Calcarine_R	0	0	0	0	0	0	0	0	0	0	0	0	0	0	0	0	0	0	98	214	0	0	0	0	0	0	0	0	0	0	0	0	0	664	0	1244	0	684	0	290	0	0	4504	0	740	26856	376	21202	0	23608	0	11182	0	2732	0	2316	0	1814	0	286	0	0	0	0	0	110	784	17946	0	2300	0	0	0	88	0	0	0	0	0	0	0	0	0	0	0	544	0	0	0	1148	0	0	0	0	0	0	0	0	0	0	0	0	0	0	0	0	0	0	0	0	176	0	0	0	0	0	
129156	Cuneus_L	0	0	0	0	0	0	0	0	0	0	0	0	0	0	0	0	0	0	0	0	0	0	0	0	0	0	0	0	0	0	0	0	174	0	1122	0	98	0	0	0	0	0	9706	740	0	2770	2826	0	18160	410	13624	0	504	0	0	0	0	0	2196	0	434	0	0	0	130	0	10702	600	0	0	0	0	0	0	0	0	114	0	0	0	0	0	0	0	268	0	0	0	0	0	0	0	0	0	0	0	0	0	0	0	0	0	0	0	0	0	0	0	0	0	0	0	0	0	0	0	
397224	Cuneus_R	728	1714	270	182	0	0	0	0	0	0	0	0	96	0	0	0	0	696	1838	1100	0	0	0	0	0	0	0	0	460	2180	0	0	414	3992	0	1860	0	180	0	0	0	0	3682	26856	2770	0	106	8430	0	51212	0	18870	0	2886	0	1408	190	5916	0	5786	0	3220	0	1142	0	2702	1204	34272	0	6394	716	206	1256	1262	316	0	0	288	0	0	0	118	0	0	0	1258	0	0	0	436	0	0	0	0	0	0	0	0	0	0	0	0	0	0	0	0	0	0	0	0	0	0	0	0	0	0	
175024	Lingual_L	0	0	0	0	0	0	0	0	0	0	0	0	0	0	0	0	0	0	0	0	0	0	0	0	0	0	0	0	0	0	0	0	0	0	1882	0	2566	0	3122	0	0	0	14214	376	2826	106	0	752	1842	0	15600	0	5924	0	7358	212	0	0	512	0	260	0	0	0	174	0	8970	0	0	0	0	0	0	0	0	0	0	0	0	0	0	0	0	0	860	0	0	0	416	0	3170	804	346	0	0	0	4586	778	5700	1106	126	0	288	0	0	0	0	0	0	0	1436	878	322	0	0	0	
281784	Lingual_R	116	288	0	0	0	0	0	0	0	0	0	0	0	0	0	0	0	0	326	548	0	0	0	0	0	0	0	0	0	198	0	0	0	766	0	5434	156	2926	154	1268	0	0	1734	21202	0	8430	752	0	0	13770	0	9938	0	2412	458	10730	0	1664	0	0	0	0	0	0	0	140	244	14706	0	2618	94	0	170	176	96	0	0	0	0	0	0	0	0	0	0	582	0	0	0	1302	1526	4578	140	164	0	0	954	4182	3058	7184	0	0	122	484	0	134	0	0	0	0	4942	7386	1400	214	324	702	
152060	Occipital_Sup_L	80	0	0	0	0	0	0	0	0	0	0	0	0	0	0	0	0	0	0	0	0	0	0	0	0	0	0	0	0	0	0	0	0	0	248	0	0	0	0	0	0	0	7208	0	18160	0	1842	0	0	0	28144	0	1896	0	264	0	0	0	4902	0	270	0	0	0	478	0	11640	0	0	0	0	0	0	0	0	0	0	0	0	0	0	0	0	0	654	0	0	0	244	0	0	0	0	0	0	0	0	0	0	0	0	0	0	0	0	0	0	0	0	0	0	0	0	0	0	0	
425732	Occipital_Sup_R	198	1594	204	0	0	0	0	0	0	0	0	0	0	0	0	0	0	720	902	538	0	0	0	0	0	0	0	0	298	2066	0	0	0	3740	0	1308	0	130	0	0	0	0	1114	23608	410	51212	0	13770	0	0	0	31414	0	3496	0	2810	0	4540	0	12718	0	6856	0	1192	0	10282	880	26448	0	5604	346	208	502	1078	84	0	0	286	0	0	0	132	0	0	0	1766	0	0	0	412	0	0	0	0	0	0	0	0	0	0	0	0	0	0	0	0	0	0	0	0	0	0	0	0	0	0	
359616	Occipital_Mid_L	756	0	154	0	0	0	0	0	0	0	0	0	0	0	0	0	486	0	208	0	0	0	0	0	0	0	0	0	302	0	0	0	782	0	2808	0	172	0	164	0	0	0	10076	0	13624	0	15600	0	28144	0	0	0	22386	0	3686	0	1440	0	15566	0	9772	0	592	0	14286	0	19230	0	940	0	0	0	0	0	0	0	420	0	260	0	820	0	0	0	15618	0	0	0	1516	0	0	0	0	0	0	0	0	0	0	0	0	0	0	0	0	0	0	0	0	0	0	0	0	0	0	0	
241188	Occipital_Mid_R	0	274	0	0	0	0	0	0	0	0	0	0	0	0	0	0	0	114	274	292	0	0	0	0	0	0	0	0	110	320	0	0	0	698	0	312	0	0	0	0	0	0	0	11182	0	18870	0	9938	0	31414	0	0	0	7006	0	4694	0	1224	0	4988	0	2664	0	242	0	9192	0	9126	0	1336	120	0	174	332	0	0	0	0	0	0	0	0	0	0	0	5554	0	0	0	144	0	0	0	0	0	0	0	0	0	0	0	0	0	0	0	0	0	0	0	0	0	0	0	0	0	0	
101636	Occipital_Inf_L	78	0	0	0	0	0	0	0	0	0	0	0	0	0	0	0	216	0	0	0	0	0	0	0	0	0	0	0	124	0	0	0	0	0	412	0	0	0	136	0	0	0	1128	0	504	0	5924	0	1896	0	22386	0	0	0	3980	0	0	0	270	0	0	0	264	0	3922	0	1484	0	0	0	0	0	0	0	0	0	0	0	148	0	250	0	0	0	5498	0	0	0	2198	0	0	0	0	0	0	0	0	0	0	0	0	0	0	0	0	0	0	0	0	0	0	0	0	0	0	0	
77108	Occipital_Inf_R	0	126	0	0	0	0	0	0	0	0	0	0	0	0	0	0	0	0	78	0	0	0	0	0	0	0	0	0	0	286	0	0	0	100	0	252	0	1108	0	864	0	0	0	2732	0	2886	0	2412	0	3496	0	7006	0	0	0	8626	0	422	0	190	0	80	0	0	0	228	0	2678	0	132	0	0	0	100	0	0	0	0	0	0	0	0	0	0	0	2304	0	0	0	2320	0	0	0	0	0	0	0	0	0	128	0	0	0	0	0	0	0	0	0	0	0	0	0	0	0	0	
218944	Fusiform_L	168	0	522	0	0	0	0	0	0	0	300	0	0	0	0	0	432	0	572	218	0	0	0	0	0	0	0	0	3418	0	0	0	84	0	0	0	6170	0	3376	0	1100	0	0	0	0	0	7358	458	264	0	3686	0	3980	0	0	0	80	0	0	0	86	0	114	0	194	0	192	0	0	0	0	0	738	0	0	0	140	0	442	0	1992	0	2646	0	3156	0	2412	0	15294	0	16478	310	1460	0	134	0	7984	0	19954	358	438	0	664	0	0	0	0	0	0	0	610	1226	264	0	0	0	
245436	Fusiform_R	90	198	0	0	0	0	0	160	0	0	0	0	0	84	0	0	0	0	132	82	0	0	0	0	0	0	0	0	0	494	0	0	0	0	0	352	0	17184	0	12206	0	2844	0	2316	0	1408	212	10730	0	2810	0	4694	0	8626	0	0	0	230	0	88	0	0	0	0	0	0	0	1364	0	0	0	94	108	2132	0	0	0	116	0	98	0	180	0	5114	0	1202	0	3836	0	10338	214	8976	0	82	0	218	418	4366	708	12000	0	0	80	332	0	0	0	0	0	82	2248	2496	522	112	84	258	
251392	Postcentral_L	35494	0	1932	0	0	0	1464	0	0	0	7600	0	0	0	0	0	8792	0	3346	300	0	0	0	0	0	0	0	0	7002	0	0	0	768	0	320	196	2184	212	162	0	0	0	0	0	0	190	0	0	0	0	1440	0	0	0	80	0	0	124	6936	0	18410	0	10392	0	1818	0	2478	432	3626	0	0	80	1432	0	116	0	950	0	2004	0	4114	0	0	0	900	0	0	0	402	0	0	0	0	0	0	0	0	0	0	0	0	0	0	0	0	0	0	0	0	0	0	0	0	0	0	0	
213148	Postcentral_R	458	18576	190	924	0	0	0	1562	0	0	322	1284	388	0	0	0	0	3484	1040	1446	0	0	0	0	0	0	0	0	1086	2968	0	0	0	1110	0	2886	0	418	0	0	0	0	0	1814	0	5916	0	1664	0	4540	0	1224	0	422	0	230	124	0	0	5732	0	4234	0	10818	0	2314	0	13124	0	7510	1940	96	2286	866	208	0	0	80	0	106	0	752	0	0	0	2104	0	0	0	328	0	0	0	0	0	0	0	0	0	0	0	0	0	0	0	0	0	0	0	0	0	0	0	0	0	0	
130416	Parietal_Sup_L	396	0	190	0	0	0	0	0	0	0	0	0	0	0	0	0	0	0	188	0	0	0	0	0	0	0	0	0	0	0	0	0	760	0	1140	0	110	0	0	0	0	0	1434	0	2196	0	512	0	4902	0	15566	0	270	0	0	0	6936	0	0	0	13822	0	84	0	1866	0	13228	0	736	0	0	0	0	0	0	0	428	0	0	0	80	0	0	0	364	0	0	0	0	0	0	0	0	0	0	0	0	0	0	0	0	0	0	0	0	0	0	0	0	0	0	0	0	0	0	0	
142852	Parietal_Sup_R	0	86	0	0	0	0	0	0	0	0	0	0	0	0	0	0	0	0	0	0	0	0	0	0	0	0	0	0	0	0	0	0	0	380	0	0	0	0	0	0	0	0	0	286	0	5786	0	0	0	12718	0	4988	0	190	0	88	0	5732	0	0	0	14932	0	1238	0	11718	86	6984	0	1026	0	0	0	0	0	0	0	0	0	0	0	228	0	0	0	2676	0	0	0	2284	0	0	0	0	0	0	0	0	0	0	0	0	0	0	0	0	0	0	0	0	0	0	0	0	0	0	
167980	Parietal_Inf_L	3942	0	252	0	0	0	208	0	0	0	1766	0	0	0	0	0	738	0	238	0	0	0	0	0	0	0	0	0	836	0	0	0	384	0	600	0	156	0	0	0	0	0	826	0	434	0	260	0	270	0	9772	0	0	0	86	0	18410	0	13822	0	0	0	12288	0	11738	0	2780	0	442	0	0	0	0	0	0	0	310	0	0	0	1144	0	0	0	1566	0	0	0	722	0	0	0	0	0	0	0	0	0	0	0	0	0	0	0	0	0	0	0	0	0	0	0	0	0	0	0	
122124	Parietal_Inf_R	0	158	0	0	0	0	0	0	0	0	0	0	0	0	0	0	0	78	0	0	0	0	0	0	0	0	0	0	0	216	0	0	0	486	0	0	0	0	0	0	0	0	0	0	0	3220	0	0	0	6856	0	2664	0	80	0	0	0	4234	0	14932	0	0	0	3958	0	13470	0	2402	0	1168	0	0	0	98	0	0	0	0	0	0	0	526	0	0	0	3966	0	0	0	2550	0	0	0	0	0	0	0	0	0	0	0	0	0	0	0	0	0	0	0	0	0	0	0	0	0	0	
104548	SupraMarginal_L	2460	0	0	0	0	0	0	0	0	0	252	0	0	0	0	0	2872	0	0	0	0	0	0	0	0	0	0	0	1200	0	0	0	362	0	0	0	90	0	0	0	0	0	0	0	0	0	0	0	0	0	592	0	264	0	114	0	10392	0	84	0	12288	0	0	0	5102	0	104	0	0	0	0	0	0	0	0	0	0	0	330	0	7960	0	0	0	5460	0	0	0	2348	0	0	0	0	0	0	0	0	0	0	0	0	0	0	0	0	0	0	0	0	0	0	0	0	0	0	0	
71544	SupraMarginal_R	0	2318	0	0	0	0	0	0	0	0	0	0	0	0	0	0	0	1982	0	116	0	0	0	0	0	0	0	0	0	754	0	0	0	312	0	0	0	0	0	0	0	0	0	0	0	1142	0	0	0	1192	0	242	0	0	0	0	0	10818	0	1238	0	3958	0	0	0	3190	0	1124	0	408	126	0	128	214	0	0	0	0	0	0	0	3416	0	0	0	2760	0	0	0	334	0	0	0	0	0	0	0	0	0	0	0	0	0	0	0	0	0	0	0	0	0	0	0	0	0	0	
125412	Angular_L	2264	0	186	0	0	0	80	0	0	0	382	0	0	0	0	0	1280	0	0	0	0	0	0	0	0	0	0	0	940	0	0	0	462	0	562	0	170	0	0	0	0	0	248	0	130	0	174	0	478	0	14286	0	3922	0	194	0	1818	0	1866	0	11738	0	5102	0	0	0	764	0	88	0	0	0	0	0	0	0	0	0	704	0	2782	0	0	0	10176	0	0	0	1910	0	0	0	0	0	0	0	0	0	0	0	0	0	0	0	0	0	0	0	0	0	0	0	0	0	0	0	
126432	Angular_R	0	274	0	0	0	0	0	0	0	0	0	0	0	0	0	0	0	0	0	0	0	0	0	0	0	0	0	0	0	340	0	0	0	382	0	0	0	0	0	0	0	0	0	110	0	2702	0	140	0	10282	0	9192	0	228	0	0	0	2314	0	11718	0	13470	0	3190	0	0	0	2092	0	856	0	0	0	110	0	0	0	0	0	0	0	1646	0	0	0	4000	0	0	0	170	0	0	0	0	0	0	0	0	0	0	0	0	0	0	0	0	0	0	0	0	0	0	0	0	0	0	
222288	Precuneus_L	316	0	156	0	0	0	0	0	0	0	0	0	0	0	0	0	122	0	172	0	0	0	0	0	0	0	0	0	0	0	0	0	2178	288	6924	250	3418	122	2302	0	0	0	12654	784	10702	1204	8970	244	11640	880	19230	0	1484	0	192	0	2478	0	13228	86	2780	0	104	0	764	0	0	2792	1820	140	0	0	84	0	0	0	548	0	0	0	114	0	0	0	1528	0	0	0	446	0	0	0	0	0	0	0	0	0	0	0	0	0	0	0	0	0	0	0	0	0	0	0	0	0	0	0	
412516	Precuneus_R	1380	2576	406	256	0	0	0	0	0	0	92	0	126	0	0	0	0	870	3074	2846	0	0	0	0	0	0	0	0	604	3012	0	0	1354	8340	514	12524	570	3454	342	454	0	0	564	17946	600	34272	0	14706	0	26448	0	9126	0	2678	0	1364	432	13124	0	6984	0	2402	0	1124	0	2092	2792	0	106	15622	1088	252	2092	1804	638	0	406	570	0	0	0	110	0	0	0	1026	0	0	0	2488	0	0	0	0	0	0	0	168	0	0	0	0	0	0	0	0	0	0	0	0	440	0	0	0	0	0	
118968	Paracentral_Lobule_L	9792	0	4260	0	0	0	488	0	0	0	0	0	0	0	0	0	0	0	12514	906	0	0	0	0	0	0	0	0	928	0	0	0	4812	518	2230	462	2942	388	102	0	0	0	0	0	0	0	0	0	0	0	940	0	0	0	0	0	3626	0	736	0	442	0	0	0	88	0	1820	106	0	326	100	0	3328	0	0	0	6550	100	568	0	0	0	0	0	296	0	0	0	116	0	0	0	0	0	0	0	0	0	0	0	0	0	0	0	0	0	0	0	0	0	0	0	0	0	0	0	
139636	Paracentral_Lobule_R	160	3922	166	0	0	0	0	0	0	0	0	0	0	0	0	0	0	274	524	4820	0	0	0	0	0	0	0	0	104	838	0	0	224	6900	0	4294	0	178	0	0	0	0	0	2300	0	6394	0	2618	0	5604	0	1336	0	132	0	0	0	7510	0	1026	0	1168	0	408	0	856	140	15622	326	0	422	148	418	160	140	0	92	190	0	0	0	82	0	0	0	154	0	0	0	168	0	0	0	0	0	0	0	0	0	0	0	0	0	0	0	0	0	0	0	0	0	0	0	0	0	0	
315668	Caudate_L	302	3604	6178	5604	6266	446	1080	102	2774	0	1300	102	8400	0	4968	2202	216	448	3640	3924	6652	6318	1506	232	1282	1080	6018	722	15684	1506	4902	4304	614	1254	290	94	0	458	0	0	0	0	0	0	0	716	0	94	0	346	0	120	0	0	0	0	0	1940	0	0	0	0	0	126	0	0	0	1088	100	422	0	12002	25320	3686	1736	274	5016	258	0	0	0	0	0	0	0	0	0	0	0	118	0	0	0	0	0	0	0	0	0	0	0	0	0	0	0	0	0	0	0	0	0	0	0	0	0	0	
471940	Caudate_R	280	1766	2378	33186	368	6014	396	5230	114	864	270	3114	3356	3898	1328	15260	0	1394	3070	17148	4314	8186	602	4712	256	5910	284	3048	5190	12088	2900	13784	176	8496	0	0	0	678	0	0	0	0	0	0	0	206	0	0	0	208	0	0	0	0	0	94	80	96	0	0	0	0	0	0	0	0	0	252	0	148	12002	0	5024	30318	500	1596	104	14700	0	0	0	170	0	126	0	0	0	0	0	288	0	0	0	0	0	0	0	0	0	0	0	0	0	0	0	0	0	0	0	0	0	0	0	0	0	0	
416564	Putamen_L	7074	3142	19306	2778	11454	248	2298	0	4132	0	2648	0	2812	0	5704	318	296	330	15820	5416	4606	4148	534	172	582	624	5524	576	24160	1114	1868	1262	1396	528	522	288	12002	578	1318	0	358	0	0	0	0	1256	0	170	0	502	0	174	0	0	738	108	1432	2286	0	0	0	0	0	128	0	0	84	2092	3328	418	25320	5024	0	2512	11052	252	2220	352	0	0	670	0	1350	0	0	0	0	0	698	180	0	0	0	0	0	0	0	0	0	0	0	0	0	0	0	0	0	0	0	0	0	0	0	0	0	0	
348048	Putamen_R	120	2300	708	18032	326	4724	160	8166	0	980	168	2156	446	3816	124	7984	0	4514	590	1460	522	1862	308	3704	0	3150	0	1356	1788	29792	596	4116	78	1098	0	186	0	11398	0	4954	0	1360	0	88	0	1262	0	176	0	1078	0	332	0	100	0	2132	0	866	0	0	0	98	0	214	0	110	0	1804	0	160	3686	30318	2512	0	0	2112	82	1382	0	0	0	548	0	738	0	338	0	196	0	294	0	0	0	0	0	0	0	0	0	356	0	0	0	0	0	0	0	0	0	0	0	0	0	0	0	0	
67560	Pallidum_L	1384	0	5768	152	0	0	418	0	0	0	0	0	0	0	0	0	0	0	3374	1260	498	360	0	0	0	0	0	90	112	0	0	84	862	408	274	146	1302	0	0	0	0	0	0	0	0	316	0	96	0	84	0	0	0	0	0	0	116	208	0	0	0	0	0	0	0	0	0	638	0	140	1736	500	11052	0	0	0	2206	196	0	0	0	0	0	0	0	0	0	0	0	0	0	0	0	0	0	0	0	0	0	0	0	0	0	0	0	0	0	0	0	0	0	0	0	0	0	0	
11580	Pallidum_R	0	0	78	0	0	0	0	0	0	0	0	0	0	0	0	0	0	0	0	200	0	0	0	0	0	0	0	0	214	342	0	0	0	0	0	0	0	432	0	290	0	0	0	0	0	0	0	0	0	0	0	0	0	0	0	0	0	0	0	0	0	0	0	0	0	0	0	0	0	0	274	1596	252	2112	0	0	0	0	0	0	0	0	0	0	0	0	0	0	0	0	0	0	0	0	0	0	0	0	0	0	0	0	0	0	0	0	0	0	0	0	0	0	0	0	0	0	
109128	Thalamus_L	2800	92	1340	234	0	0	98	0	0	0	0	0	534	0	224	0	0	0	5100	740	0	0	0	0	0	0	0	0	2196	0	0	0	3970	326	2948	2662	5440	2876	678	256	0	0	0	0	114	0	0	0	0	0	420	0	0	0	140	0	950	0	428	0	310	0	0	0	0	0	548	406	6550	92	5016	104	2220	82	2206	0	0	1194	486	0	178	0	0	0	248	0	0	0	358	0	0	0	0	0	0	0	0	0	0	0	0	0	0	0	0	0	0	0	0	0	0	0	0	0	0	0	
88284	Thalamus_R	0	8270	502	4168	0	104	0	162	0	0	0	0	0	0	0	0	0	88	204	3770	0	0	0	122	0	0	0	0	198	632	0	816	102	222	0	1068	0	3168	0	530	0	0	0	0	0	288	0	0	0	286	0	0	0	0	0	116	0	80	0	0	0	0	0	0	0	0	0	570	100	190	258	14700	352	1382	196	0	1194	0	0	0	0	0	0	0	0	0	0	0	0	304	0	0	0	0	0	0	0	0	0	0	0	0	0	0	0	0	0	0	0	0	0	0	0	0	0	0	
105328	Heschl_L	3460	0	662	0	0	0	108	0	0	0	700	0	0	0	0	0	6878	0	532	0	0	0	0	0	0	0	0	0	6906	0	0	0	188	0	0	134	5438	134	0	0	0	0	0	0	0	0	0	0	0	0	260	0	148	0	442	0	2004	0	0	0	0	0	330	0	704	0	0	0	568	0	0	0	0	0	0	0	486	0	0	0	8534	0	0	0	7764	0	0	0	6284	0	0	0	0	0	0	0	0	0	0	0	0	0	0	0	0	0	0	0	0	0	0	0	0	0	0	0	
15592	Heschl_R	0	0	0	0	0	0	0	0	0	0	0	0	0	0	0	0	0	688	0	0	0	0	0	0	0	0	0	0	0	642	0	0	0	0	0	0	0	0	0	0	0	0	0	0	0	0	0	0	0	0	0	0	0	0	0	98	0	106	0	0	0	0	0	0	0	0	0	0	0	0	0	0	0	0	0	0	0	0	0	0	0	3378	0	0	0	940	0	0	0	1944	0	0	0	0	0	0	0	0	0	0	0	0	0	0	0	0	0	0	0	0	0	0	0	0	0	0	
197560	Temporal_Sup_L	2050	0	846	234	0	0	308	0	0	0	3860	0	150	0	0	0	8526	0	996	246	0	0	0	0	0	0	0	0	7804	0	0	0	664	0	0	0	2494	0	0	0	0	0	0	0	0	0	0	0	0	0	820	0	250	0	1992	0	4114	0	80	0	1144	0	7960	0	2782	0	114	0	0	0	0	0	670	0	0	0	178	0	8534	0	0	0	4638	0	24846	0	0	0	12480	0	0	0	0	0	0	0	0	0	0	0	0	0	0	0	0	0	0	0	0	0	0	0	0	0	0	0	
91828	Temporal_Sup_R	0	254	0	442	0	0	0	152	0	0	0	754	0	0	0	0	0	3198	0	0	0	0	0	0	0	0	0	0	0	5020	0	0	0	0	0	0	0	0	0	0	0	0	0	0	0	118	0	0	0	132	0	0	0	0	0	180	0	752	0	228	0	526	0	3416	0	1646	0	110	0	82	0	170	0	548	0	0	0	0	0	3378	0	0	0	3698	0	14924	0	506	0	5680	0	0	0	0	0	0	0	0	0	0	0	0	0	0	0	0	0	0	0	0	0	0	0	0	0	0	
101004	Temporal_Pole_Sup_L	0	0	518	668	728	0	334	0	246	0	2790	0	1560	0	4142	0	1716	0	274	592	404	0	220	0	0	0	0	0	6928	0	0	0	0	0	0	0	1712	0	710	0	970	0	0	0	0	0	0	0	0	0	0	0	0	0	2646	0	0	0	0	0	0	0	0	0	0	0	0	0	0	0	0	0	1350	0	0	0	0	0	0	0	4638	0	0	0	9318	0	3692	0	4346	0	0	0	0	0	0	0	0	0	0	0	0	0	0	0	0	0	0	0	0	0	0	0	0	0	0	0	
74756	Temporal_Pole_Sup_R	0	0	0	148	0	0	0	0	0	0	0	836	0	124	0	164	0	1012	0	0	0	0	0	0	0	0	0	0	0	3404	0	0	0	0	0	0	0	1500	0	3694	0	2980	0	0	0	0	0	0	0	0	0	0	0	0	0	5114	0	0	0	0	0	0	0	0	0	0	0	0	0	0	0	126	0	738	0	0	0	0	0	0	0	3698	0	0	0	5486	0	6198	0	2156	0	0	0	0	0	0	0	0	0	0	0	0	0	0	0	0	0	0	0	0	0	0	0	0	0	0	
287804	Temporal_Mid_L	876	0	256	0	0	0	82	0	0	0	226	0	0	0	0	0	4470	0	234	0	0	0	0	0	0	0	0	0	4784	0	0	0	2232	0	756	0	1068	0	0	0	0	0	828	0	268	0	860	0	654	0	15618	0	5498	0	3156	0	900	0	364	0	1566	0	5460	0	10176	0	1528	0	296	0	0	0	0	0	0	0	248	0	7764	0	24846	0	9318	0	0	0	5506	0	34064	0	0	0	0	0	0	0	0	0	0	0	0	0	0	0	0	0	0	0	0	0	0	0	0	0	0	0	
137908	Temporal_Mid_R	0	668	0	0	0	0	0	0	0	0	0	0	0	0	0	0	0	904	80	0	0	0	0	0	0	0	0	0	0	2732	0	0	0	190	0	98	0	0	0	0	0	0	0	544	0	1258	0	582	0	1766	0	5554	0	2304	0	1202	0	2104	0	2676	0	3966	0	2760	0	4000	0	1026	0	154	0	0	0	338	0	0	0	0	0	940	0	14924	0	5486	0	0	0	3032	0	9666	0	0	0	0	0	0	0	0	0	0	0	0	0	0	0	0	0	0	0	0	0	0	0	0	0	0	
33996	Temporal_Pole_Mid_L	0	0	0	0	0	0	0	0	0	0	0	0	0	0	0	0	0	0	0	0	0	0	0	0	0	0	0	0	0	0	0	0	0	0	0	0	0	0	464	0	0	0	0	0	0	0	0	0	0	0	0	0	0	0	2412	0	0	0	0	0	0	0	0	0	0	0	0	0	0	0	0	0	0	0	0	0	0	0	0	0	0	0	3692	0	5506	0	0	0	4924	0	0	0	0	0	0	0	0	0	0	0	0	0	0	0	0	0	0	0	0	0	0	0	0	0	0	0	
38848	Temporal_Pole_Mid_R	0	0	0	0	0	0	0	0	0	0	0	0	0	0	0	0	0	0	0	0	0	0	0	0	0	0	0	0	0	624	0	0	0	0	0	0	0	192	0	2084	0	342	0	0	0	0	0	0	0	0	0	0	0	0	0	3836	0	0	0	0	0	0	0	0	0	0	0	0	0	0	0	0	0	196	0	0	0	0	0	0	0	506	0	6198	0	3032	0	0	0	2414	0	0	0	0	0	0	0	0	0	0	0	0	0	0	0	0	0	0	0	0	0	0	0	0	0	0	
224416	Temporal_Inf_L	568	0	824	0	0	0	94	0	0	0	524	0	0	0	0	0	3672	0	942	360	0	0	0	0	0	0	0	0	5032	0	0	0	1004	0	422	0	4826	0	766	0	228	0	312	0	0	0	416	0	244	0	1516	0	2198	0	15294	0	402	0	0	0	722	0	2348	0	1910	0	446	0	116	0	0	0	698	0	0	0	358	0	6284	0	12480	0	4346	0	34064	0	4924	0	0	0	1900	0	650	0	0	0	0	0	224	0	576	0	518	0	0	0	0	0	0	0	0	0	0	0	0	0	
114700	Temporal_Inf_R	132	562	102	0	0	0	0	0	0	0	0	0	0	0	0	0	0	194	386	100	0	0	0	0	0	0	0	0	0	1046	0	0	0	428	0	768	0	3278	0	768	0	326	0	1148	0	436	0	1302	0	412	0	144	0	2320	0	10338	0	328	0	2284	0	2550	0	334	0	170	0	2488	0	168	118	288	180	294	0	0	0	304	0	1944	0	5680	0	2156	0	9666	0	2414	0	0	0	1198	0	96	0	0	0	0	0	336	0	0	0	164	0	0	0	0	0	0	0	0	0	0	0	0	
332728	Cerebelum_Crus1_L	0	0	0	0	0	0	0	0	0	0	0	0	0	0	0	0	0	0	0	0	0	0	0	0	0	0	0	0	0	0	0	0	0	0	0	0	0	0	0	0	0	0	0	0	0	0	3170	1526	0	0	0	0	0	0	16478	214	0	0	0	0	0	0	0	0	0	0	0	0	0	0	0	0	0	0	0	0	0	0	0	0	0	0	0	0	0	0	0	0	1900	0	0	1268	28838	2604	150	0	14256	252	46332	1516	10038	446	16312	3326	2166	932	466	118	0	0	1154	3576	5956	2112	1258	0	
320284	Cerebelum_Crus1_R	0	0	0	0	0	0	0	0	0	0	0	0	0	0	0	0	0	0	0	0	0	0	0	0	0	0	0	0	0	0	0	0	0	0	0	0	0	0	0	0	0	0	0	0	0	0	804	4578	0	0	0	0	0	0	310	8976	0	0	0	0	0	0	0	0	0	0	0	0	0	0	0	0	0	0	0	0	0	0	0	0	0	0	0	0	0	0	0	0	0	1198	1268	0	998	27330	0	644	1420	12312	2104	43312	88	6364	390	17018	0	952	0	78	0	326	8580	10994	7294	1572	942	290	
284412	Cerebelum_Crus2_L	0	0	0	0	0	0	0	0	0	0	0	0	0	0	0	0	0	0	0	0	0	0	0	0	0	0	0	0	0	0	0	0	0	0	0	0	0	0	0	0	0	0	0	0	0	0	346	140	0	0	0	0	0	0	1460	0	0	0	0	0	0	0	0	0	0	0	0	0	0	0	0	0	0	0	0	0	0	0	0	0	0	0	0	0	0	0	0	0	650	0	28838	998	0	5644	0	0	1480	0	6278	754	34358	1894	30794	6906	2288	1438	662	124	0	0	0	416	8800	6574	1364	0	
239776	Cerebelum_Crus2_R	0	0	0	0	0	0	0	0	0	0	0	0	0	0	0	0	0	0	0	0	0	0	0	0	0	0	0	0	0	0	0	0	0	0	0	0	0	0	0	0	0	0	0	0	0	0	0	164	0	0	0	0	0	0	0	82	0	0	0	0	0	0	0	0	0	0	0	0	0	0	0	0	0	0	0	0	0	0	0	0	0	0	0	0	0	0	0	0	0	96	2604	27330	5644	0	0	0	110	116	472	3314	1918	23436	2274	34838	134	2506	0	122	0	0	142	514	9166	3892	1014	0	
16600	Cerebelum_3_L	0	0	0	0	0	0	0	0	0	0	0	0	0	0	0	0	0	0	0	0	0	0	0	0	0	0	0	0	0	0	0	0	0	0	0	0	0	0	0	0	0	0	0	0	0	0	0	0	0	0	0	0	0	0	134	0	0	0	0	0	0	0	0	0	0	0	0	0	0	0	0	0	0	0	0	0	0	0	0	0	0	0	0	0	0	0	0	0	0	0	150	0	0	0	0	78	4950	0	990	0	0	0	0	0	456	0	0	0	478	634	430	0	0	0	0	0	
27960	Cerebelum_3_R	0	0	0	0	0	0	0	0	0	0	0	0	0	0	0	0	0	0	0	0	0	0	0	0	0	0	0	0	0	0	0	0	0	0	0	0	0	0	0	0	0	0	0	0	0	0	0	0	0	0	0	0	0	0	0	218	0	0	0	0	0	0	0	0	0	0	0	0	0	0	0	0	0	0	0	0	0	0	0	0	0	0	0	0	0	0	0	0	0	0	0	644	0	0	78	0	158	3768	0	3282	0	0	0	198	0	432	0	0	136	2016	1456	374	320	388	512	0	
184188	Cerebelum_4_5_L	0	0	0	0	0	0	0	0	0	0	0	0	0	0	0	0	0	0	0	0	0	0	0	0	0	0	0	0	0	0	0	0	0	0	0	0	78	0	276	0	0	0	0	0	0	0	4586	954	0	0	0	0	0	0	7984	418	0	0	0	0	0	0	0	0	0	0	0	0	0	0	0	0	0	0	0	0	0	0	0	0	0	0	0	0	0	0	0	0	0	0	14256	1420	1480	110	4950	158	0	2412	27600	2442	670	0	1648	248	2756	626	260	0	510	888	10112	2364	348	288	870	1382	
158752	Cerebelum_4_5_R	0	0	0	0	0	0	0	0	0	0	0	0	0	0	0	0	0	0	0	0	0	0	0	0	0	0	0	0	0	0	0	0	0	0	0	0	0	310	0	430	0	0	0	0	0	0	778	4182	0	0	0	0	0	0	0	4366	0	0	0	0	0	0	0	0	0	0	0	168	0	0	0	0	0	0	0	0	0	0	0	0	0	0	0	0	0	0	0	0	0	0	252	12312	0	116	0	3768	2412	0	698	27582	0	0	0	810	0	456	0	0	0	1666	14680	2158	628	390	530	684	
289604	Cerebelum_6_L	0	0	0	0	0	0	0	0	0	0	0	0	0	0	0	0	0	0	0	0	0	0	0	0	0	0	0	0	0	0	0	0	0	0	0	0	0	0	0	0	0	0	0	0	0	0	5700	3058	0	0	0	0	0	0	19954	708	0	0	0	0	0	0	0	0	0	0	0	0	0	0	0	0	0	0	0	0	0	0	0	0	0	0	0	0	0	0	0	0	224	0	46332	2104	6278	472	990	0	27600	698	0	2922	3114	0	6290	634	2572	514	92	0	0	0	4376	6632	2016	586	634	302	
317464	Cerebelum_6_R	0	0	0	0	0	0	0	0	0	0	0	0	0	0	0	0	0	0	0	0	0	0	0	0	0	0	0	0	0	0	0	0	0	0	0	0	0	548	0	706	0	0	0	0	0	0	1106	7184	0	0	0	0	0	128	358	12000	0	0	0	0	0	0	0	0	0	0	0	0	0	0	0	0	0	356	0	0	0	0	0	0	0	0	0	0	0	0	0	0	0	336	1516	43312	754	3314	0	3282	2442	27582	2922	0	0	0	332	5152	0	1560	0	176	0	1158	14534	13962	9090	2262	2242	418	
200376	Cerebelum_7b_L	0	0	0	0	0	0	0	0	0	0	0	0	0	0	0	0	0	0	0	0	0	0	0	0	0	0	0	0	0	0	0	0	0	0	0	0	0	0	0	0	0	0	0	0	0	0	126	0	0	0	0	0	0	0	438	0	0	0	0	0	0	0	0	0	0	0	0	0	0	0	0	0	0	0	0	0	0	0	0	0	0	0	0	0	0	0	0	0	576	0	10038	88	34358	1918	0	0	670	0	3114	0	0	1402	33630	3102	2246	242	346	0	0	0	0	0	2544	5250	100	0	
119972	Cerebelum_7b_R	0	0	0	0	0	0	0	0	0	0	0	0	0	0	0	0	0	0	0	0	0	0	0	0	0	0	0	0	0	0	0	0	0	0	0	0	0	0	0	0	0	0	0	0	0	0	0	0	0	0	0	0	0	0	0	0	0	0	0	0	0	0	0	0	0	0	0	0	0	0	0	0	0	0	0	0	0	0	0	0	0	0	0	0	0	0	0	0	0	0	446	6364	1894	23436	0	0	0	0	0	0	1402	0	1608	20424	0	330	0	0	0	0	0	0	2036	2046	0	0	
257096	Cerebelum_8_L	0	0	0	0	0	0	0	0	0	0	0	0	0	0	0	0	0	0	0	0	0	0	0	0	0	0	0	0	0	0	0	0	0	0	0	0	0	0	0	0	0	0	0	0	0	0	288	122	0	0	0	0	0	0	664	80	0	0	0	0	0	0	0	0	0	0	0	0	0	0	0	0	0	0	0	0	0	0	0	0	0	0	0	0	0	0	0	0	518	0	16312	390	30794	2274	0	0	1648	0	6290	332	33630	1608	0	4642	12172	898	1686	0	0	0	0	582	4146	7984	1488	0	
273004	Cerebelum_8_R	0	0	0	0	0	0	0	0	0	0	0	0	0	0	0	0	0	0	0	0	0	0	0	0	0	0	0	0	0	0	0	0	0	0	0	0	0	0	0	0	0	0	0	0	0	0	0	484	0	0	0	0	0	0	0	332	0	0	0	0	0	0	0	0	0	0	0	0	0	0	0	0	0	0	0	0	0	0	0	0	0	0	0	0	0	0	0	0	0	164	3326	17018	6906	34838	0	198	248	810	634	5152	3102	20424	4642	0	458	13584	96	652	0	176	746	1684	10052	8162	2614	0	
64860	Cerebelum_9_L	0	0	0	0	0	0	0	0	0	0	0	0	0	0	0	0	0	0	0	0	0	0	0	0	0	0	0	0	0	0	0	0	0	0	0	0	0	0	0	0	0	0	0	0	0	0	0	0	0	0	0	0	0	0	0	0	0	0	0	0	0	0	0	0	0	0	0	0	0	0	0	0	0	0	0	0	0	0	0	0	0	0	0	0	0	0	0	0	0	0	2166	0	2288	134	456	0	2756	0	2572	0	2246	0	12172	458	0	388	2700	0	100	88	972	474	518	906	736	300	
88584	Cerebelum_9_R	0	0	0	0	0	0	0	0	0	0	0	0	0	0	0	0	0	0	0	0	0	0	0	0	0	0	0	0	0	0	0	0	0	0	0	0	0	0	0	0	0	0	0	0	0	0	0	134	0	0	0	0	0	0	0	0	0	0	0	0	0	0	0	0	0	0	0	0	0	0	0	0	0	0	0	0	0	0	0	0	0	0	0	0	0	0	0	0	0	0	932	952	1438	2506	0	432	626	456	514	1560	242	330	898	13584	388	0	0	874	168	494	1396	2726	4116	3518	4862	1146	
13184	Cerebelum_10_L	0	0	0	0	0	0	0	0	0	0	0	0	0	0	0	0	0	0	0	0	0	0	0	0	0	0	0	0	0	0	0	0	0	0	0	0	0	0	0	0	0	0	0	0	0	0	0	0	0	0	0	0	0	0	0	0	0	0	0	0	0	0	0	0	0	0	0	0	0	0	0	0	0	0	0	0	0	0	0	0	0	0	0	0	0	0	0	0	0	0	466	0	662	0	0	0	260	0	92	0	346	0	1686	96	2700	0	0	0	0	0	0	0	166	118	0	0	
4732	Cerebelum_10_R	0	0	0	0	0	0	0	0	0	0	0	0	0	0	0	0	0	0	0	0	0	0	0	0	0	0	0	0	0	0	0	0	0	0	0	0	0	0	0	0	0	0	0	0	0	0	0	0	0	0	0	0	0	0	0	0	0	0	0	0	0	0	0	0	0	0	0	0	0	0	0	0	0	0	0	0	0	0	0	0	0	0	0	0	0	0	0	0	0	0	118	78	124	122	0	0	0	0	0	176	0	0	0	652	0	874	0	0	0	0	0	0	222	0	0	0	
12976	Vermis_1_2	0	0	0	0	0	0	0	0	0	0	0	0	0	0	0	0	0	0	0	0	0	0	0	0	0	0	0	0	0	0	0	0	0	0	0	0	0	0	0	0	0	0	0	0	0	0	0	0	0	0	0	0	0	0	0	0	0	0	0	0	0	0	0	0	0	0	0	0	0	0	0	0	0	0	0	0	0	0	0	0	0	0	0	0	0	0	0	0	0	0	0	0	0	0	478	136	510	0	0	0	0	0	0	0	100	168	0	0	0	3352	1268	122	114	106	134	0	
30424	Vermis_3	0	0	0	0	0	0	0	0	0	0	0	0	0	0	0	0	0	0	0	0	0	0	0	0	0	0	0	0	0	0	0	0	0	0	0	0	0	0	112	0	0	0	0	0	0	0	0	0	0	0	0	0	0	0	0	82	0	0	0	0	0	0	0	0	0	0	0	0	0	0	0	0	0	0	0	0	0	0	0	0	0	0	0	0	0	0	0	0	0	0	0	326	0	0	634	2016	888	1666	0	1158	0	0	0	176	88	494	0	0	3352	0	2758	370	330	344	418	0	
168808	Vermis_4_5	0	0	0	0	0	0	0	0	0	0	0	0	0	0	0	0	0	0	0	0	0	0	0	0	0	0	0	0	0	0	0	0	0	0	0	326	0	330	0	0	0	0	0	176	0	0	1436	4942	0	0	0	0	0	0	610	2248	0	0	0	0	0	0	0	0	0	0	0	440	0	0	0	0	0	0	0	0	0	0	0	0	0	0	0	0	0	0	0	0	0	0	1154	8580	0	142	430	1456	10112	14680	4376	14534	0	0	0	746	972	1396	0	0	1268	2758	0	5532	758	768	1698	2536	
160668	Vermis_6	0	0	0	0	0	0	0	0	0	0	0	0	0	0	0	0	0	0	0	0	0	0	0	0	0	0	0	0	0	0	0	0	0	0	0	0	0	0	0	0	0	0	0	0	0	0	878	7386	0	0	0	0	0	0	1226	2496	0	0	0	0	0	0	0	0	0	0	0	0	0	0	0	0	0	0	0	0	0	0	0	0	0	0	0	0	0	0	0	0	0	0	3576	10994	416	514	0	374	2364	2158	6632	13962	0	0	582	1684	474	2726	0	0	122	370	5532	0	6702	2174	3876	3116	
180704	Vermis_7	0	0	0	0	0	0	0	0	0	0	0	0	0	0	0	0	0	0	0	0	0	0	0	0	0	0	0	0	0	0	0	0	0	0	0	0	0	0	0	0	0	0	0	0	0	0	322	1400	0	0	0	0	0	0	264	522	0	0	0	0	0	0	0	0	0	0	0	0	0	0	0	0	0	0	0	0	0	0	0	0	0	0	0	0	0	0	0	0	0	0	5956	7294	8800	9166	0	320	348	628	2016	9090	2544	2036	4146	10052	518	4116	166	222	114	330	758	6702	0	7744	4648	130	
124724	Vermis_8	0	0	0	0	0	0	0	0	0	0	0	0	0	0	0	0	0	0	0	0	0	0	0	0	0	0	0	0	0	0	0	0	0	0	0	0	0	0	0	0	0	0	0	0	0	0	0	214	0	0	0	0	0	0	0	112	0	0	0	0	0	0	0	0	0	0	0	0	0	0	0	0	0	0	0	0	0	0	0	0	0	0	0	0	0	0	0	0	0	0	2112	1572	6574	3892	0	388	288	390	586	2262	5250	2046	7984	8162	906	3518	118	0	106	344	768	2174	7744	0	4584	268	
