data	data	538640	231372	619304	551268	131540	104376	447592	232908	54288	25144	237032	329328	244176	266124	140368	89488	176220	121232	633024	820132	119808	170972	318148	303440	33980	89204	81100	126468	504008	438872	288568	416792	199888	655144	195208	148636	251488	329104	85700	196584	37372	70504	279832	314004	244016	343296	370688	323136	223772	376212	702356	274864	244620	181684	392192	419568	268968	313516	144824	143216	208804	131932	101068	100696	186176	147248	441148	470916	403092	233380	219624	526980	257420	402276	38988	26844	113716	120956	141872	63772	339636	186712	84664	66988	506156	281876	5104	31328	447748	297564	425332	366612	232268	232684	33904	32664	258216	192944	501612	406108	182808	115720	230064	223752	109044	98676	26344	16220	28652	50396	228796	261716	142248	98208	75408	27180	
data	data	Precentral_L	Precentral_R	Frontal_Sup_L	Frontal_Sup_R	Frontal_Sup_Orb_L	Frontal_Sup_Orb_R	Frontal_Mid_L	Frontal_Mid_R	Frontal_Mid_Orb_L	Frontal_Mid_Orb_R	Frontal_Inf_Oper_L	Frontal_Inf_Oper_R	Frontal_Inf_Tri_L	Frontal_Inf_Tri_R	Frontal_Inf_Orb_L	Frontal_Inf_Orb_R	Rolandic_Oper_L	Rolandic_Oper_R	Supp_Motor_Area_L	Supp_Motor_Area_R	Olfactory_L	Olfactory_R	Frontal_Sup_Medial_L	Frontal_Sup_Medial_R	Frontal_Med_Orb_L	Frontal_Med_Orb_R	Rectus_L	Rectus_R	Insula_L	Insula_R	Cingulum_Ant_L	Cingulum_Ant_R	Cingulum_Mid_L	Cingulum_Mid_R	Cingulum_Post_L	Cingulum_Post_R	Hippocampus_L	Hippocampus_R	ParaHippocampal_L	ParaHippocampal_R	Amygdala_L	Amygdala_R	Calcarine_L	Calcarine_R	Cuneus_L	Cuneus_R	Lingual_L	Lingual_R	Occipital_Sup_L	Occipital_Sup_R	Occipital_Mid_L	Occipital_Mid_R	Occipital_Inf_L	Occipital_Inf_R	Fusiform_L	Fusiform_R	Postcentral_L	Postcentral_R	Parietal_Sup_L	Parietal_Sup_R	Parietal_Inf_L	Parietal_Inf_R	SupraMarginal_L	SupraMarginal_R	Angular_L	Angular_R	Precuneus_L	Precuneus_R	Paracentral_Lobule_L	Paracentral_Lobule_R	Caudate_L	Caudate_R	Putamen_L	Putamen_R	Pallidum_L	Pallidum_R	Thalamus_L	Thalamus_R	Heschl_L	Heschl_R	Temporal_Sup_L	Temporal_Sup_R	Temporal_Pole_Sup_L	Temporal_Pole_Sup_R	Temporal_Mid_L	Temporal_Mid_R	Temporal_Pole_Mid_L	Temporal_Pole_Mid_R	Temporal_Inf_L	Temporal_Inf_R	Cerebelum_Crus1_L	Cerebelum_Crus1_R	Cerebelum_Crus2_L	Cerebelum_Crus2_R	Cerebelum_3_L	Cerebelum_3_R	Cerebelum_4_5_L	Cerebelum_4_5_R	Cerebelum_6_L	Cerebelum_6_R	Cerebelum_7b_L	Cerebelum_7b_R	Cerebelum_8_L	Cerebelum_8_R	Cerebelum_9_L	Cerebelum_9_R	Cerebelum_10_L	Cerebelum_10_R	Vermis_1_2	Vermis_3	Vermis_4_5	Vermis_6	Vermis_7	Vermis_8	Vermis_9	Vermis_10	
538640	Precentral_L	0	1128	9958	162	0	0	22832	318	0	0	11262	3752	1466	338	130	0	7164	558	9530	14760	0	0	0	0	0	0	0	0	12714	2452	274	190	3554	7658	6856	1460	7488	576	246	158	0	0	178	0	142	0	0	0	0	0	1264	0	0	0	0	0	22296	370	86	0	2776	0	1152	0	552	0	736	398	42326	4896	4448	4416	11768	96	2578	0	25154	78	7036	0	3962	0	144	0	2866	0	0	0	2618	0	0	0	0	0	0	0	0	0	0	0	0	0	0	0	0	0	0	0	0	0	0	0	0	0	0	0	
231372	Precentral_R	1128	0	8262	5848	0	0	74	12070	0	0	0	6042	0	620	0	102	0	1804	2372	7740	0	0	0	0	0	0	0	0	0	3316	0	0	134	4618	794	856	0	1752	0	466	0	74	0	446	0	2400	0	0	0	3258	0	640	0	1382	0	490	0	21398	0	546	0	618	0	1796	0	132	302	5006	860	4386	266	2990	0	6026	0	1006	0	622	0	164	0	654	0	0	0	1048	0	0	0	1178	0	0	0	0	0	0	0	0	0	0	0	0	0	0	0	0	0	0	0	0	0	0	0	0	0	0	
619304	Frontal_Sup_L	9958	8262	0	3946	6184	0	52302	5496	2018	0	14024	1890	14340	744	7202	0	3568	480	52860	9740	152	0	38756	892	2400	170	440	0	19116	1284	16680	3526	7522	4452	122	132	140	146	0	0	0	0	0	0	0	0	0	0	0	0	0	0	0	0	0	0	182	1560	0	0	0	0	0	134	0	0	0	106	5620	146	1608	2372	3382	1802	132	278	242	94	80	260	586	298	1460	0	0	226	0	0	0	140	0	0	0	0	0	0	0	0	0	0	0	0	0	0	0	0	0	0	0	0	0	0	0	0	0	0	
551268	Frontal_Sup_R	162	5848	3946	0	0	6690	98	24948	0	580	0	9472	0	11376	0	2696	0	3646	6020	42530	248	2608	8120	35284	0	3042	122	3276	0	10476	1682	25706	0	16786	0	0	0	3142	0	254	0	308	0	0	0	0	0	0	0	0	0	0	0	0	0	152	0	698	0	0	0	0	0	0	0	0	0	0	0	98	394	18622	130	15260	0	680	0	10140	0	120	0	274	0	0	0	0	0	0	0	0	0	0	0	0	0	0	0	0	0	0	0	0	0	0	0	0	0	0	0	0	0	0	0	0	0	0	
131540	Frontal_Sup_Orb_L	0	0	6184	0	0	0	1610	0	8100	0	0	0	502	0	13926	0	0	0	0	0	4352	538	3042	72	4532	440	6394	318	5258	102	4108	656	0	0	0	0	0	0	456	0	278	0	0	0	0	0	0	0	0	0	0	0	0	0	0	0	0	0	0	0	0	0	0	0	0	0	0	0	0	0	704	636	1942	442	0	0	0	0	0	0	0	0	1178	0	0	0	0	0	0	0	0	0	0	0	0	0	0	0	0	0	0	0	0	0	0	0	0	0	0	0	0	0	0	0	0	0	
104376	Frontal_Sup_Orb_R	0	0	0	6690	0	0	0	636	0	2740	0	0	0	84	0	3994	0	0	0	0	350	3490	0	3524	92	8108	242	12090	0	1814	0	1142	0	0	0	0	0	0	0	0	0	0	0	0	0	0	0	0	0	0	0	0	0	0	0	0	0	0	0	0	0	0	0	0	0	0	0	0	0	0	308	3612	122	3150	0	0	0	0	0	0	0	0	0	0	0	0	0	0	0	0	0	0	0	0	0	0	0	0	0	0	0	0	0	0	0	0	0	0	0	0	0	0	0	0	0	0	
447592	Frontal_Mid_L	22832	74	52302	98	1610	0	0	0	814	0	11514	4640	21014	886	3518	0	1784	538	20052	3820	0	0	19574	0	788	0	102	0	12954	3102	7076	910	5850	2758	110	0	456	0	0	0	0	0	144	0	82	0	0	0	0	0	802	0	0	0	0	0	1710	0	0	0	292	0	122	0	374	0	162	0	2664	122	2002	4474	3400	110	494	0	810	0	1172	0	2214	0	110	0	1772	0	0	0	1588	0	0	0	0	0	0	0	0	0	0	0	0	0	0	0	0	0	0	0	0	0	0	0	0	0	0	0	
232908	Frontal_Mid_R	318	12070	5496	24948	0	636	0	0	0	784	0	13186	0	17896	0	1328	0	100	5494	14210	0	0	776	3658	0	0	0	0	0	2032	0	2676	0	8394	0	0	0	0	0	0	0	0	0	0	0	0	0	0	0	0	0	0	0	0	0	0	0	90	0	0	0	0	0	0	0	0	0	0	156	0	148	1354	0	568	0	136	0	0	0	0	0	0	0	0	0	0	0	0	0	0	0	0	0	0	0	0	0	0	0	0	0	0	0	0	0	0	0	0	0	0	0	0	0	0	0	0	
54288	Frontal_Mid_Orb_L	0	0	2018	0	8100	0	814	0	0	0	0	0	1172	0	10708	0	0	0	0	0	612	0	154	0	0	0	294	0	1992	0	0	0	0	0	0	0	0	0	0	0	110	0	0	0	0	0	0	0	0	0	0	0	0	0	0	0	0	0	0	0	0	0	0	0	0	0	0	0	0	0	0	0	822	0	0	0	0	0	0	0	0	0	348	0	0	0	0	0	0	0	0	0	0	0	0	0	0	0	0	0	0	0	0	0	0	0	0	0	0	0	0	0	0	0	0	0	
25144	Frontal_Mid_Orb_R	0	0	0	580	0	2740	0	784	0	0	0	0	0	398	0	6024	0	0	0	0	0	362	0	0	0	90	0	574	0	354	0	0	0	0	0	0	0	0	0	0	0	0	0	0	0	0	0	0	0	0	0	0	0	0	0	0	0	0	0	0	0	0	0	0	0	0	0	0	0	0	0	240	0	426	0	0	0	0	0	0	0	0	0	0	0	0	0	0	0	0	0	0	0	0	0	0	0	0	0	0	0	0	0	0	0	0	0	0	0	0	0	0	0	0	0	0	
237032	Frontal_Inf_Oper_L	11262	0	14024	0	0	0	11514	0	0	0	0	3236	19032	2710	338	0	6726	220	8236	1130	0	0	228	0	0	0	0	0	16238	730	2080	786	0	218	0	0	246	0	0	0	0	0	0	0	0	0	0	0	0	0	80	0	0	0	0	0	4448	0	0	0	0	0	0	0	0	0	0	0	2326	0	3200	1080	1218	0	290	0	0	0	630	0	2198	0	3544	0	324	0	0	0	224	0	0	0	0	0	0	0	0	0	0	0	0	0	0	0	0	0	0	0	0	0	0	0	0	0	0	0	
329328	Frontal_Inf_Oper_R	3752	6042	1890	9472	0	0	4640	13186	0	0	3236	0	3496	26572	90	522	98	5412	7156	16686	0	0	70	1762	0	0	0	0	1050	19308	2036	3660	84	9938	0	0	0	156	0	0	0	0	0	0	0	0	0	0	0	0	0	0	0	0	0	0	70	2120	0	0	0	0	0	0	0	0	0	0	0	0	3656	12132	914	4170	130	0	0	0	118	246	102	352	0	126	110	0	0	0	104	0	0	0	0	0	0	0	0	0	0	0	0	0	0	0	0	0	0	0	0	0	0	0	0	0	0	0	
244176	Frontal_Inf_Tri_L	1466	0	14340	0	502	0	21014	0	1172	0	19032	3496	0	2922	4658	0	300	214	6902	514	0	0	5930	0	0	0	0	0	23300	826	8122	1072	404	382	0	0	0	0	0	0	0	0	0	0	0	0	0	0	0	0	0	0	0	0	0	0	448	0	0	0	0	0	0	0	0	0	0	0	0	0	2202	1136	1300	0	0	0	0	0	0	0	0	0	434	0	0	0	0	0	0	0	0	0	0	0	0	0	0	0	0	0	0	0	0	0	0	0	0	0	0	0	0	0	0	0	0	0	
266124	Frontal_Inf_Tri_R	338	620	744	11376	0	84	886	17896	0	398	2710	26572	2922	0	0	3852	0	88	4418	11836	0	144	106	3856	0	0	0	0	724	17050	1880	6646	70	8478	0	0	0	0	0	0	0	0	0	0	0	0	0	0	0	0	0	0	0	0	0	0	0	0	0	0	0	0	0	0	0	0	0	0	0	0	1472	5394	240	2262	0	0	0	0	0	0	0	0	0	0	0	0	0	0	0	0	0	0	0	0	0	0	0	0	0	0	0	0	0	0	0	0	0	0	0	0	0	0	0	0	0	0	
140368	Frontal_Inf_Orb_L	130	0	7202	0	13926	0	3518	0	10708	0	338	90	4658	0	0	0	82	0	2344	130	3042	0	1196	0	82	0	1888	0	10426	0	930	0	276	0	0	0	112	0	168	0	308	0	0	0	0	0	0	0	0	0	0	0	0	0	0	0	0	0	0	0	0	0	0	0	0	0	0	0	190	0	2066	134	4276	0	0	0	208	0	0	0	0	0	1756	0	0	0	0	0	0	0	0	0	0	0	0	0	0	0	0	0	0	0	0	0	0	0	0	0	0	0	0	0	0	0	0	0	
89488	Frontal_Inf_Orb_R	0	102	0	2696	0	3994	0	1328	0	6024	0	522	0	3852	0	0	0	0	0	72	0	3098	0	334	0	418	0	2098	0	10110	0	168	0	0	0	0	0	0	0	106	0	80	0	0	0	0	0	0	0	0	0	0	0	0	0	110	0	102	0	0	0	0	0	0	0	0	0	0	0	0	0	4248	0	5036	0	0	0	0	0	0	0	0	0	176	0	0	0	0	0	70	0	0	0	0	0	0	0	0	0	0	0	0	0	0	0	0	0	0	0	0	0	0	0	0	0	0	
176220	Rolandic_Oper_L	7164	0	3568	0	0	0	1784	0	0	0	6726	98	300	0	82	0	0	0	3352	702	0	0	86	0	0	0	0	0	14466	94	0	0	0	264	180	0	718	0	0	0	0	0	158	0	0	0	0	0	0	0	1908	0	0	0	0	0	6280	0	0	0	1648	0	2926	0	2488	0	194	0	2674	72	388	0	776	0	362	0	0	0	4372	0	11042	0	2052	0	6242	0	0	0	4944	0	0	0	0	0	0	0	0	0	0	0	0	0	0	0	0	0	0	0	0	0	0	0	0	0	0	0	
121232	Rolandic_Oper_R	558	1804	480	3646	0	0	538	100	0	0	220	5412	214	88	0	0	0	0	868	5958	0	0	0	74	0	0	0	0	0	13560	0	124	0	740	0	0	0	516	0	0	0	0	0	0	0	0	0	0	0	0	0	0	0	0	0	76	0	3034	0	0	0	0	0	1826	0	70	0	0	0	0	154	5046	0	4828	0	878	0	0	0	3600	0	4450	0	512	0	354	0	0	0	888	0	0	0	0	0	0	0	0	0	0	0	0	0	0	0	0	0	0	0	0	0	0	0	0	0	0	
633024	Supp_Motor_Area_L	9530	2372	52860	6020	0	0	20052	5494	0	0	8236	7156	6902	4418	2344	0	3352	868	0	44394	0	0	12308	4102	0	0	0	0	11176	2590	8632	7978	10538	32040	592	1216	616	182	0	0	0	0	0	0	0	0	0	0	0	0	284	0	0	0	0	0	3358	480	0	0	196	0	480	0	212	0	150	100	18408	536	4658	2602	11476	784	1994	0	846	104	326	0	1334	0	672	0	768	0	0	0	776	0	0	0	0	0	0	0	0	0	0	0	0	0	0	0	0	0	0	0	0	0	0	0	0	0	0	0	
820132	Supp_Motor_Area_R	14760	7740	9740	42530	0	0	3820	14210	0	0	1130	16686	514	11836	130	72	702	5958	44394	0	0	0	1276	10690	0	0	0	0	2012	9112	2632	16484	6894	64254	5330	2436	392	2450	0	350	0	0	0	114	0	214	0	0	0	204	202	140	0	216	0	326	2126	2560	0	100	0	0	74	194	0	0	210	744	12768	13046	3664	30812	5372	7068	904	1070	222	23624	278	426	686	802	0	84	588	1030	0	0	672	992	0	0	0	0	0	0	0	0	0	0	0	0	0	0	0	0	0	0	0	0	0	0	0	0	0	0	
119808	Olfactory_L	0	0	152	248	4352	350	0	0	612	0	0	0	0	0	3042	0	0	0	0	0	0	8174	144	396	326	808	6774	2508	3474	650	3252	2874	0	0	0	0	0	0	608	0	866	0	0	0	0	0	0	0	0	0	0	0	0	0	0	0	0	0	0	0	0	0	0	0	0	0	0	0	0	0	7812	5626	3258	3086	0	0	0	0	0	0	0	0	512	0	0	0	0	0	0	0	0	0	0	0	0	0	0	0	0	0	0	0	0	0	0	0	0	0	0	0	0	0	0	0	0	0	
170972	Olfactory_R	0	0	0	2608	538	3490	0	0	0	362	0	0	0	144	0	3098	0	0	0	0	8174	0	0	1140	166	2360	4020	8430	88	5288	3400	4070	0	0	0	0	0	0	0	74	404	242	0	0	0	0	0	0	0	0	0	0	0	0	0	0	0	0	0	0	0	0	0	0	0	0	0	0	0	0	9860	13028	4898	9604	0	0	0	0	0	0	0	0	0	0	0	0	0	0	0	0	0	0	0	0	0	0	0	0	0	0	0	0	0	0	0	0	0	0	0	0	0	0	0	0	0	0	
318148	Frontal_Sup_Medial_L	0	0	38756	8120	3042	0	19574	776	154	0	228	70	5930	106	1196	0	86	0	12308	1276	144	0	0	13640	2270	280	590	0	8230	0	17360	9348	5706	7552	0	0	0	0	0	0	0	0	0	0	0	0	0	0	0	0	0	0	0	0	0	0	0	0	0	0	0	0	0	0	0	0	0	0	0	0	158	86	2010	78	0	0	0	0	0	0	0	0	0	0	0	0	0	0	0	0	0	0	0	0	0	0	0	0	0	0	0	0	0	0	0	0	0	0	0	0	0	0	0	0	0	0	
303440	Frontal_Sup_Medial_R	0	0	892	35284	72	3524	0	3658	0	0	0	1762	0	3856	0	334	0	74	4102	10690	396	1140	13640	0	258	4666	166	2096	0	1528	3910	25678	272	17330	0	0	0	0	0	0	0	0	0	0	0	0	0	0	0	0	0	0	0	0	0	0	0	0	0	0	0	0	0	0	0	0	0	0	0	0	452	8066	186	7688	0	0	0	0	0	0	0	0	0	0	0	0	0	0	0	0	0	0	0	0	0	0	0	0	0	0	0	0	0	0	0	0	0	0	0	0	0	0	0	0	0	0	
33980	Frontal_Med_Orb_L	0	0	2400	0	4532	92	788	0	0	0	0	0	0	0	82	0	0	0	0	0	326	166	2270	258	0	1408	1014	358	0	0	2670	204	0	0	0	0	0	0	0	0	0	0	0	0	0	0	0	0	0	0	0	0	0	0	0	0	0	0	0	0	0	0	0	0	0	0	0	0	0	0	274	78	70	0	0	0	0	0	0	0	0	0	0	0	0	0	0	0	0	0	0	0	0	0	0	0	0	0	0	0	0	0	0	0	0	0	0	0	0	0	0	0	0	0	0	0	
89204	Frontal_Med_Orb_R	0	0	170	3042	440	8108	0	0	0	90	0	0	0	0	0	418	0	0	0	0	808	2360	280	4666	1408	0	600	10042	0	414	858	4026	0	0	0	0	0	0	0	0	0	0	0	0	0	0	0	0	0	0	0	0	0	0	0	0	0	0	0	0	0	0	0	0	0	0	0	0	0	0	726	3326	356	2464	0	0	0	0	0	0	0	0	0	0	0	0	0	0	0	0	0	0	0	0	0	0	0	0	0	0	0	0	0	0	0	0	0	0	0	0	0	0	0	0	0	0	
81100	Rectus_L	0	0	440	122	6394	242	102	0	294	0	0	0	0	0	1888	0	0	0	0	0	6774	4020	590	166	1014	600	0	1840	780	386	3462	2248	0	0	0	0	0	0	0	0	612	0	0	0	0	0	0	0	0	0	0	0	0	0	0	0	0	0	0	0	0	0	0	0	0	0	0	0	0	0	3246	2956	256	2118	0	0	0	0	0	0	0	0	0	0	0	0	0	0	0	0	0	0	0	0	0	0	0	0	0	0	0	0	0	0	0	0	0	0	0	0	0	0	0	0	0	0	
126468	Rectus_R	0	0	0	3276	318	12090	0	0	0	574	0	0	0	0	0	2098	0	0	0	0	2508	8430	0	2096	358	10042	1840	0	0	2220	1488	4038	0	0	0	0	0	0	0	0	112	98	0	0	0	0	0	0	0	0	0	0	0	0	0	0	0	0	0	0	0	0	0	0	0	0	0	0	0	0	1754	5194	662	4038	0	0	0	0	0	0	0	0	0	0	0	0	0	0	0	0	0	0	0	0	0	0	0	0	0	0	0	0	0	0	0	0	0	0	0	0	0	0	0	0	0	0	
504008	Insula_L	12714	0	19116	0	5258	0	12954	0	1992	0	16238	1050	23300	724	10426	0	14466	0	11176	2012	3474	88	8230	0	0	0	780	0	0	404	7630	528	770	482	276	186	10404	0	1468	0	2770	0	388	0	296	0	170	0	0	0	2266	0	136	0	3402	0	5314	0	0	0	768	0	334	0	558	0	436	138	4016	114	3254	422	15138	0	164	0	778	0	12658	0	12594	0	5076	0	6958	0	0	0	7710	0	0	0	0	0	0	0	0	0	0	0	0	0	0	0	0	0	0	0	0	0	0	0	0	0	0	0	
438872	Insula_R	2452	3316	1284	10476	102	1814	3102	2032	0	354	730	19308	826	17050	0	10110	94	13560	2590	9112	650	5288	0	1528	0	414	386	2220	404	0	1852	5276	0	3008	0	0	0	7912	0	3432	0	2448	0	0	0	0	0	0	0	0	0	84	0	150	0	4632	0	3190	0	0	0	0	0	536	0	0	0	0	0	0	3384	18302	1012	24268	100	298	0	702	124	7636	102	13188	0	1512	112	4098	0	108	106	2116	0	0	0	0	0	0	0	440	0	106	0	0	0	0	0	0	0	0	0	0	0	0	0	0	0	0	
288568	Cingulum_Ant_L	274	0	16680	1682	4108	0	7076	0	0	0	2080	2036	8122	1880	930	0	0	0	8632	2632	3252	3400	17360	3910	2670	858	3462	1488	7630	1852	0	15792	3376	3586	144	0	0	0	0	0	190	0	0	0	0	0	0	0	0	0	0	0	0	0	0	0	0	0	0	0	0	0	0	0	0	0	0	0	72	0	3438	5742	6302	3628	0	0	0	0	0	0	0	0	0	0	0	0	0	0	0	0	0	0	0	0	0	0	0	0	0	0	0	0	0	0	0	0	0	0	0	0	0	0	0	0	0	0	
416792	Cingulum_Ant_R	190	0	3526	25706	656	1142	910	2676	0	0	786	3660	1072	6646	0	168	0	124	7978	16484	2874	4070	9348	25678	204	4026	2248	4038	528	5276	15792	0	1416	27086	0	0	0	94	0	0	98	0	0	0	0	0	0	0	0	0	0	0	0	0	0	0	0	0	0	0	0	0	0	0	0	0	0	0	0	0	1408	17442	722	14324	0	0	0	0	0	0	0	0	0	0	0	0	0	0	0	0	0	0	0	0	0	0	0	0	0	0	0	0	0	0	0	0	0	0	0	0	0	0	0	0	0	0	
199888	Cingulum_Mid_L	3554	134	7522	0	0	0	5850	0	0	0	0	84	404	70	276	0	0	0	10538	6894	0	0	5706	272	0	0	0	0	770	0	3376	1416	0	12816	8360	1902	0	0	0	0	0	0	0	574	732	554	0	0	0	186	1788	70	0	0	0	0	2820	494	1750	88	926	0	0	0	220	0	7574	2748	8374	818	0	0	284	0	0	0	0	0	0	0	0	0	0	0	0	0	0	0	0	0	0	0	0	0	0	0	0	0	0	0	0	0	0	0	0	0	0	0	0	0	0	0	0	0	0	0	
655144	Cingulum_Mid_R	7658	4618	4452	16786	0	0	2758	8394	0	0	218	9938	382	8478	0	0	264	740	32040	64254	0	0	7552	17330	0	0	0	0	482	3008	3586	27086	12816	0	8812	7906	0	368	0	0	0	0	0	2874	0	4148	0	0	0	2606	212	1416	0	944	0	246	598	10600	186	1034	100	930	0	516	0	310	3084	10544	8014	21456	1060	1048	1024	1098	200	0	0	0	142	0	312	464	0	0	320	1068	0	0	316	776	0	0	0	0	0	0	0	0	0	0	0	0	0	0	0	0	0	0	0	0	0	0	0	0	0	0	
195208	Cingulum_Post_L	6856	794	122	0	0	0	110	0	0	0	0	0	0	0	0	0	180	0	592	5330	0	0	0	0	0	0	0	0	276	0	144	0	8360	8812	0	10654	6038	2366	546	528	0	0	4666	202	1760	96	2080	236	414	0	2680	0	0	0	0	124	1476	378	96	0	148	0	0	0	198	0	8588	3504	9658	5030	156	0	462	0	0	0	840	0	148	0	224	0	0	0	676	650	0	0	530	776	0	0	0	0	0	0	0	0	0	0	0	0	0	0	0	0	0	0	0	0	100	0	0	0	0	0	
148636	Cingulum_Post_R	1460	856	132	0	0	0	0	0	0	0	0	0	0	0	0	0	0	0	1216	2436	0	0	0	0	0	0	0	0	186	0	0	0	1902	7906	10654	0	2294	5270	234	1316	0	0	0	3186	0	906	134	1012	0	604	0	258	0	984	0	410	0	2272	0	0	0	0	0	0	0	0	1042	13530	1216	3236	0	0	404	0	0	0	1236	0	0	0	0	134	0	0	0	2698	0	0	0	4792	0	0	0	0	0	0	0	0	0	0	0	0	0	0	0	0	0	0	0	0	402	0	0	0	0	0	
251488	Hippocampus_L	7488	0	140	0	0	0	456	0	0	0	246	0	0	0	112	0	718	0	616	392	0	0	0	0	0	0	0	0	10404	0	0	0	0	0	6038	2294	0	866	9012	488	5704	0	4766	0	448	0	4732	426	0	0	3846	0	496	0	9484	0	490	0	0	0	224	0	130	0	890	0	5316	722	2554	0	0	0	5744	0	472	0	2892	0	4118	0	6122	0	1016	0	10890	0	0	0	14472	0	100	0	0	0	0	0	0	0	82	0	0	0	0	0	0	0	0	0	0	266	72	0	0	0	0	0	
329104	Hippocampus_R	576	1752	146	3142	0	0	0	0	0	0	0	156	0	0	0	0	0	516	182	2450	0	0	0	0	0	0	0	0	0	7912	0	94	0	368	2366	5270	866	0	122	28372	0	11000	0	282	0	86	84	3564	0	94	0	0	0	1086	0	28984	0	1358	0	0	0	0	0	408	0	126	0	3792	424	174	0	754	122	9066	0	964	554	4552	0	606	0	4794	0	1284	0	13354	0	116	0	19538	0	0	0	0	0	0	0	2198	0	582	0	0	0	0	0	0	0	0	0	0	316	0	0	0	0	0	
85700	ParaHippocampal_L	246	0	0	0	456	0	0	0	0	0	0	0	0	0	168	0	0	0	0	0	608	0	0	0	0	0	0	0	1468	0	0	0	0	0	546	234	9012	122	0	158	1240	0	374	0	116	0	4486	524	0	0	1556	0	2534	0	8522	0	0	0	0	0	0	0	0	0	0	0	452	80	0	0	0	0	614	0	0	0	572	0	236	0	504	0	288	0	1922	0	0	0	3686	0	284	208	0	0	232	0	170	0	326	210	0	0	0	0	0	0	0	0	96	382	0	218	0	0	0	0	
196584	ParaHippocampal_R	158	466	0	254	0	0	0	0	0	0	0	0	0	0	0	106	0	0	0	350	0	74	0	0	0	0	0	0	0	3432	0	0	0	0	528	1316	488	28372	158	0	0	9854	0	184	0	0	0	4386	0	0	0	0	0	1014	0	24480	0	466	0	0	0	0	0	0	0	0	0	1582	0	0	0	86	102	3606	0	768	304	976	0	156	0	1046	0	2904	0	884	0	1024	0	3540	0	194	0	0	0	134	0	3890	0	680	0	0	0	0	0	0	0	0	0	0	330	0	0	0	0	0	
37372	Amygdala_L	0	0	0	0	278	0	0	0	110	0	0	0	0	0	308	0	0	0	0	0	866	404	0	0	0	0	612	112	2770	0	190	98	0	0	0	0	5704	0	1240	0	0	0	0	0	0	0	0	0	0	0	0	0	0	0	2666	0	0	0	0	0	0	0	0	0	0	0	0	0	0	0	400	338	264	260	0	0	0	0	0	0	432	0	666	0	370	0	0	0	598	0	0	0	0	0	0	0	0	0	0	0	0	0	0	0	0	0	0	0	0	0	0	0	0	0	0	0	
70504	Amygdala_R	0	74	0	308	0	0	0	0	0	0	0	0	0	0	0	80	0	0	0	0	0	242	0	0	0	0	0	98	0	2448	0	0	0	0	0	0	0	11000	0	9854	0	0	0	0	0	0	0	0	0	0	0	0	0	0	0	6414	0	74	0	0	0	0	0	0	0	0	0	0	0	0	0	180	0	1094	0	0	0	0	0	0	0	0	0	2312	0	0	0	310	0	100	0	0	0	0	0	0	0	664	0	0	0	0	0	0	0	0	0	0	0	0	0	0	0	0	0	0	
279832	Calcarine_L	178	0	0	0	0	0	144	0	0	0	0	0	0	0	0	0	158	0	0	0	0	0	0	0	0	0	0	0	388	0	0	0	0	0	4666	0	4766	0	374	0	0	0	0	4852	18162	3794	16928	752	13414	1404	30840	406	5240	0	680	0	122	0	180	0	72	0	0	0	244	0	24068	190	214	0	0	0	0	0	0	0	0	0	612	0	606	0	0	0	4370	0	0	0	2092	0	0	0	0	0	0	0	0	0	0	0	0	0	0	0	0	0	0	0	0	0	0	0	0	0	0	0	
314004	Calcarine_R	0	446	0	0	0	0	0	0	0	0	0	0	0	0	0	0	0	0	0	114	0	0	0	0	0	0	0	0	0	0	0	0	574	2874	202	3186	0	282	0	184	0	0	4852	0	3850	25386	3428	20602	576	21726	114	15992	0	10032	0	6234	0	1514	276	506	0	132	0	0	0	0	2770	21720	0	1728	0	0	0	0	0	0	0	0	0	0	0	0	0	0	0	1476	0	0	0	5192	0	124	0	0	0	0	0	0	0	262	0	0	0	0	0	0	0	0	0	0	338	234	76	0	0	0	
244016	Cuneus_L	142	0	0	0	0	0	82	0	0	0	0	0	0	0	0	0	0	0	0	0	0	0	0	0	0	0	0	0	296	0	0	0	732	0	1760	0	448	0	116	0	0	0	18162	3850	0	6884	4000	286	25986	1296	25698	252	1908	0	92	0	308	0	1092	0	172	0	0	0	518	0	19962	870	708	0	0	0	0	0	0	0	0	0	594	0	314	0	0	0	3676	0	0	0	1804	0	0	0	0	0	0	0	0	0	0	0	0	0	0	0	0	0	0	0	0	0	0	0	0	0	0	0	
343296	Cuneus_R	0	2400	0	0	0	0	0	0	0	0	0	0	0	0	0	0	0	0	0	214	0	0	0	0	0	0	0	0	0	0	0	0	554	4148	96	906	0	86	0	0	0	0	3794	25386	6884	0	1242	5894	1666	38290	338	13846	0	3134	0	978	0	6292	1210	3572	0	1170	0	0	0	0	11928	32122	92	3682	0	0	0	0	0	0	0	0	0	0	0	0	0	0	0	246	0	0	0	1304	0	0	0	0	0	0	0	0	0	0	0	0	0	0	0	0	0	0	0	0	174	0	0	0	0	0	
370688	Lingual_L	0	0	0	0	0	0	0	0	0	0	0	0	0	0	0	0	0	0	0	0	0	0	0	0	0	0	0	0	170	0	0	0	0	0	2080	134	4732	84	4486	0	0	0	16928	3428	4000	1242	0	6564	4922	846	30816	670	22346	104	22666	1318	0	0	0	0	0	0	0	0	0	0	6750	78	92	0	0	0	0	0	0	0	350	0	390	0	306	0	0	0	2000	0	0	0	2030	0	5012	3628	316	82	0	0	5880	1076	13624	4936	0	0	0	0	0	0	94	0	0	0	4578	6036	550	0	0	0	
323136	Lingual_R	0	0	0	0	0	0	0	0	0	0	0	0	0	0	0	0	0	0	0	0	0	0	0	0	0	0	0	0	0	0	0	0	0	0	236	1012	426	3564	524	4386	0	0	752	20602	286	5894	6564	0	0	9226	980	10364	1890	6756	3320	18202	0	0	0	0	0	0	0	0	0	0	132	4976	0	0	0	0	0	0	0	0	82	124	0	0	0	0	0	0	0	800	0	0	0	1402	3296	5124	228	510	242	74	3482	4876	8758	12440	0	0	0	490	408	152	238	0	0	120	7598	9370	1662	0	0	0	
223772	Occipital_Sup_L	0	0	0	0	0	0	0	0	0	0	0	0	0	0	0	0	0	0	0	0	0	0	0	0	0	0	0	0	0	0	0	0	0	0	414	0	0	0	0	0	0	0	13414	576	25986	1666	4922	0	0	226	33862	0	2956	0	168	0	0	0	6258	0	402	0	0	0	0	0	18476	1670	890	0	0	0	0	0	0	0	0	0	0	0	0	0	0	0	0	0	0	0	0	0	0	0	0	0	0	0	0	0	0	0	0	0	0	0	0	0	0	0	0	0	0	0	0	0	0	0	
376212	Occipital_Sup_R	0	3258	0	0	0	0	0	0	0	0	0	0	0	0	0	0	0	0	0	204	0	0	0	0	0	0	0	0	0	0	0	0	186	2606	0	604	0	94	0	0	0	0	1404	21726	1296	38290	846	9226	226	0	0	25252	0	4432	0	1610	0	8254	260	12520	0	5826	0	152	0	6084	6282	26676	0	3550	0	106	0	0	0	0	0	0	0	0	0	700	0	0	0	4878	0	0	0	1318	0	0	0	0	0	0	0	0	0	134	0	0	0	0	0	0	0	0	0	0	0	106	0	0	0	0	
702356	Occipital_Mid_L	1264	0	0	0	0	0	802	0	0	0	80	0	0	0	0	0	1908	0	284	202	0	0	0	0	0	0	0	0	2266	0	0	0	1788	212	2680	0	3846	0	1556	0	0	0	30840	114	25698	338	30816	980	33862	0	0	0	31430	0	13184	508	4938	0	8428	0	13980	0	3658	0	23158	0	27678	604	7114	0	0	0	76	0	0	0	0	0	3978	0	8996	0	0	0	34258	0	0	0	20276	0	1078	1676	152	0	0	0	122	0	2484	1736	0	0	0	0	0	0	0	0	0	0	110	2020	0	0	0	0	
274864	Occipital_Mid_R	0	640	0	0	0	0	0	0	0	0	0	0	0	0	0	0	0	0	0	140	0	0	0	0	0	0	0	0	0	84	0	0	70	1416	0	258	0	0	0	0	0	0	406	15992	252	13846	670	10364	0	25252	0	0	0	7582	0	3930	0	2176	0	3384	0	7584	0	786	0	17674	1606	6836	0	1962	0	0	0	0	0	0	0	0	0	0	0	858	0	0	0	11374	0	0	0	1772	0	100	0	0	0	0	0	0	0	186	0	0	0	0	0	0	0	0	0	0	76	156	0	0	0	0	
244620	Occipital_Inf_L	0	0	0	0	0	0	0	0	0	0	0	0	0	0	0	0	0	0	0	0	0	0	0	0	0	0	0	0	136	0	0	0	0	0	0	0	496	0	2534	0	0	0	5240	0	1908	0	22346	1890	2956	0	31430	0	0	0	23586	844	0	0	0	0	0	0	0	0	0	0	844	0	0	0	0	0	0	0	0	0	0	0	266	0	150	0	0	0	2840	0	0	0	7482	0	1564	2928	170	0	0	0	534	0	5126	3040	0	0	0	0	0	0	0	0	0	0	342	3526	132	0	0	0	
181684	Occipital_Inf_R	0	1382	0	0	0	0	0	0	0	0	0	0	0	0	0	0	0	0	0	216	0	0	0	0	0	0	0	0	0	150	0	0	0	944	0	984	0	1086	0	1014	0	0	0	10032	0	3134	104	6756	0	4432	0	7582	0	0	0	11818	0	6904	0	1838	0	0	0	138	0	0	602	15380	150	4158	0	0	0	0	0	0	0	0	0	0	0	236	0	0	0	912	0	0	0	8402	204	220	0	0	0	0	0	80	300	762	0	0	0	0	0	0	0	0	0	0	170	642	110	0	0	0	
392192	Fusiform_L	0	0	0	0	0	0	0	0	0	0	0	0	0	0	0	0	0	0	0	0	0	0	0	0	0	0	0	0	3402	0	0	0	0	0	0	0	9484	0	8522	0	2666	0	680	0	92	0	22666	3320	168	0	13184	0	23586	0	0	1036	0	0	0	0	0	0	0	0	0	0	364	0	0	0	0	0	294	0	0	0	96	0	252	0	3492	0	2746	0	5352	0	216	0	17450	0	15974	3306	1076	0	388	0	11982	740	28574	4390	392	0	436	0	242	0	86	0	0	0	3738	5130	376	92	106	0	
419568	Fusiform_R	0	490	0	152	0	0	0	0	0	0	0	0	0	0	0	110	0	76	0	326	0	0	0	0	0	0	0	0	0	4632	0	0	0	246	124	410	0	28984	0	24480	0	6414	0	6234	0	978	1318	18202	0	1610	508	3930	844	11818	1036	0	0	538	0	0	0	0	0	0	0	0	70	2762	0	192	0	84	0	2424	0	276	0	608	0	318	0	3984	0	8042	0	8830	0	2956	0	25356	658	7160	0	296	92	536	972	9118	2422	13192	0	0	0	224	216	0	140	0	0	112	2354	2580	350	0	0	0	
268968	Postcentral_L	22296	0	182	0	0	0	1710	0	0	0	4448	70	448	0	0	0	6280	0	3358	2126	0	0	0	0	0	0	0	0	5314	0	0	0	2820	598	1476	0	490	0	0	0	0	0	122	0	308	0	0	0	0	0	4938	0	0	0	0	0	0	0	10828	0	20530	0	6806	0	1880	0	6730	300	18544	260	0	0	998	0	562	0	0	0	2862	0	2876	0	0	0	2482	0	0	0	1842	0	0	0	0	0	0	0	0	0	0	0	0	0	0	0	0	0	0	0	0	0	0	0	0	0	0	0	
313516	Postcentral_R	370	21398	1560	698	0	0	0	90	0	0	0	2120	0	0	0	102	0	3034	480	2560	0	0	0	0	0	0	0	0	0	3190	0	0	494	10600	378	2272	0	1358	0	466	0	74	0	1514	0	6292	0	0	0	8254	0	2176	0	6904	0	538	0	0	0	7816	0	8108	0	8700	0	1388	1954	16964	536	20450	288	3104	0	6212	0	888	0	0	0	108	0	546	0	0	0	1656	0	0	0	1118	0	0	0	0	0	0	0	0	0	0	0	0	0	0	0	0	0	0	0	0	0	0	0	0	0	0	
144824	Parietal_Sup_L	86	0	0	0	0	0	0	0	0	0	0	0	0	0	0	0	0	0	0	0	0	0	0	0	0	0	0	0	0	0	0	0	1750	186	96	0	0	0	0	0	0	0	180	276	1092	1210	0	0	6258	260	8428	0	0	0	0	0	10828	0	0	0	12386	0	0	0	984	0	20746	1976	5670	0	0	0	0	0	0	0	0	0	0	0	0	0	0	0	0	0	0	0	0	0	0	0	0	0	0	0	0	0	0	0	0	0	0	0	0	0	0	0	0	0	0	0	0	0	0	0	
143216	Parietal_Sup_R	0	546	0	0	0	0	0	0	0	0	0	0	0	0	0	0	0	0	0	100	0	0	0	0	0	0	0	0	0	0	0	0	88	1034	0	0	0	0	0	0	0	0	0	506	0	3572	0	0	0	12520	0	3384	0	1838	0	0	0	7816	0	0	0	12384	0	1512	0	8020	2114	12962	0	2206	0	0	0	0	0	0	0	0	0	0	0	172	0	0	0	634	0	0	0	200	0	0	0	0	0	0	0	0	0	0	0	0	0	0	0	0	0	0	0	0	0	0	0	0	0	0	
208804	Parietal_Inf_L	2776	0	0	0	0	0	292	0	0	0	0	0	0	0	0	0	1648	0	196	0	0	0	0	0	0	0	0	0	768	0	0	0	926	100	148	0	224	0	0	0	0	0	72	0	172	0	0	0	402	0	13980	0	0	0	0	0	20530	0	12386	0	0	0	9830	0	21462	0	4508	244	2800	0	0	0	166	0	0	0	0	0	616	0	3176	0	0	0	4396	0	0	0	2584	0	0	0	0	0	0	0	0	0	0	0	0	0	0	0	0	0	0	0	0	0	0	0	0	0	0	0	
131932	Parietal_Inf_R	0	618	0	0	0	0	0	0	0	0	0	0	0	0	0	0	0	0	0	0	0	0	0	0	0	0	0	0	0	0	0	0	0	930	0	0	0	0	0	0	0	0	0	132	0	1170	0	0	0	5826	0	7584	0	0	0	0	0	8108	0	12384	0	0	0	8032	0	15062	360	2390	0	1906	0	84	0	0	0	0	0	0	0	0	0	370	0	0	0	794	0	0	0	216	0	0	0	0	0	0	0	0	0	0	0	0	0	0	0	0	0	0	0	0	0	0	0	0	0	0	
101068	SupraMarginal_L	1152	0	0	0	0	0	122	0	0	0	0	0	0	0	0	0	2926	0	480	74	0	0	0	0	0	0	0	0	334	0	0	0	0	0	0	0	130	0	0	0	0	0	0	0	0	0	0	0	0	0	3658	0	0	0	0	0	6806	0	0	0	9830	0	0	0	9590	0	0	0	1510	0	0	0	0	0	0	0	0	0	266	0	6440	0	0	0	5738	0	0	0	1478	0	0	0	0	0	0	0	0	0	0	0	0	0	0	0	0	0	0	0	0	0	0	0	0	0	0	0	
100696	SupraMarginal_R	0	1796	134	0	0	0	0	0	0	0	0	0	0	0	0	0	0	1826	0	194	0	0	0	0	0	0	0	0	0	536	0	0	0	516	0	0	0	408	0	0	0	0	0	0	0	0	0	0	0	152	0	786	0	138	0	0	0	8700	0	1512	0	8032	0	0	0	9640	0	132	0	840	0	144	0	0	0	0	0	0	0	976	0	7832	0	0	0	2008	0	0	0	4046	0	0	0	0	0	0	0	0	0	0	0	0	0	0	0	0	0	0	0	0	0	0	0	0	0	0	
186176	Angular_L	552	0	0	0	0	0	374	0	0	0	0	0	0	0	0	0	2488	0	212	0	0	0	0	0	0	0	0	0	558	0	0	0	220	0	198	0	890	0	0	0	0	0	244	0	518	0	0	0	0	0	23158	0	0	0	0	0	1880	0	984	0	21462	0	9590	0	0	0	212	0	540	0	0	0	0	0	0	0	0	0	434	0	6862	0	0	0	15648	0	0	0	6064	0	0	0	0	0	0	0	0	0	0	0	0	0	0	0	0	0	0	0	0	0	0	0	0	0	0	0	
147248	Angular_R	0	132	0	0	0	0	0	0	0	0	0	0	0	0	0	0	0	70	0	0	0	0	0	0	0	0	0	0	0	0	0	0	0	310	0	0	0	126	0	0	0	0	0	0	0	0	0	0	0	6084	0	17674	0	0	0	0	0	1388	0	8020	0	15062	0	9640	0	0	0	176	0	476	0	0	0	0	0	0	0	0	0	100	0	6220	0	0	0	6810	0	0	0	1336	0	0	0	0	0	0	0	0	0	0	0	0	0	0	0	0	0	0	0	0	0	0	0	0	0	0	
441148	Precuneus_L	736	302	0	0	0	0	162	0	0	0	0	0	0	0	0	0	194	0	150	210	0	0	0	0	0	0	0	0	436	0	0	0	7574	3084	8588	1042	5316	0	452	0	0	0	24068	2770	19962	11928	6750	132	18476	6282	27678	1606	844	602	364	70	6730	1954	20746	2114	4508	360	0	0	212	0	0	17196	8456	1004	0	0	0	0	0	0	0	0	830	0	602	0	0	0	3872	0	0	0	2114	98	0	0	0	0	0	0	0	0	0	0	0	0	0	0	0	0	0	0	0	0	0	0	0	0	0	0	
470916	Precuneus_R	398	5006	106	0	0	0	0	0	0	0	0	0	0	0	0	0	0	0	100	744	0	0	0	0	0	0	0	0	138	0	0	0	2748	10544	3504	13530	722	3792	80	1582	0	0	190	21720	870	32122	78	4976	1670	26676	604	6836	0	15380	0	2762	300	16964	1976	12962	244	2390	0	132	0	176	17196	0	870	10568	0	112	264	0	0	0	186	0	0	0	0	428	0	0	0	4084	0	0	0	8756	0	0	0	0	0	0	0	0	0	0	0	0	0	0	0	0	0	0	0	0	972	0	0	0	0	0	
403092	Paracentral_Lobule_L	42326	860	5620	0	0	0	2664	156	0	0	2326	0	0	0	190	0	2674	0	18408	12768	0	0	0	0	0	0	0	0	4016	0	72	0	8374	8014	9658	1216	2554	424	0	0	0	0	214	0	708	92	92	0	890	0	7114	0	0	150	0	0	18544	536	5670	0	2800	0	1510	0	540	0	8456	870	0	5178	2436	114	1944	0	2358	0	11340	98	2934	0	1436	0	514	0	1588	0	0	0	1100	0	0	0	0	0	0	0	0	0	0	0	0	0	0	0	0	0	0	0	0	0	0	0	0	0	0	0	
233380	Paracentral_Lobule_R	4896	4386	146	98	0	0	122	0	0	0	0	0	0	0	0	0	72	0	536	13046	0	0	0	0	0	0	0	0	114	0	0	0	818	21456	5030	3236	0	174	0	0	0	0	0	1728	0	3682	0	0	0	3550	0	1962	0	4158	0	192	260	20450	0	2206	0	1906	0	840	0	476	1004	10568	5178	0	410	144	156	0	0	0	0	0	80	0	116	568	0	0	102	1800	0	0	106	918	0	0	0	0	0	0	0	0	0	0	0	0	0	0	0	0	0	0	0	0	0	0	0	0	0	0	
219624	Caudate_L	4448	266	1608	394	704	308	2002	148	0	0	3200	3656	2202	1472	2066	0	388	154	4658	3664	7812	9860	158	452	274	726	3246	1754	3254	3384	3438	1408	0	1060	156	0	0	0	0	0	400	0	0	0	0	0	0	0	0	0	0	0	0	0	0	0	0	288	0	0	0	0	0	0	0	0	0	0	2436	410	0	13980	12690	6094	562	186	3282	70	0	0	166	0	928	0	0	0	0	0	0	0	0	0	0	0	0	0	0	0	0	0	0	0	0	0	0	0	0	0	0	0	0	0	0	0	0	0	
526980	Caudate_R	4416	2990	2372	18622	636	3612	4474	1354	0	240	1080	12132	1136	5394	134	4248	0	5046	2602	30812	5626	13028	86	8066	78	3326	2956	5194	422	18302	5742	17442	0	1048	0	0	0	754	0	86	338	180	0	0	0	0	0	0	0	106	0	0	0	0	0	84	0	3104	0	0	0	84	0	144	0	0	0	112	114	144	13980	0	4682	37732	156	2104	0	15222	0	730	0	384	0	0	0	310	0	0	0	324	0	0	0	0	0	0	0	0	0	0	0	0	0	0	0	0	0	0	0	0	0	0	0	0	0	0	
257420	Putamen_L	11768	0	3382	130	1942	122	3400	0	822	0	1218	914	1300	240	4276	0	776	0	11476	5372	3258	4898	2010	186	70	356	256	662	15138	1012	6302	722	284	1024	462	404	5744	122	614	102	264	0	0	0	0	0	0	0	0	0	76	0	0	0	294	0	998	0	0	0	166	0	0	0	0	0	0	264	1944	156	12690	4682	0	2024	6586	0	4364	0	330	0	1322	0	128	0	624	0	0	0	1034	0	0	0	0	0	0	0	0	0	0	0	0	0	0	0	0	0	0	0	0	0	0	0	0	0	0	0	
402276	Putamen_R	96	6026	1802	15260	442	3150	110	568	0	426	0	4170	0	2262	0	5036	0	4828	784	7068	3086	9604	78	7688	0	2464	2118	4038	0	24268	3628	14324	0	1098	0	0	0	9066	0	3606	260	1094	0	0	0	0	0	0	0	0	0	0	0	0	0	2424	0	6212	0	0	0	0	0	0	0	0	0	0	0	0	6094	37732	2024	0	0	3670	0	1836	0	828	0	442	0	140	0	320	0	0	0	756	0	0	0	0	0	0	0	126	0	86	0	0	0	0	0	0	0	0	0	0	0	0	0	0	0	0	
38988	Pallidum_L	2578	0	132	0	0	0	494	0	0	0	290	130	0	0	0	0	362	0	1994	904	0	0	0	0	0	0	0	0	164	100	0	0	0	200	0	0	472	0	0	0	0	0	0	0	0	0	0	0	0	0	0	0	0	0	0	0	562	0	0	0	0	0	0	0	0	0	0	0	2358	0	562	156	6586	0	0	0	1340	0	110	0	0	0	0	0	0	0	0	0	0	0	0	0	0	0	0	0	0	0	0	0	0	0	0	0	0	0	0	0	0	0	0	0	0	0	0	0	
26844	Pallidum_R	0	1006	278	680	0	0	0	136	0	0	0	0	0	0	0	0	0	878	0	1070	0	0	0	0	0	0	0	0	0	298	0	0	0	0	0	0	0	964	0	768	0	0	0	0	0	0	0	0	0	0	0	0	0	0	0	276	0	888	0	0	0	0	0	0	0	0	0	0	0	0	186	2104	0	3670	0	0	0	0	0	220	0	0	0	0	0	0	0	0	0	0	0	0	0	0	0	0	0	0	0	0	0	0	0	0	0	0	0	0	0	0	0	0	0	0	0	0	
113716	Thalamus_L	25154	0	242	0	0	0	810	0	0	0	0	0	0	0	208	0	0	0	846	222	0	0	0	0	0	0	0	0	778	0	0	0	0	0	840	1236	2892	554	572	304	0	0	0	0	0	0	350	82	0	0	0	0	0	0	96	0	0	0	0	0	0	0	0	0	0	0	0	186	11340	0	3282	0	4364	0	1340	0	0	562	396	0	0	0	0	0	0	0	0	0	104	0	0	0	0	0	0	0	0	0	0	0	0	0	0	0	0	0	0	0	0	98	0	0	0	0	0	0	
120956	Thalamus_R	78	622	94	10140	0	0	0	0	0	0	0	0	0	0	0	0	0	0	104	23624	0	0	0	0	0	0	0	0	0	702	0	0	0	0	0	0	0	4552	0	976	0	0	0	0	0	0	0	124	0	0	0	0	0	0	0	608	0	0	0	0	0	0	0	0	0	0	0	0	98	0	70	15222	0	1836	0	0	562	0	0	76	0	630	0	0	0	80	0	0	0	280	0	0	0	0	0	0	0	0	0	0	0	0	0	0	0	0	0	0	0	0	0	0	0	0	0	0	
141872	Heschl_L	7036	0	80	0	0	0	1172	0	0	0	630	118	0	0	0	0	4372	0	326	278	0	0	0	0	0	0	0	0	12658	124	0	0	0	142	148	0	4118	0	236	0	0	0	612	0	594	0	390	0	0	0	3978	0	266	0	252	0	2862	0	0	0	616	0	266	0	434	0	830	0	2934	80	0	0	330	0	110	0	396	0	0	0	8356	0	0	0	10588	0	0	0	5604	0	0	0	0	0	0	0	0	0	0	0	0	0	0	0	0	0	0	0	0	0	0	0	0	0	0	0	
63772	Heschl_R	0	164	260	120	0	0	0	0	0	0	0	246	0	0	0	0	0	3600	0	426	0	0	0	0	0	0	0	0	0	7636	0	0	0	0	0	0	0	606	0	156	0	0	0	0	0	0	0	0	0	0	0	0	0	0	0	318	0	108	0	0	0	0	0	976	0	100	0	0	0	0	0	730	0	828	0	220	0	76	0	0	0	11530	0	0	0	3216	0	0	0	570	0	0	0	0	0	0	0	0	0	0	0	0	0	0	0	0	0	0	0	0	0	0	0	0	0	0	
339636	Temporal_Sup_L	3962	0	586	0	0	0	2214	0	0	0	2198	102	0	0	0	0	11042	0	1334	686	0	0	0	0	0	0	0	0	12594	102	0	0	0	312	224	0	6122	0	504	0	432	0	606	0	314	0	306	0	0	0	8996	0	150	0	3492	0	2876	0	0	0	3176	0	6440	0	6862	0	602	0	1436	116	166	0	1322	0	0	0	0	0	8356	0	0	0	4810	0	44198	0	0	0	33180	0	0	0	0	0	0	0	0	0	0	0	0	0	0	0	0	0	0	0	0	0	0	0	0	0	0	0	
186712	Temporal_Sup_R	0	654	298	274	0	0	0	0	0	0	0	352	0	0	0	0	0	4450	0	802	0	0	0	0	0	0	0	0	0	13188	0	0	0	464	0	134	0	4794	0	1046	0	0	0	0	0	0	0	0	0	700	0	858	0	236	0	3984	0	546	0	172	0	370	0	7832	0	6220	0	428	0	568	0	384	0	442	0	0	0	630	0	11530	0	0	0	3836	0	22196	0	590	0	5378	0	0	0	0	0	0	0	0	0	0	0	0	0	0	0	0	0	0	0	0	0	0	0	0	0	0	
84664	Temporal_Pole_Sup_L	144	0	1460	0	1178	0	110	0	348	0	3544	0	434	0	1756	0	2052	0	672	0	512	0	0	0	0	0	0	0	5076	0	0	0	0	0	0	0	1016	0	288	0	666	0	0	0	0	0	0	0	0	0	0	0	0	0	2746	0	0	0	0	0	0	0	0	0	0	0	0	0	514	0	928	0	128	0	0	0	0	0	0	0	4810	0	0	0	7520	0	848	0	5582	0	0	0	0	0	0	0	0	0	0	0	0	0	0	0	0	0	0	0	0	0	0	0	0	0	0	0	
66988	Temporal_Pole_Sup_R	0	0	0	0	0	0	0	0	0	0	0	126	0	0	0	176	0	512	0	84	0	0	0	0	0	0	0	0	0	1512	0	0	0	0	0	0	0	1284	0	2904	0	2312	0	0	0	0	0	0	0	0	0	0	0	0	0	8042	0	0	0	0	0	0	0	0	0	0	0	0	0	0	0	0	0	140	0	0	0	0	0	0	0	3836	0	0	0	4416	0	4084	0	4066	0	0	0	0	0	0	0	0	0	0	0	0	0	0	0	0	0	0	0	0	0	0	0	0	0	0	
506156	Temporal_Mid_L	2866	0	0	0	0	0	1772	0	0	0	324	110	0	0	0	0	6242	0	768	588	0	0	0	0	0	0	0	0	6958	112	0	0	0	320	676	0	10890	0	1922	0	370	0	4370	0	3676	0	2000	0	0	0	34258	0	2840	0	5352	0	2482	0	0	0	4396	0	5738	0	15648	0	3872	0	1588	102	0	0	624	0	0	0	0	0	10588	0	44198	0	7520	0	0	0	764	0	69144	0	0	0	0	0	0	0	0	0	0	0	0	0	0	0	0	0	0	0	0	0	0	0	0	0	0	0	
281876	Temporal_Mid_R	0	1048	226	0	0	0	0	0	0	0	0	0	0	0	0	0	0	354	0	1030	0	0	0	0	0	0	0	0	0	4098	0	0	0	1068	650	2698	0	13354	0	884	0	0	0	1476	0	246	0	800	0	4878	0	11374	0	912	0	8830	0	1656	0	634	0	794	0	2008	0	6810	0	4084	0	1800	0	310	0	320	0	0	0	80	0	3216	0	22196	0	4416	0	0	0	2660	0	36028	0	0	0	0	0	0	0	0	0	0	0	0	0	0	0	0	0	0	0	0	0	0	0	0	0	0	
5104	Temporal_Pole_Mid_L	0	0	0	0	0	0	0	0	0	0	0	0	0	0	0	0	0	0	0	0	0	0	0	0	0	0	0	0	0	0	0	0	0	0	0	0	0	0	0	0	0	0	0	0	0	0	0	0	0	0	0	0	0	0	216	0	0	0	0	0	0	0	0	0	0	0	0	0	0	0	0	0	0	0	0	0	0	0	0	0	0	0	848	0	764	0	0	0	724	0	0	0	0	0	0	0	0	0	0	0	0	0	0	0	0	0	0	0	0	0	0	0	0	0	0	0	
31328	Temporal_Pole_Mid_R	0	0	0	0	0	0	0	0	0	0	0	0	0	0	0	0	0	0	0	0	0	0	0	0	0	0	0	0	0	108	0	0	0	0	0	0	0	116	0	1024	0	310	0	0	0	0	0	0	0	0	0	0	0	0	0	2956	0	0	0	0	0	0	0	0	0	0	0	0	0	0	0	0	0	0	0	0	0	0	0	0	0	590	0	4084	0	2660	0	0	0	3816	0	0	0	0	0	0	0	0	0	0	0	0	0	0	0	0	0	0	0	0	0	0	0	0	0	0	
447748	Temporal_Inf_L	2618	0	0	0	0	0	1588	0	0	0	224	104	0	0	0	0	4944	0	776	672	0	0	0	0	0	0	0	0	7710	106	0	0	0	316	530	0	14472	0	3686	0	598	0	2092	0	1804	0	2030	0	0	0	20276	0	7482	0	17450	0	1842	0	0	0	2584	0	1478	0	6064	0	2114	0	1100	106	0	0	1034	0	0	0	104	0	5604	0	33180	0	5582	0	69144	0	724	0	0	0	2896	0	108	0	0	0	0	0	732	0	0	0	0	0	0	0	0	0	0	0	0	0	0	0	0	0	
297564	Temporal_Inf_R	0	1178	140	0	0	0	0	0	0	0	0	0	0	0	0	70	0	888	0	992	0	0	0	0	0	0	0	0	0	2116	0	0	0	776	776	4792	0	19538	0	3540	0	100	0	5192	0	1304	0	1402	0	1318	0	1772	0	8402	0	25356	0	1118	0	200	0	216	0	4046	0	1336	98	8756	0	918	0	324	0	756	0	0	0	280	0	570	0	5378	0	4066	0	36028	0	3816	0	0	0	560	0	140	0	0	0	174	0	156	0	0	0	194	0	0	0	0	0	0	0	0	0	0	0	0	
425332	Cerebelum_Crus1_L	0	0	0	0	0	0	0	0	0	0	0	0	0	0	0	0	0	0	0	0	0	0	0	0	0	0	0	0	0	0	0	0	0	0	0	0	100	0	284	0	0	0	0	0	0	0	5012	3296	0	0	1078	0	1564	204	15974	658	0	0	0	0	0	0	0	0	0	0	0	0	0	0	0	0	0	0	0	0	0	0	0	0	0	0	0	0	0	0	0	0	2896	0	0	2984	22012	3676	1656	280	18178	1406	54964	4514	11002	1674	17354	2832	3810	1904	462	266	1242	2050	5688	9202	7440	3794	2960	250	
366612	Cerebelum_Crus1_R	0	0	0	0	0	0	0	0	0	0	0	0	0	0	0	0	0	0	0	0	0	0	0	0	0	0	0	0	0	0	0	0	0	0	0	0	0	0	208	194	0	0	0	124	0	0	3628	5124	0	0	1676	100	2928	220	3306	7160	0	0	0	0	0	0	0	0	0	0	0	0	0	0	0	0	0	0	0	0	0	0	0	0	0	0	0	0	0	0	0	0	0	560	2984	0	642	22762	122	2156	2166	17612	7000	49522	446	2952	702	17664	554	1818	370	798	290	1052	6774	10794	6176	1668	1054	0	
232268	Cerebelum_Crus2_L	0	0	0	0	0	0	0	0	0	0	0	0	0	0	0	0	0	0	0	0	0	0	0	0	0	0	0	0	0	0	0	0	0	0	0	0	0	0	0	0	0	0	0	0	0	0	316	228	0	0	152	0	170	0	1076	0	0	0	0	0	0	0	0	0	0	0	0	0	0	0	0	0	0	0	0	0	0	0	0	0	0	0	0	0	0	0	0	0	108	0	22012	642	0	4024	0	0	606	0	7268	326	27172	2516	29282	1996	7646	464	0	146	0	0	0	1552	4298	2854	1188	92	
232684	Cerebelum_Crus2_R	0	0	0	0	0	0	0	0	0	0	0	0	0	0	0	0	0	0	0	0	0	0	0	0	0	0	0	0	0	0	0	0	0	0	0	0	0	0	0	0	0	0	0	0	0	0	82	510	0	0	0	0	0	0	0	296	0	0	0	0	0	0	0	0	0	0	0	0	0	0	0	0	0	0	0	0	0	0	0	0	0	0	0	0	0	0	0	0	0	140	3676	22762	4024	0	0	234	0	2000	902	7556	2980	17614	3012	30838	140	4498	0	238	0	80	0	2348	8750	2658	1004	0	
33904	Cerebelum_3_L	0	0	0	0	0	0	0	0	0	0	0	0	0	0	0	0	0	0	0	0	0	0	0	0	0	0	0	0	0	0	0	0	0	0	0	0	0	0	232	0	0	0	0	0	0	0	0	242	0	0	0	0	0	0	388	92	0	0	0	0	0	0	0	0	0	0	0	0	0	0	0	0	0	0	0	0	0	0	0	0	0	0	0	0	0	0	0	0	0	0	1656	122	0	0	0	152	5322	314	2754	366	0	0	0	0	212	0	0	0	1214	2212	1550	124	0	0	0	0	
32664	Cerebelum_3_R	0	0	0	0	0	0	0	0	0	0	0	0	0	0	0	0	0	0	0	0	0	0	0	0	0	0	0	0	0	0	0	0	0	0	0	0	0	0	0	134	0	0	0	0	0	0	0	74	0	0	0	0	0	0	0	536	0	0	0	0	0	0	0	0	0	0	0	0	0	0	0	0	0	0	0	0	0	0	0	0	0	0	0	0	0	0	0	0	0	0	280	2156	0	234	152	0	584	3016	482	3622	0	0	0	114	206	380	178	0	508	1518	1040	586	0	102	262	168	
258216	Cerebelum_4_5_L	0	0	0	0	0	0	0	0	0	0	0	0	0	0	0	0	0	0	0	0	0	0	0	0	0	0	0	0	0	0	0	0	0	0	0	0	0	0	170	0	0	0	0	0	0	0	5880	3482	0	0	122	0	534	0	11982	972	0	0	0	0	0	0	0	0	0	0	0	0	0	0	0	0	0	0	0	0	0	0	0	0	0	0	0	0	0	0	0	0	0	0	18178	2166	606	0	5322	584	0	3672	32726	6192	562	0	398	0	3954	1234	1704	70	1730	3156	17192	3756	0	338	1248	1178	
192944	Cerebelum_4_5_R	0	0	0	0	0	0	0	0	0	0	0	0	0	0	0	0	0	0	0	0	0	0	0	0	0	0	0	0	0	440	0	0	0	0	0	0	0	2198	0	3890	0	664	0	0	0	0	1076	4876	0	0	0	0	0	80	740	9118	0	0	0	0	0	0	0	0	0	0	0	0	0	0	0	0	0	126	0	0	0	0	0	0	0	0	0	0	0	0	0	0	0	174	1406	17612	0	2000	314	3016	3672	0	3232	27324	0	0	0	1506	298	104	130	0	94	934	10208	898	80	0	72	190	
501612	Cerebelum_6_L	0	0	0	0	0	0	0	0	0	0	0	0	0	0	0	0	0	0	0	0	0	0	0	0	0	0	0	0	0	0	0	0	0	0	0	0	82	0	326	0	0	0	0	0	0	0	13624	8758	0	0	2484	0	5126	300	28574	2422	0	0	0	0	0	0	0	0	0	0	0	0	0	0	0	0	0	0	0	0	0	0	0	0	0	0	0	0	0	0	0	0	732	0	54964	7000	7268	902	2754	482	32726	3232	0	12192	4582	310	7628	686	4040	2594	1888	364	1416	2392	13828	16908	3370	2814	3362	676	
406108	Cerebelum_6_R	0	0	0	0	0	0	0	0	0	0	0	0	0	0	0	0	0	0	0	0	0	0	0	0	0	0	0	0	0	106	0	0	0	0	0	0	0	582	210	680	0	0	0	262	0	0	4936	12440	0	134	1736	186	3040	762	4390	13192	0	0	0	0	0	0	0	0	0	0	0	0	0	0	0	0	0	86	0	0	0	0	0	0	0	0	0	0	0	0	0	0	0	156	4514	49522	326	7556	366	3622	6192	27324	12192	0	192	596	102	6568	1114	1216	782	872	444	1426	13300	14986	4936	1030	802	176	
182808	Cerebelum_7b_L	0	0	0	0	0	0	0	0	0	0	0	0	0	0	0	0	0	0	0	0	0	0	0	0	0	0	0	0	0	0	0	0	0	0	0	0	0	0	0	0	0	0	0	0	0	0	0	0	0	0	0	0	0	0	392	0	0	0	0	0	0	0	0	0	0	0	0	0	0	0	0	0	0	0	0	0	0	0	0	0	0	0	0	0	0	0	0	0	0	0	11002	446	27172	2980	0	0	562	0	4582	192	0	2402	25454	2374	6332	0	526	0	0	0	180	498	3566	2620	124	0	
115720	Cerebelum_7b_R	0	0	0	0	0	0	0	0	0	0	0	0	0	0	0	0	0	0	0	0	0	0	0	0	0	0	0	0	0	0	0	0	0	0	0	0	0	0	0	0	0	0	0	0	0	0	0	0	0	0	0	0	0	0	0	0	0	0	0	0	0	0	0	0	0	0	0	0	0	0	0	0	0	0	0	0	0	0	0	0	0	0	0	0	0	0	0	0	0	0	1674	2952	2516	17614	0	0	0	0	310	596	2402	0	2262	17900	0	3666	0	0	0	0	0	372	3932	1550	114	0	
230064	Cerebelum_8_L	0	0	0	0	0	0	0	0	0	0	0	0	0	0	0	0	0	0	0	0	0	0	0	0	0	0	0	0	0	0	0	0	0	0	0	0	0	0	0	0	0	0	0	0	0	0	0	0	0	0	0	0	0	0	436	0	0	0	0	0	0	0	0	0	0	0	0	0	0	0	0	0	0	0	0	0	0	0	0	0	0	0	0	0	0	0	0	0	0	0	17354	702	29282	3012	0	0	398	0	7628	102	25454	2262	0	3770	11246	494	320	148	0	0	0	1206	3516	5904	1698	100	
223752	Cerebelum_8_R	0	0	0	0	0	0	0	0	0	0	0	0	0	0	0	0	0	0	0	0	0	0	0	0	0	0	0	0	0	0	0	0	0	0	0	0	0	0	0	0	0	0	0	0	0	0	0	490	0	0	0	0	0	0	0	224	0	0	0	0	0	0	0	0	0	0	0	0	0	0	0	0	0	0	0	0	0	0	0	0	0	0	0	0	0	0	0	0	0	194	2832	17664	1996	30838	0	114	0	1506	686	6568	2374	17900	3770	0	238	9420	0	486	0	0	0	2204	6338	4716	1318	0	
109044	Cerebelum_9_L	0	0	0	0	0	0	0	0	0	0	0	0	0	0	0	0	0	0	0	0	0	0	0	0	0	0	0	0	0	0	0	0	0	0	0	0	0	0	0	0	0	0	0	0	0	0	0	408	0	0	0	0	0	0	242	216	0	0	0	0	0	0	0	0	0	0	0	0	0	0	0	0	0	0	0	0	0	0	0	0	0	0	0	0	0	0	0	0	0	0	3810	554	7646	140	212	206	3954	298	4040	1114	6332	0	11246	238	0	1274	2032	112	74	160	3210	2666	224	966	2058	1090	
98676	Cerebelum_9_R	0	0	0	0	0	0	0	0	0	0	0	0	0	0	0	0	0	0	0	0	0	0	0	0	0	0	0	0	0	0	0	0	0	0	0	0	0	0	0	0	0	0	0	0	0	0	0	152	0	0	0	0	0	0	0	0	0	0	0	0	0	0	0	0	0	0	0	0	0	0	0	0	0	0	0	0	0	0	0	0	0	0	0	0	0	0	0	0	0	0	1904	1818	464	4498	0	380	1234	104	2594	1216	0	3666	494	9420	1274	0	494	1528	0	172	1972	5232	1526	2930	4076	2190	
26344	Cerebelum_10_L	0	0	0	0	0	0	0	0	0	0	0	0	0	0	0	0	0	0	0	0	0	0	0	0	0	0	0	0	0	0	0	0	0	0	0	0	0	0	0	0	0	0	0	0	0	0	94	238	0	0	0	0	0	0	86	140	0	0	0	0	0	0	0	0	0	0	0	0	0	0	0	0	0	0	0	0	0	0	0	0	0	0	0	0	0	0	0	0	0	0	462	370	0	0	0	178	1704	130	1888	782	526	0	320	0	2032	494	0	0	70	102	1496	1238	0	76	438	308	
16220	Cerebelum_10_R	0	0	0	0	0	0	0	0	0	0	0	0	0	0	0	0	0	0	0	0	0	0	0	0	0	0	0	0	0	0	0	0	0	0	0	0	0	0	0	0	0	0	0	0	0	0	0	0	0	0	0	0	0	0	0	0	0	0	0	0	0	0	0	0	0	0	0	0	0	0	0	0	0	0	0	0	0	0	0	0	0	0	0	0	0	0	0	0	0	0	266	798	146	238	0	0	70	0	364	872	0	0	148	486	112	1528	0	0	0	0	0	786	662	750	566	318	
28652	Vermis_1_2	0	0	0	0	0	0	0	0	0	0	0	0	0	0	0	0	0	0	0	0	0	0	0	0	0	0	0	0	0	0	0	0	0	0	0	0	0	0	96	0	0	0	0	0	0	0	0	0	0	0	0	0	0	0	0	0	0	0	0	0	0	0	0	0	0	0	0	0	0	0	0	0	0	0	0	0	0	0	0	0	0	0	0	0	0	0	0	0	0	0	1242	290	0	0	1214	508	1730	94	1416	444	0	0	0	0	74	0	70	0	0	4642	2214	292	0	0	0	0	
50396	Vermis_3	0	0	0	0	0	0	0	0	0	0	0	0	0	0	0	0	0	0	0	0	0	0	0	0	0	0	0	0	0	0	0	0	0	0	0	0	266	0	382	0	0	0	0	0	0	0	0	120	0	0	0	0	0	0	0	112	0	0	0	0	0	0	0	0	0	0	0	0	0	0	0	0	0	0	0	0	98	0	0	0	0	0	0	0	0	0	0	0	0	0	2050	1052	0	80	2212	1518	3156	934	2392	1426	0	0	0	0	160	172	102	0	4642	0	3726	436	0	72	90	0	
228796	Vermis_4_5	0	0	0	0	0	0	0	0	0	0	0	0	0	0	0	0	0	0	0	0	0	0	0	0	0	0	0	0	0	0	0	0	0	0	100	402	72	316	0	330	0	0	0	338	0	174	4578	7598	0	0	110	76	342	170	3738	2354	0	0	0	0	0	0	0	0	0	0	0	972	0	0	0	0	0	0	0	0	0	0	0	0	0	0	0	0	0	0	0	0	0	0	5688	6774	0	0	1550	1040	17192	10208	13828	13300	180	0	0	0	3210	1972	1496	0	2214	3726	0	6544	0	256	1322	2228	
261716	Vermis_6	0	0	0	0	0	0	0	0	0	0	0	0	0	0	0	0	0	0	0	0	0	0	0	0	0	0	0	0	0	0	0	0	0	0	0	0	0	0	218	0	0	0	0	234	0	0	6036	9370	0	106	2020	156	3526	642	5130	2580	0	0	0	0	0	0	0	0	0	0	0	0	0	0	0	0	0	0	0	0	0	0	0	0	0	0	0	0	0	0	0	0	0	0	9202	10794	1552	2348	124	586	3756	898	16908	14986	498	372	1206	2204	2666	5232	1238	786	292	436	6544	0	6466	4010	5168	2568	
142248	Vermis_7	0	0	0	0	0	0	0	0	0	0	0	0	0	0	0	0	0	0	0	0	0	0	0	0	0	0	0	0	0	0	0	0	0	0	0	0	0	0	0	0	0	0	0	76	0	0	550	1662	0	0	0	0	132	110	376	350	0	0	0	0	0	0	0	0	0	0	0	0	0	0	0	0	0	0	0	0	0	0	0	0	0	0	0	0	0	0	0	0	0	0	7440	6176	4298	8750	0	0	0	80	3370	4936	3566	3932	3516	6338	224	1526	0	662	0	0	0	6466	0	4314	2274	0	
