data	data	391632	158348	783424	785196	131828	71320	581420	254148	70120	37848	249700	213800	298124	189780	142248	85100	185184	146520	596212	695052	67400	77912	281864	253312	34680	67176	74064	56344	519576	341456	286000	508988	162644	439616	142156	185904	251912	260876	79980	134064	56352	65092	190020	292648	106808	311976	326196	350308	146300	352352	447524	237444	183320	155004	500580	556376	301700	169236	141948	104064	177216	121688	109552	150828	109552	123464	194572	398556	213924	50308	297752	435116	346908	287244	75888	22192	113716	146644	44416	25156	136608	68684	103620	41012	238416	211880	28928	19856	243216	214008	799632	622424	365744	456140	63604	132084	433384	370704	640816	609712	258620	157496	397476	375392	150624	167020	26500	29332	37460	101580	362896	281872	396064	218052	144508	43960	
data	data	Precentral_L	Precentral_R	Frontal_Sup_L	Frontal_Sup_R	Frontal_Sup_Orb_L	Frontal_Sup_Orb_R	Frontal_Mid_L	Frontal_Mid_R	Frontal_Mid_Orb_L	Frontal_Mid_Orb_R	Frontal_Inf_Oper_L	Frontal_Inf_Oper_R	Frontal_Inf_Tri_L	Frontal_Inf_Tri_R	Frontal_Inf_Orb_L	Frontal_Inf_Orb_R	Rolandic_Oper_L	Rolandic_Oper_R	Supp_Motor_Area_L	Supp_Motor_Area_R	Olfactory_L	Olfactory_R	Frontal_Sup_Medial_L	Frontal_Sup_Medial_R	Frontal_Med_Orb_L	Frontal_Med_Orb_R	Rectus_L	Rectus_R	Insula_L	Insula_R	Cingulum_Ant_L	Cingulum_Ant_R	Cingulum_Mid_L	Cingulum_Mid_R	Cingulum_Post_L	Cingulum_Post_R	Hippocampus_L	Hippocampus_R	ParaHippocampal_L	ParaHippocampal_R	Amygdala_L	Amygdala_R	Calcarine_L	Calcarine_R	Cuneus_L	Cuneus_R	Lingual_L	Lingual_R	Occipital_Sup_L	Occipital_Sup_R	Occipital_Mid_L	Occipital_Mid_R	Occipital_Inf_L	Occipital_Inf_R	Fusiform_L	Fusiform_R	Postcentral_L	Postcentral_R	Parietal_Sup_L	Parietal_Sup_R	Parietal_Inf_L	Parietal_Inf_R	SupraMarginal_L	SupraMarginal_R	Angular_L	Angular_R	Precuneus_L	Precuneus_R	Paracentral_Lobule_L	Paracentral_Lobule_R	Caudate_L	Caudate_R	Putamen_L	Putamen_R	Pallidum_L	Pallidum_R	Thalamus_L	Thalamus_R	Heschl_L	Heschl_R	Temporal_Sup_L	Temporal_Sup_R	Temporal_Pole_Sup_L	Temporal_Pole_Sup_R	Temporal_Mid_L	Temporal_Mid_R	Temporal_Pole_Mid_L	Temporal_Pole_Mid_R	Temporal_Inf_L	Temporal_Inf_R	Cerebelum_Crus1_L	Cerebelum_Crus1_R	Cerebelum_Crus2_L	Cerebelum_Crus2_R	Cerebelum_3_L	Cerebelum_3_R	Cerebelum_4_5_L	Cerebelum_4_5_R	Cerebelum_6_L	Cerebelum_6_R	Cerebelum_7b_L	Cerebelum_7b_R	Cerebelum_8_L	Cerebelum_8_R	Cerebelum_9_L	Cerebelum_9_R	Cerebelum_10_L	Cerebelum_10_R	Vermis_1_2	Vermis_3	Vermis_4_5	Vermis_6	Vermis_7	Vermis_8	Vermis_9	Vermis_10	
391632	Precentral_L	0	1798	13294	9808	0	0	26160	2788	0	0	14634	254	6640	0	0	0	9412	372	7338	7504	0	0	0	0	0	0	0	0	13110	486	526	1266	146	2082	410	374	3594	378	0	116	0	0	394	0	110	0	0	0	0	128	1708	0	298	0	166	120	30690	240	644	0	1804	104	854	118	160	0	514	152	7770	272	2292	1248	9016	198	8728	0	2016	466	1436	0	750	0	0	0	414	0	0	0	516	0	0	0	0	0	0	0	0	0	0	0	0	0	0	0	0	0	0	0	0	0	0	0	0	0	0	0	
158348	Precentral_R	1798	0	380	13342	0	0	202	4826	0	0	0	5792	0	468	0	0	0	1434	678	2020	0	0	0	0	0	0	0	0	92	3194	0	0	0	256	0	134	242	3502	0	768	0	0	0	0	0	0	0	0	0	0	112	0	0	0	0	1040	636	17262	0	184	194	3832	0	5172	0	0	0	360	130	1920	202	516	680	3368	238	476	528	2104	0	0	0	212	0	0	0	268	0	0	0	612	0	0	0	0	0	0	0	0	0	0	0	0	0	0	0	0	0	0	0	0	0	0	0	0	0	0	
783424	Frontal_Sup_L	13294	380	0	12752	6042	0	78906	2192	2472	0	11556	862	20794	174	6630	0	6820	1190	62604	14938	0	0	36050	2754	784	0	0	0	25140	508	15372	6370	8550	2564	0	114	2022	124	384	0	0	0	0	0	0	0	0	0	0	0	216	0	0	0	474	0	4508	396	180	0	114	0	0	0	0	0	0	0	732	0	8704	2194	22366	0	4384	0	632	656	426	210	1150	0	1844	0	0	0	0	0	86	0	0	0	0	0	0	0	98	0	0	0	0	0	0	0	0	0	0	0	0	0	0	0	0	0	0	0	
785196	Frontal_Sup_R	9808	13342	12752	0	0	1718	7732	34498	0	412	2288	10744	1750	8080	0	2624	1080	10996	22728	55408	0	0	8928	31902	0	1378	0	0	3950	16884	6350	34960	500	17910	0	0	360	3316	0	382	0	0	0	0	0	0	0	0	0	0	192	0	0	0	100	336	2870	3238	0	0	270	908	0	1982	0	0	0	0	1988	0	5948	21716	2026	14114	526	2102	704	7326	126	1536	128	556	254	244	0	272	0	0	0	356	0	0	0	0	0	0	0	0	0	0	0	0	0	0	0	0	0	0	0	0	0	0	0	0	0	0	
131828	Frontal_Sup_Orb_L	0	0	6042	0	0	0	1450	0	9466	0	0	0	1714	0	11668	0	0	0	94	0	1936	862	3312	0	3172	0	6114	206	6352	0	3724	0	0	0	0	0	0	0	0	0	174	0	0	0	0	0	0	0	0	0	0	0	0	0	0	0	0	0	0	0	0	0	0	0	0	0	0	0	0	0	1362	178	7644	0	0	0	0	0	0	0	0	0	444	0	0	0	0	0	0	0	0	0	0	0	0	0	0	0	0	0	0	0	0	0	0	0	0	0	0	0	0	0	0	0	0	0	
71320	Frontal_Sup_Orb_R	0	0	0	1718	0	0	0	934	0	4198	0	0	0	634	0	3144	0	0	0	0	0	986	0	2722	0	5506	0	6544	0	814	96	1858	0	0	0	0	0	0	0	0	0	104	0	0	0	0	0	0	0	0	0	0	0	0	0	0	0	0	0	0	0	0	0	0	0	0	0	0	0	0	0	2772	0	3630	0	0	0	0	0	0	0	0	0	0	0	0	0	0	0	0	0	0	0	0	0	0	0	0	0	0	0	0	0	0	0	0	0	0	0	0	0	0	0	0	0	0	
581420	Frontal_Mid_L	26160	202	78906	7732	1450	0	0	2578	2514	0	16154	372	35942	0	5662	114	4670	372	15226	5678	0	0	20708	1234	160	0	0	0	18658	292	9286	2990	8634	832	0	0	1000	0	0	0	0	0	0	0	0	0	0	0	0	0	0	0	0	0	0	0	4012	0	0	0	132	0	0	0	0	0	0	0	144	0	7672	2130	4490	80	1654	0	446	986	804	0	224	0	410	0	0	0	0	0	0	0	0	0	0	0	0	0	0	0	0	0	0	0	0	0	0	0	0	0	0	0	0	0	0	0	0	0	
254148	Frontal_Mid_R	2788	4826	2192	34498	0	934	2578	0	0	1568	332	11254	316	14196	0	4644	126	4462	4458	5972	0	0	368	2008	0	0	0	82	436	10886	400	3318	0	4238	0	0	0	482	0	84	0	0	0	0	0	0	0	0	0	0	0	0	0	0	0	0	568	596	0	0	92	84	0	82	0	0	0	0	0	0	1112	2166	430	2192	86	870	0	102	0	908	0	340	0	0	0	0	0	0	0	0	0	0	0	0	0	0	0	0	0	0	0	0	0	0	0	0	0	0	0	0	0	0	0	0	0	0	
70120	Frontal_Mid_Orb_L	0	0	2472	0	9466	0	2514	0	0	0	0	0	3030	0	11746	0	0	0	0	0	192	0	180	0	254	0	1096	0	2730	0	106	0	0	0	0	0	0	0	0	0	0	0	0	0	0	0	0	0	0	0	0	0	0	0	0	0	0	0	0	0	0	0	0	0	0	0	0	0	0	0	0	0	930	0	0	0	0	0	0	0	0	0	344	0	0	0	0	0	0	0	0	0	0	0	0	0	0	0	0	0	0	0	0	0	0	0	0	0	0	0	0	0	0	0	0	0	
37848	Frontal_Mid_Orb_R	0	0	0	412	0	4198	0	1568	0	0	0	0	0	1988	0	6028	0	0	0	0	0	0	0	552	0	96	0	272	0	2538	0	0	0	0	0	0	0	0	0	0	0	0	0	0	0	0	0	0	0	0	0	0	0	0	0	0	0	0	0	0	0	0	0	0	0	0	0	0	0	0	0	104	0	1168	0	0	0	0	0	0	0	0	0	0	0	0	0	0	0	0	0	0	0	0	0	0	0	0	0	0	0	0	0	0	0	0	0	0	0	0	0	0	0	0	0	0	
249700	Frontal_Inf_Oper_L	14634	0	11556	2288	0	0	16154	332	0	0	0	772	20372	102	444	82	8314	484	7082	230	0	0	286	104	0	0	0	0	15514	380	954	3882	0	0	0	0	372	0	0	0	0	0	0	0	0	0	0	0	0	0	0	0	0	0	100	0	4688	0	0	0	452	0	0	0	0	0	0	0	0	0	6042	4888	2138	0	0	0	0	0	210	0	470	0	1524	0	0	0	0	0	0	0	0	0	0	0	0	0	0	0	0	0	0	0	0	0	0	0	0	0	0	0	0	0	0	0	0	0	
213800	Frontal_Inf_Oper_R	254	5792	862	10744	0	0	372	11254	0	0	772	0	1084	15204	0	486	0	6012	4196	8362	0	0	0	352	0	0	0	0	1160	14426	802	5038	0	3172	0	0	0	482	0	82	0	0	0	0	0	0	0	0	0	0	0	0	0	0	0	0	106	2232	0	0	0	704	0	738	0	0	0	0	0	0	2222	4182	782	4676	0	220	0	0	0	130	0	0	0	0	0	0	0	0	0	0	0	0	0	0	0	0	0	0	0	0	0	0	0	0	0	0	0	0	0	0	0	0	0	0	0	0	
298124	Frontal_Inf_Tri_L	6640	0	20794	1750	1714	0	35942	316	3030	0	20372	1084	0	104	10316	120	2124	616	4986	174	0	0	2562	102	0	0	0	0	20932	370	2242	2396	620	0	0	0	140	0	0	0	0	0	0	0	0	0	0	0	0	0	0	0	0	0	0	0	384	0	0	0	80	0	0	0	0	0	0	0	0	0	4530	2928	674	0	0	0	0	0	0	0	156	0	864	0	0	0	0	0	0	0	0	0	0	0	0	0	0	0	0	0	0	0	0	0	0	0	0	0	0	0	0	0	0	0	0	0	
189780	Frontal_Inf_Tri_R	0	468	174	8080	0	634	0	14196	0	1988	102	15204	104	0	0	6646	0	464	3940	5926	0	0	0	1438	0	0	0	0	242	18268	670	7872	0	3230	0	0	0	94	0	0	0	0	0	0	0	0	0	0	0	0	0	0	0	0	0	0	0	0	0	0	0	0	0	0	0	0	0	0	0	0	126	2888	0	2136	0	0	0	0	0	0	0	0	0	0	0	0	0	0	0	0	0	0	0	0	0	0	0	0	0	0	0	0	0	0	0	0	0	0	0	0	0	0	0	0	0	0	
142248	Frontal_Inf_Orb_L	0	0	6630	0	11668	0	5662	0	11746	0	444	0	10316	0	0	0	110	0	282	0	1764	558	1262	0	458	0	1586	156	8478	0	302	0	322	0	0	0	182	0	0	0	344	0	0	0	0	0	0	0	0	0	0	0	0	0	0	0	0	0	0	0	0	0	0	0	0	0	0	0	0	0	870	180	3932	0	0	0	0	0	0	0	0	0	3872	0	0	0	0	0	0	0	0	0	0	0	0	0	0	0	0	0	0	0	0	0	0	0	0	0	0	0	0	0	0	0	0	0	
85100	Frontal_Inf_Orb_R	0	0	0	2624	0	3144	114	4644	0	6028	82	486	120	6646	0	0	0	0	88	406	0	1378	0	586	0	0	0	1274	202	10210	0	842	0	0	0	0	0	0	0	0	0	0	0	0	0	0	0	0	0	0	0	0	0	0	0	0	0	0	0	0	0	0	0	0	0	0	0	0	0	0	0	2522	0	1154	0	0	0	0	0	0	0	0	0	0	0	0	0	0	0	0	0	0	0	0	0	0	0	0	0	0	0	0	0	0	0	0	0	0	0	0	0	0	0	0	0	0	
185184	Rolandic_Oper_L	9412	0	6820	1080	0	0	4670	126	0	0	8314	0	2124	0	110	0	0	0	4902	154	0	0	176	0	0	0	0	0	20324	0	0	782	0	0	0	0	2448	0	120	0	0	0	0	0	0	0	0	0	0	0	288	0	0	0	272	0	12560	0	0	0	156	0	1614	0	0	0	0	0	0	0	1550	962	3582	98	336	0	0	0	2644	0	5270	0	1234	0	292	0	0	0	172	0	0	0	0	0	0	0	0	0	0	0	0	0	0	0	0	0	0	0	0	0	0	0	0	0	0	0	
146520	Rolandic_Oper_R	372	1434	1190	10996	0	0	372	4462	0	0	484	6012	616	464	0	0	0	0	1092	4266	0	0	0	266	0	0	0	0	618	12916	186	1568	0	136	0	0	0	2666	0	124	0	0	0	0	0	0	0	0	0	0	0	0	0	0	0	182	234	3880	0	0	0	92	0	1886	0	0	0	0	0	0	2076	2988	968	5448	0	186	156	130	0	3374	0	972	0	448	0	0	0	0	0	0	0	0	0	0	0	0	0	0	0	0	0	0	0	0	0	0	0	0	0	0	0	0	0	0	0	0	
596212	Supp_Motor_Area_L	7338	678	62604	22728	94	0	15226	4458	0	0	7082	4196	4986	3940	282	88	4902	1092	0	56034	0	0	3234	1616	0	0	0	0	8502	2072	5684	8626	9076	26284	232	1426	464	396	0	128	0	0	0	0	0	86	0	0	0	80	136	88	0	0	100	116	3072	348	130	0	80	0	0	0	0	0	80	822	10886	0	4300	1526	8440	1124	324	0	556	758	266	108	820	0	392	0	0	0	0	0	0	0	0	0	0	0	0	0	0	0	0	0	0	0	0	0	0	0	0	0	0	0	0	0	0	0	0	0	
695052	Supp_Motor_Area_R	7504	2020	14938	55408	0	0	5678	5972	0	0	230	8362	174	5926	0	406	154	4266	56034	0	0	0	1212	5252	0	0	0	0	868	7672	2296	17086	7148	49200	486	2478	356	1274	0	440	0	0	0	166	0	858	0	134	0	930	218	692	0	0	434	846	2226	2606	124	200	492	734	288	4770	0	304	116	2118	18614	4470	2618	14406	1212	5180	564	86	1590	14868	0	488	0	488	0	204	0	1162	0	0	0	480	0	0	0	0	0	0	0	0	0	0	0	0	0	0	0	0	0	0	0	0	0	0	0	0	0	0	
67400	Olfactory_L	0	0	0	0	1936	0	0	0	192	0	0	0	0	0	1764	0	0	0	0	0	0	5352	0	0	284	336	4776	1414	1696	0	2694	2702	0	0	0	0	162	0	86	0	780	0	0	0	0	0	0	0	0	0	0	0	0	0	0	0	0	0	0	0	0	0	0	0	0	0	0	0	0	0	5298	1842	2162	0	0	0	0	0	0	0	0	0	224	0	0	0	0	0	0	0	0	0	0	0	0	0	0	0	0	0	0	0	0	0	0	0	0	0	0	0	0	0	0	0	0	0	
77912	Olfactory_R	0	0	0	0	862	986	0	0	0	0	0	0	0	0	558	1378	0	0	0	0	5352	0	0	0	94	622	3904	3576	0	1858	1746	2312	0	0	0	0	0	0	0	0	0	508	0	0	0	0	0	0	0	0	0	0	0	0	0	0	0	0	0	0	0	0	0	0	0	0	0	0	0	0	6870	4300	3726	144	160	0	0	0	0	0	0	0	0	0	0	0	0	0	0	0	0	0	0	0	0	0	0	0	0	0	0	0	0	0	0	0	0	0	0	0	0	0	0	0	0	0	
281864	Frontal_Sup_Medial_L	0	0	36050	8928	3312	0	20708	368	180	0	286	0	2562	0	1262	0	176	0	3234	1212	0	0	0	17886	1798	92	0	0	1940	0	16082	7818	7734	5926	0	0	0	0	0	0	0	0	0	0	0	0	0	0	0	0	0	0	0	0	0	0	0	0	0	0	0	0	0	0	0	0	0	0	0	0	522	94	2762	0	0	0	0	0	0	0	0	0	0	0	0	0	0	0	0	0	0	0	0	0	0	0	0	0	0	0	0	0	0	0	0	0	0	0	0	0	0	0	0	0	0	0	
253312	Frontal_Sup_Medial_R	0	0	2754	31902	0	2722	1234	2008	0	552	104	352	102	1438	0	586	0	266	1616	5252	0	0	17886	0	222	3802	0	0	174	2074	6304	22072	286	9528	0	0	0	0	0	0	0	0	0	0	0	0	0	0	0	0	0	0	0	0	0	0	0	0	0	0	0	0	0	0	0	0	0	0	0	0	172	6078	0	7170	0	0	0	0	0	0	0	0	0	0	0	0	0	0	0	0	0	0	0	0	0	0	0	0	0	0	0	0	0	0	0	0	0	0	0	0	0	0	0	0	0	0	
34680	Frontal_Med_Orb_L	0	0	784	0	3172	0	160	0	254	0	0	0	0	0	458	0	0	0	0	0	284	94	1798	222	0	476	2612	0	174	0	4182	624	0	0	0	0	0	0	0	0	0	0	0	0	0	0	0	0	0	0	0	0	0	0	0	0	0	0	0	0	0	0	0	0	0	0	0	0	0	0	572	0	1474	0	0	0	0	0	0	0	0	0	0	0	0	0	0	0	0	0	0	0	0	0	0	0	0	0	0	0	0	0	0	0	0	0	0	0	0	0	0	0	0	0	0	0	
67176	Frontal_Med_Orb_R	0	0	0	1378	0	5506	0	0	0	96	0	0	0	0	0	0	0	0	0	0	336	622	92	3802	476	0	510	5488	0	0	1226	5116	0	0	0	0	0	0	0	0	0	0	0	0	0	0	0	0	0	0	0	0	0	0	0	0	0	0	0	0	0	0	0	0	0	0	0	0	0	0	102	4628	0	4210	0	0	0	0	0	0	0	0	0	0	0	0	0	0	0	0	0	0	0	0	0	0	0	0	0	0	0	0	0	0	0	0	0	0	0	0	0	0	0	0	0	0	
74064	Rectus_L	0	0	0	0	6114	0	0	0	1096	0	0	0	0	0	1586	0	0	0	0	0	4776	3904	0	0	2612	510	0	1428	614	0	4122	2352	0	0	0	0	0	0	0	0	0	0	0	0	0	0	0	0	0	0	0	0	0	0	0	0	0	0	0	0	0	0	0	0	0	0	0	0	0	0	3228	1236	3454	0	0	0	0	0	0	0	0	0	0	0	0	0	0	0	0	0	0	0	0	0	0	0	0	0	0	0	0	0	0	0	0	0	0	0	0	0	0	0	0	0	0	0	
56344	Rectus_R	0	0	0	0	206	6544	0	82	0	272	0	0	0	0	156	1274	0	0	0	0	1414	3576	0	0	0	5488	1428	0	0	1042	788	2064	0	0	0	0	0	0	0	0	0	172	0	0	0	0	0	0	0	0	0	0	0	0	0	0	0	0	0	0	0	0	0	0	0	0	0	0	0	0	930	1752	530	454	0	0	0	0	0	0	0	0	0	0	0	0	0	0	0	0	0	0	0	0	0	0	0	0	0	0	0	0	0	0	0	0	0	0	0	0	0	0	0	0	0	0	
519576	Insula_L	13110	92	25140	3950	6352	0	18658	436	2730	0	15514	1160	20932	242	8478	202	20324	618	8502	868	1696	0	1940	174	174	0	614	0	0	474	3880	5334	614	212	0	242	16520	198	2202	0	4440	0	90	0	0	0	0	0	0	0	822	0	166	0	3748	0	10276	0	0	0	220	0	1760	0	0	0	106	0	148	0	8008	5992	16034	156	824	0	782	256	5318	0	5488	0	9262	0	1446	0	148	0	2386	0	0	0	0	0	0	0	330	0	0	0	0	0	0	0	0	0	0	0	0	0	0	0	0	0	0	0	
341456	Insula_R	486	3194	508	16884	0	814	292	10886	0	2538	380	14426	370	18268	0	10210	0	12916	2072	7672	0	1858	0	2074	0	0	0	1042	474	0	502	7980	0	1032	0	80	0	10474	0	2566	0	3314	0	0	0	0	0	0	0	0	0	0	0	0	0	2908	246	2284	0	0	0	128	0	1312	0	0	0	0	0	0	1114	5914	346	17110	0	416	0	424	0	950	0	1888	0	896	0	194	0	0	0	1286	0	0	0	0	0	0	0	0	0	0	0	0	0	0	0	0	0	0	0	0	0	0	0	0	0	0	
286000	Cingulum_Ant_L	526	0	15372	6350	3724	96	9286	400	106	0	954	802	2242	670	302	0	0	186	5684	2296	2694	1746	16082	6304	4182	1226	4122	788	3880	502	0	19218	8612	2988	2016	0	0	0	0	0	0	0	0	0	0	0	0	0	0	0	0	0	0	0	0	0	0	0	0	0	0	0	0	0	0	0	1174	0	0	0	6208	2988	8280	994	0	0	0	0	0	0	0	0	0	0	0	0	0	0	0	0	0	0	0	0	0	0	0	0	0	0	0	0	0	0	0	0	0	0	0	0	0	0	0	0	0	0	
508988	Cingulum_Ant_R	1266	0	6370	34960	0	1858	2990	3318	0	0	3882	5038	2396	7872	0	842	782	1568	8626	17086	2702	2312	7818	22072	624	5116	2352	2064	5334	7980	19218	0	1354	16116	0	0	0	0	0	0	0	0	0	0	0	0	0	0	0	0	0	0	0	0	0	0	328	94	0	0	0	0	0	0	0	0	0	0	0	0	9064	33132	1768	14690	0	0	88	826	96	0	0	0	492	0	0	0	0	0	0	0	0	0	0	0	0	0	0	0	0	0	0	0	0	0	0	0	0	0	0	0	0	0	0	0	0	0	
162644	Cingulum_Mid_L	146	0	8550	500	0	0	8634	0	0	0	0	0	620	0	322	0	0	0	9076	7148	0	0	7734	286	0	0	0	0	614	0	8612	1354	0	9460	3938	364	0	0	0	0	0	0	238	0	558	146	0	0	1004	0	488	0	0	0	0	0	156	0	732	0	388	0	520	0	0	0	5112	826	2870	116	110	0	86	0	0	0	0	0	0	0	122	0	0	0	142	0	0	0	350	0	0	0	0	0	0	0	0	0	0	0	0	0	0	0	0	0	0	0	0	0	0	0	0	0	0	0	
439616	Cingulum_Mid_R	2082	256	2564	17910	0	0	832	4238	0	0	0	3172	0	3230	0	0	0	136	26284	49200	0	0	5926	9528	0	0	0	0	212	1032	2988	16116	9460	0	1334	8956	294	302	0	0	0	0	0	786	0	4106	0	0	0	2966	0	2038	100	88	566	244	1444	3016	0	522	204	786	124	1188	0	618	1666	11960	12124	6278	162	208	0	720	0	0	334	166	0	0	0	0	0	0	0	926	0	0	0	336	80	0	0	0	0	0	0	0	0	0	0	0	0	0	0	0	0	0	0	0	0	0	0	0	0	0	
142156	Cingulum_Post_L	410	0	0	0	0	0	0	0	0	0	0	0	0	0	0	0	0	0	232	486	0	0	0	0	0	0	0	0	0	0	2016	0	3938	1334	0	13936	5668	3204	2616	288	0	0	2188	354	178	458	1248	592	196	524	2160	440	2390	0	4788	2316	274	384	184	98	0	306	0	678	0	226	6542	2814	1464	162	0	0	0	0	0	0	180	230	0	0	0	0	0	0	1676	518	0	0	1060	230	1694	0	0	0	0	0	0	0	0	0	0	0	0	0	0	0	0	0	0	0	398	0	0	0	0	0	
185904	Cingulum_Post_R	374	134	114	0	0	0	0	0	0	0	0	0	0	0	0	0	0	0	1426	2478	0	0	0	0	0	0	0	0	242	80	0	0	364	8956	13936	0	4916	3918	2074	572	0	0	0	3428	0	3128	200	1002	0	2998	0	4216	168	138	2016	3300	124	3518	0	1036	0	490	0	388	0	1602	850	16682	314	1340	0	0	220	0	0	0	410	830	0	0	0	0	0	0	210	2842	0	0	336	740	136	0	0	0	0	0	0	112	0	0	0	0	0	0	0	0	0	0	0	0	594	0	0	0	0	0	
251912	Hippocampus_L	3594	242	2022	360	0	0	1000	0	0	0	372	0	140	0	182	0	2448	0	464	356	162	0	0	0	0	0	0	0	16520	0	0	0	0	294	5668	4916	0	3224	12346	360	10320	0	1210	0	0	0	1384	350	0	0	404	0	0	0	11040	914	5252	0	230	0	730	0	2698	0	0	0	1682	694	2066	96	920	0	6212	0	636	0	4412	1202	3014	0	3492	0	2954	0	1236	80	614	0	6540	0	128	0	0	0	0	0	580	0	0	0	0	0	0	0	0	0	0	0	0	0	196	0	0	0	0	0	
260876	Hippocampus_R	378	3502	124	3316	0	0	0	482	0	0	0	482	0	94	0	0	0	2666	396	1274	0	0	0	0	0	0	0	0	198	10474	0	0	0	302	3204	3918	3224	0	1268	20918	0	11766	0	90	0	0	122	1430	0	0	0	0	0	204	504	22002	160	1332	0	0	0	0	0	1098	0	0	0	1074	492	0	0	632	226	13826	0	126	1456	4860	0	258	0	1122	0	2676	0	208	0	568	0	7400	0	0	0	0	0	0	0	586	0	0	0	0	0	0	0	0	0	0	0	0	0	0	0	0	0	0	
79980	ParaHippocampal_L	0	0	384	0	0	0	0	0	0	0	0	0	0	0	0	0	120	0	0	0	86	0	0	0	0	0	0	0	2202	0	0	0	0	0	2616	2074	12346	1268	0	174	2304	0	358	0	0	0	1772	172	0	0	0	0	98	0	6672	0	84	0	0	0	0	0	0	0	0	0	694	488	84	0	0	0	960	0	0	0	646	292	0	0	816	0	1148	0	0	0	148	0	896	0	0	0	0	0	0	0	800	0	172	0	0	0	0	0	0	0	0	0	0	0	116	0	0	0	0	0	
134064	ParaHippocampal_R	116	768	0	382	0	0	0	84	0	0	0	82	0	0	0	0	0	124	128	440	0	0	0	0	0	0	0	0	0	2566	0	0	0	0	288	572	360	20918	174	0	0	4842	0	428	0	0	82	4324	0	0	0	0	0	212	132	15032	0	0	0	0	0	0	0	0	0	0	0	1478	180	0	0	282	0	3034	0	0	490	1912	0	120	0	596	0	1502	0	120	0	576	0	2630	0	132	0	0	108	0	220	1316	0	166	0	0	0	0	0	0	0	0	0	0	116	0	0	0	0	0	
56352	Amygdala_L	0	0	0	0	174	0	0	0	0	0	0	0	0	0	344	0	0	0	0	0	780	0	0	0	0	0	0	0	4440	0	0	0	0	0	0	0	10320	0	2304	0	0	0	0	0	0	0	0	0	0	0	0	0	0	0	3972	0	0	0	0	0	0	0	0	0	0	0	0	0	96	0	208	0	382	0	0	0	150	0	0	0	328	0	1594	0	468	0	460	0	2156	0	0	0	0	0	0	0	0	0	0	0	0	0	0	0	0	0	0	0	0	0	0	0	0	0	0	0	
65092	Amygdala_R	0	0	0	0	0	104	0	0	0	0	0	0	0	0	0	0	0	0	0	0	0	508	0	0	0	0	0	172	0	3314	0	0	0	0	0	0	0	11766	0	4842	0	0	0	0	0	0	0	0	0	0	0	0	0	0	0	4696	0	0	0	0	0	0	0	0	0	0	0	0	0	0	0	0	0	1100	0	0	0	172	0	0	0	0	0	2892	0	0	0	592	0	2296	0	0	0	0	0	0	0	92	0	0	0	0	0	0	0	0	0	0	0	0	0	0	0	0	0	0	
190020	Calcarine_L	394	0	0	0	0	0	0	0	0	0	0	0	0	0	0	0	0	0	0	0	0	0	0	0	0	0	0	0	90	0	0	0	238	0	2188	0	1210	0	358	0	0	0	0	4172	6524	3456	10304	644	7560	3052	20320	1260	9164	0	4558	104	638	0	424	0	468	0	426	0	0	0	10122	0	402	0	0	0	0	0	0	0	0	0	0	0	0	0	0	0	1318	0	0	0	1686	0	1824	0	900	0	0	0	0	0	1112	0	0	0	0	0	0	0	0	0	0	0	0	94	0	0	0	0	
292648	Calcarine_R	0	0	0	0	0	0	0	0	0	0	0	0	0	0	0	0	0	0	0	166	0	0	0	0	0	0	0	0	0	0	0	0	0	786	354	3428	0	90	0	428	0	0	4172	0	988	20198	2238	12702	0	23060	0	18056	0	4766	160	8342	0	0	0	1350	0	1672	0	1198	0	3108	224	22326	146	0	0	0	0	0	0	0	0	0	0	0	0	334	0	0	0	8542	0	0	0	7140	0	0	0	0	0	0	0	0	0	154	0	0	0	0	0	0	0	0	0	0	0	196	0	0	0	0	
106808	Cuneus_L	110	0	0	0	0	0	0	0	0	0	0	0	0	0	0	0	0	0	0	0	0	0	0	0	0	0	0	0	0	0	0	0	558	0	178	0	0	0	0	0	0	0	6524	988	0	2354	1646	0	16046	1266	8588	138	834	0	180	0	190	0	4236	0	90	0	0	0	0	0	7924	224	164	0	0	0	0	0	0	0	0	0	0	0	0	0	0	0	482	0	0	0	506	0	178	0	0	0	0	0	0	0	0	0	0	0	0	0	0	0	0	0	0	0	0	0	0	0	0	0	
311976	Cuneus_R	0	0	0	0	0	0	0	0	0	0	0	0	0	0	0	0	0	0	86	858	0	0	0	0	0	0	0	0	0	0	0	0	146	4106	458	3128	0	0	0	0	0	0	3456	20198	2354	0	330	1494	0	38676	0	13724	0	1012	442	2088	0	648	0	7372	0	2194	0	2308	0	5356	2958	31452	376	284	0	0	0	0	0	0	0	86	0	0	0	792	0	0	0	6818	0	0	0	2788	0	0	0	0	0	0	0	0	0	0	0	0	0	0	0	0	0	0	0	0	0	0	0	0	0	0	
326196	Lingual_L	0	0	0	0	0	0	0	0	0	0	0	0	0	0	0	0	0	0	0	0	0	0	0	0	0	0	0	0	0	0	0	0	0	0	1248	200	1384	122	1772	82	0	0	10304	2238	1646	330	0	6142	3514	1054	12626	1012	10374	1594	26038	3010	0	0	0	0	0	0	0	0	0	0	3616	0	0	0	0	0	0	0	0	0	0	80	0	0	0	0	0	0	258	0	0	0	552	0	18882	1676	3742	0	0	0	13246	2132	23866	2374	0	0	0	0	0	0	0	0	0	0	4348	3230	406	0	0	0	
350308	Lingual_R	0	0	0	0	0	0	0	0	0	0	0	0	0	0	0	0	0	0	0	134	0	0	0	0	0	0	0	0	0	0	0	0	0	0	592	1002	350	1430	172	4324	0	0	644	12702	0	1494	6142	0	0	2686	128	5070	180	12652	3144	31528	0	0	0	100	0	0	0	0	0	0	0	5844	0	0	0	0	0	0	0	0	0	0	0	0	0	0	0	0	0	1748	0	0	0	2620	2576	13166	412	112	182	0	4284	12302	6142	17108	0	0	0	0	188	0	0	0	0	0	11436	10588	1892	80	0	0	
146300	Occipital_Sup_L	0	0	0	0	0	0	0	0	0	0	0	0	0	0	0	0	0	0	0	0	0	0	0	0	0	0	0	0	0	0	0	0	1004	0	196	0	0	0	0	0	0	0	7560	0	16046	0	3514	0	0	0	20984	0	1554	0	778	0	0	0	9828	0	346	0	0	0	142	0	9184	0	100	0	0	0	0	0	0	0	0	0	0	0	0	0	0	0	1344	0	0	0	128	0	176	0	132	0	0	0	0	0	134	0	0	0	0	0	0	0	0	0	0	0	0	0	0	0	0	0	
352352	Occipital_Sup_R	128	0	0	0	0	0	0	0	0	0	0	0	0	0	0	0	0	0	80	930	0	0	0	0	0	0	0	0	0	0	0	0	0	2966	524	2998	0	0	0	0	0	0	3052	23060	1266	38676	1054	2686	0	0	0	21594	0	1378	558	2628	0	828	0	9658	0	3606	0	4198	0	9488	584	28870	422	228	0	0	0	0	0	0	0	104	0	0	0	1410	0	0	0	9582	0	0	0	3620	0	0	0	0	0	0	0	0	0	0	0	0	0	0	0	0	0	0	0	0	0	0	0	0	0	0	
447524	Occipital_Mid_L	1708	112	216	192	0	0	0	0	0	0	0	0	0	0	0	0	288	0	136	218	0	0	0	0	0	0	0	0	822	0	0	0	488	0	2160	0	404	0	0	0	0	0	20320	0	8588	0	12626	128	20984	0	0	0	26220	100	12636	142	5974	0	14582	0	16166	0	4026	0	16880	0	7776	0	1838	0	0	0	0	0	0	0	146	0	80	0	1018	0	0	0	24562	0	0	0	10692	0	6932	0	2124	0	0	0	0	0	2318	0	0	0	0	0	0	0	0	0	0	0	0	160	0	0	0	0	
237444	Occipital_Mid_R	0	0	0	0	0	0	0	0	0	0	0	0	0	0	0	0	0	0	88	692	0	0	0	0	0	0	0	0	0	0	0	0	0	2038	440	4216	0	0	0	0	0	0	1260	18056	138	13724	1012	5070	0	21594	0	0	0	3982	504	5278	0	202	0	1558	0	2900	0	1434	0	10982	90	12124	248	210	0	0	0	0	0	0	0	0	0	0	0	0	0	0	0	8250	0	0	0	1880	0	0	0	0	0	0	0	0	154	300	0	0	0	0	0	0	0	0	0	0	0	298	0	0	0	0	
183320	Occipital_Inf_L	298	0	0	0	0	0	0	0	0	0	0	0	0	0	0	0	0	0	0	0	0	0	0	0	0	0	0	0	166	0	0	0	0	100	2390	168	0	0	98	0	0	0	9164	0	834	0	10374	180	1554	0	26220	0	0	140	14530	196	262	0	0	0	0	0	80	88	0	0	2916	0	0	0	0	0	0	0	0	0	0	0	0	0	0	0	0	0	2382	0	0	0	6274	0	7438	0	2360	0	0	0	0	0	3228	0	0	0	0	0	0	0	0	0	0	0	0	220	0	0	0	0	
155004	Occipital_Inf_R	0	0	0	0	0	0	0	0	0	0	0	0	0	0	0	0	0	0	0	0	0	0	0	0	0	0	0	0	0	0	0	0	0	88	0	138	0	204	0	212	0	0	0	4766	0	1012	1594	12652	0	1378	100	3982	140	0	1254	16856	0	0	0	212	0	0	0	0	0	0	0	1936	0	0	0	0	0	0	0	0	0	0	0	0	0	0	0	0	0	4030	0	0	0	8020	634	1284	180	0	0	0	738	1938	1824	4562	0	0	0	0	0	0	0	0	0	0	2062	4976	730	0	0	0	
500580	Fusiform_L	166	0	474	100	0	0	0	0	0	0	100	0	0	0	0	0	272	0	100	434	0	0	0	0	0	0	0	0	3748	0	0	0	0	566	4788	2016	11040	504	6672	132	3972	0	4558	160	180	442	26038	3144	778	558	12636	504	14530	1254	0	3282	304	0	0	104	0	0	158	196	0	98	2784	552	134	194	0	0	870	0	0	0	86	82	536	0	4150	0	2596	0	3080	354	1310	0	10826	214	39850	1520	1868	0	280	0	20922	1826	43230	1960	146	0	254	0	154	0	0	0	0	0	3904	2282	318	0	0	0	
556376	Fusiform_R	120	1040	0	336	0	0	0	0	0	0	0	0	0	0	0	0	0	182	116	846	0	0	0	0	0	0	0	0	0	2908	0	0	0	244	2316	3300	914	22002	0	15032	0	4696	104	8342	0	2088	3010	31528	0	2628	142	5278	196	16856	3282	0	116	402	0	254	0	0	0	0	0	112	0	5390	304	0	0	86	0	2854	0	0	0	252	0	202	0	1216	0	3656	0	4100	0	1642	0	19068	1998	27712	304	836	100	960	2910	18608	4464	34778	0	244	0	212	108	0	0	0	0	0	8924	7776	966	128	0	0	
301700	Postcentral_L	30690	636	4508	2870	0	0	4012	568	0	0	4688	106	384	0	0	0	12560	234	3072	2226	0	0	0	0	0	0	0	0	10276	246	0	328	156	1444	274	124	5252	160	84	0	0	0	638	0	190	0	0	0	0	0	5974	0	262	0	304	116	0	244	7402	0	17796	98	8392	118	1198	0	3512	0	6502	322	1374	456	3288	116	876	0	650	202	2106	0	2956	0	0	0	386	0	0	0	474	0	0	0	0	0	0	0	0	0	0	0	0	0	0	0	0	0	0	0	0	0	0	0	0	0	0	0	
169236	Postcentral_R	240	17262	396	3238	0	0	0	596	0	0	0	2232	0	0	0	0	0	3880	348	2606	0	0	0	0	0	0	0	0	0	2284	0	94	0	3016	384	3518	0	1332	0	0	0	0	0	0	0	648	0	0	0	828	0	202	0	0	0	402	244	0	0	4786	0	10798	0	14604	0	808	132	2696	196	4308	0	350	0	204	0	0	102	414	0	96	0	840	0	0	0	366	0	0	0	168	0	0	0	0	0	0	0	0	0	0	0	0	0	0	0	0	0	0	0	0	0	0	0	0	0	0	
141948	Parietal_Sup_L	644	0	180	0	0	0	0	0	0	0	0	0	0	0	0	0	0	0	130	124	0	0	0	0	0	0	0	0	0	0	0	0	732	0	184	0	230	0	0	0	0	0	424	0	4236	0	0	0	9828	0	14582	0	0	0	0	0	7402	0	0	0	12152	0	138	0	5674	0	10874	0	2326	0	0	0	0	0	0	0	214	0	0	0	164	0	0	0	736	0	0	0	0	0	0	0	0	0	0	0	0	0	0	0	0	0	0	0	0	0	0	0	0	0	0	0	0	0	0	0	
104064	Parietal_Sup_R	0	184	0	0	0	0	0	0	0	0	0	0	0	0	0	0	0	0	0	200	0	0	0	0	0	0	0	0	0	0	0	0	0	522	98	1036	0	0	0	0	0	0	0	1350	0	7372	0	100	0	9658	0	1558	0	212	104	254	0	4786	0	0	0	3972	0	536	0	2562	1070	12146	128	438	0	0	0	0	0	0	0	0	0	0	0	320	0	0	0	2296	0	0	0	1130	0	0	0	0	0	0	0	0	0	0	0	0	0	0	0	0	0	0	0	0	0	0	0	0	0	0	
177216	Parietal_Inf_L	1804	194	114	270	0	0	132	92	0	0	452	0	80	0	0	0	156	0	80	492	0	0	0	0	0	0	0	0	220	0	0	0	388	204	0	0	730	0	0	0	0	0	468	0	90	0	0	0	346	0	16166	0	0	0	0	0	17796	0	12152	0	0	0	12870	0	16176	0	1694	0	1602	0	322	0	448	0	0	0	418	96	116	0	466	0	0	0	852	0	0	0	1122	0	0	0	0	0	0	0	0	0	0	0	0	0	0	0	0	0	0	0	0	0	0	0	0	0	0	0	
121688	Parietal_Inf_R	104	3832	0	908	0	0	0	84	0	0	0	704	0	0	0	0	0	92	0	734	0	0	0	0	0	0	0	0	0	128	0	0	0	786	306	490	0	0	0	0	0	0	0	1672	0	2194	0	0	0	3606	0	2900	0	0	0	0	98	10798	0	3972	0	0	0	15450	0	7686	0	2670	150	468	0	304	0	0	0	0	98	308	0	0	0	190	0	0	0	112	0	0	0	0	0	0	0	0	0	0	0	0	0	0	0	0	0	0	0	0	0	0	0	0	0	0	0	0	0	0	
109552	SupraMarginal_L	854	0	0	0	0	0	0	0	0	0	0	0	0	0	0	0	1614	0	0	288	0	0	0	0	0	0	0	0	1760	0	0	0	520	124	0	0	2698	0	0	0	0	0	426	0	0	0	0	0	0	0	4026	0	80	0	158	0	8392	0	138	0	12870	0	0	0	5436	0	940	0	422	0	0	0	0	0	0	0	190	0	110	0	5242	0	0	0	5328	0	0	0	3160	0	0	0	0	0	0	0	0	0	0	0	0	0	0	0	0	0	0	0	0	0	0	0	0	0	0	0	
150828	SupraMarginal_R	118	5172	0	1982	0	0	0	82	0	0	0	738	0	0	0	0	0	1886	0	4770	0	0	0	0	0	0	0	0	0	1312	0	0	0	1188	678	388	0	1098	0	0	0	0	0	1198	0	2308	0	0	0	4198	0	1434	88	0	196	0	118	14604	0	536	0	15450	0	0	0	6102	0	2524	288	634	0	272	0	0	0	0	86	324	0	0	0	3016	0	0	0	1960	0	0	0	666	0	0	0	0	0	0	0	0	0	0	0	0	0	0	0	0	0	0	0	0	0	0	0	0	0	0	
109552	Angular_L	160	0	0	0	0	0	0	0	0	0	0	0	0	0	0	0	0	0	0	0	0	0	0	0	0	0	0	0	0	0	0	0	0	0	0	0	0	0	0	0	0	0	0	0	0	0	0	0	142	0	16880	0	0	0	0	0	1198	0	5674	0	16176	0	5436	0	0	0	144	0	180	0	0	0	0	0	0	0	0	0	0	0	932	0	0	0	5514	0	0	0	2340	0	0	0	0	0	0	0	0	0	0	0	0	0	0	0	0	0	0	0	0	0	0	0	0	0	0	0	
123464	Angular_R	0	0	0	0	0	0	0	0	0	0	0	0	0	0	0	0	0	0	0	304	0	0	0	0	0	0	0	0	0	0	0	0	0	618	226	1602	0	0	0	0	0	0	0	3108	0	5356	0	0	0	9488	0	10982	0	0	98	112	0	808	0	2562	0	7686	0	6102	0	0	0	6386	0	100	0	0	0	0	0	0	0	0	0	0	0	1252	0	0	0	4574	0	0	0	368	0	0	0	0	0	0	0	0	0	0	0	0	0	0	0	0	0	0	0	0	0	0	0	0	0	0	
194572	Precuneus_L	514	0	0	0	0	0	0	0	0	0	0	0	0	0	0	0	0	0	80	116	0	0	0	0	0	0	0	0	106	0	1174	0	5112	1666	6542	850	1682	0	694	0	0	0	10122	224	7924	2958	3616	0	9184	584	7776	90	2916	0	2784	0	3512	132	10874	1070	1694	0	940	0	144	0	0	4184	3062	94	0	0	0	0	0	0	88	0	0	0	148	0	0	0	1524	0	0	0	1850	0	1256	0	0	0	0	0	0	0	0	0	0	0	0	0	0	0	0	0	0	0	0	0	0	0	0	0	
398556	Precuneus_R	152	360	0	0	0	0	0	0	0	0	0	0	0	0	0	0	0	0	822	2118	0	0	0	0	0	0	0	0	0	0	0	0	826	11960	2814	16682	694	1074	488	1478	0	0	0	22326	224	31452	0	5844	0	28870	0	12124	0	1936	552	5390	0	2696	0	12146	0	2670	0	2524	0	6386	4184	0	526	1422	0	0	0	0	0	0	0	302	0	0	0	940	0	0	0	10922	0	0	100	5148	0	0	0	0	0	0	0	636	0	0	0	0	0	0	0	0	0	0	0	0	490	0	0	0	0	0	
213924	Paracentral_Lobule_L	7770	130	732	1988	0	0	144	0	0	0	0	0	0	0	0	0	0	0	10886	18614	0	0	0	0	0	0	0	0	148	0	0	0	2870	12124	1464	314	2066	492	84	180	96	0	402	146	164	376	0	0	100	422	1838	248	0	0	134	304	6502	196	2326	128	1602	150	422	288	180	0	3062	526	0	1798	1150	1570	1738	0	1280	0	16266	2106	0	0	0	476	0	0	254	392	0	0	92	222	0	0	0	0	0	0	0	0	0	0	0	0	0	0	0	0	0	0	0	0	0	0	0	0	0	0	
50308	Paracentral_Lobule_R	272	1920	0	0	0	0	0	0	0	0	0	0	0	0	0	0	0	0	0	4470	0	0	0	0	0	0	0	0	0	0	0	0	116	6278	162	1340	96	0	0	0	0	0	0	0	0	284	0	0	0	228	0	210	0	0	194	0	322	4308	0	438	0	468	0	634	0	100	94	1422	1798	0	0	0	0	0	0	0	0	0	0	0	0	0	0	0	0	0	0	0	0	0	0	0	0	0	0	0	0	0	0	0	0	0	0	0	0	0	0	0	0	0	0	0	0	0	0	0	
297752	Caudate_L	2292	202	8704	5948	1362	0	7672	1112	0	0	6042	2222	4530	126	870	0	1550	2076	4300	2618	5298	6870	522	172	572	102	3228	930	8008	1114	6208	9064	110	162	0	0	920	0	0	0	208	0	0	0	0	0	0	0	0	0	0	0	0	0	0	0	1374	0	0	0	322	0	0	0	0	0	0	0	1150	0	0	18600	21616	772	2110	0	5192	1158	354	104	284	0	726	0	0	0	0	0	0	0	0	0	0	0	0	0	0	0	0	0	0	0	0	0	0	0	0	0	0	0	0	0	0	0	0	0	
435116	Caudate_R	1248	516	2194	21716	178	2772	2130	2166	0	104	4888	4182	2928	2888	180	2522	962	2988	1526	14406	1842	4300	94	6078	0	4628	1236	1752	5992	5914	2988	33132	0	208	0	0	0	632	0	282	0	0	0	0	0	0	0	0	0	0	0	0	0	0	0	86	456	350	0	0	0	304	0	272	0	0	0	0	1570	0	18600	0	5832	23326	282	2944	3898	18988	104	268	0	0	706	0	0	0	0	0	0	0	0	0	0	0	0	0	0	0	0	0	0	0	0	0	0	0	0	0	0	0	0	0	0	0	0	0	
346908	Putamen_L	9016	680	22366	2026	7644	0	4490	430	930	0	2138	782	674	0	3932	0	3582	968	8440	1212	2162	3726	2762	0	1474	0	3454	530	16034	346	8280	1768	86	0	0	220	6212	226	960	0	382	0	0	0	0	0	0	0	0	0	0	0	0	0	870	0	3288	0	0	0	448	0	0	0	0	0	0	0	1738	0	21616	5832	0	428	12136	0	2608	292	694	96	966	0	4184	0	0	0	0	0	158	0	0	0	0	0	0	0	168	0	0	0	0	0	0	0	0	0	0	0	0	0	0	0	0	0	0	0	
287244	Putamen_R	198	3368	0	14114	0	3630	80	2192	0	1168	0	4676	0	2136	0	1154	98	5448	1124	5180	0	144	0	7170	0	4210	0	454	156	17110	994	14690	0	720	0	0	0	13826	0	3034	0	1100	0	0	0	0	0	0	0	0	0	0	0	0	0	2854	116	204	0	0	0	0	0	0	0	0	0	0	0	0	772	23326	428	0	0	3504	182	1804	0	326	0	330	0	246	0	0	0	0	0	1356	0	0	0	0	0	0	0	0	0	0	0	0	0	0	0	0	0	0	0	0	0	0	0	0	0	0	
75888	Pallidum_L	8728	238	4384	526	0	0	1654	86	0	0	0	0	0	0	0	0	336	0	324	564	0	160	0	0	0	0	0	0	824	0	0	0	0	0	0	0	636	0	0	0	0	0	0	0	0	0	0	0	0	0	0	0	0	0	0	0	876	0	0	0	0	0	0	0	0	0	0	0	1280	0	2110	282	12136	0	0	0	2552	0	134	0	114	0	0	0	0	0	0	0	0	0	0	0	0	0	0	0	0	0	0	0	0	0	0	0	0	0	0	0	0	0	0	0	0	0	0	0	
22192	Pallidum_R	0	476	0	2102	0	0	0	870	0	0	0	220	0	0	0	0	0	186	0	86	0	0	0	0	0	0	0	0	0	416	0	0	0	0	0	0	0	126	0	0	0	0	0	0	0	0	0	0	0	0	0	0	0	0	0	0	0	0	0	0	0	0	0	0	0	0	0	0	0	0	0	2944	0	3504	0	0	80	86	0	0	0	0	0	0	0	0	0	0	0	0	0	0	0	0	0	0	0	0	0	0	0	0	0	0	0	0	0	0	0	0	0	0	0	0	0	0	
113716	Thalamus_L	2016	528	632	704	0	0	446	0	0	0	0	0	0	0	0	0	0	156	556	1590	0	0	0	0	0	0	0	0	782	0	0	88	0	334	180	410	4412	1456	646	490	150	0	0	0	0	0	0	0	0	0	146	0	0	0	86	0	650	102	214	0	418	98	190	86	0	0	88	0	16266	0	5192	3898	2608	182	2552	80	0	8072	0	90	0	0	0	0	0	0	0	0	264	0	0	0	0	0	0	0	0	0	0	0	0	0	0	0	0	0	0	0	0	0	0	0	0	0	0	0	
146644	Thalamus_R	466	2104	656	7326	0	0	986	102	0	0	0	0	0	0	0	0	0	130	758	14868	0	0	0	0	0	0	0	0	256	424	0	826	0	166	230	830	1202	4860	292	1912	0	172	0	0	0	86	80	0	0	104	0	0	0	0	82	252	202	414	0	0	96	308	0	324	0	0	0	302	2106	0	1158	18988	292	1804	0	86	8072	0	0	0	0	0	0	0	0	0	0	0	0	0	0	0	0	0	0	0	0	0	0	0	0	0	0	0	0	0	0	0	0	0	0	0	0	0	0	0	
44416	Heschl_L	1436	0	426	126	0	0	804	0	0	0	210	0	0	0	0	0	2644	0	266	0	0	0	0	0	0	0	0	0	5318	0	0	96	0	0	0	0	3014	0	0	0	0	0	0	0	0	0	0	0	0	0	80	0	0	0	536	0	2106	0	0	0	116	0	110	0	0	0	0	0	0	0	354	104	694	0	134	0	0	0	0	0	1744	0	0	0	834	0	0	0	972	0	84	0	0	0	0	0	0	0	0	0	0	0	0	0	0	0	0	0	0	0	0	0	0	0	0	0	
25156	Heschl_R	0	0	210	1536	0	0	0	908	0	0	0	130	0	0	0	0	0	3374	108	488	0	0	0	0	0	0	0	0	0	950	0	0	0	0	0	0	0	258	0	120	0	0	0	0	0	0	0	0	0	0	0	0	0	0	0	202	0	96	0	0	0	0	0	0	0	0	0	0	0	0	104	268	96	326	0	0	90	0	0	0	0	3314	0	0	0	0	0	0	0	0	0	0	0	0	0	0	0	0	0	0	0	0	0	0	0	0	0	0	0	0	0	0	0	0	0	0	
136608	Temporal_Sup_L	750	0	1150	128	0	0	224	0	0	0	470	0	156	0	0	0	5270	0	820	0	0	0	0	0	0	0	0	0	5488	0	0	0	122	0	0	0	3492	0	816	0	328	0	0	0	0	0	0	0	0	0	1018	0	0	0	4150	0	2956	0	164	0	466	0	5242	0	932	0	148	0	0	0	284	0	966	0	114	0	0	0	1744	0	0	0	1766	0	16588	0	138	0	12278	0	136	0	0	0	0	0	0	0	0	0	0	0	0	0	0	0	0	0	0	0	0	0	0	0	0	0	
68684	Temporal_Sup_R	0	212	0	556	0	0	0	340	0	0	0	0	0	0	0	0	0	972	0	488	0	0	0	0	0	0	0	0	0	1888	0	0	0	0	0	0	0	1122	0	596	0	0	0	334	0	792	0	0	0	1410	0	0	0	0	0	1216	0	840	0	320	0	190	0	3016	0	1252	0	940	476	0	0	0	0	330	0	0	0	0	0	3314	0	0	0	1776	0	9216	0	534	0	2212	0	0	0	0	0	0	0	0	0	0	0	0	0	0	0	0	0	0	0	0	0	0	0	0	0	0	
103620	Temporal_Pole_Sup_L	0	0	1844	254	444	0	410	0	344	0	1524	0	864	0	3872	0	1234	0	392	0	224	0	0	0	0	0	0	0	9262	0	0	492	0	0	0	0	2954	0	1148	0	1594	0	0	0	0	0	0	0	0	0	0	0	0	0	2596	0	0	0	0	0	0	0	0	0	0	0	0	0	0	0	726	706	4184	0	0	0	0	0	0	0	1766	0	0	0	5400	0	3606	0	5868	0	0	0	0	0	0	0	102	0	0	0	0	0	0	0	0	0	0	0	0	0	0	0	0	0	0	0	
41012	Temporal_Pole_Sup_R	0	0	0	244	0	0	0	0	0	0	0	0	0	0	0	0	0	448	0	204	0	0	0	0	0	0	0	0	0	896	0	0	0	0	0	0	0	2676	0	1502	0	2892	0	0	0	0	0	0	0	0	0	0	0	0	0	3656	0	0	0	0	0	0	0	0	0	0	0	0	0	0	0	0	0	246	0	0	0	0	0	0	0	1776	0	0	0	742	0	2126	0	3098	0	0	0	0	0	0	0	0	0	0	0	0	0	0	0	0	0	0	0	0	0	0	0	0	0	0	
238416	Temporal_Mid_L	414	0	0	0	0	0	0	0	0	0	0	0	0	0	0	0	292	0	0	0	0	0	0	0	0	0	0	0	1446	0	0	0	142	0	1676	210	1236	0	0	0	468	0	1318	0	482	0	258	0	1344	0	24562	0	2382	0	3080	0	386	0	736	0	852	0	5328	0	5514	0	1524	0	254	0	0	0	0	0	0	0	0	0	834	0	16588	0	5400	0	0	0	3888	0	37988	0	606	0	0	0	0	0	0	0	0	0	0	0	0	0	0	0	0	0	0	0	0	0	0	0	0	0	
211880	Temporal_Mid_R	0	268	0	272	0	0	0	0	0	0	0	0	0	0	0	0	0	0	0	1162	0	0	0	0	0	0	0	0	0	194	0	0	0	926	518	2842	80	208	0	120	0	0	0	8542	0	6818	0	1748	0	9582	0	8250	0	4030	354	4100	0	366	0	2296	0	112	0	1960	0	4574	0	10922	392	0	0	0	0	0	0	0	0	0	0	0	0	9216	0	742	0	0	0	2012	0	23334	0	0	0	0	0	0	0	0	0	0	0	0	0	0	0	0	0	0	0	0	0	0	0	0	0	0	
28928	Temporal_Pole_Mid_L	0	0	0	0	0	0	0	0	0	0	0	0	0	0	0	0	0	0	0	0	0	0	0	0	0	0	0	0	148	0	0	0	0	0	0	0	614	0	148	0	460	0	0	0	0	0	0	0	0	0	0	0	0	0	1310	0	0	0	0	0	0	0	0	0	0	0	0	0	0	0	0	0	0	0	0	0	0	0	0	0	138	0	3606	0	3888	0	0	0	4152	0	0	0	0	0	0	0	0	0	0	0	0	0	0	0	0	0	0	0	0	0	0	0	0	0	0	0	
19856	Temporal_Pole_Mid_R	0	0	0	0	0	0	0	0	0	0	0	0	0	0	0	0	0	0	0	0	0	0	0	0	0	0	0	0	0	0	0	0	0	0	0	0	0	568	0	576	0	592	0	0	0	0	0	0	0	0	0	0	0	0	0	1642	0	0	0	0	0	0	0	0	0	0	0	0	0	0	0	0	0	0	0	0	0	0	0	0	0	534	0	2126	0	2012	0	0	0	1878	0	0	0	0	0	0	0	0	0	0	0	0	0	0	0	0	0	0	0	0	0	0	0	0	0	0	
243216	Temporal_Inf_L	516	0	86	0	0	0	0	0	0	0	0	0	0	0	0	0	172	0	0	0	0	0	0	0	0	0	0	0	2386	0	0	0	350	0	1060	336	6540	0	896	0	2156	0	1686	0	506	0	552	0	128	0	10692	0	6274	0	10826	0	474	0	0	0	1122	0	3160	0	2340	0	1850	100	92	0	0	0	158	0	0	0	264	0	972	0	12278	0	5868	0	37988	0	4152	0	0	0	3838	0	248	0	0	0	378	0	1164	0	0	0	0	0	0	0	0	0	0	0	0	0	0	0	0	0	
214008	Temporal_Inf_R	0	612	0	356	0	0	0	0	0	0	0	0	0	0	0	0	0	0	0	480	0	0	0	0	0	0	0	0	0	1286	0	0	0	336	230	740	0	7400	0	2630	0	2296	0	7140	0	2788	0	2620	0	3620	0	1880	0	8020	214	19068	0	168	0	1130	0	0	0	666	0	368	0	5148	222	0	0	0	0	1356	0	0	0	0	0	0	0	2212	0	3098	0	23334	0	1878	0	0	0	3726	0	560	0	0	0	0	0	1422	0	0	0	0	0	0	0	0	0	0	0	0	0	0	0	0	
799632	Cerebelum_Crus1_L	0	0	0	0	0	0	0	0	0	0	0	0	0	0	0	0	0	0	0	0	0	0	0	0	0	0	0	0	0	0	0	0	0	80	1694	136	128	0	0	0	0	0	1824	0	178	0	18882	2576	176	0	6932	0	7438	634	39850	1998	0	0	0	0	0	0	0	0	0	0	1256	0	0	0	0	0	0	0	0	0	0	0	84	0	136	0	0	0	606	0	0	0	3838	0	0	9370	48458	14272	1930	2652	31760	6922	74156	8864	16474	2482	24416	9934	4588	1884	804	314	684	2174	10374	7072	20748	6858	3706	474	
622424	Cerebelum_Crus1_R	0	0	0	0	0	0	0	0	0	0	0	0	0	0	0	0	0	0	0	0	0	0	0	0	0	0	0	0	0	0	0	0	0	0	0	0	0	0	0	132	0	0	0	0	0	0	1676	13166	0	0	0	0	0	1284	1520	27712	0	0	0	0	0	0	0	0	0	0	0	0	0	0	0	0	0	0	0	0	0	0	0	0	0	0	0	0	0	0	0	0	0	3726	9370	0	2952	38206	1040	5392	8898	23902	9652	72352	914	8052	1564	15520	1188	3254	0	1344	632	3146	18366	15122	14310	3078	2822	920	
365744	Cerebelum_Crus2_L	0	0	0	0	0	0	0	0	0	0	0	0	0	0	0	0	0	0	0	0	0	0	0	0	0	0	0	0	0	0	0	0	0	0	0	0	0	0	0	0	0	0	900	0	0	0	3742	412	132	0	2124	0	2360	180	1868	304	0	0	0	0	0	0	0	0	0	0	0	0	0	0	0	0	0	0	0	0	0	0	0	0	0	0	0	0	0	0	0	0	248	0	48458	2952	0	11200	100	200	1212	248	9810	1644	32874	5328	28018	6422	1782	328	508	0	0	132	430	1842	12642	4068	404	0	
456140	Cerebelum_Crus2_R	0	0	0	0	0	0	0	0	0	0	0	0	0	0	0	0	0	0	0	0	0	0	0	0	0	0	0	0	0	0	0	0	0	0	0	0	0	0	0	0	0	0	0	0	0	0	0	112	0	0	0	0	0	0	0	836	0	0	0	0	0	0	0	0	0	0	0	0	0	0	0	0	0	0	0	0	0	0	0	0	0	0	0	0	0	0	0	0	0	560	14272	38206	11200	0	480	4206	2618	5604	3274	16358	6218	23264	9784	36160	438	4372	0	1790	398	2190	3386	2892	24930	9880	4210	432	
63604	Cerebelum_3_L	0	0	0	0	0	0	0	0	0	0	0	0	0	0	0	0	0	0	0	0	0	0	0	0	0	0	0	0	0	0	0	0	0	0	0	0	0	0	0	108	0	0	0	0	0	0	0	182	0	0	0	0	0	0	280	100	0	0	0	0	0	0	0	0	0	0	0	0	0	0	0	0	0	0	0	0	0	0	0	0	0	0	0	0	0	0	0	0	0	0	1930	1040	100	480	0	592	8424	970	2922	1132	90	0	316	134	2606	0	0	0	1536	3230	3724	650	636	188	0	432	
132084	Cerebelum_3_R	0	0	0	0	0	0	0	0	0	0	0	0	0	0	0	0	0	0	0	0	0	0	0	0	0	0	0	0	0	0	0	0	0	0	0	0	0	0	0	0	0	0	0	0	0	0	0	0	0	0	0	0	0	0	0	960	0	0	0	0	0	0	0	0	0	0	0	0	0	0	0	0	0	0	0	0	0	0	0	0	0	0	0	0	0	0	0	0	0	0	2652	5392	200	4206	592	0	2420	7466	1864	7928	240	0	1852	2092	334	3804	0	0	682	4570	3238	2744	5536	3602	3158	510	
433384	Cerebelum_4_5_L	0	0	98	0	0	0	0	0	0	0	0	0	0	0	0	0	0	0	0	0	0	0	0	0	0	0	0	0	330	0	0	0	0	0	0	0	580	0	800	220	0	0	0	0	0	0	13246	4284	0	0	0	0	0	738	20922	2910	0	0	0	0	0	0	0	0	0	0	0	0	0	0	0	0	168	0	0	0	0	0	0	0	0	0	102	0	0	0	0	0	378	0	31760	8898	1212	2618	8424	2420	0	9370	47456	9956	1132	0	2172	540	5504	330	658	0	1296	3318	22496	4664	3738	1510	458	1986	
370704	Cerebelum_4_5_R	0	0	0	0	0	0	0	0	0	0	0	0	0	0	0	0	0	0	0	0	0	0	0	0	0	0	0	0	0	0	0	0	0	0	0	112	0	586	0	1316	0	92	0	0	0	0	2132	12302	0	0	0	0	0	1938	1826	18608	0	0	0	0	0	0	0	0	0	0	0	636	0	0	0	0	0	0	0	0	0	0	0	0	0	0	0	0	0	0	0	0	0	0	6922	23902	248	5604	970	7466	9370	0	6638	36614	324	0	2750	3984	888	1998	0	328	234	2130	20518	3520	5852	3224	2140	180	
640816	Cerebelum_6_L	0	0	0	0	0	0	0	0	0	0	0	0	0	0	0	0	0	0	0	0	0	0	0	0	0	0	0	0	0	0	0	0	0	0	0	0	0	0	172	0	0	0	1112	0	0	0	23866	6142	134	0	2318	154	3228	1824	43230	4464	0	0	0	0	0	0	0	0	0	0	0	0	0	0	0	0	0	0	0	0	0	0	0	0	0	0	0	0	0	0	0	0	1164	0	74156	9652	9810	3274	2922	1864	47456	6638	0	10610	2048	136	5798	1292	6192	1662	636	0	1006	2340	16272	13204	7958	3124	3228	1322	
609712	Cerebelum_6_R	0	0	0	0	0	0	0	0	0	0	0	0	0	0	0	0	0	0	0	0	0	0	0	0	0	0	0	0	0	0	0	0	0	0	0	0	0	0	0	166	0	0	0	154	0	0	2374	17108	0	0	0	300	0	4562	1960	34778	0	0	0	0	0	0	0	0	0	0	0	0	0	0	0	0	0	0	0	0	0	0	0	0	0	0	0	0	0	0	0	0	0	1422	8864	72352	1644	16358	1132	7928	9956	36614	10610	0	256	1110	1260	5178	1334	2626	0	1580	666	3334	21050	18642	12598	3152	2812	976	
258620	Cerebelum_7b_L	0	0	0	0	0	0	0	0	0	0	0	0	0	0	0	0	0	0	0	0	0	0	0	0	0	0	0	0	0	0	0	0	0	0	0	0	0	0	0	0	0	0	0	0	0	0	0	0	0	0	0	0	0	0	146	0	0	0	0	0	0	0	0	0	0	0	0	0	0	0	0	0	0	0	0	0	0	0	0	0	0	0	0	0	0	0	0	0	0	0	16474	914	32874	6218	90	240	1132	324	2048	256	0	2110	36244	7266	5174	1040	1304	134	0	106	90	374	7024	6366	1362	0	
157496	Cerebelum_7b_R	0	0	0	0	0	0	0	0	0	0	0	0	0	0	0	0	0	0	0	0	0	0	0	0	0	0	0	0	0	0	0	0	0	0	0	0	0	0	0	0	0	0	0	0	0	0	0	0	0	0	0	0	0	0	0	244	0	0	0	0	0	0	0	0	0	0	0	0	0	0	0	0	0	0	0	0	0	0	0	0	0	0	0	0	0	0	0	0	0	0	2482	8052	5328	23264	0	0	0	0	136	1110	2110	0	2148	24074	0	1748	0	684	0	0	0	0	4742	2406	220	0	
397476	Cerebelum_8_L	0	0	0	0	0	0	0	0	0	0	0	0	0	0	0	0	0	0	0	0	0	0	0	0	0	0	0	0	0	0	0	0	0	0	0	0	0	0	0	0	0	0	0	0	0	0	0	0	0	0	0	0	0	0	254	0	0	0	0	0	0	0	0	0	0	0	0	0	0	0	0	0	0	0	0	0	0	0	0	0	0	0	0	0	0	0	0	0	0	0	24416	1564	28018	9784	316	1852	2172	2750	5798	1260	36244	2148	0	13634	22674	4108	4196	288	120	858	820	1240	13376	14138	6450	260	
375392	Cerebelum_8_R	0	0	0	0	0	0	0	0	0	0	0	0	0	0	0	0	0	0	0	0	0	0	0	0	0	0	0	0	0	0	0	0	0	0	0	0	0	0	0	0	0	0	0	0	0	0	0	0	0	0	0	0	0	0	0	212	0	0	0	0	0	0	0	0	0	0	0	0	0	0	0	0	0	0	0	0	0	0	0	0	0	0	0	0	0	0	0	0	0	0	9934	15520	6422	36160	134	2092	540	3984	1292	5178	7266	24074	13634	0	764	22176	0	4004	230	962	728	126	15064	12614	4586	0	
150624	Cerebelum_9_L	0	0	0	0	0	0	0	0	0	0	0	0	0	0	0	0	0	0	0	0	0	0	0	0	0	0	0	0	0	0	0	0	0	0	0	0	0	0	0	0	0	0	0	0	0	0	0	188	0	0	0	0	0	0	154	108	0	0	0	0	0	0	0	0	0	0	0	0	0	0	0	0	0	0	0	0	0	0	0	0	0	0	0	0	0	0	0	0	0	0	4588	1188	1782	438	2606	334	5504	888	6192	1334	5174	0	22674	764	0	2104	5144	0	336	912	3030	2426	1226	1134	3522	1562	
167020	Cerebelum_9_R	0	0	0	0	0	0	0	0	0	0	0	0	0	0	0	0	0	0	0	0	0	0	0	0	0	0	0	0	0	0	0	0	0	0	0	0	0	0	0	0	0	0	0	0	0	0	0	0	0	0	0	0	0	0	0	0	0	0	0	0	0	0	0	0	0	0	0	0	0	0	0	0	0	0	0	0	0	0	0	0	0	0	0	0	0	0	0	0	0	0	1884	3254	328	4372	0	3804	330	1998	1662	2626	1040	1748	4108	22176	2104	0	0	3184	988	2476	780	3592	5184	5164	9016	1692	
26500	Cerebelum_10_L	0	0	0	0	0	0	0	0	0	0	0	0	0	0	0	0	0	0	0	0	0	0	0	0	0	0	0	0	0	0	0	0	0	0	0	0	0	0	0	0	0	0	0	0	0	0	0	0	0	0	0	0	0	0	0	0	0	0	0	0	0	0	0	0	0	0	0	0	0	0	0	0	0	0	0	0	0	0	0	0	0	0	0	0	0	0	0	0	0	0	804	0	508	0	0	0	658	0	636	0	1304	0	4196	0	5144	0	0	0	0	0	0	0	0	0	0	0	
29332	Cerebelum_10_R	0	0	0	0	0	0	0	0	0	0	0	0	0	0	0	0	0	0	0	0	0	0	0	0	0	0	0	0	0	0	0	0	0	0	0	0	0	0	0	0	0	0	0	0	0	0	0	0	0	0	0	0	0	0	0	0	0	0	0	0	0	0	0	0	0	0	0	0	0	0	0	0	0	0	0	0	0	0	0	0	0	0	0	0	0	0	0	0	0	0	314	1344	0	1790	0	0	0	328	0	1580	134	684	288	4004	0	3184	0	0	0	0	0	0	490	272	254	0	
37460	Vermis_1_2	0	0	0	0	0	0	0	0	0	0	0	0	0	0	0	0	0	0	0	0	0	0	0	0	0	0	0	0	0	0	0	0	0	0	0	0	0	0	0	0	0	0	0	0	0	0	0	0	0	0	0	0	0	0	0	0	0	0	0	0	0	0	0	0	0	0	0	0	0	0	0	0	0	0	0	0	0	0	0	0	0	0	0	0	0	0	0	0	0	0	684	632	0	398	1536	682	1296	234	1006	666	0	0	120	230	336	988	0	0	0	5834	1578	870	518	332	414	376	
101580	Vermis_3	0	0	0	0	0	0	0	0	0	0	0	0	0	0	0	0	0	0	0	0	0	0	0	0	0	0	0	0	0	0	0	0	0	0	0	0	0	0	0	0	0	0	0	0	0	0	0	0	0	0	0	0	0	0	0	0	0	0	0	0	0	0	0	0	0	0	0	0	0	0	0	0	0	0	0	0	0	0	0	0	0	0	0	0	0	0	0	0	0	0	2174	3146	132	2190	3230	4570	3318	2130	2340	3334	106	0	858	962	912	2476	0	0	5834	0	3916	2080	2900	1954	1652	576	
362896	Vermis_4_5	0	0	0	0	0	0	0	0	0	0	0	0	0	0	0	0	0	0	0	0	0	0	0	0	0	0	0	0	0	0	0	0	0	0	398	594	196	0	116	116	0	0	0	0	0	0	4348	11436	0	0	0	0	0	2062	3904	8924	0	0	0	0	0	0	0	0	0	0	0	490	0	0	0	0	0	0	0	0	0	0	0	0	0	0	0	0	0	0	0	0	0	0	10374	18366	430	3386	3724	3238	22496	20518	16272	21050	90	0	820	728	3030	780	0	0	1578	3916	0	8642	3894	1750	986	2796	
281872	Vermis_6	0	0	0	0	0	0	0	0	0	0	0	0	0	0	0	0	0	0	0	0	0	0	0	0	0	0	0	0	0	0	0	0	0	0	0	0	0	0	0	0	0	0	94	196	0	0	3230	10588	0	0	160	298	220	4976	2282	7776	0	0	0	0	0	0	0	0	0	0	0	0	0	0	0	0	0	0	0	0	0	0	0	0	0	0	0	0	0	0	0	0	0	0	7072	15122	1842	2892	650	2744	4664	3520	13204	18642	374	0	1240	126	2426	3592	0	0	870	2080	8642	0	9716	2748	4552	4398	
