data	data	432404	327916	837788	620100	165320	91928	434168	293584	80656	34140	253176	151120	282740	127776	189116	65668	154868	74192	596912	747500	72312	83064	341868	319368	35852	96068	48556	71616	567056	240580	292752	493180	208048	622368	105928	138716	291528	256768	96700	139812	45428	57120	256324	329816	160808	473480	246344	245336	173180	435024	488376	206284	116812	61924	448120	362276	326428	344044	142744	221864	180692	93368	99360	117028	144252	103048	328968	505704	202796	310776	223144	331108	280500	340164	43844	23696	126272	140708	90300	24808	185056	76904	116848	36684	246872	188448	38936	8764	273596	160032	471844	409828	283660	243908	73612	78412	308736	244484	448348	405912	220624	95068	278860	330424	134248	157080	20932	17444	56428	108908	270544	165588	200552	164244	138276	42120	
data	data	Precentral_L	Precentral_R	Frontal_Sup_L	Frontal_Sup_R	Frontal_Sup_Orb_L	Frontal_Sup_Orb_R	Frontal_Mid_L	Frontal_Mid_R	Frontal_Mid_Orb_L	Frontal_Mid_Orb_R	Frontal_Inf_Oper_L	Frontal_Inf_Oper_R	Frontal_Inf_Tri_L	Frontal_Inf_Tri_R	Frontal_Inf_Orb_L	Frontal_Inf_Orb_R	Rolandic_Oper_L	Rolandic_Oper_R	Supp_Motor_Area_L	Supp_Motor_Area_R	Olfactory_L	Olfactory_R	Frontal_Sup_Medial_L	Frontal_Sup_Medial_R	Frontal_Med_Orb_L	Frontal_Med_Orb_R	Rectus_L	Rectus_R	Insula_L	Insula_R	Cingulum_Ant_L	Cingulum_Ant_R	Cingulum_Mid_L	Cingulum_Mid_R	Cingulum_Post_L	Cingulum_Post_R	Hippocampus_L	Hippocampus_R	ParaHippocampal_L	ParaHippocampal_R	Amygdala_L	Amygdala_R	Calcarine_L	Calcarine_R	Cuneus_L	Cuneus_R	Lingual_L	Lingual_R	Occipital_Sup_L	Occipital_Sup_R	Occipital_Mid_L	Occipital_Mid_R	Occipital_Inf_L	Occipital_Inf_R	Fusiform_L	Fusiform_R	Postcentral_L	Postcentral_R	Parietal_Sup_L	Parietal_Sup_R	Parietal_Inf_L	Parietal_Inf_R	SupraMarginal_L	SupraMarginal_R	Angular_L	Angular_R	Precuneus_L	Precuneus_R	Paracentral_Lobule_L	Paracentral_Lobule_R	Caudate_L	Caudate_R	Putamen_L	Putamen_R	Pallidum_L	Pallidum_R	Thalamus_L	Thalamus_R	Heschl_L	Heschl_R	Temporal_Sup_L	Temporal_Sup_R	Temporal_Pole_Sup_L	Temporal_Pole_Sup_R	Temporal_Mid_L	Temporal_Mid_R	Temporal_Pole_Mid_L	Temporal_Pole_Mid_R	Temporal_Inf_L	Temporal_Inf_R	Cerebelum_Crus1_L	Cerebelum_Crus1_R	Cerebelum_Crus2_L	Cerebelum_Crus2_R	Cerebelum_3_L	Cerebelum_3_R	Cerebelum_4_5_L	Cerebelum_4_5_R	Cerebelum_6_L	Cerebelum_6_R	Cerebelum_7b_L	Cerebelum_7b_R	Cerebelum_8_L	Cerebelum_8_R	Cerebelum_9_L	Cerebelum_9_R	Cerebelum_10_L	Cerebelum_10_R	Vermis_1_2	Vermis_3	Vermis_4_5	Vermis_6	Vermis_7	Vermis_8	Vermis_9	Vermis_10	
432404	Precentral_L	0	1128	7668	2192	0	0	21754	276	0	0	11876	0	2844	0	88	0	6950	0	8128	9558	0	0	110	0	0	0	0	0	11252	282	272	1874	290	5942	1100	1160	7596	1198	404	100	0	0	138	0	0	0	114	0	0	0	2424	0	94	0	450	294	32594	134	820	0	2600	0	1328	0	320	0	1372	0	16902	1616	5382	4852	5330	300	856	0	17040	3674	4622	0	3942	0	472	0	2724	0	0	0	1564	202	0	0	0	0	0	0	0	0	0	0	0	0	0	0	0	0	0	0	0	0	0	0	0	0	0	0	
327916	Precentral_R	1128	0	2818	6978	0	0	524	8562	0	0	0	3684	0	120	0	0	0	1692	2254	2444	0	0	0	0	0	0	0	0	0	1852	0	146	90	7246	408	3232	166	4796	0	708	0	0	0	1884	0	5494	0	584	0	4382	0	874	0	288	0	1912	890	35706	0	3774	0	1310	0	1932	0	302	354	12886	252	21970	480	1464	0	4326	0	406	0	7174	0	468	0	1204	0	0	0	992	0	0	0	3632	0	0	0	0	0	0	0	0	0	0	0	0	0	0	0	0	0	0	0	0	170	0	0	0	0	0	
837788	Frontal_Sup_L	7668	2818	0	8084	11426	304	61970	3348	3494	0	15062	146	18258	0	10610	0	4118	0	73236	14136	0	0	43320	5470	816	392	124	120	37836	96	15968	6902	9088	5544	0	0	4588	0	0	0	0	0	0	0	0	0	0	0	0	0	230	0	0	0	1946	0	2328	120	80	0	166	0	0	0	0	0	102	0	892	0	9536	2498	20190	672	3730	116	2054	78	476	0	3408	0	3080	0	176	0	0	0	1902	0	0	0	0	0	0	0	0	0	172	0	0	0	0	0	0	0	0	0	0	0	0	0	0	0	0	0	
620100	Frontal_Sup_R	2192	6978	8084	0	166	3006	3168	36576	0	1228	216	8006	158	6354	0	2388	0	1956	12186	57198	0	0	8902	34370	0	2004	0	82	348	10502	3034	26284	1396	25930	0	0	186	3944	0	680	0	130	0	0	0	0	0	0	0	0	0	0	0	0	0	506	934	882	0	204	0	228	0	0	0	0	0	0	524	0	542	11984	0	17320	0	2286	0	6382	0	116	0	264	0	226	0	0	0	0	0	0	0	0	0	0	0	0	0	0	0	0	0	0	0	0	0	0	0	0	0	0	0	0	0	0	0	0	
165320	Frontal_Sup_Orb_L	0	0	11426	166	0	118	1882	0	13548	0	0	0	980	0	15294	0	0	0	670	0	1632	202	6362	556	3692	186	4390	84	5622	0	5900	890	0	0	0	0	116	0	0	0	180	0	0	0	0	0	0	0	0	0	0	0	0	0	114	0	0	0	0	0	0	0	0	0	0	0	0	0	0	0	980	280	6556	110	0	0	0	0	0	0	0	0	610	0	0	0	0	0	114	0	0	0	0	0	0	0	0	0	0	0	0	0	0	0	0	0	0	0	0	0	0	0	0	0	0	0	
91928	Frontal_Sup_Orb_R	0	0	304	3006	118	0	0	1096	0	5722	0	0	0	182	0	2458	0	0	0	686	432	1818	502	3746	312	6554	0	6824	0	692	1392	3450	122	168	0	0	0	0	0	0	0	0	0	0	0	0	0	0	0	0	0	0	0	0	0	0	0	0	0	0	0	0	0	0	0	0	0	0	0	0	562	2222	182	3414	0	0	0	0	0	0	0	0	0	0	0	0	0	0	0	0	0	0	0	0	0	0	0	0	0	0	0	0	0	0	0	0	0	0	0	0	0	0	0	0	0	0	
434168	Frontal_Mid_L	21754	524	61970	3168	1882	0	0	1182	1978	0	10680	0	25980	0	6914	0	716	0	6560	3914	0	0	12796	1004	0	0	0	0	14090	0	4650	3642	6218	1250	78	86	2010	148	0	0	0	0	0	0	0	0	0	0	0	0	280	0	0	0	180	0	1060	0	0	0	306	0	142	0	0	0	182	0	280	0	6030	5016	2964	354	534	110	3952	686	942	0	456	0	248	0	0	0	0	0	168	0	0	0	0	0	0	0	0	0	0	0	0	0	0	0	0	0	0	0	0	0	0	0	0	0	0	0	
293584	Frontal_Mid_R	276	8562	3348	36576	0	1096	1182	0	0	1640	146	12768	128	10712	0	5214	0	2138	5816	16340	0	0	802	3346	0	0	0	0	166	7618	126	1664	310	7068	0	0	0	1336	0	0	0	0	0	0	0	0	0	0	0	0	0	0	0	0	0	722	78	1252	0	266	0	376	0	0	0	0	0	0	0	0	628	792	0	10190	0	902	0	1898	0	174	0	430	0	230	0	0	0	0	0	476	0	0	0	0	0	0	0	0	0	0	0	0	0	0	0	0	0	0	0	0	0	0	0	0	0	0	
80656	Frontal_Mid_Orb_L	0	0	3494	0	13548	0	1978	0	0	0	0	0	1196	0	13910	0	0	0	124	0	90	0	336	0	184	0	2024	0	1464	0	176	0	0	0	0	0	0	0	0	0	0	0	0	0	0	0	0	0	0	0	0	0	0	0	0	0	0	0	0	0	0	0	0	0	0	0	0	0	0	0	162	0	1486	0	0	0	0	0	0	0	0	0	156	0	0	0	0	0	0	0	0	0	0	0	0	0	0	0	0	0	0	0	0	0	0	0	0	0	0	0	0	0	0	0	0	0	
34140	Frontal_Mid_Orb_R	0	0	0	1228	0	5722	0	1640	0	0	0	0	0	228	0	3310	0	0	0	84	90	554	0	96	0	250	0	1296	0	818	0	184	0	0	0	0	0	0	0	0	0	0	0	0	0	0	0	0	0	0	0	0	0	0	0	0	0	0	0	0	0	0	0	0	0	0	0	0	0	0	100	432	0	1038	0	0	0	0	0	0	0	0	0	0	0	0	0	0	0	0	0	0	0	0	0	0	0	0	0	0	0	0	0	0	0	0	0	0	0	0	0	0	0	0	0	0	
253176	Frontal_Inf_Oper_L	11876	0	15062	216	0	0	10680	146	0	0	0	0	21956	0	546	0	8370	0	9536	296	0	0	742	0	0	0	0	0	20912	0	2576	602	208	0	0	0	754	0	0	0	0	0	0	0	0	0	0	0	0	0	128	0	0	0	206	0	4904	0	78	0	160	0	76	0	0	0	108	0	0	0	1594	214	1626	0	176	0	1018	82	662	0	5712	0	5082	0	0	0	0	0	284	0	0	0	0	0	0	0	0	0	0	0	0	0	0	0	0	0	0	0	0	0	0	0	0	0	0	0	
151120	Frontal_Inf_Oper_R	0	3684	146	8006	0	0	0	12768	0	0	0	0	0	12786	0	88	0	1704	284	7500	0	0	0	642	0	174	0	0	0	12976	0	1428	252	2894	0	0	0	538	0	74	0	0	0	0	0	0	0	0	0	0	0	0	0	0	0	302	0	540	0	0	0	0	0	0	0	0	0	0	0	0	76	1842	0	5680	0	0	0	604	0	0	0	88	0	324	0	0	0	0	0	160	0	0	0	0	0	0	0	0	0	0	0	0	0	0	0	0	0	0	0	0	0	0	0	0	0	0	
282740	Frontal_Inf_Tri_L	2844	0	18258	158	980	0	25980	128	1196	0	21956	0	0	0	14928	0	2094	0	6378	258	0	0	2082	0	0	0	0	0	27496	0	4048	926	1380	116	0	0	596	0	0	0	0	0	0	0	0	0	0	0	0	0	0	0	0	0	314	0	712	0	0	0	0	0	0	0	0	0	0	0	0	0	2036	144	2488	0	152	0	856	0	90	0	1364	0	1016	0	0	0	0	0	396	0	0	0	0	0	0	0	0	0	0	0	0	0	0	0	0	0	0	0	0	0	0	0	0	0	0	0	
127776	Frontal_Inf_Tri_R	0	120	0	6354	0	182	0	10712	0	228	0	12786	0	0	0	5050	0	386	198	5032	0	0	0	1048	0	402	0	0	0	10684	0	1766	118	3712	0	0	0	234	0	0	0	0	0	0	0	0	0	0	0	0	0	0	0	0	0	0	0	0	0	0	0	0	0	0	0	0	0	0	0	0	0	1506	0	3196	0	0	0	174	0	0	0	0	0	0	0	0	0	0	0	0	0	0	0	0	0	0	0	0	0	0	0	0	0	0	0	0	0	0	0	0	0	0	0	0	0	0	
189116	Frontal_Inf_Orb_L	88	0	10610	0	15294	0	6914	0	13910	0	546	0	14928	0	0	0	0	0	2524	0	1806	152	1154	0	202	0	2370	0	13588	0	412	144	514	0	0	0	420	0	0	0	0	0	0	0	0	0	0	0	0	0	0	0	0	0	352	0	0	0	0	0	0	0	0	0	0	0	0	0	0	0	1320	144	4808	0	0	0	106	0	0	0	0	0	1902	0	0	0	0	0	350	0	0	0	0	0	0	0	0	0	0	0	0	0	0	0	0	0	0	0	0	0	0	0	0	0	0	0	
65668	Frontal_Inf_Orb_R	0	0	0	2388	0	2458	0	5214	0	3310	0	88	0	5050	0	0	0	0	0	594	0	1038	0	748	0	414	0	1082	0	7822	0	530	0	742	0	0	0	0	0	114	0	0	0	0	0	0	0	0	0	0	0	0	0	0	0	0	0	0	0	0	0	0	0	0	0	0	0	0	0	0	0	432	0	730	0	0	0	0	0	0	0	0	0	80	0	0	0	0	0	0	0	0	0	0	0	0	0	0	0	0	0	0	0	0	0	0	0	0	0	0	0	0	0	0	0	0	
154868	Rolandic_Oper_L	6950	0	4118	0	0	0	716	0	0	0	8370	0	2094	0	0	0	0	0	3362	0	0	0	0	0	0	0	0	0	14386	0	0	0	0	0	0	0	880	0	0	0	0	0	154	0	0	0	0	0	0	0	1580	0	158	0	716	0	8550	0	0	0	0	0	2030	0	0	0	554	0	194	0	266	0	294	0	0	0	538	0	4598	0	11194	0	3584	0	914	0	0	0	1234	0	0	0	0	0	0	0	0	0	0	0	0	0	0	0	0	0	0	0	0	0	0	0	0	0	0	0	
74192	Rolandic_Oper_R	0	1692	0	1956	0	0	0	2138	0	0	0	1704	0	386	0	0	0	0	0	1446	0	0	0	0	0	0	0	0	0	8070	0	0	0	122	0	0	0	896	0	0	0	0	0	0	0	536	0	0	0	718	0	92	0	0	0	240	0	3710	0	366	0	122	0	1646	0	138	0	604	0	138	0	94	0	2814	0	0	0	702	0	2670	0	2788	0	876	0	176	0	0	0	256	0	0	0	0	0	0	0	0	0	0	0	0	0	0	0	0	0	0	0	0	0	0	0	0	0	0	
596912	Supp_Motor_Area_L	8128	2254	73236	12186	670	0	6560	5816	124	0	9536	284	6378	198	2524	0	3362	0	0	37992	0	0	4870	5914	92	0	0	0	22866	282	5032	6648	10392	19834	102	0	3516	0	0	0	0	0	0	0	0	0	0	0	0	0	196	0	0	0	1288	0	2092	96	0	0	114	0	0	0	0	0	108	0	9646	1324	6546	1084	15160	952	2610	86	890	0	350	0	2930	0	2644	0	172	0	0	0	1234	0	0	0	0	0	0	0	0	0	138	0	0	0	0	0	0	0	0	0	0	0	0	0	0	0	0	0	
747500	Supp_Motor_Area_R	9558	2444	14136	57198	0	686	3914	16340	0	84	296	7500	258	5032	0	594	0	1446	37992	0	0	0	1618	11716	0	552	0	238	512	9860	2430	21946	11166	60994	1236	1780	146	4072	0	644	0	132	0	320	0	1606	0	0	0	956	0	362	0	0	0	1940	1214	2012	0	0	0	0	0	0	0	0	178	2498	13644	18658	338	17960	82	18774	0	1282	166	3296	0	76	0	330	0	258	0	184	0	0	0	1096	0	0	0	0	0	0	0	0	0	0	0	0	0	0	0	0	0	0	0	0	0	0	0	0	0	0	
72312	Olfactory_L	0	0	0	0	1632	432	0	0	90	90	0	0	0	0	1806	0	0	0	0	0	0	4414	0	0	920	226	3194	998	2742	0	3144	1452	0	0	0	0	96	0	254	0	600	0	0	0	0	0	0	0	0	0	0	0	0	0	0	0	0	0	0	0	0	0	0	0	0	0	0	0	0	0	6836	3244	2864	278	0	0	0	0	0	0	0	0	844	0	0	0	0	0	0	0	0	0	0	0	0	0	0	0	0	0	0	0	0	0	0	0	0	0	0	0	0	0	0	0	0	0	
83064	Olfactory_R	0	0	0	0	202	1818	0	0	0	554	0	0	0	0	152	1038	0	0	0	0	4414	0	0	126	266	1924	912	3830	128	2274	2198	3030	0	0	0	0	0	80	0	190	0	772	0	0	0	0	0	0	0	0	0	0	0	0	0	0	0	0	0	0	0	0	0	0	0	0	0	0	0	0	6326	6778	3034	1298	114	0	0	0	0	0	0	0	0	74	0	0	0	0	0	0	0	0	0	0	0	0	0	0	0	0	0	0	0	0	0	0	0	0	0	0	0	0	0	0	0	0	
341868	Frontal_Sup_Medial_L	110	0	43320	8902	6362	502	12796	802	336	0	742	0	2082	0	1154	0	0	0	4870	1618	0	0	0	19440	2278	780	178	0	4642	0	19660	14554	8424	14174	0	0	150	0	0	0	0	0	0	0	0	0	0	0	0	0	0	0	0	0	82	0	0	0	0	0	0	0	0	0	0	0	0	0	0	0	612	370	1600	292	0	0	0	0	0	0	0	0	0	0	0	0	0	0	102	0	0	0	0	0	0	0	0	0	0	0	0	0	0	0	0	0	0	0	0	0	0	0	0	0	0	0	
319368	Frontal_Sup_Medial_R	0	0	5470	34370	556	3746	1004	3346	0	96	0	642	0	1048	0	748	0	0	5914	11716	0	126	19440	0	174	5722	0	890	0	1636	6088	28020	822	19598	0	0	0	0	0	0	0	0	0	0	0	0	0	0	0	0	0	0	0	0	0	0	0	0	0	0	0	0	0	0	0	0	0	0	0	0	80	3068	0	5364	0	0	0	0	0	0	0	0	0	0	0	0	0	0	0	0	0	0	0	0	0	0	0	0	0	0	0	0	0	0	0	0	0	0	0	0	0	0	0	0	0	0	
35852	Frontal_Med_Orb_L	0	0	816	0	3692	312	0	0	184	0	0	0	0	0	202	0	0	0	92	0	920	266	2278	174	0	570	1812	162	256	0	3986	144	0	0	0	0	0	0	0	0	0	0	0	0	0	0	0	0	0	0	0	0	0	0	0	0	0	0	0	0	0	0	0	0	0	0	0	0	0	0	976	210	874	0	0	0	0	0	0	0	0	0	0	0	0	0	0	0	0	0	0	0	0	0	0	0	0	0	0	0	0	0	0	0	0	0	0	0	0	0	0	0	0	0	0	0	
96068	Frontal_Med_Orb_R	0	0	392	2004	186	6554	0	0	0	250	0	174	0	402	0	414	0	0	0	552	226	1924	780	5722	570	0	122	6114	0	1186	2666	8242	88	192	0	0	0	0	0	0	0	0	0	0	0	0	0	0	0	0	0	0	0	0	0	0	0	0	0	0	0	0	0	0	0	0	0	0	0	0	280	4212	158	4624	0	0	0	0	0	0	0	0	0	0	0	0	0	0	0	0	0	0	0	0	0	0	0	0	0	0	0	0	0	0	0	0	0	0	0	0	0	0	0	0	0	0	
48556	Rectus_L	0	0	124	0	4390	0	0	0	2024	0	0	0	0	0	2370	0	0	0	0	0	3194	912	178	0	1812	122	0	350	748	0	2744	638	0	0	0	0	0	0	0	0	0	0	0	0	0	0	0	0	0	0	0	0	0	0	0	0	0	0	0	0	0	0	0	0	0	0	0	0	0	0	2510	770	1152	76	0	0	0	0	0	0	0	0	164	0	0	0	0	0	0	0	0	0	0	0	0	0	0	0	0	0	0	0	0	0	0	0	0	0	0	0	0	0	0	0	0	0	
71616	Rectus_R	0	0	120	82	84	6824	0	0	0	1296	0	0	0	0	0	1082	0	0	0	238	998	3830	0	890	162	6114	350	0	0	888	730	4914	0	0	0	0	0	0	0	0	0	0	0	0	0	0	0	0	0	0	0	0	0	0	0	0	0	0	0	0	0	0	0	0	0	0	0	0	0	0	1304	3602	384	1916	0	0	0	0	0	0	0	0	0	0	0	0	0	0	0	0	0	0	0	0	0	0	0	0	0	0	0	0	0	0	0	0	0	0	0	0	0	0	0	0	0	0	
567056	Insula_L	11252	0	37836	348	5622	0	14090	166	1464	0	20912	0	27496	0	13588	0	14386	0	22866	512	2742	128	4642	0	256	0	748	0	0	88	4042	1226	1760	218	166	204	15536	184	1084	0	3336	0	152	0	0	0	0	0	0	0	1272	0	108	0	5590	0	8682	0	84	0	0	0	1284	0	0	0	308	0	202	0	3666	766	16708	0	366	0	3202	160	8830	0	10932	0	8550	0	1006	0	76	0	4296	0	86	0	0	0	0	0	0	0	304	0	0	0	0	0	0	0	0	0	0	0	0	0	0	0	0	0	
240580	Insula_R	282	1852	96	10502	0	692	0	7618	0	818	0	12976	0	10684	0	7822	0	8070	282	9860	0	2274	0	1636	0	1186	0	888	88	0	0	2716	776	2310	336	358	366	4648	0	578	0	2122	0	0	0	0	0	0	0	0	0	0	0	0	0	490	0	954	0	0	0	0	0	0	0	0	0	74	0	0	92	2736	0	18354	0	0	0	1794	0	1386	0	1348	0	878	0	202	0	0	0	146	0	0	0	0	0	0	0	0	0	0	0	0	0	0	0	0	0	0	0	0	0	0	0	0	0	0	
292752	Cingulum_Ant_L	272	0	15968	3034	5900	1392	4650	126	176	0	2576	0	4048	0	412	0	0	0	5032	2430	3144	2198	19660	6088	3986	2666	2744	730	4042	0	0	23078	6270	4862	158	0	236	0	0	0	0	0	0	0	0	0	0	0	0	0	0	0	0	0	108	0	0	0	0	0	0	0	0	0	0	0	0	0	0	0	6582	4752	6764	1974	0	0	0	0	0	0	174	0	0	0	0	0	0	0	144	0	0	0	0	0	0	0	0	0	0	0	0	0	0	0	0	0	0	0	0	0	0	0	0	0	0	0	
493180	Cingulum_Ant_R	1874	146	6902	26284	890	3450	3642	1664	0	184	602	1428	926	1766	144	530	0	0	6648	21946	1452	3030	14554	28020	144	8242	638	4914	1226	2716	23078	0	4618	29710	0	0	356	0	0	0	0	0	0	0	0	0	0	0	0	0	0	0	0	0	0	0	210	0	0	0	0	0	0	0	0	0	0	0	0	0	3056	26150	2262	12648	234	0	0	306	0	0	0	0	0	0	0	0	0	0	0	0	0	0	0	0	0	0	0	0	0	0	0	0	0	0	0	0	0	0	0	0	0	0	0	0	0	0	
208048	Cingulum_Mid_L	290	90	9088	1396	0	122	6218	310	0	0	208	252	1380	118	514	0	0	0	10392	11166	0	0	8424	822	0	88	0	0	1760	776	6270	4618	0	18024	2672	770	106	104	0	0	0	0	1324	0	1108	0	0	0	950	0	1312	0	0	0	104	0	0	0	334	0	0	0	0	0	0	0	3056	376	4340	1138	86	1246	196	2304	0	0	0	0	0	0	0	0	0	0	80	0	0	0	92	0	0	0	0	0	0	0	0	0	0	0	0	0	0	0	0	0	0	0	0	0	0	0	0	0	0	0	
622368	Cingulum_Mid_R	5942	7246	5544	25930	0	168	1250	7068	0	0	0	2894	116	3712	0	742	0	122	19834	60994	0	0	14174	19598	0	192	0	0	218	2310	4862	29710	18024	0	2220	6060	0	834	0	124	0	0	0	882	0	3838	0	330	0	2484	0	782	0	0	0	1404	0	6138	0	0	0	0	0	0	0	104	1150	9108	13162	23182	130	2762	0	4692	0	0	110	190	0	0	0	100	0	0	0	102	0	0	0	646	0	0	0	0	0	0	0	0	0	0	0	0	0	0	0	0	0	0	0	0	0	0	0	0	0	0	
105928	Cingulum_Post_L	1100	408	0	0	0	0	78	0	0	0	0	0	0	0	0	0	0	0	102	1236	0	0	0	0	0	0	0	0	166	336	158	0	2672	2220	0	10828	5810	3796	2772	2036	0	0	2314	0	1096	0	834	214	300	0	682	0	0	0	306	588	278	378	84	0	142	0	0	0	0	0	4862	988	2498	1590	0	0	0	0	0	0	114	968	496	96	270	0	0	0	148	0	0	0	0	0	0	0	0	0	0	0	0	0	0	0	0	0	0	0	0	0	0	0	0	0	0	0	0	0	0	0	
138716	Cingulum_Post_R	1160	3232	0	0	0	0	86	0	0	0	0	0	0	0	0	0	0	0	0	1780	0	0	0	0	0	0	0	0	204	358	0	0	770	6060	10828	0	5296	6524	1658	2962	0	0	0	632	0	560	190	1804	0	382	0	158	0	0	92	2194	434	2904	0	0	126	0	0	0	0	0	980	8072	454	5176	0	0	0	0	0	0	218	1336	570	116	252	0	0	0	0	0	0	0	0	774	0	0	0	0	0	0	0	0	0	0	0	0	0	0	0	0	0	0	0	0	1016	0	0	0	0	0	
291528	Hippocampus_L	7596	166	4588	186	116	0	2010	0	0	0	754	0	596	0	420	0	880	0	3516	146	96	0	150	0	0	0	0	0	15536	366	236	356	106	0	5810	5296	0	4920	12692	2422	8046	0	1476	0	0	0	2676	488	0	0	254	0	0	0	15034	528	2510	0	74	0	290	0	154	0	0	0	2312	568	328	0	1118	284	9426	0	226	0	3672	2282	3026	100	2186	0	1816	0	1088	0	434	0	12772	0	458	0	0	0	0	0	1296	0	1438	0	296	0	148	0	0	0	0	0	0	0	0	0	0	0	0	0	
256768	Hippocampus_R	1198	4796	0	3944	0	0	148	1336	0	0	0	538	0	234	0	0	0	896	0	4072	0	80	0	0	0	0	0	0	184	4648	0	0	104	834	3796	6524	4920	0	1624	21712	0	10202	0	368	0	310	246	3042	0	0	0	0	0	0	88	21876	400	534	0	0	0	0	0	0	0	0	182	4002	0	652	0	144	0	11364	0	968	430	5544	478	906	264	952	0	852	0	166	0	0	0	1414	0	0	0	0	0	0	0	478	0	238	0	0	0	0	0	0	0	0	0	132	564	0	0	0	0	0	
96700	ParaHippocampal_L	404	0	0	0	0	0	0	0	0	0	0	0	0	0	0	0	0	0	0	0	254	0	0	0	0	0	0	0	1084	0	0	0	0	0	2772	1658	12692	1624	0	1176	3496	0	1334	0	0	0	3686	118	0	0	198	0	80	0	6154	288	0	0	0	0	0	0	0	0	0	0	2062	242	0	0	0	0	790	0	0	0	288	204	0	0	136	0	1934	0	158	0	2200	0	1260	0	204	0	0	0	238	0	1082	0	534	0	0	0	0	0	0	0	0	0	0	0	0	0	0	0	0	0	
139812	ParaHippocampal_R	100	708	0	680	0	0	0	0	0	0	0	74	0	0	0	114	0	0	0	644	0	190	0	0	0	0	0	0	0	578	0	0	0	124	2036	2962	2422	21712	1176	0	0	7050	0	250	0	0	230	2820	0	0	0	0	0	0	0	13586	0	0	0	0	0	0	0	0	0	0	170	2258	0	0	0	0	0	3630	0	802	100	1348	96	0	128	0	0	1666	0	0	0	396	0	136	0	0	0	0	0	0	0	768	0	512	0	0	0	0	0	0	0	0	0	78	362	0	0	0	0	0	
45428	Amygdala_L	0	0	0	0	180	0	0	0	0	0	0	0	0	0	0	0	0	0	0	0	600	0	0	0	0	0	0	0	3336	0	0	0	0	0	0	0	8046	0	3496	0	0	0	0	0	0	0	0	0	0	0	0	0	0	0	3254	0	0	0	0	0	0	0	0	0	0	0	0	0	0	0	118	0	578	0	0	0	140	0	0	0	0	0	1642	0	0	0	646	0	678	0	0	0	0	0	0	0	0	0	0	0	0	0	0	0	0	0	0	0	0	0	0	0	0	0	0	0	
57120	Amygdala_R	0	0	0	130	0	0	0	0	0	0	0	0	0	0	0	0	0	0	0	132	0	772	0	0	0	0	0	0	0	2122	0	0	0	0	0	0	0	10202	0	7050	0	0	0	0	0	0	0	0	0	0	0	0	0	0	0	5482	0	0	0	0	0	0	0	0	0	0	0	0	0	0	0	0	0	1088	0	0	0	0	0	0	0	0	0	1582	0	0	0	0	0	0	0	0	0	0	0	0	0	0	0	0	0	0	0	0	0	0	0	0	0	0	0	0	0	0	0	0	
256324	Calcarine_L	138	0	0	0	0	0	0	0	0	0	0	0	0	0	0	0	154	0	0	0	0	0	0	0	0	0	0	0	152	0	0	0	1324	0	2314	0	1476	0	1334	0	0	0	0	8552	13892	4400	14026	4186	9886	706	22402	98	4796	0	4400	180	3146	0	1426	0	928	0	0	0	370	0	21976	476	2636	0	0	0	0	0	0	0	0	0	368	0	0	0	0	0	1826	0	0	0	594	0	0	0	0	0	0	0	0	0	0	0	0	0	0	0	0	0	0	0	0	0	0	0	0	0	0	0	
329816	Calcarine_R	0	1884	0	0	0	0	0	0	0	0	0	0	0	0	0	0	0	0	0	320	0	0	0	0	0	0	0	0	0	0	0	0	0	882	0	632	0	368	0	250	0	0	8552	0	4028	31320	5138	23308	256	23978	0	10532	0	5496	0	11678	0	5922	0	140	0	0	0	0	0	682	2244	18318	0	2870	0	0	0	0	0	0	0	80	0	166	0	156	0	0	0	1836	0	0	0	1582	0	0	0	0	0	0	0	856	0	300	0	0	0	0	0	0	0	0	0	0	974	160	0	0	0	0	
160808	Cuneus_L	0	0	0	0	0	0	0	0	0	0	0	0	0	0	0	0	0	0	0	0	0	0	0	0	0	0	0	0	0	0	0	0	1108	0	1096	0	0	0	0	0	0	0	13892	4028	0	5516	2680	356	15806	1172	13794	236	218	0	530	0	1318	0	2166	0	188	0	0	0	146	0	12566	578	2078	0	0	0	0	0	0	0	0	0	120	0	0	0	0	0	660	0	0	0	152	0	0	0	0	0	0	0	0	0	0	0	0	0	0	0	0	0	0	0	0	0	0	0	0	0	0	0	
473480	Cuneus_R	0	5494	0	0	0	0	0	0	0	0	0	0	0	0	0	0	0	536	0	1606	0	0	0	0	0	0	0	0	0	0	0	0	0	3838	0	560	0	310	0	0	0	0	4400	31320	5516	0	1054	3318	158	55130	158	16240	0	1490	0	3126	0	10056	0	17068	0	1158	0	3022	0	2094	5622	39818	0	7614	0	0	0	0	0	0	0	0	0	284	0	1374	0	0	0	8858	0	0	0	5256	0	0	0	0	0	0	0	98	0	0	0	0	0	0	0	0	0	0	0	0	164	0	0	0	0	0	
246344	Lingual_L	114	0	0	0	0	0	0	0	0	0	0	0	0	0	0	0	0	0	0	0	0	0	0	0	0	0	0	0	0	0	0	0	0	0	834	190	2676	246	3686	230	0	0	14026	5138	2680	1054	0	4556	6276	262	11854	0	7088	0	16036	920	0	0	0	0	0	0	0	0	0	0	3220	162	0	0	0	0	0	0	0	0	130	0	0	0	0	0	0	0	0	0	0	0	364	0	10028	466	1450	90	390	0	9262	886	13178	850	0	0	0	0	0	0	0	0	0	0	1538	1494	1798	0	0	0	
245336	Lingual_R	0	584	0	0	0	0	0	0	0	0	0	0	0	0	0	0	0	0	0	0	0	0	0	0	0	0	0	0	0	0	0	0	0	330	214	1804	488	3042	118	2820	0	0	4186	23308	356	3318	4556	0	136	2382	0	1050	0	2694	0	21392	0	678	0	0	0	0	0	0	0	0	152	9102	0	850	0	0	0	0	0	0	0	242	0	0	0	0	0	0	0	468	0	0	0	692	660	5430	402	232	0	512	532	6742	1158	10110	0	0	0	108	0	0	0	0	0	130	5436	4962	1292	0	0	0	
173180	Occipital_Sup_L	0	0	0	0	0	0	0	0	0	0	0	0	0	0	0	0	0	0	0	0	0	0	0	0	0	0	0	0	0	0	0	0	950	0	300	0	0	0	0	0	0	0	9886	256	15806	158	6276	136	0	0	30252	0	1004	0	772	0	266	0	8944	0	706	0	0	0	152	0	10090	0	486	0	0	0	0	0	0	0	0	0	0	0	0	0	0	0	150	0	0	0	0	0	0	0	0	0	0	0	0	0	0	0	0	0	0	0	0	0	0	0	0	0	0	0	0	0	0	0	
435024	Occipital_Sup_R	0	4382	0	0	0	0	0	0	0	0	0	0	0	0	0	0	0	718	0	956	0	0	0	0	0	0	0	0	0	0	0	0	0	2484	0	382	0	0	0	0	0	0	706	23978	1172	55130	262	2382	0	0	0	23970	0	2410	0	3088	0	8538	0	16504	0	1768	0	2558	0	4752	3600	35400	0	6712	0	0	0	0	0	0	0	0	0	0	0	876	0	0	0	9698	0	0	0	4960	0	0	0	0	0	0	0	0	0	0	0	0	0	0	0	0	0	0	0	0	126	0	0	0	0	0	
488376	Occipital_Mid_L	2424	0	230	0	0	0	280	0	0	0	128	0	0	0	0	0	1580	0	196	0	0	0	0	0	0	0	0	0	1272	0	0	0	1312	0	682	0	254	0	198	0	0	0	22402	0	13794	158	11854	0	30252	0	0	0	20638	0	14436	0	9786	0	17320	0	14656	0	1452	0	18542	0	27796	0	3550	0	0	0	0	0	0	0	0	0	2472	0	1460	0	0	0	16664	0	0	0	8270	0	130	0	0	0	0	0	0	0	0	0	0	0	0	0	0	0	0	0	0	0	0	0	0	0	0	0	
206284	Occipital_Mid_R	0	874	0	0	0	0	0	0	0	0	0	0	0	0	0	0	0	92	0	362	0	0	0	0	0	0	0	0	0	0	0	0	0	782	0	158	0	0	0	0	0	0	98	10532	236	16240	0	1050	0	23970	0	0	0	4740	0	1908	0	1812	0	4006	0	2158	0	120	0	13136	1158	7494	0	1552	0	0	0	0	0	0	0	0	0	0	0	112	0	0	0	10012	0	0	0	540	0	0	0	0	0	0	0	0	0	0	0	0	0	0	0	0	0	0	0	0	0	0	0	0	0	0	
116812	Occipital_Inf_L	94	0	0	0	0	0	0	0	0	0	0	0	0	0	0	0	158	0	0	0	0	0	0	0	0	0	0	0	108	0	0	0	0	0	0	0	0	0	80	0	0	0	4796	0	218	0	7088	0	1004	0	20638	0	0	0	13738	0	254	0	0	0	92	0	0	0	314	0	2598	0	0	0	0	0	0	0	0	0	0	0	216	0	0	0	0	0	3146	0	0	0	3144	0	240	0	0	0	0	0	0	0	480	0	0	0	0	0	0	0	0	0	0	0	0	0	0	0	0	0	
61924	Occipital_Inf_R	0	288	0	0	0	0	0	0	0	0	0	0	0	0	0	0	0	0	0	0	0	0	0	0	0	0	0	0	0	0	0	0	0	0	0	0	0	0	0	0	0	0	0	5496	0	1490	0	2694	0	2410	0	4740	0	0	0	5904	0	290	0	0	0	0	0	0	0	0	0	322	0	298	0	0	0	0	0	0	0	0	0	0	0	0	0	0	0	2792	0	0	0	3008	0	226	0	0	0	0	0	124	0	572	0	0	0	0	0	0	0	0	0	0	96	212	0	0	0	0	
448120	Fusiform_L	450	0	1946	0	114	0	180	0	0	0	206	0	314	0	352	0	716	0	1288	0	0	0	82	0	0	0	0	0	5590	0	108	0	104	0	306	92	15034	88	6154	0	3254	0	4400	0	530	0	16036	0	772	0	14436	0	13738	0	0	0	734	0	0	0	128	0	524	0	300	0	2540	0	480	0	0	0	2190	0	0	0	0	0	2024	0	2176	0	3878	0	6422	0	4246	0	23528	0	29670	104	5102	0	140	0	12400	124	34632	154	1762	0	2400	0	246	90	0	0	0	78	584	338	586	100	90	0	
362276	Fusiform_R	294	1912	0	506	0	0	0	722	0	0	0	302	0	0	0	0	0	240	0	1940	0	0	0	0	0	0	0	0	0	490	0	0	0	1404	588	2194	528	21876	288	13586	0	5482	180	11678	0	3126	920	21392	0	3088	0	1908	0	5904	0	0	0	1750	0	80	0	0	0	0	0	0	0	5968	140	2024	0	106	0	2206	0	202	0	636	0	782	0	1774	0	4092	0	3264	0	698	0	12896	254	12314	102	330	0	82	228	6670	650	16400	0	0	0	752	0	0	0	0	0	0	3302	2614	274	0	0	0	
326428	Postcentral_L	32594	890	2328	934	0	0	1060	78	0	0	4904	0	712	0	0	0	8550	0	2092	1214	0	0	0	0	0	0	0	0	8682	0	0	210	0	0	278	434	2510	400	0	0	0	0	3146	0	1318	0	0	0	266	0	9786	0	254	0	734	0	0	0	6296	0	21720	0	8978	0	3066	0	6290	0	5886	0	624	1670	798	0	0	0	1268	2246	4888	0	4548	0	82	0	6326	0	0	0	5154	0	0	0	0	0	0	0	0	0	0	0	0	0	0	0	0	0	0	0	0	0	0	0	0	0	0	0	
344044	Postcentral_R	134	35706	120	882	0	0	0	1252	0	0	0	540	0	0	0	0	0	3710	96	2012	0	0	0	0	0	0	0	0	0	954	0	0	0	6138	378	2904	0	534	0	0	0	0	0	5922	0	10056	0	678	0	8538	0	1812	0	290	0	1750	0	0	0	11886	0	8158	0	9822	0	1248	356	22776	0	23480	0	78	0	1614	0	0	0	786	0	516	0	1310	0	0	0	1624	0	0	0	3788	0	0	0	0	0	0	0	0	0	0	0	0	0	0	0	0	0	0	0	0	174	0	0	0	0	0	
142744	Parietal_Sup_L	820	0	80	0	0	0	0	0	0	0	78	0	0	0	0	0	0	0	0	0	0	0	0	0	0	0	0	0	84	0	0	0	334	0	84	0	74	0	0	0	0	0	1426	0	2166	0	0	0	8944	0	17320	0	0	0	0	0	6296	0	0	0	10528	0	200	0	4320	0	16408	0	1650	0	0	0	0	0	0	0	0	0	0	0	0	0	0	0	284	0	0	0	276	0	0	0	0	0	0	0	0	0	0	0	0	0	0	0	0	0	0	0	0	0	0	0	0	0	0	0	
221864	Parietal_Sup_R	0	3774	0	204	0	0	0	266	0	0	0	0	0	0	0	0	0	366	0	0	0	0	0	0	0	0	0	0	0	0	0	0	0	0	0	0	0	0	0	0	0	0	0	140	0	17068	0	0	0	16504	0	4006	0	0	0	80	0	11886	0	0	0	9484	0	7090	0	5140	2182	21510	0	1270	0	0	0	0	0	0	0	0	0	0	0	694	0	0	0	5682	0	0	0	3586	0	0	0	0	0	0	0	0	0	0	0	0	0	0	0	0	0	0	0	0	0	0	0	0	0	0	
180692	Parietal_Inf_L	2600	0	166	0	0	0	306	0	0	0	160	0	0	0	0	0	0	0	114	0	0	0	0	0	0	0	0	0	0	0	0	0	0	0	142	126	290	0	0	0	0	0	928	0	188	0	0	0	706	0	14656	0	92	0	128	0	21720	0	10528	0	0	0	9670	0	14958	0	4952	0	1598	0	76	0	0	0	0	0	154	108	0	0	832	0	0	0	2580	0	0	0	2568	0	0	0	0	0	0	0	0	0	0	0	0	0	0	0	0	0	0	0	0	0	0	0	0	0	0	0	
93368	Parietal_Inf_R	0	1310	0	228	0	0	0	376	0	0	0	0	0	0	0	0	0	122	0	0	0	0	0	0	0	0	0	0	0	0	0	0	0	0	0	0	0	0	0	0	0	0	0	0	0	1158	0	0	0	1768	0	2158	0	0	0	0	0	8158	0	9484	0	0	0	11984	0	7320	0	1084	0	98	0	0	0	0	0	0	0	0	0	0	0	322	0	0	0	1038	0	0	0	76	0	0	0	0	0	0	0	0	0	0	0	0	0	0	0	0	0	0	0	0	0	0	0	0	0	0	
99360	SupraMarginal_L	1328	0	0	0	0	0	142	0	0	0	76	0	0	0	0	0	2030	0	0	0	0	0	0	0	0	0	0	0	1284	0	0	0	0	0	0	0	154	0	0	0	0	0	0	0	0	0	0	0	0	0	1452	0	0	0	524	0	8978	0	200	0	9670	0	0	0	5824	0	770	0	250	0	0	0	0	0	0	0	0	0	644	0	5952	0	0	0	7114	0	0	0	3288	0	0	0	0	0	0	0	0	0	0	0	0	0	0	0	0	0	0	0	0	0	0	0	0	0	0	0	
117028	SupraMarginal_R	0	1932	0	0	0	0	0	0	0	0	0	0	0	0	0	0	0	1646	0	0	0	0	0	0	0	0	0	0	0	0	0	0	0	0	0	0	0	0	0	0	0	0	0	0	0	3022	0	0	0	2558	0	120	0	0	0	0	0	9822	0	7090	0	11984	0	0	0	6812	100	3072	0	258	0	0	0	194	0	0	0	124	0	94	0	4224	0	0	0	5030	0	0	0	432	0	0	0	0	0	0	0	0	0	0	0	0	0	0	0	0	0	0	0	0	0	0	0	0	0	0	
144252	Angular_L	320	0	0	0	0	0	0	0	0	0	0	0	0	0	0	0	0	0	0	0	0	0	0	0	0	0	0	0	0	0	0	0	0	0	0	0	0	0	0	0	0	0	370	0	146	0	0	0	152	0	18542	0	314	0	300	0	3066	0	4320	0	14958	0	5824	0	0	0	2924	0	210	0	0	0	0	0	0	0	0	0	0	0	2732	0	0	0	12476	0	0	0	5472	0	0	0	0	0	0	0	0	0	0	0	0	0	0	0	0	0	0	0	0	0	0	0	0	0	0	0	
103048	Angular_R	0	302	0	0	0	0	0	0	0	0	0	0	0	0	0	0	0	138	0	0	0	0	0	0	0	0	0	0	0	0	0	0	0	104	0	0	0	0	0	0	0	0	0	682	0	2094	0	0	0	4752	0	13136	0	0	0	0	0	1248	0	5140	0	7320	0	6812	0	0	306	1852	0	204	0	0	0	0	0	0	0	0	0	0	0	1420	0	0	0	5914	0	0	0	100	0	0	0	0	0	0	0	0	0	0	0	0	0	0	0	0	0	0	0	0	0	0	0	0	0	0	
328968	Precuneus_L	1372	354	102	0	0	0	182	0	0	0	108	0	0	0	0	0	554	0	108	178	0	0	0	0	0	0	0	0	308	0	0	0	3056	1150	4862	980	2312	182	2062	170	0	0	21976	2244	12566	5622	3220	152	10090	3600	27796	1158	2598	0	2540	0	6290	356	16408	2182	4952	0	770	100	2924	306	0	6446	5336	786	0	0	0	0	0	0	0	0	260	0	610	0	0	0	2168	884	0	0	1354	504	0	0	0	0	0	0	246	0	0	0	0	0	0	0	0	0	0	0	0	0	0	0	0	0	0	0	
505704	Precuneus_R	0	12886	0	0	0	0	0	0	0	0	0	0	0	0	0	0	0	604	0	2498	0	0	0	0	0	0	0	0	0	74	0	0	376	9108	988	8072	568	4002	242	2258	0	0	476	18318	578	39818	162	9102	0	35400	0	7494	0	322	0	5968	0	22776	0	21510	0	1084	0	3072	0	1852	6446	0	168	18736	0	0	0	0	0	0	0	196	0	418	0	1148	0	0	0	8436	0	0	0	6168	0	0	0	0	0	0	0	130	0	0	0	0	0	0	0	0	0	0	0	0	1398	0	0	0	0	0	
202796	Paracentral_Lobule_L	16902	252	892	524	0	0	280	0	0	0	0	0	0	0	0	0	194	0	9646	13644	0	0	0	0	0	0	0	0	202	0	0	0	4340	13162	2498	454	328	0	0	0	0	0	2636	0	2078	0	0	0	486	0	3550	0	0	0	480	140	5886	0	1650	0	1598	0	250	0	210	0	5336	168	0	7096	624	544	0	100	390	0	3144	526	276	0	108	0	0	0	464	0	0	0	226	114	0	0	0	0	0	0	0	0	0	0	0	0	0	0	0	0	0	0	0	0	0	0	0	0	0	0	
310776	Paracentral_Lobule_R	1616	21970	0	0	0	0	0	0	0	0	0	0	0	0	0	0	0	138	1324	18658	0	0	0	0	0	0	0	0	0	0	0	0	1138	23182	1590	5176	0	652	0	0	0	0	0	2870	0	7614	0	850	0	6712	0	1552	0	298	0	2024	0	23480	0	1270	0	98	0	258	0	204	786	18736	7096	0	0	0	0	0	0	0	0	0	0	394	0	1006	0	0	0	914	0	0	0	3554	0	0	0	0	0	0	0	0	0	0	0	0	0	0	0	0	0	0	0	0	228	0	0	0	0	0	
223144	Caudate_L	5382	480	9536	542	980	562	6030	628	162	100	1594	76	2036	0	1320	0	266	0	6546	338	6836	6326	612	80	976	280	2510	1304	3666	92	6582	3056	86	130	0	0	1118	0	0	0	118	0	0	0	0	0	0	0	0	0	0	0	0	0	0	0	624	0	0	0	76	0	0	0	0	0	0	0	624	0	0	9462	13182	1096	3592	272	11290	438	0	0	174	0	392	0	0	0	0	0	0	0	0	0	0	0	0	0	0	0	0	0	0	0	0	0	0	0	0	0	0	0	0	0	0	0	0	0	
331108	Caudate_R	4852	1464	2498	11984	280	2222	5016	792	0	432	214	1842	144	1506	144	432	0	94	1084	17960	3244	6778	370	3068	210	4212	770	3602	766	2736	4752	26150	1246	2762	0	0	284	144	0	0	0	0	0	0	0	0	0	0	0	0	0	0	0	0	0	106	1670	78	0	0	0	0	0	0	0	0	0	0	544	0	9462	0	3738	15492	786	1670	2128	15826	0	0	0	0	0	0	0	0	0	0	0	0	0	0	0	0	0	0	0	0	0	0	0	0	0	0	0	0	0	0	0	0	0	0	0	0	0	0	
280500	Putamen_L	5330	0	20190	0	6556	182	2964	0	1486	0	1626	0	2488	0	4808	0	294	0	15160	82	2864	3034	1600	0	874	158	1152	384	16708	0	6764	2262	196	0	0	0	9426	0	790	0	578	0	0	0	0	0	0	0	0	0	0	0	0	0	2190	0	798	0	0	0	0	0	0	0	0	0	0	0	0	0	13182	3738	0	632	6038	0	2286	0	0	0	458	0	1156	0	0	0	0	0	1504	0	88	0	0	0	0	0	0	0	146	0	78	0	0	0	0	0	0	0	0	0	0	0	0	0	0	0	
340164	Putamen_R	300	4326	672	17320	110	3414	354	10190	0	1038	0	5680	0	3196	0	730	0	2814	952	18774	278	1298	292	5364	0	4624	76	1916	0	18354	1974	12648	2304	4692	0	0	0	11364	0	3630	0	1088	0	0	0	0	0	0	0	0	0	0	0	0	0	2206	0	1614	0	0	0	0	0	194	0	0	0	0	100	0	1096	15492	632	0	122	2746	0	5040	0	436	0	466	0	166	0	0	0	0	0	0	0	0	0	0	0	0	0	0	0	0	0	0	0	0	0	0	0	0	0	0	0	0	0	0	0	0	
43844	Pallidum_L	856	0	3730	0	0	0	534	0	0	0	176	0	152	0	0	0	0	0	2610	0	0	114	0	0	0	0	0	0	366	0	0	234	0	0	0	0	226	0	0	0	0	0	0	0	0	0	0	0	0	0	0	0	0	0	0	0	0	0	0	0	0	0	0	0	0	0	0	0	390	0	3592	786	6038	122	0	0	1996	0	0	0	0	0	0	0	0	0	0	0	0	0	0	0	0	0	0	0	0	0	0	0	0	0	0	0	0	0	0	0	0	0	0	0	0	0	0	0	
23696	Pallidum_R	0	406	116	2286	0	0	110	902	0	0	0	0	0	0	0	0	0	0	86	1282	0	0	0	0	0	0	0	0	0	0	0	0	0	0	0	0	0	968	0	802	0	0	0	0	0	0	0	0	0	0	0	0	0	0	0	202	0	0	0	0	0	0	0	0	0	0	0	0	0	0	272	1670	0	2746	0	0	0	0	0	0	0	0	0	0	0	0	0	0	0	0	0	0	0	0	0	0	0	0	0	0	0	0	0	0	0	0	0	0	0	0	0	0	0	0	0	0	
126272	Thalamus_L	17040	0	2054	0	0	0	3952	0	0	0	1018	0	856	0	106	0	538	0	890	166	0	0	0	0	0	0	0	0	3202	0	0	0	0	110	114	218	3672	430	288	100	140	0	0	0	0	0	130	0	0	0	0	0	0	0	0	0	1268	0	0	0	154	0	0	0	0	0	0	0	3144	0	11290	2128	2286	0	1996	0	0	4288	1038	0	274	0	172	0	0	0	0	0	74	0	0	0	0	0	0	0	0	0	0	0	0	0	0	0	0	0	0	0	0	0	0	0	0	0	0	0	
140708	Thalamus_R	3674	7174	78	6382	0	0	686	1898	0	0	82	604	0	174	0	0	0	702	0	3296	0	0	0	0	0	0	0	0	160	1794	0	306	0	190	968	1336	2282	5544	204	1348	0	0	0	80	0	0	0	242	0	0	0	0	0	0	0	636	2246	786	0	0	108	0	0	124	0	0	0	196	526	0	438	15826	0	5040	0	0	4288	0	268	156	134	0	0	0	0	0	0	0	0	0	0	0	0	0	0	0	0	108	0	0	0	0	0	0	0	0	0	0	0	270	0	0	0	0	0	0	
90300	Heschl_L	4622	0	476	0	0	0	942	0	0	0	662	0	90	0	0	0	4598	0	350	0	0	0	0	0	0	0	0	0	8830	0	0	0	0	0	496	570	3026	478	0	96	0	0	368	0	120	0	0	0	0	0	2472	0	216	0	2024	0	4888	0	0	0	0	0	644	0	0	0	260	0	276	0	0	0	0	0	0	0	1038	268	0	0	4134	0	0	0	1934	0	0	0	1272	0	0	0	0	0	0	0	0	0	0	0	0	0	0	0	0	0	0	0	0	0	0	0	0	0	0	0	
24808	Heschl_R	0	468	0	116	0	0	0	174	0	0	0	0	0	0	0	0	0	2670	0	76	0	0	0	0	0	0	0	0	0	1386	0	0	0	0	96	116	100	906	0	0	0	0	0	166	0	284	0	0	0	0	0	0	0	0	0	782	0	516	0	0	0	0	0	94	0	0	0	418	0	394	0	0	0	436	0	0	0	156	0	0	0	2522	0	0	0	0	0	0	0	528	0	0	0	0	0	0	0	0	0	0	0	0	0	0	0	0	0	0	0	0	0	0	0	0	0	0	
185056	Temporal_Sup_L	3942	0	3408	0	0	0	456	0	0	0	5712	0	1364	0	0	0	11194	0	2930	0	0	0	0	0	0	0	0	0	10932	0	174	0	0	0	270	252	2186	264	136	128	0	0	0	0	0	0	0	0	0	0	1460	0	0	0	2176	0	4548	0	0	0	832	0	5952	0	2732	0	610	0	108	0	174	0	458	0	0	0	274	134	4134	0	0	0	5752	0	13504	0	0	0	6332	0	0	0	0	0	0	0	0	0	0	0	0	0	0	0	0	0	0	0	0	0	0	0	0	0	0	0	
76904	Temporal_Sup_R	0	1204	0	264	0	0	0	430	0	0	0	88	0	0	0	0	0	2788	0	330	0	0	0	0	0	0	0	0	0	1348	0	0	0	100	0	0	0	952	0	0	0	0	0	156	0	1374	0	0	0	876	0	112	0	0	0	1774	0	1310	0	694	0	322	0	4224	0	1420	0	1148	0	1006	0	0	0	466	0	0	0	0	0	2522	0	0	0	1188	0	8532	0	194	0	3630	0	0	0	0	0	0	0	0	0	0	0	0	0	0	0	0	0	0	0	0	0	0	0	0	0	0	
116848	Temporal_Pole_Sup_L	472	0	3080	0	610	0	248	0	156	0	5082	0	1016	0	1902	0	3584	0	2644	0	844	0	0	0	0	0	164	0	8550	0	0	0	0	0	0	0	1816	0	1934	0	1642	0	0	0	0	0	0	0	0	0	0	0	0	0	3878	0	82	0	0	0	0	0	0	0	0	0	0	0	0	0	392	0	1156	0	0	0	172	0	0	0	5752	0	0	0	4828	0	5144	0	3276	0	0	0	0	0	0	0	0	0	0	0	0	0	0	0	0	0	0	0	0	0	0	0	0	0	0	0	
36684	Temporal_Pole_Sup_R	0	0	0	226	0	0	0	230	0	0	0	324	0	0	0	80	0	876	0	258	0	74	0	0	0	0	0	0	0	878	0	0	0	0	0	0	0	852	0	1666	0	1582	0	0	0	0	0	0	0	0	0	0	0	0	0	4092	0	0	0	0	0	0	0	0	0	0	0	0	0	0	0	0	0	166	0	0	0	0	0	0	0	1188	0	0	0	1682	0	1980	0	2188	0	0	0	0	0	0	0	0	0	0	0	0	0	0	0	0	0	0	0	0	0	0	0	0	0	0	
246872	Temporal_Mid_L	2724	0	176	0	0	0	0	0	0	0	0	0	0	0	0	0	914	0	172	0	0	0	0	0	0	0	0	0	1006	0	0	0	80	0	148	0	1088	0	158	0	0	0	1826	0	660	0	0	0	150	0	16664	0	3146	0	6422	0	6326	0	284	0	2580	0	7114	0	12476	0	2168	0	464	0	0	0	0	0	0	0	0	0	1934	0	13504	0	4828	0	0	0	3534	0	32890	0	0	0	0	0	0	0	0	0	0	0	0	0	0	0	0	0	0	0	0	0	0	0	0	0	0	0	
188448	Temporal_Mid_R	0	992	0	0	0	0	0	0	0	0	0	0	0	0	0	0	0	176	0	184	0	0	0	0	0	0	0	0	0	202	0	0	0	102	0	0	0	166	0	0	0	0	0	1836	0	8858	0	468	0	9698	0	10012	0	2792	0	3264	0	1624	0	5682	0	1038	0	5030	0	5914	884	8436	0	914	0	0	0	0	0	0	0	0	0	0	0	8532	0	1682	0	0	0	430	0	15308	0	0	0	0	0	0	0	0	0	0	0	0	0	0	0	0	0	0	0	0	0	0	0	0	0	0	
38936	Temporal_Pole_Mid_L	0	0	0	0	0	0	0	0	0	0	0	0	0	0	0	0	0	0	0	0	0	0	0	0	0	0	0	0	76	0	0	0	0	0	0	0	434	0	2200	0	646	0	0	0	0	0	0	0	0	0	0	0	0	0	4246	0	0	0	0	0	0	0	0	0	0	0	0	0	0	0	0	0	0	0	0	0	0	0	0	0	0	0	5144	0	3534	0	0	0	3188	0	0	0	0	0	0	0	0	0	0	0	0	0	0	0	0	0	0	0	0	0	0	0	0	0	0	0	
8764	Temporal_Pole_Mid_R	0	0	0	0	0	0	0	0	0	0	0	0	0	0	0	0	0	0	0	0	0	0	0	0	0	0	0	0	0	0	0	0	0	0	0	0	0	0	0	396	0	0	0	0	0	0	0	0	0	0	0	0	0	0	0	698	0	0	0	0	0	0	0	0	0	0	0	0	0	0	0	0	0	0	0	0	0	0	0	0	0	194	0	1980	0	430	0	0	0	684	0	0	0	0	0	0	0	0	0	0	0	0	0	0	0	0	0	0	0	0	0	0	0	0	0	0	
273596	Temporal_Inf_L	1564	0	1902	0	114	0	168	0	0	0	284	0	396	0	350	0	1234	0	1234	0	0	0	102	0	0	0	0	0	4296	0	144	0	92	0	0	0	12772	0	1260	0	678	0	594	0	152	0	364	0	0	0	8270	0	3144	0	23528	0	5154	0	276	0	2568	0	3288	0	5472	0	1354	0	226	0	0	0	1504	0	0	0	74	0	1272	0	6332	0	3276	0	32890	0	3188	0	0	0	3942	0	432	0	0	0	664	0	1496	0	462	0	286	0	0	0	0	0	0	0	0	0	0	0	0	0	
160032	Temporal_Inf_R	202	3632	0	0	0	0	0	476	0	0	0	160	0	0	0	0	0	256	0	1096	0	0	0	0	0	0	0	0	0	146	0	0	0	646	0	774	0	1414	0	136	0	0	0	1582	0	5256	0	692	0	4960	0	540	0	3008	0	12896	0	3788	0	3586	0	76	0	432	0	100	504	6168	114	3554	0	0	0	0	0	0	0	0	0	528	0	3630	0	2188	0	15308	0	684	0	0	0	1164	0	132	0	0	0	0	0	0	0	0	0	102	0	0	0	0	0	0	86	0	0	0	0	0	
471844	Cerebelum_Crus1_L	0	0	0	0	0	0	0	0	0	0	0	0	0	0	0	0	0	0	0	0	0	0	0	0	0	0	0	0	86	0	0	0	0	0	0	0	458	0	204	0	0	0	0	0	0	0	10028	660	0	0	130	0	240	0	29670	254	0	0	0	0	0	0	0	0	0	0	0	0	0	0	0	0	88	0	0	0	0	0	0	0	0	0	0	0	0	0	0	0	3942	0	0	2488	37778	708	1560	424	24628	1326	61634	3470	14446	98	17372	818	3278	928	732	0	590	906	4698	3886	5920	1220	1044	210	
409828	Cerebelum_Crus1_R	0	0	0	0	0	0	0	0	0	0	0	0	0	0	0	0	0	0	0	0	0	0	0	0	0	0	0	0	0	0	0	0	0	0	0	0	0	0	0	0	0	0	0	0	0	0	466	5430	0	0	0	0	0	226	104	12314	0	0	0	0	0	0	0	0	0	0	0	0	0	0	0	0	0	0	0	0	0	0	0	0	0	0	0	0	0	0	0	0	0	1164	2488	0	1032	34692	776	2486	3234	19224	3928	51680	380	4176	462	26296	502	1460	0	990	308	1302	12296	6602	7488	2064	1218	126	
283660	Cerebelum_Crus2_L	0	0	0	0	0	0	0	0	0	0	0	0	0	0	0	0	0	0	0	0	0	0	0	0	0	0	0	0	0	0	0	0	0	0	0	0	0	0	0	0	0	0	0	0	0	0	1450	402	0	0	0	0	0	0	5102	102	0	0	0	0	0	0	0	0	0	0	0	0	0	0	0	0	0	0	0	0	0	0	0	0	0	0	0	0	0	0	0	0	432	0	37778	1032	0	3468	114	0	3910	220	11438	1164	33050	1930	28390	652	996	132	288	0	90	108	656	1002	6192	1570	162	0	
243908	Cerebelum_Crus2_R	0	0	0	0	0	0	0	0	0	0	0	0	0	0	0	0	0	0	0	0	0	0	0	0	0	0	0	0	0	0	0	0	0	0	0	0	0	0	0	0	0	0	0	0	0	0	90	232	0	0	0	0	0	0	0	330	0	0	0	0	0	0	0	0	0	0	0	0	0	0	0	0	0	0	0	0	0	0	0	0	0	0	0	0	0	0	0	0	0	132	708	34692	3468	0	210	1290	636	3670	878	8084	1868	14402	756	31808	208	1096	0	1050	232	724	2264	1304	8012	2760	758	292	
73612	Cerebelum_3_L	0	0	0	0	0	0	0	0	0	0	0	0	0	0	0	0	0	0	0	0	0	0	0	0	0	0	0	0	0	0	0	0	0	0	0	0	0	0	238	0	0	0	0	0	0	0	390	0	0	0	0	0	0	0	140	0	0	0	0	0	0	0	0	0	0	0	0	0	0	0	0	0	0	0	0	0	0	0	0	0	0	0	0	0	0	0	0	0	0	0	1560	776	114	210	0	308	9126	414	2856	1072	84	0	696	602	4064	960	298	0	1856	3388	3030	1154	798	1162	1146	364	
78412	Cerebelum_3_R	0	0	0	0	0	0	0	0	0	0	0	0	0	0	0	0	0	0	0	0	0	0	0	0	0	0	0	0	0	0	0	0	0	0	0	0	0	0	0	0	0	0	0	0	0	0	0	512	0	0	0	0	0	0	0	82	0	0	0	0	0	0	0	0	0	0	0	0	0	0	0	0	0	0	0	0	0	0	0	0	0	0	0	0	0	0	0	0	0	0	424	2486	0	1290	308	0	502	4580	712	3560	0	0	162	3078	294	4626	0	108	506	5272	2262	790	2420	2444	2668	120	
308736	Cerebelum_4_5_L	0	0	0	0	0	0	0	0	0	0	0	0	0	0	0	0	0	0	0	0	0	0	0	0	0	0	0	0	0	0	0	0	0	0	0	0	1296	0	1082	0	0	0	0	0	0	0	9262	532	0	0	0	0	0	0	12400	228	0	0	0	0	0	0	0	0	0	0	246	0	0	0	0	0	0	0	0	0	0	0	0	0	0	0	0	0	0	0	0	0	664	0	24628	3234	3910	636	9126	502	0	3396	35316	5250	1188	0	4850	2042	7134	1234	360	0	1380	2416	13228	2912	1250	1478	1960	1228	
244484	Cerebelum_4_5_R	0	0	0	0	0	0	0	0	0	0	0	0	0	0	0	0	0	0	0	0	0	0	0	0	0	0	0	0	0	0	0	0	0	0	0	0	0	478	0	768	0	0	0	856	0	98	886	6742	0	0	0	0	0	124	124	6670	0	0	0	0	0	0	0	0	0	0	0	130	0	0	0	0	0	0	0	0	0	108	0	0	0	0	0	0	0	0	0	0	0	0	1326	19224	220	3670	414	4580	3396	0	2684	31266	0	178	288	8518	278	2450	0	206	260	1664	17896	1030	1914	1802	1750	244	
448348	Cerebelum_6_L	0	0	172	0	0	0	0	0	0	0	0	0	0	0	0	0	0	0	138	0	0	0	0	0	0	0	0	0	304	0	0	0	0	0	0	0	1438	0	534	0	0	0	0	0	0	0	13178	1158	0	0	0	0	480	0	34632	650	0	0	0	0	0	0	0	0	0	0	0	0	0	0	0	0	146	0	0	0	0	0	0	0	0	0	0	0	0	0	0	0	1496	0	61634	3928	11438	878	2856	712	35316	2684	0	6106	3902	94	6434	1548	3434	1642	162	0	1066	1634	8660	6692	4930	1492	2074	532	
405912	Cerebelum_6_R	0	0	0	0	0	0	0	0	0	0	0	0	0	0	0	0	0	0	0	0	0	0	0	0	0	0	0	0	0	0	0	0	0	0	0	0	0	238	0	512	0	0	0	300	0	0	850	10110	0	0	0	0	0	572	154	16400	0	0	0	0	0	0	0	0	0	0	0	0	0	0	0	0	0	0	0	0	0	0	0	0	0	0	0	0	0	0	0	0	0	0	3470	51680	1164	8084	1072	3560	5250	31266	6106	0	320	584	632	14506	782	1742	0	770	366	1524	19162	9984	7096	2814	1684	202	
220624	Cerebelum_7b_L	0	0	0	0	0	0	0	0	0	0	0	0	0	0	0	0	0	0	0	0	0	0	0	0	0	0	0	0	0	0	0	0	0	0	0	0	296	0	0	0	0	0	0	0	0	0	0	0	0	0	0	0	0	0	1762	0	0	0	0	0	0	0	0	0	0	0	0	0	0	0	0	0	78	0	0	0	0	0	0	0	0	0	0	0	0	0	0	0	462	0	14446	380	33050	1868	84	0	1188	0	3902	320	0	1708	37194	876	3620	326	532	0	90	130	168	0	3670	3874	288	0	
95068	Cerebelum_7b_R	0	0	0	0	0	0	0	0	0	0	0	0	0	0	0	0	0	0	0	0	0	0	0	0	0	0	0	0	0	0	0	0	0	0	0	0	0	0	0	0	0	0	0	0	0	0	0	0	0	0	0	0	0	0	0	0	0	0	0	0	0	0	0	0	0	0	0	0	0	0	0	0	0	0	0	0	0	0	0	0	0	0	0	0	0	0	0	0	0	0	98	4176	1930	14402	0	0	0	178	94	584	1708	0	922	18188	0	530	0	0	0	0	158	0	2380	2018	168	0	
278860	Cerebelum_8_L	0	0	0	0	0	0	0	0	0	0	0	0	0	0	0	0	0	0	0	0	0	0	0	0	0	0	0	0	0	0	0	0	0	0	0	0	148	0	0	0	0	0	0	0	0	0	0	0	0	0	0	0	0	0	2400	0	0	0	0	0	0	0	0	0	0	0	0	0	0	0	0	0	0	0	0	0	0	0	0	0	0	0	0	0	0	0	0	0	286	0	17372	462	28390	756	696	162	4850	288	6434	632	37194	922	0	2154	19178	1002	3100	0	378	478	1012	288	2742	6274	1700	132	
330424	Cerebelum_8_R	0	0	0	0	0	0	0	0	0	0	0	0	0	0	0	0	0	0	0	0	0	0	0	0	0	0	0	0	0	0	0	0	0	0	0	0	0	0	0	0	0	0	0	0	0	0	0	108	0	0	0	0	0	0	0	752	0	0	0	0	0	0	0	0	0	0	0	0	0	0	0	0	0	0	0	0	0	0	0	0	0	0	0	0	0	0	0	0	0	102	818	26296	652	31808	602	3078	2042	8518	1548	14506	876	18188	2154	0	1244	18560	90	2740	666	2170	5640	1074	5654	8846	5836	644	
134248	Cerebelum_9_L	0	0	0	0	0	0	0	0	0	0	0	0	0	0	0	0	0	0	0	0	0	0	0	0	0	0	0	0	0	0	0	0	0	0	0	0	0	0	0	0	0	0	0	0	0	0	0	0	0	0	0	0	0	0	246	0	0	0	0	0	0	0	0	0	0	0	0	0	0	0	0	0	0	0	0	0	0	0	0	0	0	0	0	0	0	0	0	0	0	0	3278	502	996	208	4064	294	7134	278	3434	782	3620	0	19178	1244	0	2030	4560	0	784	1420	2824	1914	1184	3116	2990	1044	
157080	Cerebelum_9_R	0	0	0	0	0	0	0	0	0	0	0	0	0	0	0	0	0	0	0	0	0	0	0	0	0	0	0	0	0	0	0	0	0	0	0	0	0	0	0	0	0	0	0	0	0	0	0	0	0	0	0	0	0	0	90	0	0	0	0	0	0	0	0	0	0	0	0	0	0	0	0	0	0	0	0	0	0	0	0	0	0	0	0	0	0	0	0	0	0	0	928	1460	132	1096	960	4626	1234	2450	1642	1742	326	530	1002	18560	2030	0	0	1440	2592	5832	2528	3810	4818	7446	9216	2050	
20932	Cerebelum_10_L	0	0	0	0	0	0	0	0	0	0	0	0	0	0	0	0	0	0	0	0	0	0	0	0	0	0	0	0	0	0	0	0	0	0	0	0	0	0	0	0	0	0	0	0	0	0	0	0	0	0	0	0	0	0	0	0	0	0	0	0	0	0	0	0	0	0	0	0	0	0	0	0	0	0	0	0	0	0	0	0	0	0	0	0	0	0	0	0	0	0	732	0	288	0	298	0	360	0	162	0	532	0	3100	90	4560	0	0	0	0	0	0	0	128	140	76	0	
17444	Cerebelum_10_R	0	0	0	0	0	0	0	0	0	0	0	0	0	0	0	0	0	0	0	0	0	0	0	0	0	0	0	0	0	0	0	0	0	0	0	0	0	0	0	0	0	0	0	0	0	0	0	0	0	0	0	0	0	0	0	0	0	0	0	0	0	0	0	0	0	0	0	0	0	0	0	0	0	0	0	0	0	0	0	0	0	0	0	0	0	0	0	0	0	0	0	990	0	1050	0	108	0	206	0	770	0	0	0	2740	0	1440	0	0	0	146	160	0	356	402	354	0	
56428	Vermis_1_2	0	0	0	0	0	0	0	0	0	0	0	0	0	0	0	0	0	0	0	0	0	0	0	0	0	0	0	0	0	0	0	0	0	0	0	0	0	0	0	0	0	0	0	0	0	0	0	0	0	0	0	0	0	0	0	0	0	0	0	0	0	0	0	0	0	0	0	0	0	0	0	0	0	0	0	0	0	0	0	0	0	0	0	0	0	0	0	0	0	0	590	308	90	232	1856	506	1380	260	1066	366	90	0	378	666	784	2592	0	0	0	6084	2020	1986	1542	1978	2514	926	
108908	Vermis_3	0	0	0	0	0	0	0	0	0	0	0	0	0	0	0	0	0	0	0	0	0	0	0	0	0	0	0	0	0	0	0	0	0	0	0	0	0	132	0	78	0	0	0	0	0	0	0	130	0	0	0	0	0	0	78	0	0	0	0	0	0	0	0	0	0	0	0	0	0	0	0	0	0	0	0	0	0	270	0	0	0	0	0	0	0	0	0	0	0	0	906	1302	108	724	3388	5272	2416	1664	1634	1524	130	0	478	2170	1420	5832	0	146	6084	0	3838	2532	3268	3768	4290	872	
270544	Vermis_4_5	0	170	0	0	0	0	0	0	0	0	0	0	0	0	0	0	0	0	0	0	0	0	0	0	0	0	0	0	0	0	0	0	0	0	0	1016	0	564	0	362	0	0	0	974	0	164	1538	5436	0	126	0	0	0	96	584	3302	0	174	0	0	0	0	0	0	0	0	0	1398	0	228	0	0	0	0	0	0	0	0	0	0	0	0	0	0	0	0	0	0	0	86	4698	12296	656	2264	3030	2262	13228	17896	8660	19162	168	158	1012	5640	2824	2528	0	160	2020	3838	0	6080	2024	2208	3422	2820	
165588	Vermis_6	0	0	0	0	0	0	0	0	0	0	0	0	0	0	0	0	0	0	0	0	0	0	0	0	0	0	0	0	0	0	0	0	0	0	0	0	0	0	0	0	0	0	0	160	0	0	1494	4962	0	0	0	0	0	212	338	2614	0	0	0	0	0	0	0	0	0	0	0	0	0	0	0	0	0	0	0	0	0	0	0	0	0	0	0	0	0	0	0	0	0	0	3886	6602	1002	1304	1154	790	2912	1030	6692	9984	0	0	288	1074	1914	3810	0	0	1986	2532	6080	0	7214	3462	5562	3736	
200552	Vermis_7	0	0	0	0	0	0	0	0	0	0	0	0	0	0	0	0	0	0	0	0	0	0	0	0	0	0	0	0	0	0	0	0	0	0	0	0	0	0	0	0	0	0	0	0	0	0	1798	1292	0	0	0	0	0	0	586	274	0	0	0	0	0	0	0	0	0	0	0	0	0	0	0	0	0	0	0	0	0	0	0	0	0	0	0	0	0	0	0	0	0	0	5920	7488	6192	8012	798	2420	1250	1914	4930	7096	3670	2380	2742	5654	1184	4818	128	356	1542	3268	2024	7214	0	8732	5750	844	
