data	data	417600	165840	977844	768808	178812	186984	539252	173616	143428	70884	232540	136832	318456	128352	233004	153384	270880	147068	556120	691296	115204	157168	512708	482864	90384	144344	87984	115404	576784	352628	489376	651180	148236	545896	140052	122272	262616	245940	119372	188648	59016	64020	234172	279696	198964	358328	333892	301216	227236	423596	472576	274428	103692	101848	443952	444976	263376	188436	118144	130084	209340	113712	109544	148624	114280	145744	314624	432012	250228	189128	370212	431572	442600	380536	99348	44668	142968	153688	79300	46432	237480	192732	138580	93440	352032	321520	57544	55548	340692	308252	542916	484696	371468	373120	36068	81164	369588	262040	528656	460468	285284	197024	345060	413720	75612	83032	12084	7160	34712	61212	260756	304056	416824	181108	111500	45264	
data	data	Precentral_L	Precentral_R	Frontal_Sup_L	Frontal_Sup_R	Frontal_Sup_Orb_L	Frontal_Sup_Orb_R	Frontal_Mid_L	Frontal_Mid_R	Frontal_Mid_Orb_L	Frontal_Mid_Orb_R	Frontal_Inf_Oper_L	Frontal_Inf_Oper_R	Frontal_Inf_Tri_L	Frontal_Inf_Tri_R	Frontal_Inf_Orb_L	Frontal_Inf_Orb_R	Rolandic_Oper_L	Rolandic_Oper_R	Supp_Motor_Area_L	Supp_Motor_Area_R	Olfactory_L	Olfactory_R	Frontal_Sup_Medial_L	Frontal_Sup_Medial_R	Frontal_Med_Orb_L	Frontal_Med_Orb_R	Rectus_L	Rectus_R	Insula_L	Insula_R	Cingulum_Ant_L	Cingulum_Ant_R	Cingulum_Mid_L	Cingulum_Mid_R	Cingulum_Post_L	Cingulum_Post_R	Hippocampus_L	Hippocampus_R	ParaHippocampal_L	ParaHippocampal_R	Amygdala_L	Amygdala_R	Calcarine_L	Calcarine_R	Cuneus_L	Cuneus_R	Lingual_L	Lingual_R	Occipital_Sup_L	Occipital_Sup_R	Occipital_Mid_L	Occipital_Mid_R	Occipital_Inf_L	Occipital_Inf_R	Fusiform_L	Fusiform_R	Postcentral_L	Postcentral_R	Parietal_Sup_L	Parietal_Sup_R	Parietal_Inf_L	Parietal_Inf_R	SupraMarginal_L	SupraMarginal_R	Angular_L	Angular_R	Precuneus_L	Precuneus_R	Paracentral_Lobule_L	Paracentral_Lobule_R	Caudate_L	Caudate_R	Putamen_L	Putamen_R	Pallidum_L	Pallidum_R	Thalamus_L	Thalamus_R	Heschl_L	Heschl_R	Temporal_Sup_L	Temporal_Sup_R	Temporal_Pole_Sup_L	Temporal_Pole_Sup_R	Temporal_Mid_L	Temporal_Mid_R	Temporal_Pole_Mid_L	Temporal_Pole_Mid_R	Temporal_Inf_L	Temporal_Inf_R	Cerebelum_Crus1_L	Cerebelum_Crus1_R	Cerebelum_Crus2_L	Cerebelum_Crus2_R	Cerebelum_3_L	Cerebelum_3_R	Cerebelum_4_5_L	Cerebelum_4_5_R	Cerebelum_6_L	Cerebelum_6_R	Cerebelum_7b_L	Cerebelum_7b_R	Cerebelum_8_L	Cerebelum_8_R	Cerebelum_9_L	Cerebelum_9_R	Cerebelum_10_L	Cerebelum_10_R	Vermis_1_2	Vermis_3	Vermis_4_5	Vermis_6	Vermis_7	Vermis_8	Vermis_9	Vermis_10	
417600	Precentral_L	0	5016	15000	3808	0	0	14064	96	0	0	12874	0	1926	0	154	0	9042	0	6944	11436	0	0	718	202	0	0	0	0	5616	544	698	636	434	7824	198	154	3160	0	356	0	0	0	0	202	0	810	154	0	198	1212	824	496	0	0	448	0	19552	2012	340	512	3768	168	488	936	156	220	404	1660	30350	6924	5540	598	6236	520	2558	0	15024	1076	2178	0	730	0	180	0	440	306	0	0	314	250	0	0	0	0	0	0	0	0	116	0	0	0	0	0	0	0	0	0	0	0	0	0	0	0	0	0	
165840	Precentral_R	5016	0	120	7456	0	0	0	7502	0	0	0	8932	0	0	0	0	172	2218	1534	5072	0	0	0	0	0	0	0	0	96	3230	0	204	0	280	0	0	304	506	0	0	0	0	0	0	0	0	0	0	106	118	164	0	0	0	0	124	594	13226	106	358	96	1266	0	2936	0	0	0	146	3850	7182	1456	3708	456	1580	388	0	1018	1102	0	160	0	0	0	138	0	0	0	0	0	0	0	0	0	0	0	0	0	0	0	0	0	0	0	0	0	0	0	0	0	0	0	0	0	0	0	0	
977844	Frontal_Sup_L	15000	120	0	11898	9730	220	92026	126	7800	0	15368	0	32212	674	11760	990	11664	0	58296	11188	264	218	56540	19692	2764	544	1770	176	29298	472	25324	15452	4436	13034	0	0	1732	0	506	0	140	0	0	0	0	0	0	0	0	0	0	0	0	0	924	0	4936	0	0	0	1324	0	242	0	0	0	0	0	174	0	6314	940	17560	594	1068	0	304	250	1128	0	376	0	796	0	0	0	0	0	452	0	0	0	0	0	0	0	0	0	106	0	0	0	0	0	0	0	0	0	0	0	0	0	0	0	0	0	
768808	Frontal_Sup_R	3808	7456	11898	0	260	10426	2174	31134	0	2376	1418	5116	394	9696	164	10630	3074	2064	11946	68686	0	692	15792	41026	388	4048	0	358	2020	8678	11678	31012	1962	18026	208	230	124	734	0	0	0	362	0	0	0	150	0	0	314	194	674	0	0	0	0	0	584	1434	318	0	0	104	0	830	0	0	212	250	2444	844	8578	19932	1704	12614	492	2072	1380	8482	0	142	134	94	220	150	0	0	0	0	0	0	0	0	0	0	0	0	0	0	0	0	0	0	0	0	0	0	0	0	0	0	0	0	0	0	0	0	
178812	Frontal_Sup_Orb_L	0	0	9730	260	0	222	3376	0	14580	0	218	0	2042	0	11160	0	0	0	930	160	1872	954	6174	1322	7940	1384	7204	946	4994	0	5520	1456	0	0	0	0	0	0	0	0	268	0	0	0	0	0	0	0	0	0	0	0	0	0	0	0	0	0	0	0	0	0	0	0	0	0	0	0	0	0	1538	300	4206	226	130	0	0	0	0	0	0	0	294	0	0	0	0	0	0	0	0	0	0	0	0	0	0	0	0	0	0	0	0	0	0	0	0	0	0	0	0	0	0	0	0	0	
186984	Frontal_Sup_Orb_R	0	0	220	10426	222	0	0	1246	0	9046	0	0	0	392	96	4864	0	0	0	280	2174	4820	1128	8624	934	9504	468	10124	374	4046	1244	5532	0	140	0	0	0	276	0	94	376	810	0	0	0	0	0	0	0	0	0	0	0	0	0	0	0	0	0	0	0	0	0	0	0	0	0	0	0	0	2696	3750	2152	6700	462	116	0	156	0	0	0	0	0	0	0	0	0	0	0	0	0	0	0	0	0	0	0	0	0	0	0	0	0	0	0	0	0	0	0	0	0	0	0	0	0	0	
539252	Frontal_Mid_L	14064	0	92026	2174	3376	0	0	0	7822	0	16534	0	41310	214	9946	198	4486	0	9038	2518	0	0	16526	4006	0	0	124	0	15960	186	8018	4624	2406	4342	0	0	546	0	0	0	0	0	0	0	0	0	0	0	0	0	164	0	0	0	118	0	2776	0	0	0	1018	0	174	0	0	0	0	0	248	0	796	436	1142	190	94	0	822	0	562	0	158	0	344	0	0	0	0	0	140	0	0	0	0	0	0	0	0	0	0	0	0	0	0	0	0	0	0	0	0	0	0	0	0	0	0	0	
173616	Frontal_Mid_R	96	7502	126	31134	0	1246	0	0	0	3542	0	7448	0	8186	0	7090	214	1408	356	6398	0	0	140	2570	0	0	0	0	0	2520	166	676	0	810	0	0	0	0	0	0	0	0	0	0	0	0	0	0	0	0	0	0	0	0	0	0	0	116	0	0	0	0	0	0	0	0	0	0	0	0	1804	2378	0	602	0	0	122	0	0	0	0	0	0	158	0	0	0	0	0	0	0	0	0	0	0	0	0	0	0	0	0	0	0	0	0	0	0	0	0	0	0	0	0	0	0	0	
143428	Frontal_Mid_Orb_L	0	0	7800	0	14580	0	7822	0	0	0	210	0	6116	0	18406	0	0	0	158	0	296	188	848	136	1562	220	2800	176	5566	0	1372	270	0	0	0	0	0	0	0	0	122	0	0	0	0	0	0	0	0	0	0	0	0	0	0	0	0	0	0	0	0	0	0	0	0	0	0	0	0	0	318	104	2492	0	0	0	0	0	0	0	0	0	152	0	0	0	0	0	0	0	0	0	0	0	0	0	0	0	0	0	0	0	0	0	0	0	0	0	0	0	0	0	0	0	0	0	
70884	Frontal_Mid_Orb_R	0	0	0	2376	0	9046	0	3542	0	0	0	0	0	1602	0	7026	0	0	0	0	226	860	0	1252	0	1998	0	2178	0	1894	134	546	0	0	0	0	0	148	0	0	0	352	0	0	0	0	0	0	0	0	0	0	0	0	0	0	0	0	0	0	0	0	0	0	0	0	0	0	0	0	284	446	238	1294	0	0	0	0	0	0	0	0	0	0	0	0	0	0	0	0	0	0	0	0	0	0	0	0	0	0	0	0	0	0	0	0	0	0	0	0	0	0	0	0	0	0	
232540	Frontal_Inf_Oper_L	12874	0	15368	1418	218	0	16534	0	210	0	0	0	15318	0	950	0	12832	0	3542	1566	0	0	2710	306	0	0	358	0	13380	0	1006	646	0	1538	0	0	0	0	0	0	0	0	0	0	0	0	0	0	0	0	0	0	0	0	0	0	5950	0	0	0	1122	0	110	0	0	0	0	0	0	0	2700	0	1700	0	0	0	0	0	396	0	936	0	2484	0	0	0	0	0	98	0	0	0	0	0	0	0	0	0	0	0	0	0	0	0	0	0	0	0	0	0	0	0	0	0	0	0	
136832	Frontal_Inf_Oper_R	0	8932	0	5116	0	0	0	7448	0	0	0	0	0	4336	0	968	112	5008	152	3532	0	0	0	868	0	118	0	0	0	11460	270	1586	0	244	0	0	0	154	0	0	0	0	0	0	0	0	0	0	0	0	0	0	0	0	0	0	0	670	0	0	0	0	0	434	0	0	0	0	0	0	338	9320	0	6172	0	130	172	306	0	100	0	0	0	470	0	0	0	0	0	0	0	0	0	0	0	0	0	0	0	0	0	0	0	0	0	0	0	0	0	0	0	0	0	0	0	0	
318456	Frontal_Inf_Tri_L	1926	0	32212	394	2042	0	41310	0	6116	0	15318	0	0	0	16808	0	2132	0	1582	590	0	0	3920	652	0	0	0	0	26592	0	1802	968	0	714	0	0	0	0	0	0	0	0	0	0	0	0	0	0	0	0	0	0	0	0	0	0	238	0	0	0	0	0	0	0	0	0	0	0	0	0	394	0	2132	0	0	0	0	0	0	0	154	0	1232	0	0	0	0	0	0	0	0	0	0	0	0	0	0	0	0	0	0	0	0	0	0	0	0	0	0	0	0	0	0	0	0	0	
128352	Frontal_Inf_Tri_R	0	0	674	9696	0	392	214	8186	0	1602	0	4336	0	0	0	9528	0	0	370	2152	0	182	838	3200	0	704	0	0	0	8708	1694	4606	102	1520	0	0	0	0	0	0	0	0	0	0	0	0	0	0	0	0	0	0	0	0	0	0	0	0	0	0	0	0	0	0	0	0	0	0	0	0	256	1776	120	2802	110	408	0	0	0	0	0	0	0	0	0	0	0	0	0	0	0	0	0	0	0	0	0	0	0	0	0	0	0	0	0	0	0	0	0	0	0	0	0	0	0	0	
233004	Frontal_Inf_Orb_L	154	0	11760	164	11160	96	9946	0	18406	0	950	0	16808	0	0	0	0	0	1106	262	2102	708	604	174	324	0	1986	428	23570	0	812	546	0	106	0	0	0	0	144	0	448	0	0	0	0	0	0	0	0	0	0	0	0	0	0	0	0	0	0	0	0	0	0	0	0	0	0	0	0	0	1262	310	9170	192	378	0	0	0	0	0	0	0	2426	0	0	0	0	0	0	0	0	0	0	0	0	0	0	0	0	0	0	0	0	0	0	0	0	0	0	0	0	0	0	0	0	0	
153384	Frontal_Inf_Orb_R	0	0	990	10630	0	4864	198	7090	0	7026	0	968	0	9528	0	0	0	0	600	1234	278	1186	1862	5200	0	332	0	886	0	8238	266	2062	140	2568	0	0	0	156	0	228	0	128	0	0	0	0	0	0	0	0	0	0	0	0	0	490	0	0	0	0	0	0	0	0	0	0	0	0	0	0	484	1172	400	2652	160	146	0	0	0	0	0	212	0	2414	0	1170	0	220	0	514	0	0	0	0	0	0	0	0	0	0	0	0	0	0	0	0	0	0	0	0	0	0	0	0	0	0	
270880	Rolandic_Oper_L	9042	172	11664	3074	0	0	4486	214	0	0	12832	112	2132	0	0	0	0	0	7242	3722	0	0	334	0	0	0	0	0	24656	108	470	646	0	1192	0	0	2492	0	734	0	0	0	0	0	0	0	0	0	0	0	0	0	0	0	2370	0	10066	100	0	0	1256	0	2070	0	228	0	0	0	0	0	6530	224	5160	172	0	0	954	0	6820	0	6448	0	3308	0	1296	0	0	0	2794	0	0	0	0	0	0	0	0	0	320	0	0	0	0	0	0	0	0	0	0	0	0	0	0	0	0	0	
147068	Rolandic_Oper_R	0	2218	0	2064	0	0	0	1408	0	0	0	5008	0	0	0	0	0	0	166	1412	0	0	0	282	0	0	0	0	0	18416	364	1104	0	0	0	0	0	1468	0	0	0	0	0	0	0	0	0	0	0	104	0	0	0	0	0	464	0	2942	0	140	0	714	0	3208	0	104	0	106	0	0	0	5092	0	12684	0	1410	144	1038	0	3330	0	5984	0	1316	0	550	0	0	0	294	0	0	0	0	0	0	0	0	0	0	0	0	0	0	0	0	0	0	0	0	0	0	0	0	0	0	
556120	Supp_Motor_Area_L	6944	1534	58296	11946	930	0	9038	356	158	0	3542	152	1582	370	1106	600	7242	166	0	40286	198	202	10128	5280	208	0	724	176	13090	264	11700	11582	10590	21238	1220	194	978	0	362	0	0	0	0	0	0	0	0	0	208	0	256	0	0	0	666	0	3384	316	104	0	556	0	0	186	0	0	748	0	2126	430	9442	3174	18500	434	3372	0	288	228	566	0	196	0	260	0	0	0	0	0	238	0	0	0	0	0	0	0	0	0	0	0	0	0	0	0	0	0	0	0	0	0	0	0	0	0	0	0	
691296	Supp_Motor_Area_R	11436	5072	11188	68686	160	280	2518	6398	0	0	1566	3532	590	2152	262	1234	3722	1412	40286	0	0	100	2880	8248	0	196	98	0	2672	4016	10252	19674	4902	39750	484	1254	146	600	0	0	0	0	0	158	146	556	0	0	546	474	1036	108	0	0	0	0	846	1728	464	452	124	0	0	598	0	0	774	1322	12288	11990	8934	23046	2462	7230	300	1618	1000	10736	100	124	138	118	222	0	0	126	0	0	0	118	0	0	0	0	0	0	0	0	0	0	0	0	0	0	0	0	0	0	0	0	0	0	0	0	0	0	
115204	Olfactory_L	0	0	264	0	1872	2174	0	0	296	226	0	0	0	0	2102	278	0	0	198	0	0	7812	0	142	852	424	2784	3766	3878	0	3086	2174	0	0	0	0	96	0	512	0	1254	116	0	0	0	0	0	0	0	0	0	0	0	0	0	0	0	0	0	0	0	0	0	0	0	0	0	0	0	0	9740	3698	6052	2096	1100	96	128	0	0	0	0	0	386	0	0	0	0	0	0	0	0	0	0	0	0	0	0	0	0	0	0	0	0	0	0	0	0	0	0	0	0	0	0	0	0	0	
157168	Olfactory_R	0	0	218	692	954	4820	0	0	188	860	0	0	0	182	708	1186	0	0	202	100	7812	0	126	596	254	1358	1904	6182	1462	2028	2390	3312	0	0	0	0	0	0	136	126	756	442	0	0	0	0	0	0	0	0	0	0	0	0	0	0	0	0	0	0	0	0	0	0	0	0	0	0	0	0	11550	8926	8628	5860	3584	378	144	214	0	0	0	0	110	196	0	0	0	0	0	0	0	0	0	0	0	0	0	0	0	0	0	0	0	0	0	0	0	0	0	0	0	0	0	0	0	0	
512708	Frontal_Sup_Medial_L	718	0	56540	15792	6174	1128	16526	140	848	0	2710	0	3920	838	604	1862	334	0	10128	2880	0	126	0	36286	5496	2884	812	226	1530	470	31192	28850	5204	16942	0	0	0	0	0	0	0	0	0	0	0	0	0	0	0	0	0	0	0	0	0	0	244	0	0	0	112	0	0	0	0	0	0	0	0	0	608	1770	1510	822	128	0	0	0	0	0	0	0	0	0	0	0	0	0	0	0	0	0	0	0	0	0	0	0	0	0	0	0	0	0	0	0	0	0	0	0	0	0	0	0	0	0	
482864	Frontal_Sup_Medial_R	202	0	19692	41026	1322	8624	4006	2570	136	1252	306	868	652	3200	174	5200	0	282	5280	8248	142	596	36286	0	2544	10342	212	1206	292	2918	11958	36812	1608	18520	0	0	0	0	0	0	0	0	0	0	0	0	0	0	0	0	0	0	0	0	0	0	0	0	0	0	0	0	0	0	0	0	0	0	0	0	904	6100	446	6634	268	604	0	0	0	0	0	0	0	0	0	0	0	0	0	0	0	0	0	0	0	0	0	0	0	0	0	0	0	0	0	0	0	0	0	0	0	0	0	0	0	0	
90384	Frontal_Med_Orb_L	0	0	2764	388	7940	934	0	0	1562	0	0	0	0	0	324	0	0	0	208	0	852	254	5496	2544	0	4114	2856	864	254	0	8620	2968	0	0	0	0	0	0	0	0	0	0	0	0	0	0	0	0	0	0	0	0	0	0	0	0	0	0	0	0	0	0	0	0	0	0	0	0	0	0	860	390	674	326	0	0	0	0	0	0	0	0	0	0	0	0	0	0	0	0	0	0	0	0	0	0	0	0	0	0	0	0	0	0	0	0	0	0	0	0	0	0	0	0	0	0	
144344	Frontal_Med_Orb_R	0	0	544	4048	1384	9504	0	0	220	1998	0	118	0	704	0	332	0	0	0	196	424	1358	2884	10342	4114	0	1142	7412	0	876	4246	9196	0	0	0	0	0	0	0	0	0	0	0	0	0	0	0	0	0	0	0	0	0	0	0	0	0	0	0	0	0	0	0	0	0	0	0	0	0	0	844	3824	604	5054	402	402	0	0	0	0	0	0	0	0	0	0	0	0	0	0	0	0	0	0	0	0	0	0	0	0	0	0	0	0	0	0	0	0	0	0	0	0	0	0	0	0	
87984	Rectus_L	0	0	1770	0	7204	468	124	0	2800	0	358	0	0	0	1986	0	0	0	724	98	2784	1904	812	212	2856	1142	0	1960	2266	0	4458	1840	0	0	0	0	0	0	0	0	204	0	0	0	0	0	0	0	0	0	0	0	0	0	0	0	0	0	0	0	0	0	0	0	0	0	0	0	0	0	3088	674	3466	604	94	0	0	0	0	0	0	0	96	0	0	0	0	0	0	0	0	0	0	0	0	0	0	0	0	0	0	0	0	0	0	0	0	0	0	0	0	0	0	0	0	0	
115404	Rectus_R	0	0	176	358	946	10124	0	0	176	2178	0	0	0	0	428	886	0	0	176	0	3766	6182	226	1206	864	7412	1960	0	830	452	1418	3752	0	0	0	0	0	0	0	0	486	104	0	0	0	0	0	0	0	0	0	0	0	0	0	0	0	0	0	0	0	0	0	0	0	0	0	0	0	0	3904	3254	2668	3352	304	0	0	114	0	0	0	0	0	0	0	0	0	0	0	0	0	0	0	0	0	0	0	0	0	0	0	0	0	0	0	0	0	0	0	0	0	0	0	0	0	0	
576784	Insula_L	5616	96	29298	2020	4994	374	15960	0	5566	0	13380	0	26592	0	23570	0	24656	0	13090	2672	3878	1462	1530	292	254	0	2266	830	0	0	2058	1042	0	946	0	0	11634	0	4320	0	2478	0	0	0	0	0	0	0	0	0	0	0	0	0	7754	0	3756	124	0	0	714	0	486	0	114	0	0	0	104	0	5946	670	32172	352	1024	0	3110	148	8066	0	5746	0	7786	0	2218	0	518	0	6204	0	0	0	0	0	0	0	0	0	506	0	0	0	0	0	0	0	0	0	0	0	0	0	0	0	0	0	
352628	Insula_R	544	3230	472	8678	0	4046	186	2520	0	1894	0	11460	0	8708	0	8238	108	18416	264	4016	0	2028	470	2918	0	876	0	452	0	0	1508	5318	0	262	0	0	224	7442	0	1508	0	1696	0	0	0	122	0	0	0	208	0	0	0	804	0	3138	328	874	0	120	0	302	0	1230	0	306	0	138	0	0	570	8584	348	30608	178	1706	168	3668	0	3498	0	11058	0	2594	0	3842	0	0	0	4440	0	0	0	0	0	0	0	0	0	0	0	0	0	0	0	0	0	0	0	0	0	0	0	0	0	0	
489376	Cingulum_Ant_L	698	0	25324	11678	5520	1244	8018	166	1372	134	1006	270	1802	1694	812	266	470	364	11700	10252	3086	2390	31192	11958	8620	4246	4458	1418	2058	1508	0	40256	6216	13600	0	0	0	0	0	0	0	0	0	0	0	0	0	0	0	0	0	0	0	0	0	0	148	0	0	0	0	0	0	0	0	0	0	0	0	0	10664	8458	6660	4044	460	152	142	0	0	0	0	0	164	0	0	0	0	0	0	0	0	0	0	0	0	0	0	0	0	0	0	0	0	0	0	0	0	0	0	0	0	0	0	0	0	0	
651180	Cingulum_Ant_R	636	204	15452	31012	1456	5532	4624	676	270	546	646	1586	968	4606	546	2062	646	1104	11582	19674	2174	3312	28850	36812	2968	9196	1840	3752	1042	5318	40256	0	6482	30946	0	0	0	0	0	0	0	0	0	0	0	0	0	0	0	0	0	0	0	0	0	0	178	0	0	0	0	0	0	0	0	0	0	0	0	0	7500	20924	2922	14716	986	780	424	0	0	108	0	160	0	116	0	0	0	0	0	0	0	0	0	0	0	0	0	0	0	0	0	0	0	0	0	0	0	0	0	0	0	0	0	0	0	0	
148236	Cingulum_Mid_L	434	0	4436	1962	0	0	2406	0	0	0	0	0	0	102	0	140	0	0	10590	4902	0	0	5204	1608	0	0	0	0	0	0	6216	6482	0	13392	2738	762	0	0	0	0	0	0	0	284	222	0	0	0	1260	0	1316	0	0	0	0	0	372	230	594	0	0	0	0	0	0	0	4184	1202	2054	462	282	156	126	0	0	0	0	0	0	0	0	0	0	0	0	0	0	0	0	0	0	0	0	0	0	0	0	0	0	0	0	0	0	0	0	0	0	0	0	0	0	0	0	0	0	0	
545896	Cingulum_Mid_R	7824	280	13034	18026	0	140	4342	810	0	0	1538	244	714	1520	106	2568	1192	0	21238	39750	0	0	16942	18520	0	0	0	0	946	262	13600	30946	13392	0	1416	4122	0	0	0	0	0	0	0	1682	114	4180	0	0	584	3882	488	1028	0	0	0	0	414	3572	188	1012	0	168	0	102	0	370	2810	9952	10416	12696	2902	606	208	108	0	0	182	0	0	0	112	136	190	0	0	774	0	0	0	600	0	0	0	0	0	0	0	0	0	0	0	0	0	0	0	0	0	0	0	0	0	0	0	0	0	0	
140052	Cingulum_Post_L	198	0	0	208	0	0	0	0	0	0	0	0	0	0	0	0	0	0	1220	484	0	0	0	0	0	0	0	0	0	0	0	0	2738	1416	0	12198	2782	5114	280	2280	0	0	2438	0	1018	466	1078	162	1366	286	3612	0	1038	202	3246	722	2694	608	434	0	0	0	0	0	0	0	10380	2868	2158	624	0	0	0	0	0	0	98	1720	0	0	0	0	0	0	2508	0	0	0	534	0	0	0	0	0	0	0	0	0	848	0	0	0	0	0	0	0	0	0	0	0	0	0	0	0	0	0	
122272	Cingulum_Post_R	154	0	0	230	0	0	0	0	0	0	0	0	0	0	0	0	0	0	194	1254	0	0	0	0	0	0	0	0	0	0	0	0	762	4122	12198	0	448	4112	0	1958	0	0	1274	690	146	1594	172	680	114	1180	836	594	372	530	1914	1304	540	1928	0	104	0	94	0	128	0	152	5100	8970	612	2280	0	0	0	0	0	0	0	570	0	0	0	0	0	0	822	472	0	0	176	918	0	0	0	0	0	0	0	118	380	0	0	0	0	0	0	0	0	0	0	0	940	0	0	0	0	0	
262616	Hippocampus_L	3160	304	1732	124	0	0	546	0	0	0	0	0	0	0	0	0	2492	0	978	146	96	0	0	0	0	0	0	0	11634	224	0	0	0	0	2782	448	0	1826	17288	1050	8098	0	1728	0	0	0	5174	0	0	0	312	0	0	0	20810	100	278	0	0	0	0	0	0	0	0	0	3532	0	896	0	196	120	10468	672	1124	0	7328	2938	1828	0	3164	0	2622	0	1574	0	864	0	10742	0	0	0	0	0	0	0	814	0	1096	0	0	0	0	0	0	0	0	0	0	0	0	0	0	0	0	0	
245940	Hippocampus_R	0	506	0	734	0	276	0	0	0	148	0	154	0	0	0	156	0	1468	0	600	0	0	0	0	0	0	0	0	0	7442	0	0	0	0	5114	4112	1826	0	512	25538	0	8822	1030	122	0	0	140	2208	0	0	532	0	150	1302	356	19136	372	160	0	0	0	256	0	228	0	252	1420	1438	124	204	96	942	0	7402	0	2150	134	7938	0	1226	0	2154	0	1344	578	2720	0	230	0	7932	0	128	0	0	0	94	0	582	0	366	0	0	0	0	0	0	0	0	0	0	116	0	0	0	0	0	
119372	ParaHippocampal_L	356	0	506	0	0	0	0	0	0	0	0	0	0	0	144	0	734	0	362	0	512	136	0	0	0	0	0	0	4320	0	0	0	0	0	280	0	17288	512	0	242	3526	0	112	0	0	0	2838	0	0	0	230	0	140	0	12478	0	0	0	0	0	0	0	0	0	0	0	338	0	108	0	202	0	3524	118	0	0	2838	850	0	0	188	0	1604	0	408	0	1118	0	2226	0	150	0	0	0	0	0	650	0	648	0	0	0	0	0	0	0	0	0	0	0	0	0	0	0	0	0	
188648	ParaHippocampal_R	0	0	0	0	0	94	0	0	0	0	0	0	0	0	0	228	0	0	0	0	0	126	0	0	0	0	0	0	0	1508	0	0	0	0	2280	1958	1050	25538	242	0	0	5850	844	316	0	120	294	3714	0	120	0	0	0	882	0	20062	0	0	0	0	0	0	0	0	0	0	898	1252	0	0	0	260	0	1506	0	872	0	3978	0	0	0	422	0	2464	0	898	0	2160	0	2984	246	1156	0	116	0	280	330	3606	360	2344	0	0	0	748	0	514	0	0	0	0	200	370	508	324	302	0	
59016	Amygdala_L	0	0	140	0	268	376	0	0	122	0	0	0	0	0	448	0	0	0	0	0	1254	756	0	0	0	0	204	486	2478	0	0	0	0	0	0	0	8098	0	3526	0	0	0	0	0	0	0	0	0	0	0	0	0	0	0	4434	0	0	0	0	0	0	0	0	0	0	0	0	0	0	0	982	254	1566	124	0	0	158	0	0	0	0	0	1934	0	0	0	696	0	1204	0	0	0	0	0	0	0	0	0	0	0	0	0	0	0	0	0	0	0	0	0	0	0	0	0	0	0	
64020	Amygdala_R	0	0	0	362	0	810	0	0	0	352	0	0	0	0	0	128	0	0	0	0	116	442	0	0	0	0	0	104	0	1696	0	0	0	0	0	0	0	8822	0	5850	0	0	0	0	0	0	0	0	0	0	0	0	0	0	0	5976	0	0	0	0	0	0	0	0	0	0	0	0	0	0	118	314	116	614	0	452	0	180	0	0	0	330	0	2034	0	316	0	586	0	2292	0	0	0	0	0	0	0	0	0	0	0	0	0	0	0	0	0	0	0	0	0	0	0	0	0	0	
234172	Calcarine_L	0	0	0	0	0	0	0	0	0	0	0	0	0	0	0	0	0	0	0	0	0	0	0	0	0	0	0	0	0	0	0	0	0	0	2438	1274	1728	1030	112	844	0	0	0	5212	12104	3742	13198	1514	9502	2774	27210	158	4994	0	4182	94	280	0	130	0	0	0	0	0	0	0	14850	454	288	0	0	0	0	0	0	0	0	0	0	0	0	0	0	0	2846	0	0	0	612	0	232	678	0	0	0	0	788	870	758	864	0	0	0	0	0	0	0	0	0	0	1158	168	0	0	0	0	
279696	Calcarine_R	202	0	0	0	0	0	0	0	0	0	0	0	0	0	0	0	0	0	0	158	0	0	0	0	0	0	0	0	0	0	0	0	284	1682	0	690	0	122	0	316	0	0	5212	0	4458	23472	860	18576	466	20934	170	12158	0	3890	0	8504	0	742	0	106	0	274	0	524	0	1486	734	22608	276	1402	0	0	0	0	0	0	0	0	0	236	0	474	0	0	0	3488	0	0	0	4228	0	0	0	0	0	0	0	0	196	228	0	0	0	0	0	0	0	0	0	0	234	344	114	0	0	0	
198964	Cuneus_L	0	0	0	0	0	0	0	0	0	0	0	0	0	0	0	0	0	0	0	146	0	0	0	0	0	0	0	0	0	0	0	0	222	114	1018	146	0	0	0	0	0	0	12104	4458	0	9434	708	172	17412	7370	19176	2832	558	0	118	0	1126	0	536	0	0	0	0	0	0	0	13384	2714	1442	0	0	0	0	0	0	0	0	0	0	0	0	0	0	0	3110	112	0	0	1070	0	0	0	0	0	0	0	0	0	0	0	0	0	0	0	0	0	0	0	0	0	0	0	0	0	0	0	
358328	Cuneus_R	810	0	0	150	0	0	0	0	0	0	0	0	0	0	0	0	0	0	0	556	0	0	0	0	0	0	0	0	0	122	0	0	0	4180	466	1594	0	0	0	120	0	0	3742	23472	9434	0	380	5074	616	45760	250	13382	0	336	0	1636	0	3484	0	9362	0	736	0	518	0	2042	4506	30882	1250	4568	0	0	0	0	0	0	0	0	0	0	0	854	0	0	0	4918	0	0	0	3682	0	0	0	0	0	0	0	0	0	116	0	0	0	0	0	0	0	0	0	0	166	0	0	0	0	0	
333892	Lingual_L	154	0	0	0	0	0	0	0	0	0	0	0	0	0	0	0	0	0	0	0	0	0	0	0	0	0	0	0	0	0	0	0	0	0	1078	172	5174	140	2838	294	0	0	13198	860	708	380	0	4090	860	366	10606	0	7492	0	20010	682	0	0	0	0	0	0	0	0	0	0	7472	0	106	0	0	0	0	0	0	0	2474	0	0	0	0	0	0	0	148	0	0	0	146	0	12046	3462	1186	2312	0	414	15940	3030	21494	4594	438	296	924	3740	376	110	0	166	0	150	4538	6254	5018	558	302	150	
301216	Lingual_R	0	0	0	0	0	0	0	0	0	0	0	0	0	0	0	0	0	0	0	0	0	0	0	0	0	0	0	0	0	0	0	0	0	0	162	680	0	2208	0	3714	0	0	1514	18576	172	5074	4090	0	0	7126	0	4512	462	4214	1788	19256	0	0	0	0	0	202	0	206	0	298	180	8280	0	150	0	0	0	0	0	0	0	206	0	200	0	274	0	0	0	934	0	0	0	1718	3352	11072	156	152	114	256	1298	5356	5692	16402	0	0	142	96	0	0	0	0	0	0	4554	13150	2620	0	0	0	
227236	Occipital_Sup_L	198	106	0	314	0	0	0	0	0	0	0	0	0	0	0	0	0	0	208	546	0	0	0	0	0	0	0	0	0	0	0	0	1260	584	1366	114	0	0	0	0	0	0	9502	466	17412	616	860	0	0	330	38540	0	318	0	0	0	3318	0	11140	0	3808	0	0	0	552	0	12322	1500	1908	0	134	0	242	0	0	0	0	0	0	0	0	0	0	0	2190	0	0	0	3764	0	0	0	0	0	0	0	0	0	0	0	0	0	0	0	0	0	0	0	0	0	0	0	0	0	0	0	
423596	Occipital_Sup_R	1212	118	0	194	0	0	0	0	0	0	0	0	0	0	0	0	0	104	0	474	0	0	0	0	0	0	0	0	0	208	0	0	0	3882	286	1180	0	0	0	120	0	0	2774	20934	7370	45760	366	7126	330	0	158	29382	0	686	0	2876	0	3596	0	10076	0	2920	0	1638	0	9380	3400	28616	1628	4908	0	0	0	0	0	0	0	0	0	112	0	2154	0	0	0	11172	0	0	0	5976	0	0	0	0	0	0	0	0	116	216	0	0	0	0	0	0	0	0	0	0	0	234	116	0	0	0	
472576	Occipital_Mid_L	824	164	0	674	0	0	164	0	0	0	0	0	0	0	0	0	0	0	256	1036	0	0	0	0	0	0	0	0	0	0	0	0	1316	488	3612	836	312	532	230	0	0	0	27210	170	19176	250	10606	0	38540	158	0	0	16060	0	5376	0	7500	108	14842	0	9718	0	406	0	12880	0	20298	1056	3828	0	182	0	258	0	0	0	0	0	0	0	732	0	0	0	27446	0	0	0	8862	0	0	0	0	0	0	0	0	0	182	0	0	0	0	0	0	0	0	0	0	0	0	0	0	0	0	0	
274428	Occipital_Mid_R	496	0	0	0	0	0	0	0	0	0	0	0	0	0	0	0	0	0	0	108	0	0	0	0	0	0	0	0	0	0	0	0	0	1028	0	594	0	0	0	0	0	0	158	12158	2832	13382	0	4512	0	29382	0	0	0	3530	0	2690	0	794	0	3496	0	2948	0	1582	0	19244	860	12704	616	2024	0	0	0	0	0	0	0	0	0	0	0	888	0	0	0	17024	0	0	0	3740	0	0	0	0	0	0	0	0	0	152	0	0	0	0	0	0	0	0	0	0	0	156	116	0	0	0	
103692	Occipital_Inf_L	0	0	0	0	0	0	0	0	0	0	0	0	0	0	0	0	0	0	0	0	0	0	0	0	0	0	0	0	0	0	0	0	0	0	1038	372	0	150	140	0	0	0	4994	0	558	0	7492	462	318	0	16060	0	0	0	9082	104	0	0	0	0	0	0	0	0	0	0	1368	0	0	0	0	0	0	0	0	0	0	0	0	0	0	0	0	0	2764	0	0	0	2504	0	1306	156	202	0	0	0	130	0	1330	434	0	0	94	0	0	0	0	0	0	0	0	788	0	0	0	0	
101848	Occipital_Inf_R	0	0	0	0	0	0	0	0	0	0	0	0	0	0	0	0	0	0	0	0	0	0	0	0	0	0	0	0	0	804	0	0	0	0	202	530	0	1302	0	882	0	0	0	3890	0	336	0	4214	0	686	0	3530	0	0	96	12108	0	146	0	0	0	392	0	706	0	140	0	1844	0	102	0	0	0	0	0	0	0	0	0	558	0	1544	0	0	0	3282	0	0	0	9756	250	496	0	0	0	0	0	0	280	1234	0	0	0	0	0	0	0	0	0	0	0	1180	434	0	0	0	
443952	Fusiform_L	448	0	924	0	0	0	118	0	0	0	0	0	0	0	0	0	2370	0	666	0	0	0	0	0	0	0	0	0	7754	0	0	0	0	0	3246	1914	20810	356	12478	0	4434	0	4182	0	118	0	20010	1788	0	0	5376	0	9082	96	0	544	390	0	0	0	808	0	2020	0	180	0	2634	220	0	0	0	0	5966	0	0	0	900	0	1282	0	2300	0	2842	0	2204	0	2274	0	16774	0	22552	982	4356	346	96	162	10552	540	32260	1912	1470	0	1888	720	0	0	0	0	0	0	1558	3594	1190	290	0	0	
444976	Fusiform_R	0	124	0	0	0	0	0	0	0	0	0	0	0	0	0	490	0	464	0	0	0	0	0	0	0	0	0	0	0	3138	0	0	0	0	722	1304	100	19136	0	20062	0	5976	94	8504	0	1636	682	19256	0	2876	0	2690	104	12108	544	0	0	358	0	204	0	1144	0	1726	0	444	170	5904	0	204	0	162	0	830	0	350	0	764	0	1530	0	5154	0	7466	0	7590	0	5620	0	27046	1238	13492	0	332	0	634	504	8288	1680	20584	0	0	0	884	0	398	0	140	0	0	966	4506	1672	252	242	0	
263376	Postcentral_L	19552	594	4936	584	0	0	2776	0	0	0	5950	0	238	0	0	0	10066	0	3384	846	0	0	244	0	0	0	0	0	3756	328	148	178	372	414	2694	540	278	372	0	0	0	0	280	0	1126	0	0	0	3318	0	7500	0	0	0	390	0	0	1140	4534	0	19742	98	8490	388	1698	0	5158	110	5874	352	876	98	732	0	116	0	284	122	2918	0	3368	0	152	0	2668	0	0	0	1772	0	0	0	0	0	0	0	0	0	134	0	0	0	0	0	0	0	0	0	0	0	0	0	0	0	0	0	
188436	Postcentral_R	2012	13226	0	1434	0	0	0	116	0	0	0	670	0	0	0	0	100	2942	316	1728	0	0	0	0	0	0	0	0	124	874	0	0	230	3572	608	1928	0	160	0	0	0	0	0	742	0	3484	0	0	0	3596	108	794	0	146	0	358	1140	0	0	5708	114	8320	0	14294	0	810	208	4522	3116	10894	180	1210	130	336	0	0	148	358	0	160	0	732	0	0	0	1572	0	0	0	998	0	0	0	0	0	0	0	0	0	0	0	0	0	0	0	0	0	0	0	0	0	0	0	0	0	0	
118144	Parietal_Sup_L	340	106	0	318	0	0	0	0	0	0	0	0	0	0	0	0	0	0	104	464	0	0	0	0	0	0	0	0	0	0	0	0	594	188	434	0	0	0	0	0	0	0	130	0	536	0	0	0	11140	0	14842	0	0	0	0	0	4534	0	0	0	8974	0	164	0	244	0	10198	1434	1740	0	132	0	252	0	0	0	0	0	0	0	164	0	0	0	1012	0	0	0	1028	0	0	0	0	0	0	0	0	0	0	0	0	0	0	0	0	0	0	0	0	0	0	0	0	0	0	0	
130084	Parietal_Sup_R	512	358	0	0	0	0	0	0	0	0	0	0	0	0	0	0	0	140	0	452	0	0	0	0	0	0	0	0	0	120	0	0	0	1012	0	104	0	0	0	0	0	0	0	106	0	9362	0	0	0	10076	0	3496	0	0	0	204	0	5708	0	0	0	5752	0	3822	0	4488	1092	12944	734	2184	0	0	0	0	0	0	0	0	0	0	0	348	0	0	0	1226	0	0	0	802	0	0	0	0	0	0	0	0	0	0	0	0	0	0	0	0	0	0	0	0	0	0	0	0	0	0	
209340	Parietal_Inf_L	3768	96	1324	0	0	0	1018	0	0	0	1122	0	0	0	0	0	1256	0	556	124	0	0	112	0	0	0	0	0	714	0	0	0	0	0	0	0	0	0	0	0	0	0	0	0	0	0	0	0	3808	0	9718	0	0	0	808	0	19742	114	8974	0	0	0	19678	0	13816	0	410	0	200	0	210	0	96	0	0	0	0	0	220	0	7718	0	0	0	5292	0	0	0	3320	0	0	0	0	0	0	0	0	0	456	0	0	0	0	0	0	0	0	0	0	0	0	0	0	0	0	0	
113712	Parietal_Inf_R	168	1266	0	104	0	0	0	0	0	0	0	0	0	0	0	0	0	714	0	0	0	0	0	0	0	0	0	0	0	302	0	0	0	168	0	94	0	256	0	0	0	0	0	274	0	736	0	202	0	2920	0	2948	0	392	0	1144	98	8320	0	5752	0	0	0	16240	0	9786	0	1314	178	334	0	0	0	0	0	0	0	0	0	426	0	768	0	0	0	1418	0	0	0	534	0	0	0	0	0	0	0	0	0	0	0	0	0	0	0	0	0	0	0	0	0	0	0	0	0	0	
109544	SupraMarginal_L	488	0	242	0	0	0	174	0	0	0	110	0	0	0	0	0	2070	0	0	0	0	0	0	0	0	0	0	0	486	0	0	0	0	0	0	0	0	0	0	0	0	0	0	0	0	0	0	0	0	0	406	0	0	0	2020	0	8490	0	164	0	19678	0	0	0	6320	0	0	0	0	0	0	0	0	0	0	0	0	0	112	0	7804	0	0	0	3724	0	0	0	1680	0	0	0	0	0	0	0	0	0	804	0	0	0	0	0	0	0	0	0	0	0	0	0	0	0	0	0	
148624	SupraMarginal_R	936	2936	0	830	0	0	0	0	0	0	0	434	0	0	0	0	0	3208	186	598	0	0	0	0	0	0	0	0	0	1230	0	0	0	102	0	128	0	228	0	0	0	0	0	524	0	518	0	206	0	1638	0	1582	0	706	0	1726	388	14294	0	3822	0	16240	0	0	0	5614	0	1266	434	326	102	288	146	106	0	0	0	94	0	1254	0	6978	0	0	0	3882	0	0	0	1362	0	0	0	0	0	0	0	0	0	0	0	0	0	0	0	0	0	0	0	0	0	0	0	0	0	0	
114280	Angular_L	156	0	0	0	0	0	0	0	0	0	0	0	0	0	0	0	228	0	0	0	0	0	0	0	0	0	0	0	114	0	0	0	0	0	0	0	0	0	0	0	0	0	0	0	0	0	0	0	552	0	12880	0	0	0	180	0	1698	0	244	0	13816	0	6320	0	0	0	166	0	96	0	0	0	0	0	0	0	0	0	0	0	7436	0	0	0	9280	0	0	0	3848	0	0	0	0	0	0	0	0	0	126	0	0	0	0	0	0	0	0	0	0	0	0	0	0	0	0	0	
145744	Angular_R	220	0	0	0	0	0	0	0	0	0	0	0	0	0	0	0	0	104	0	0	0	0	0	0	0	0	0	0	0	306	0	0	0	370	0	152	0	252	0	0	0	0	0	1486	0	2042	0	298	0	9380	0	19244	0	140	0	444	0	810	0	4488	0	9786	0	5614	0	0	106	3352	244	772	0	0	0	0	0	0	0	0	0	410	0	1728	0	0	0	9084	0	0	0	2040	0	0	0	0	0	0	0	0	0	0	0	0	0	0	0	0	0	0	0	0	0	0	0	0	0	0	
314624	Precuneus_L	404	0	0	212	0	0	0	0	0	0	0	0	0	0	0	0	0	0	748	774	0	0	0	0	0	0	0	0	0	0	0	0	4184	2810	10380	5100	3532	1420	338	898	0	0	14850	734	13384	4506	7472	180	12322	3400	20298	860	1368	0	2634	170	5158	208	10198	1092	410	0	0	0	166	106	0	14130	5312	422	0	0	0	0	0	0	872	0	0	0	0	0	0	0	4498	164	0	0	1328	0	0	0	0	0	0	0	270	0	0	0	0	0	0	0	0	0	0	0	0	0	0	0	0	0	0	0	
432012	Precuneus_R	1660	146	0	250	0	0	0	0	0	0	0	0	0	0	0	0	0	106	0	1322	0	0	0	0	0	0	0	0	0	138	0	0	1202	9952	2868	8970	0	1438	0	1252	0	0	454	22608	2714	30882	0	8280	1500	28616	1056	12704	0	1844	220	5904	110	4522	1434	12944	0	1314	0	1266	0	3352	14130	0	2432	8602	0	0	0	0	0	0	0	104	0	170	0	1628	0	0	268	8826	0	0	0	7206	0	0	0	0	0	0	0	198	0	0	0	0	0	0	0	0	0	0	0	0	1414	0	0	0	0	0	
250228	Paracentral_Lobule_L	30350	3850	174	2444	0	0	248	0	0	0	0	0	0	0	0	0	0	0	2126	12288	0	0	0	0	0	0	0	0	104	0	0	0	2054	10416	2158	612	896	124	108	0	0	0	288	276	1442	1250	106	0	1908	1628	3828	616	0	0	0	0	5874	3116	1740	734	200	178	0	434	96	244	5312	2432	0	10638	2924	288	208	0	886	0	8080	146	0	0	0	0	0	0	1264	370	0	0	358	298	0	0	0	0	0	0	0	0	0	0	0	0	0	0	0	0	0	0	0	0	0	0	0	0	0	0	
189128	Paracentral_Lobule_R	6924	7182	0	844	0	0	0	0	0	0	0	0	0	0	0	0	0	0	430	11990	0	0	0	0	0	0	0	0	0	0	0	0	462	12696	624	2280	0	204	0	0	0	0	0	1402	0	4568	0	150	0	4908	0	2024	0	102	0	204	352	10894	0	2184	0	334	0	326	0	772	422	8602	10638	0	0	144	0	0	0	0	308	136	0	0	0	222	0	0	0	1330	0	0	0	906	0	0	0	0	0	0	0	0	0	0	0	0	0	0	0	0	0	0	0	0	0	0	0	0	0	0	
370212	Caudate_L	5540	1456	6314	8578	1538	2696	796	1804	318	284	2700	338	394	256	1262	484	6530	0	9442	8934	9740	11550	608	904	860	844	3088	3904	5946	570	10664	7500	282	2902	0	0	196	96	202	0	982	118	0	0	0	0	0	0	134	0	182	0	0	0	0	0	876	180	132	0	210	0	0	102	0	0	0	0	2924	0	0	10338	23886	5692	8664	470	8864	532	168	0	238	0	894	0	0	0	0	0	0	0	0	0	0	0	0	0	0	0	0	0	0	0	0	0	0	0	0	0	0	0	0	0	0	0	0	0	
431572	Caudate_R	598	3708	940	19932	300	3750	436	2378	104	446	0	9320	0	1776	310	1172	224	5092	3174	23046	3698	8926	1770	6100	390	3824	674	3254	670	8584	8458	20924	156	606	0	0	120	942	0	260	254	314	0	0	0	0	0	0	0	0	0	0	0	0	0	162	98	1210	0	0	0	0	0	288	0	0	0	0	288	144	10338	0	7224	22366	4004	2554	616	18588	0	242	0	560	0	336	0	0	0	0	0	138	0	0	0	0	0	0	0	0	0	0	0	0	0	0	0	0	0	0	0	0	0	0	0	0	0	0	
442600	Putamen_L	6236	456	17560	1704	4206	2152	1142	0	2492	238	1700	0	2132	120	9170	400	5160	0	18500	2462	6052	8628	1510	446	674	604	3466	2668	32172	348	6660	2922	126	208	0	0	10468	0	3524	0	1566	116	0	0	0	0	0	0	242	0	258	0	0	0	5966	0	732	130	252	0	96	0	0	146	0	0	0	0	208	0	23886	7224	0	4518	11316	328	938	158	508	0	368	0	2750	0	126	0	102	0	2268	0	0	0	0	0	0	0	228	0	564	0	0	0	0	0	0	0	0	0	0	0	0	0	0	0	0	0	
380536	Putamen_R	520	1580	594	12614	226	6700	190	602	0	1294	0	6172	0	2802	192	2652	172	12684	434	7230	2096	5860	822	6634	326	5054	604	3352	352	30608	4044	14716	0	108	0	0	672	7402	118	1506	124	614	0	0	0	0	0	0	0	0	0	0	0	0	0	830	0	336	0	0	0	0	0	106	0	0	0	0	0	0	5692	22366	4518	0	2634	4358	430	4762	228	470	0	1076	0	444	0	0	0	0	0	348	0	0	0	0	0	0	0	0	0	0	0	0	0	0	0	0	0	0	0	0	0	0	0	0	0	0	
99348	Pallidum_L	2558	388	1068	492	130	462	94	0	0	0	0	0	0	110	378	160	0	0	3372	300	1100	3584	128	268	0	402	94	304	1024	178	460	986	0	0	0	0	1124	0	0	0	0	0	0	0	0	0	0	0	0	0	0	0	0	0	0	0	116	0	0	0	0	0	0	0	0	0	0	0	886	0	8664	4004	11316	2634	0	130	2760	0	0	0	0	0	0	0	0	0	0	0	0	0	0	0	0	0	0	0	0	0	0	0	0	0	0	0	0	0	0	0	0	0	0	0	0	0	0	0	
44668	Pallidum_R	0	0	0	2072	0	116	0	0	0	0	0	130	0	408	0	146	0	1410	0	1618	96	378	0	604	0	402	0	0	0	1706	152	780	0	0	0	0	0	2150	0	872	0	452	0	0	0	0	0	0	0	0	0	0	0	0	0	350	0	0	0	0	0	0	0	0	0	0	0	0	0	0	470	2554	328	4358	130	0	0	112	0	0	0	264	0	104	0	172	0	0	0	0	0	0	0	0	0	0	0	0	0	0	0	0	0	0	0	0	0	0	0	0	0	0	0	0	0	0	
142968	Thalamus_L	15024	1018	304	1380	0	0	822	122	0	0	0	172	0	0	0	0	954	144	288	1000	128	144	0	0	0	0	0	0	3110	168	142	424	0	182	98	0	7328	134	2838	0	158	0	0	0	0	0	2474	0	0	0	0	0	0	0	900	0	284	148	0	0	0	0	0	0	0	0	872	0	8080	308	8864	616	938	430	2760	0	0	3514	3440	0	826	0	94	0	0	0	0	0	532	0	0	0	0	0	0	0	322	0	0	0	0	0	0	0	0	0	0	0	0	0	0	0	0	0	0	0	
153688	Thalamus_R	1076	1102	250	8482	0	156	0	0	0	0	0	306	0	0	0	0	0	1038	228	10736	0	214	0	0	0	0	0	114	148	3668	0	0	0	0	1720	570	2938	7938	850	3978	0	180	0	0	0	0	0	206	0	0	0	0	0	0	0	764	122	358	0	0	0	0	0	94	0	0	0	104	146	136	532	18588	158	4762	0	112	3514	0	276	124	0	332	0	0	0	0	0	0	0	824	0	0	0	0	0	0	0	0	0	0	0	0	0	0	0	0	0	0	0	0	0	0	0	0	0	0	
79300	Heschl_L	2178	0	1128	0	0	0	562	0	0	0	396	0	0	0	0	0	6820	0	566	100	0	0	0	0	0	0	0	0	8066	0	0	0	0	0	0	0	1828	0	0	0	0	0	0	0	0	0	0	0	0	0	0	0	0	0	1282	0	2918	0	0	0	220	0	112	0	0	0	0	0	0	0	168	0	508	228	0	0	3440	276	0	0	4680	0	158	0	1008	0	0	0	2406	0	134	0	0	0	0	0	0	0	468	0	0	0	0	0	0	0	0	0	0	0	0	0	0	0	0	0	
46432	Heschl_R	0	160	0	142	0	0	0	0	0	0	0	100	0	0	0	0	0	3330	0	124	0	0	0	0	0	0	0	0	0	3498	0	108	0	0	0	0	0	1226	0	0	0	0	0	236	0	0	0	200	0	112	0	0	0	558	0	1530	0	160	0	0	0	426	0	1254	0	410	0	170	0	0	0	242	0	470	0	0	0	124	0	0	0	6736	0	178	0	890	0	0	0	832	0	0	0	0	0	0	0	0	0	0	0	0	0	0	0	0	0	0	0	0	0	0	0	0	0	0	
237480	Temporal_Sup_L	730	0	376	134	0	0	158	0	0	0	936	0	154	0	0	0	6448	0	196	138	0	0	0	0	0	0	0	0	5746	0	0	0	0	112	0	0	3164	0	188	0	0	0	0	0	0	0	0	0	0	0	732	0	0	0	2300	0	3368	0	164	0	7718	0	7804	0	7436	0	0	0	0	0	238	0	368	0	0	0	826	0	4680	0	0	0	6116	0	33444	0	96	0	24198	0	380	0	0	0	0	0	0	0	392	0	0	0	0	0	0	0	0	0	0	0	0	0	0	0	0	0	
192732	Temporal_Sup_R	0	0	0	94	0	0	0	0	0	0	0	0	0	0	0	212	0	5984	0	118	0	0	0	0	0	0	0	0	0	11058	0	160	0	136	0	0	0	2154	0	422	0	330	0	474	0	854	0	274	0	2154	0	888	0	1544	0	5154	0	732	0	348	0	768	0	6978	0	1728	0	1628	0	222	0	560	0	1076	0	264	0	332	0	6736	0	0	0	4666	0	25518	0	486	0	12314	0	0	0	0	0	0	0	0	0	0	0	0	0	0	0	0	0	0	0	0	0	0	0	0	0	0	
138580	Temporal_Pole_Sup_L	180	0	796	220	294	0	344	0	152	0	2484	0	1232	0	2426	0	3308	0	260	222	386	110	0	0	0	0	96	0	7786	0	164	0	0	190	0	0	2622	0	1604	0	1934	0	0	0	0	0	0	0	0	0	0	0	0	0	2842	0	152	0	0	0	0	0	0	0	0	0	0	0	0	0	894	0	2750	0	0	0	94	0	158	0	6116	0	0	0	11684	0	7478	0	10312	0	0	0	0	0	0	0	0	0	0	0	0	0	0	0	0	0	0	0	0	0	0	0	0	0	0	0	
93440	Temporal_Pole_Sup_R	0	138	0	150	0	0	0	158	0	0	0	470	0	0	0	2414	0	1316	0	0	0	196	0	0	0	0	0	0	0	2594	0	116	0	0	0	0	0	1344	0	2464	0	2034	0	0	0	0	0	0	0	0	0	0	0	0	0	7466	0	0	0	0	0	0	0	0	0	0	0	0	0	0	0	336	0	444	0	104	0	0	0	178	0	4666	0	0	0	6058	0	7782	0	6292	0	0	0	0	0	0	0	0	0	0	0	0	0	0	0	0	0	0	0	0	0	0	0	0	0	0	
352032	Temporal_Mid_L	440	0	0	0	0	0	0	0	0	0	0	0	0	0	0	0	1296	0	0	0	0	0	0	0	0	0	0	0	2218	0	0	0	0	0	2508	822	1574	578	408	0	0	0	2846	0	3110	0	148	0	2190	0	27446	0	2764	0	2204	0	2668	0	1012	0	5292	0	3724	0	9280	0	4498	268	1264	0	0	0	126	0	0	0	0	0	1008	0	33444	0	11684	0	0	0	7212	0	43716	0	268	0	0	0	0	0	0	0	0	0	0	0	0	0	0	0	0	0	0	0	0	0	0	0	0	0	
321520	Temporal_Mid_R	306	0	0	0	0	0	0	0	0	0	0	0	0	0	0	1170	0	550	0	126	0	0	0	0	0	0	0	0	0	3842	0	0	0	774	0	472	0	2720	0	898	0	316	0	3488	112	4918	0	934	0	11172	0	17024	0	3282	0	7590	0	1572	0	1226	0	1418	0	3882	0	9084	164	8826	370	1330	0	0	0	0	0	172	0	0	0	890	0	25518	0	6058	0	0	0	4574	0	35982	0	0	0	0	0	0	0	0	0	0	0	0	0	0	0	0	0	0	0	0	0	0	0	0	0	0	
57544	Temporal_Pole_Mid_L	0	0	0	0	0	0	0	0	0	0	0	0	0	0	0	0	0	0	0	0	0	0	0	0	0	0	0	0	518	0	0	0	0	0	0	0	864	0	1118	0	696	0	0	0	0	0	0	0	0	0	0	0	0	0	2274	0	0	0	0	0	0	0	0	0	0	0	0	0	0	0	0	0	102	0	0	0	0	0	0	0	96	0	7478	0	7212	0	0	0	8414	0	0	0	0	0	0	0	0	0	0	0	0	0	0	0	0	0	0	0	0	0	0	0	0	0	0	0	
55548	Temporal_Pole_Mid_R	0	0	0	0	0	0	0	0	0	0	0	0	0	0	0	220	0	0	0	0	0	0	0	0	0	0	0	0	0	0	0	0	0	0	0	0	0	230	0	2160	0	586	0	0	0	0	0	0	0	0	0	0	0	0	0	5620	0	0	0	0	0	0	0	0	0	0	0	0	0	0	0	0	0	0	0	0	0	0	0	0	0	486	0	7782	0	4574	0	0	0	6116	0	0	0	0	0	0	0	0	0	0	0	0	0	0	0	0	0	0	0	0	0	0	0	0	0	0	
340692	Temporal_Inf_L	314	0	452	0	0	0	140	0	0	0	98	0	0	0	0	0	2794	0	238	0	0	0	0	0	0	0	0	0	6204	0	0	0	0	0	534	176	10742	0	2226	0	1204	0	612	0	1070	0	146	0	3764	0	8862	0	2504	0	16774	0	1772	0	1028	0	3320	0	1680	0	3848	0	1328	0	358	0	0	0	2268	0	0	0	532	0	2406	0	24198	0	10312	0	43716	0	8414	0	0	0	3482	0	1150	0	0	0	102	0	1442	0	136	0	0	0	0	0	0	0	0	0	0	0	0	0	0	0	
308252	Temporal_Inf_R	250	0	0	0	0	0	0	0	0	0	0	0	0	0	0	514	0	294	0	118	0	0	0	0	0	0	0	0	0	4440	0	0	0	600	0	918	0	7932	0	2984	0	2292	0	4228	0	3682	0	1718	0	5976	0	3740	0	9756	0	27046	0	998	0	802	0	534	0	1362	0	2040	0	7206	298	906	0	138	0	348	0	0	0	824	0	832	0	12314	0	6292	0	35982	0	6116	0	0	0	510	0	0	0	0	0	0	0	136	0	0	0	0	0	0	0	0	0	0	0	0	0	0	0	0	
542916	Cerebelum_Crus1_L	0	0	0	0	0	0	0	0	0	0	0	0	0	0	0	0	0	0	0	0	0	0	0	0	0	0	0	0	0	0	0	0	0	0	0	0	0	0	150	246	0	0	232	0	0	0	12046	3352	0	0	0	0	1306	250	22552	1238	0	0	0	0	0	0	0	0	0	0	0	0	0	0	0	0	0	0	0	0	0	0	134	0	380	0	0	0	268	0	0	0	3482	0	0	11802	39212	11468	616	936	18510	3270	47022	8238	17620	2780	17650	9906	446	280	0	240	98	210	3616	10186	18084	2908	562	162	
484696	Cerebelum_Crus1_R	0	0	0	0	0	0	0	0	0	0	0	0	0	0	0	0	0	0	0	0	0	0	0	0	0	0	0	0	0	0	0	0	0	0	0	0	0	128	0	1156	0	0	678	0	0	0	3462	11072	0	0	0	0	156	496	982	13492	0	0	0	0	0	0	0	0	0	0	0	0	0	0	0	0	0	0	0	0	0	0	0	0	0	0	0	0	0	0	0	0	0	510	11802	0	7284	31902	236	2088	5772	16234	7652	49208	4004	8190	4438	18718	170	428	0	206	132	508	9668	14180	14504	1604	914	374	
371468	Cerebelum_Crus2_L	0	0	0	0	0	0	0	0	0	0	0	0	0	0	0	0	0	0	0	0	0	0	0	0	0	0	0	0	0	0	0	0	0	0	0	0	0	0	0	0	0	0	0	0	0	0	1186	156	0	0	0	0	202	0	4356	0	0	0	0	0	0	0	0	0	0	0	0	0	0	0	0	0	0	0	0	0	0	0	0	0	0	0	0	0	0	0	0	0	1150	0	39212	7284	0	15616	304	132	3912	694	10828	2112	32938	8442	27342	8376	524	0	0	0	0	0	634	1260	15538	3396	140	0	
373120	Cerebelum_Crus2_R	0	0	0	0	0	0	0	0	0	0	0	0	0	0	0	0	0	0	0	0	0	0	0	0	0	0	0	0	0	0	0	0	0	0	0	0	0	0	0	116	0	0	0	0	0	0	2312	152	0	0	0	0	0	0	346	332	0	0	0	0	0	0	0	0	0	0	0	0	0	0	0	0	0	0	0	0	0	0	0	0	0	0	0	0	0	0	0	0	0	0	11468	31902	15616	0	186	432	3926	2724	4394	5902	10628	28858	10052	30550	320	438	0	318	0	108	2020	1290	18640	3336	194	0	
36068	Cerebelum_3_L	0	0	0	0	0	0	0	0	0	0	0	0	0	0	0	0	0	0	0	0	0	0	0	0	0	0	0	0	0	0	0	0	0	0	0	0	0	0	0	0	0	0	0	0	0	0	0	114	0	0	0	0	0	0	96	0	0	0	0	0	0	0	0	0	0	0	0	0	0	0	0	0	0	0	0	0	0	0	0	0	0	0	0	0	0	0	0	0	0	0	616	236	304	186	0	352	5500	120	902	284	144	0	386	252	478	0	124	0	1196	1856	1942	334	1052	714	692	154	
81164	Cerebelum_3_R	0	0	0	0	0	0	0	0	0	0	0	0	0	0	0	0	0	0	0	0	0	0	0	0	0	0	0	0	0	0	0	0	0	0	0	0	0	94	0	280	0	0	0	0	0	0	414	256	0	0	0	0	0	0	162	634	0	0	0	0	0	0	0	0	0	0	0	0	0	0	0	0	0	0	0	0	0	0	0	0	0	0	0	0	0	0	0	0	0	0	936	2088	132	432	352	0	2528	5912	2182	4660	0	0	254	1614	152	832	0	0	782	3424	3654	2384	2446	1914	1944	120	
369588	Cerebelum_4_5_L	0	0	0	0	0	0	0	0	0	0	0	0	0	0	0	0	0	0	0	0	0	0	0	0	0	0	0	0	0	0	0	0	0	0	0	0	814	0	650	330	0	0	788	0	0	0	15940	1298	0	0	0	0	130	0	10552	504	0	0	0	0	0	0	0	0	0	0	270	0	0	0	0	0	228	0	0	0	322	0	0	0	0	0	0	0	0	0	0	0	102	0	18510	5772	3912	3926	5500	2528	0	6340	32448	7808	1740	476	3898	6536	3424	412	456	204	1534	2758	14324	9286	10242	4298	4310	2224	
262040	Cerebelum_4_5_R	0	0	0	0	0	0	0	0	0	0	0	0	0	0	0	0	0	0	0	0	0	0	0	0	0	0	0	0	0	0	0	0	0	0	0	118	0	582	0	3606	0	0	870	0	0	0	3030	5356	0	0	0	0	0	0	540	8288	0	0	0	0	0	0	0	0	0	0	0	198	0	0	0	0	0	0	0	0	0	0	0	0	0	0	0	0	0	0	0	0	0	0	3270	16234	694	2724	120	5912	6340	0	4956	27458	510	266	1090	5984	180	1548	0	186	224	992	15500	4778	4776	2328	1866	496	
528656	Cerebelum_6_L	116	0	106	0	0	0	0	0	0	0	0	0	0	0	0	0	320	0	0	0	0	0	0	0	0	0	0	0	506	0	0	0	0	0	848	380	1096	0	648	360	0	0	758	196	0	0	21494	5692	0	116	182	0	1330	280	32260	1680	134	0	0	0	456	0	804	0	126	0	0	0	0	0	0	0	564	0	0	0	0	0	468	0	392	0	0	0	0	0	0	0	1442	0	47022	7652	10828	4394	902	2182	32448	4956	0	11806	4378	606	7058	7060	1548	342	502	206	464	1016	8710	18358	11196	3662	2858	1420	
460468	Cerebelum_6_R	0	0	0	0	0	0	0	0	0	0	0	0	0	0	0	0	0	0	0	0	0	0	0	0	0	0	0	0	0	0	0	0	0	0	0	0	0	366	0	2344	0	0	864	228	0	116	4594	16402	0	216	0	152	434	1234	1912	20584	0	0	0	0	0	0	0	0	0	0	0	0	0	0	0	0	0	0	0	0	0	0	0	0	0	0	0	0	0	0	0	0	0	136	8238	49208	2112	5902	284	4660	7808	27458	11806	0	964	554	2078	6708	284	548	0	294	238	1012	15006	21674	8828	2372	1842	774	
285284	Cerebelum_7b_L	0	0	0	0	0	0	0	0	0	0	0	0	0	0	0	0	0	0	0	0	0	0	0	0	0	0	0	0	0	0	0	0	0	0	0	0	0	0	0	0	0	0	0	0	0	0	438	0	0	0	0	0	0	0	1470	0	0	0	0	0	0	0	0	0	0	0	0	0	0	0	0	0	0	0	0	0	0	0	0	0	0	0	0	0	0	0	0	0	136	0	17620	4004	32938	10628	144	0	1740	510	4378	964	0	6620	32500	8012	2442	250	278	0	0	0	466	514	11312	4920	250	108	
197024	Cerebelum_7b_R	0	0	0	0	0	0	0	0	0	0	0	0	0	0	0	0	0	0	0	0	0	0	0	0	0	0	0	0	0	0	0	0	0	0	0	0	0	0	0	0	0	0	0	0	0	0	296	0	0	0	0	0	0	0	0	0	0	0	0	0	0	0	0	0	0	0	0	0	0	0	0	0	0	0	0	0	0	0	0	0	0	0	0	0	0	0	0	0	0	0	2780	8190	8442	28858	0	0	476	266	606	554	6620	0	4940	24372	0	1566	0	0	0	0	162	0	8134	2250	0	0	
345060	Cerebelum_8_L	0	0	0	0	0	0	0	0	0	0	0	0	0	0	0	0	0	0	0	0	0	0	0	0	0	0	0	0	0	0	0	0	0	0	0	0	0	0	0	0	0	0	0	0	0	0	924	142	0	0	0	0	94	0	1888	0	0	0	0	0	0	0	0	0	0	0	0	0	0	0	0	0	0	0	0	0	0	0	0	0	0	0	0	0	0	0	0	0	0	0	17650	4438	27342	10052	386	254	3898	1090	7058	2078	32500	4940	0	12538	14432	1494	1496	0	0	0	1066	1376	13818	9496	1644	436	
413720	Cerebelum_8_R	0	0	0	0	0	0	0	0	0	0	0	0	0	0	0	0	0	0	0	0	0	0	0	0	0	0	0	0	0	0	0	0	0	0	0	0	0	0	0	748	0	0	0	0	0	0	3740	96	0	0	0	0	0	0	720	884	0	0	0	0	0	0	0	0	0	0	0	0	0	0	0	0	0	0	0	0	0	0	0	0	0	0	0	0	0	0	0	0	0	0	9906	18718	8376	30550	252	1614	6536	5984	7060	6708	8012	24372	12538	0	1696	17244	0	846	292	578	4334	3774	18010	9958	2550	764	
75612	Cerebelum_9_L	0	0	0	0	0	0	0	0	0	0	0	0	0	0	0	0	0	0	0	0	0	0	0	0	0	0	0	0	0	0	0	0	0	0	0	0	0	0	0	0	0	0	0	0	0	0	376	0	0	0	0	0	0	0	0	0	0	0	0	0	0	0	0	0	0	0	0	0	0	0	0	0	0	0	0	0	0	0	0	0	0	0	0	0	0	0	0	0	0	0	446	170	524	320	478	152	3424	180	1548	284	2442	0	14432	1696	0	1224	2752	0	132	298	712	516	1854	1710	1616	520	
83032	Cerebelum_9_R	0	0	0	0	0	0	0	0	0	0	0	0	0	0	0	0	0	0	0	0	0	0	0	0	0	0	0	0	0	0	0	0	0	0	0	0	0	0	0	514	0	0	0	0	0	0	110	0	0	0	0	0	0	0	0	398	0	0	0	0	0	0	0	0	0	0	0	0	0	0	0	0	0	0	0	0	0	0	0	0	0	0	0	0	0	0	0	0	0	0	280	428	0	438	0	832	412	1548	342	548	250	1566	1494	17244	1224	0	0	490	646	1110	566	308	2092	3884	3838	954	
12084	Cerebelum_10_L	0	0	0	0	0	0	0	0	0	0	0	0	0	0	0	0	0	0	0	0	0	0	0	0	0	0	0	0	0	0	0	0	0	0	0	0	0	0	0	0	0	0	0	0	0	0	0	0	0	0	0	0	0	0	0	0	0	0	0	0	0	0	0	0	0	0	0	0	0	0	0	0	0	0	0	0	0	0	0	0	0	0	0	0	0	0	0	0	0	0	0	0	0	0	124	0	456	0	502	0	278	0	1496	0	2752	0	0	0	0	0	0	104	116	0	214	0	
7160	Cerebelum_10_R	0	0	0	0	0	0	0	0	0	0	0	0	0	0	0	0	0	0	0	0	0	0	0	0	0	0	0	0	0	0	0	0	0	0	0	0	0	0	0	0	0	0	0	0	0	0	166	0	0	0	0	0	0	0	0	140	0	0	0	0	0	0	0	0	0	0	0	0	0	0	0	0	0	0	0	0	0	0	0	0	0	0	0	0	0	0	0	0	0	0	240	206	0	318	0	0	204	186	206	294	0	0	0	846	0	490	0	0	0	0	0	0	284	0	0	0	
34712	Vermis_1_2	0	0	0	0	0	0	0	0	0	0	0	0	0	0	0	0	0	0	0	0	0	0	0	0	0	0	0	0	0	0	0	0	0	0	0	0	0	0	0	0	0	0	0	0	0	0	0	0	0	0	0	0	0	0	0	0	0	0	0	0	0	0	0	0	0	0	0	0	0	0	0	0	0	0	0	0	0	0	0	0	0	0	0	0	0	0	0	0	0	0	98	132	0	0	1196	782	1534	224	464	238	0	0	0	292	132	646	0	0	0	5276	2222	698	776	928	1354	364	
61212	Vermis_3	0	0	0	0	0	0	0	0	0	0	0	0	0	0	0	0	0	0	0	0	0	0	0	0	0	0	0	0	0	0	0	0	0	0	0	0	0	0	0	0	0	0	0	0	0	0	150	0	0	0	0	0	0	0	0	0	0	0	0	0	0	0	0	0	0	0	0	0	0	0	0	0	0	0	0	0	0	0	0	0	0	0	0	0	0	0	0	0	0	0	210	508	0	108	1856	3424	2758	992	1016	1012	0	0	0	578	298	1110	0	0	5276	0	3658	1452	1630	1658	2358	554	
