data	data	575476	302812	1.18866e+06	1.06562e+06	253496	98208	596120	279476	203312	40792	402252	325356	463724	287132	258792	94356	355672	205160	772836	1.02042e+06	113544	124488	526488	478344	39012	109072	41948	70172	874512	508312	447612	658912	292076	702876	156688	169144	322600	460004	157784	349980	85024	101824	230832	398448	147100	337940	208952	311804	289428	382080	519244	373312	176952	180460	416688	674484	337380	212476	176128	147272	197448	173572	144724	152760	131168	212368	309360	476656	268156	263332	354272	497656	438364	488440	79528	79916	145696	131104	180620	34900	324380	188868	159456	79916	390784	355624	29208	21860	341572	269352	480568	387480	298456	256240	62804	56988	387192	235076	453412	394048	195872	85344	276592	213088	105520	114340	9844	12364	24724	86872	293720	193032	172176	127988	99684	33476	
data	data	Precentral_L	Precentral_R	Frontal_Sup_L	Frontal_Sup_R	Frontal_Sup_Orb_L	Frontal_Sup_Orb_R	Frontal_Mid_L	Frontal_Mid_R	Frontal_Mid_Orb_L	Frontal_Mid_Orb_R	Frontal_Inf_Oper_L	Frontal_Inf_Oper_R	Frontal_Inf_Tri_L	Frontal_Inf_Tri_R	Frontal_Inf_Orb_L	Frontal_Inf_Orb_R	Rolandic_Oper_L	Rolandic_Oper_R	Supp_Motor_Area_L	Supp_Motor_Area_R	Olfactory_L	Olfactory_R	Frontal_Sup_Medial_L	Frontal_Sup_Medial_R	Frontal_Med_Orb_L	Frontal_Med_Orb_R	Rectus_L	Rectus_R	Insula_L	Insula_R	Cingulum_Ant_L	Cingulum_Ant_R	Cingulum_Mid_L	Cingulum_Mid_R	Cingulum_Post_L	Cingulum_Post_R	Hippocampus_L	Hippocampus_R	ParaHippocampal_L	ParaHippocampal_R	Amygdala_L	Amygdala_R	Calcarine_L	Calcarine_R	Cuneus_L	Cuneus_R	Lingual_L	Lingual_R	Occipital_Sup_L	Occipital_Sup_R	Occipital_Mid_L	Occipital_Mid_R	Occipital_Inf_L	Occipital_Inf_R	Fusiform_L	Fusiform_R	Postcentral_L	Postcentral_R	Parietal_Sup_L	Parietal_Sup_R	Parietal_Inf_L	Parietal_Inf_R	SupraMarginal_L	SupraMarginal_R	Angular_L	Angular_R	Precuneus_L	Precuneus_R	Paracentral_Lobule_L	Paracentral_Lobule_R	Caudate_L	Caudate_R	Putamen_L	Putamen_R	Pallidum_L	Pallidum_R	Thalamus_L	Thalamus_R	Heschl_L	Heschl_R	Temporal_Sup_L	Temporal_Sup_R	Temporal_Pole_Sup_L	Temporal_Pole_Sup_R	Temporal_Mid_L	Temporal_Mid_R	Temporal_Pole_Mid_L	Temporal_Pole_Mid_R	Temporal_Inf_L	Temporal_Inf_R	Cerebelum_Crus1_L	Cerebelum_Crus1_R	Cerebelum_Crus2_L	Cerebelum_Crus2_R	Cerebelum_3_L	Cerebelum_3_R	Cerebelum_4_5_L	Cerebelum_4_5_R	Cerebelum_6_L	Cerebelum_6_R	Cerebelum_7b_L	Cerebelum_7b_R	Cerebelum_8_L	Cerebelum_8_R	Cerebelum_9_L	Cerebelum_9_R	Cerebelum_10_L	Cerebelum_10_R	Vermis_1_2	Vermis_3	Vermis_4_5	Vermis_6	Vermis_7	Vermis_8	Vermis_9	Vermis_10	
575476	Precentral_L	0	1466	19550	2302	0	0	29942	0	0	0	23194	0	10480	0	0	0	24930	0	9726	10798	0	0	188	0	0	0	0	0	13914	0	528	240	672	8430	2118	680	5730	1282	294	522	0	0	256	0	162	0	0	0	594	0	7092	0	1048	0	1764	486	35970	1448	5406	0	5618	0	2106	0	560	0	1080	0	20102	5412	3346	250	1678	0	596	0	8708	1396	9032	0	3800	0	270	0	1366	100	0	0	494	242	0	0	0	0	268	0	102	0	0	0	0	0	0	0	0	0	0	0	0	0	0	0	0	0	0	0	
302812	Precentral_R	1466	0	3850	10866	0	0	546	16276	0	0	0	4358	0	0	0	0	0	2948	4722	14256	0	0	0	0	0	0	0	0	472	4406	142	104	220	4494	182	124	420	7812	102	2618	0	0	0	1666	0	1224	0	154	0	1870	0	2212	0	1188	0	4480	116	11674	0	194	0	634	0	2162	0	382	0	3154	2360	3906	2670	6586	562	4264	346	662	4512	9410	136	284	0	822	0	112	0	1636	0	0	0	1644	0	0	0	0	0	0	0	0	0	0	0	0	0	0	0	0	0	0	0	0	0	0	0	0	0	0	
1.18866e+06	Frontal_Sup_L	19550	3850	0	17066	11958	112	83746	3018	8376	0	19592	3380	38158	3208	9490	0	17764	504	75416	21400	0	0	57900	16038	2634	336	288	0	57646	1282	26952	10858	9316	12282	244	106	4890	334	476	230	0	0	0	0	0	0	0	0	0	0	160	0	0	0	1418	0	2204	0	132	0	392	0	556	0	0	0	0	0	142	0	8842	2076	16336	370	2036	132	4836	898	4458	0	4264	0	2550	0	860	0	0	0	3268	0	0	0	0	0	0	0	0	0	0	0	0	0	0	0	0	0	0	0	0	0	0	0	0	0	0	0	
1.06562e+06	Frontal_Sup_R	2302	10866	17066	0	160	2554	4086	35522	0	102	1360	16520	1688	18522	0	2470	592	6594	26200	95988	0	0	16628	42806	0	3614	0	142	3384	17186	8146	40340	7344	28514	436	1500	1100	6568	176	3662	0	538	0	318	0	268	0	0	0	226	146	256	0	230	354	3906	226	1038	122	0	104	306	0	1498	0	130	168	740	1898	332	7702	27828	3698	23234	1622	6834	4260	13952	136	312	340	2714	204	280	0	732	0	0	380	1400	0	0	0	0	0	0	0	96	0	146	0	0	0	0	0	0	0	0	0	0	0	0	0	0	0	0	
253496	Frontal_Sup_Orb_L	0	0	11958	160	0	0	2772	0	24860	0	1624	164	3810	124	23432	0	404	0	2314	162	1982	0	3298	0	2768	126	4654	0	20334	0	1570	132	0	0	0	0	368	0	178	0	538	0	0	0	0	0	0	0	0	0	0	0	0	0	300	0	0	0	0	0	0	0	0	0	0	0	0	0	0	0	1988	0	13278	0	0	0	0	0	0	0	892	0	2186	0	0	0	0	0	372	0	0	0	0	0	0	0	0	0	0	0	0	0	0	0	0	0	0	0	0	0	0	0	0	0	0	0	
98208	Frontal_Sup_Orb_R	0	0	112	2554	0	0	0	274	0	3158	0	0	0	122	0	2544	0	0	0	0	218	1194	558	3222	448	9660	250	8688	0	1228	412	3084	0	204	0	0	0	0	0	0	0	360	0	0	0	0	0	0	0	0	0	0	0	0	0	0	0	0	0	0	0	0	0	0	0	0	0	0	0	0	216	5026	200	5372	0	0	0	0	0	0	0	0	0	0	0	0	0	0	0	0	0	0	0	0	0	0	0	0	0	0	0	0	0	0	0	0	0	0	0	0	0	0	0	0	0	0	
596120	Frontal_Mid_L	29942	546	83746	4086	2772	0	0	470	4912	0	21264	410	47806	416	6904	0	8504	0	9148	2816	0	0	16464	4638	0	0	0	0	21008	126	5522	3440	1556	2700	0	0	1226	146	0	106	0	0	0	0	0	0	0	0	0	0	472	0	0	0	148	0	5074	0	418	0	432	0	0	0	0	0	0	0	0	0	2390	0	336	0	0	0	3230	164	3454	0	858	0	202	0	0	0	0	0	208	0	0	0	0	0	0	0	0	0	0	0	0	0	0	0	0	0	0	0	0	0	0	0	0	0	0	0	
279476	Frontal_Mid_R	0	16276	3018	35522	0	274	470	0	0	1890	0	9694	0	19410	0	3018	0	1290	3160	3092	0	0	2126	5638	0	0	0	0	274	8786	636	3928	516	2556	0	0	98	2246	0	1184	0	0	0	154	0	136	0	0	0	186	0	230	0	0	0	980	0	244	0	0	0	98	0	210	0	0	0	342	0	0	528	2560	100	4118	0	800	1032	1630	0	0	0	596	0	0	0	288	0	0	0	404	0	0	0	0	0	0	0	0	0	0	0	0	0	0	0	0	0	0	0	0	0	0	0	0	0	0	
203312	Frontal_Mid_Orb_L	0	0	8376	0	24860	0	4912	0	0	0	1414	96	7088	0	29594	0	260	0	1186	0	700	0	388	0	126	0	852	0	14114	0	796	0	0	0	0	0	108	0	0	0	224	0	0	0	0	0	0	0	0	0	0	0	0	0	110	0	0	0	0	0	0	0	0	0	0	0	0	0	0	0	388	0	3782	0	0	0	0	0	0	0	364	0	1918	0	0	0	0	0	0	0	0	0	0	0	0	0	0	0	0	0	0	0	0	0	0	0	0	0	0	0	0	0	0	0	0	0	
40792	Frontal_Mid_Orb_R	0	0	0	102	0	3158	0	1890	0	0	0	0	0	590	0	8150	0	0	0	0	0	154	0	0	0	144	0	710	0	2164	0	118	0	0	0	0	0	0	0	0	0	232	0	0	0	0	0	0	0	0	0	0	0	0	0	0	0	0	0	0	0	0	0	0	0	0	0	0	0	0	0	436	0	2548	0	0	0	0	0	0	0	0	0	0	0	0	0	0	0	0	0	0	0	0	0	0	0	0	0	0	0	0	0	0	0	0	0	0	0	0	0	0	0	0	0	0	
402252	Frontal_Inf_Oper_L	23194	0	19592	1360	1624	0	21264	0	1414	0	0	714	26290	506	2292	0	21834	0	9982	1436	0	0	1866	420	0	0	0	0	24268	278	6752	2312	176	524	0	0	388	0	0	0	0	0	0	0	0	0	0	0	0	0	0	0	0	0	178	0	9352	0	0	0	0	0	212	0	0	0	0	0	0	0	1414	206	1640	0	0	0	198	0	3000	0	7500	0	6596	0	1398	0	0	0	946	0	0	0	0	0	0	0	0	0	0	0	0	0	0	0	0	0	0	0	0	0	0	0	0	0	0	0	
325356	Frontal_Inf_Oper_R	0	4358	3380	16520	164	0	410	9694	96	0	714	0	270	27250	102	1742	324	8340	5114	7984	0	0	1228	5594	0	102	0	0	818	19340	3304	11996	814	5278	0	0	0	934	0	558	0	0	0	0	0	0	0	0	0	0	0	0	0	0	0	728	0	1932	0	0	0	0	0	344	0	0	0	0	0	0	4786	6364	1760	3672	0	644	160	152	0	548	130	2832	120	1352	0	346	0	0	0	380	0	0	0	0	0	0	0	0	0	0	0	0	0	0	0	0	0	0	0	0	0	0	0	0	0	0	
463724	Frontal_Inf_Tri_L	10480	0	38158	1688	3810	0	47806	0	7088	0	26290	270	0	280	14352	0	3430	0	4962	1456	0	0	9498	3230	0	0	0	0	40680	164	6086	2336	992	2324	0	0	0	0	0	0	0	0	0	0	0	0	0	0	0	0	0	0	0	0	0	0	3766	0	0	0	0	0	0	0	0	0	0	0	0	0	138	186	126	0	0	0	0	0	656	0	590	0	1020	0	0	0	0	0	0	0	0	0	0	0	0	0	0	0	0	0	0	0	0	0	0	0	0	0	0	0	0	0	0	0	0	0	
287132	Frontal_Inf_Tri_R	0	0	3208	18522	124	122	416	19410	0	590	506	27250	280	0	0	4628	194	220	5128	7210	0	0	1386	7854	0	118	0	0	560	16328	2716	12212	1260	6254	0	0	0	0	0	0	0	0	0	0	0	0	0	0	0	0	0	0	0	0	0	0	0	0	0	0	0	0	0	0	0	0	0	0	0	0	2724	2310	1162	718	0	0	156	0	0	0	0	0	0	0	0	0	0	0	0	0	0	0	0	0	0	0	0	0	0	0	0	0	0	0	0	0	0	0	0	0	0	0	0	0	0	0	
258792	Frontal_Inf_Orb_L	0	0	9490	0	23432	0	6904	0	29594	0	2292	102	14352	0	0	0	328	0	1162	0	1626	0	784	160	0	0	1458	0	22866	0	1060	158	0	0	0	0	216	0	252	0	478	0	0	0	0	0	0	0	0	0	0	0	0	0	330	0	0	0	0	0	0	0	0	0	0	0	0	0	0	0	1272	0	5776	0	0	0	0	0	0	0	484	0	4334	0	232	0	0	0	254	0	0	0	0	0	0	0	0	0	0	0	0	0	0	0	0	0	0	0	0	0	0	0	0	0	0	0	
94356	Frontal_Inf_Orb_R	0	0	0	2470	0	2544	0	3018	0	8150	0	1742	0	4628	0	0	0	226	0	452	0	384	174	1274	0	0	0	674	0	11300	254	1952	130	308	0	0	0	0	0	0	0	484	0	0	0	0	0	0	0	0	0	0	0	0	0	0	0	0	0	0	0	0	0	0	0	0	0	0	0	0	0	1332	0	4700	0	0	0	0	0	0	0	410	0	572	0	0	0	0	0	0	0	0	0	0	0	0	0	0	0	0	0	0	0	0	0	0	0	0	0	0	0	0	0	0	0	0	
355672	Rolandic_Oper_L	24930	0	17764	592	404	0	8504	0	260	0	21834	324	3430	194	328	0	0	0	14278	686	0	0	262	0	0	0	0	0	24806	144	1224	446	0	0	0	0	462	0	0	0	0	0	0	0	0	0	0	0	296	0	1680	0	1332	0	1464	0	11946	0	328	0	328	0	4226	0	0	0	254	0	430	0	1148	134	1012	0	306	0	950	0	10730	0	13864	0	2808	0	2498	0	0	0	1230	0	0	0	0	0	0	0	0	0	0	0	0	0	0	0	0	0	0	0	0	0	0	0	0	0	0	0	
205160	Rolandic_Oper_R	0	2948	504	6594	0	0	0	1290	0	0	0	8340	0	220	0	226	0	0	420	4840	0	0	120	514	0	0	0	0	196	19444	294	1644	0	210	0	0	0	5268	0	2464	0	0	0	0	0	0	0	0	0	132	0	168	0	782	0	5064	0	2824	0	308	0	856	0	3322	0	944	0	0	0	0	966	2324	190	4900	0	308	178	134	0	4232	0	12878	0	1248	0	2272	0	0	0	3014	0	0	0	0	0	0	0	0	0	0	0	0	0	0	0	0	0	0	0	0	0	0	0	0	0	0	
772836	Supp_Motor_Area_L	9726	4722	75416	26200	2314	0	9148	3160	1186	0	9982	5114	4962	5128	1162	0	14278	420	0	53254	0	0	8484	4338	196	0	0	0	23602	1910	6434	7568	19086	29766	1656	176	3370	104	270	0	0	0	0	0	0	0	0	0	0	0	0	0	0	0	1272	0	944	0	0	0	0	0	0	0	0	0	736	0	5522	928	8146	3712	12656	832	4804	174	2788	342	2564	0	3020	0	984	0	774	0	0	0	3088	0	0	0	0	0	0	0	0	0	0	0	0	0	0	0	0	0	0	0	0	0	0	0	0	0	0	0	
1.02042e+06	Supp_Motor_Area_R	10798	14256	21400	95988	162	0	2816	3092	0	0	1436	7984	1456	7210	0	452	686	4840	53254	0	0	0	4050	6894	0	0	0	0	3314	7596	4836	12438	15686	62062	2804	6940	1044	5412	154	3202	0	538	370	1150	398	774	0	208	306	620	384	1554	0	1808	388	6432	362	6594	178	120	142	522	0	1646	0	318	1078	3964	20094	25736	9752	18856	3854	13092	1874	6088	6138	4838	162	316	358	1886	206	272	0	1866	0	0	404	2056	0	0	0	0	0	0	0	96	0	150	0	0	0	0	0	0	0	0	0	0	0	0	0	0	0	0	
113544	Olfactory_L	0	0	0	0	1982	218	0	0	700	0	0	0	0	0	1626	0	0	0	0	0	0	6246	0	0	514	336	1734	868	2982	410	3192	1600	0	0	0	0	1268	0	1398	0	3240	650	0	0	0	0	0	0	0	0	0	0	0	0	768	0	0	0	0	0	0	0	0	0	0	0	0	0	0	0	10124	5236	7432	2968	460	0	0	0	0	0	0	0	646	0	0	0	0	0	174	0	0	0	0	0	0	0	0	0	0	0	0	0	0	0	0	0	0	0	0	0	0	0	0	0	0	0	
124488	Olfactory_R	0	0	0	0	0	1194	0	0	0	154	0	0	0	0	0	384	0	0	0	0	6246	0	0	266	0	1620	260	3502	308	2580	2810	3066	0	0	0	0	0	1052	0	1446	866	2910	0	0	0	0	0	0	0	0	0	0	0	0	0	0	0	0	0	0	0	0	0	0	0	0	0	0	0	0	8764	10064	8080	4758	1374	368	0	0	0	0	0	0	0	172	0	0	0	0	0	0	0	0	0	0	0	0	0	0	0	0	0	0	0	0	0	0	0	0	0	0	0	0	0	0	0	0	
526488	Frontal_Sup_Medial_L	188	0	57900	16628	3298	558	16464	2126	388	0	1866	1228	9498	1386	784	174	262	120	8484	4050	0	0	0	34336	2706	1124	430	0	9964	1750	29078	20772	11470	16994	136	0	0	0	0	0	0	0	0	0	0	0	0	0	0	0	0	0	0	0	0	0	0	0	0	0	0	0	0	0	0	0	0	0	0	0	670	1950	5890	572	0	0	0	0	0	0	0	0	0	0	0	0	0	0	0	0	0	0	0	0	0	0	0	0	0	0	0	0	0	0	0	0	0	0	0	0	0	0	0	0	0	0	
478344	Frontal_Sup_Medial_R	0	0	16038	42806	0	3222	4638	5638	0	0	420	5594	3230	7854	160	1274	0	514	4338	6894	0	266	34336	0	0	7468	0	1142	3058	8050	9056	35936	3328	16178	0	0	0	102	0	0	0	0	0	0	0	0	0	0	0	0	0	0	0	0	0	0	0	0	0	0	0	0	0	0	0	0	0	0	0	0	0	9446	244	7796	0	0	0	0	0	0	0	146	0	0	0	0	0	0	0	0	0	0	0	0	0	0	0	0	0	0	0	0	0	0	0	0	0	0	0	0	0	0	0	0	0	0	
39012	Frontal_Med_Orb_L	0	0	2634	0	2768	448	0	0	126	0	0	0	0	0	0	0	0	0	196	0	514	0	2706	0	0	1440	1626	200	810	0	3432	192	0	0	0	0	0	0	0	0	0	0	0	0	0	0	0	0	0	0	0	0	0	0	0	0	0	0	0	0	0	0	0	0	0	0	0	0	0	0	486	0	1928	0	0	0	0	0	0	0	0	0	0	0	0	0	0	0	0	0	0	0	0	0	0	0	0	0	0	0	0	0	0	0	0	0	0	0	0	0	0	0	0	0	0	0	
109072	Frontal_Med_Orb_R	0	0	336	3614	126	9660	0	0	0	144	0	102	0	118	0	0	0	0	0	0	336	1620	1124	7468	1440	0	206	7464	0	298	2088	8678	0	200	0	0	0	0	0	0	0	144	0	0	0	0	0	0	0	0	0	0	0	0	0	0	0	0	0	0	0	0	0	0	0	0	0	0	0	0	96	5280	0	3994	0	0	0	0	0	0	0	0	0	0	0	0	0	0	0	0	0	0	0	0	0	0	0	0	0	0	0	0	0	0	0	0	0	0	0	0	0	0	0	0	0	0	
41948	Rectus_L	0	0	288	0	4654	250	0	0	852	0	0	0	0	0	1458	0	0	0	0	0	1734	260	430	0	1626	206	0	454	1134	0	2458	240	0	0	0	0	0	0	0	0	518	0	0	0	0	0	0	0	0	0	0	0	0	0	0	0	0	0	0	0	0	0	0	0	0	0	0	0	0	0	2042	0	2156	0	0	0	0	0	0	0	0	0	214	0	0	0	0	0	0	0	0	0	0	0	0	0	0	0	0	0	0	0	0	0	0	0	0	0	0	0	0	0	0	0	0	0	
70172	Rectus_R	0	0	0	142	0	8688	0	0	0	710	0	0	0	0	0	674	0	0	0	0	868	3502	0	1142	200	7464	454	0	0	822	500	3584	0	0	0	0	0	240	0	444	176	1168	0	0	0	0	0	0	0	0	0	0	0	0	0	0	0	0	0	0	0	0	0	0	0	0	0	0	0	0	834	1852	654	968	0	0	0	0	0	0	0	0	0	0	0	0	0	0	0	0	0	0	0	0	0	0	0	0	0	0	0	0	0	0	0	0	0	0	0	0	0	0	0	0	0	0	
874512	Insula_L	13914	472	57646	3384	20334	0	21008	274	14114	0	24268	818	40680	560	22866	0	24806	196	23602	3314	2982	308	9964	3058	810	0	1134	0	0	424	7646	2202	800	1708	0	0	15862	150	2972	96	4512	0	0	0	0	0	0	0	278	0	1452	0	1112	0	9256	0	4808	0	350	0	290	0	2072	0	104	0	230	0	334	0	6438	828	17748	138	172	0	2620	338	11018	0	18742	0	10172	0	8130	0	0	0	13646	0	0	0	0	0	0	0	96	0	0	0	0	0	0	0	0	0	0	0	0	0	0	0	0	0	0	0	
508312	Insula_R	0	4406	1282	17186	0	1228	126	8786	0	2164	278	19340	164	16328	0	11300	144	19444	1910	7596	410	2580	1750	8050	0	298	0	822	424	0	2738	17946	1450	4046	0	0	0	12936	0	8654	0	2712	0	0	0	0	0	0	0	96	0	130	0	762	0	11562	0	1164	0	262	0	676	0	898	0	724	0	0	0	0	1906	10498	1300	24014	0	270	194	238	0	2354	0	11028	0	2612	0	2124	0	0	0	4598	0	0	0	0	0	0	0	0	0	248	0	0	0	0	0	0	0	0	0	0	0	0	0	0	0	0	
447612	Cingulum_Ant_L	528	142	26952	8146	1570	412	5522	636	796	0	6752	3304	6086	2716	1060	254	1224	294	6434	4836	3192	2810	29078	9056	3432	2088	2458	500	7646	2738	0	30314	7996	8786	372	0	0	0	0	0	266	280	0	0	0	0	0	0	0	0	0	0	0	0	0	0	0	0	0	0	0	0	0	0	0	0	0	0	0	0	9040	7426	13224	5168	0	0	0	0	0	0	144	0	128	0	0	0	0	0	0	0	0	0	0	0	0	0	0	0	0	0	0	0	0	0	0	0	0	0	0	0	0	0	0	0	0	0	
658912	Cingulum_Ant_R	240	104	10858	40340	132	3084	3440	3928	0	118	2312	11996	2336	12212	158	1952	446	1644	7568	12438	1600	3066	20772	35936	192	8678	240	3584	2202	17946	30314	0	7572	29194	0	0	0	800	0	576	0	184	0	0	0	0	0	0	0	0	0	0	0	0	0	628	0	0	0	0	0	0	0	0	0	0	0	0	0	0	4044	26664	3152	15780	0	0	0	154	0	0	0	512	0	184	0	0	0	0	0	176	0	0	0	0	0	0	0	0	0	0	0	0	0	0	0	0	0	0	0	0	0	0	0	0	0	0	
292076	Cingulum_Mid_L	672	220	9316	7344	0	0	1556	516	0	0	176	814	992	1260	0	130	0	0	19086	15686	0	0	11470	3328	0	0	0	0	800	1450	7996	7572	0	24092	5884	1050	0	0	0	0	0	0	774	126	1692	152	0	0	2660	106	2180	0	228	0	0	0	382	0	98	0	110	0	0	0	218	0	5788	1360	3042	2042	0	948	0	170	0	0	0	0	116	0	184	0	0	0	1770	0	0	0	482	0	0	0	0	0	0	0	0	0	0	0	0	0	0	0	0	0	0	0	0	0	0	0	0	0	0	0	
702876	Cingulum_Mid_R	8430	4494	12282	28514	0	204	2700	2556	0	0	524	5278	2324	6254	0	308	0	210	29766	62062	0	0	16994	16178	0	200	0	0	1708	4046	8786	29194	24092	0	4882	9666	0	750	0	308	0	0	374	1152	396	726	0	176	292	414	206	864	0	1410	0	2534	128	4010	0	0	0	172	0	166	0	0	1268	7128	17980	23914	166	2730	392	590	296	0	0	0	0	0	0	0	0	0	0	746	0	0	0	498	0	0	0	0	0	0	0	0	0	0	0	0	0	0	0	0	0	0	0	0	0	0	0	0	0	0	
156688	Cingulum_Post_L	2118	182	244	436	0	0	0	0	0	0	0	0	0	0	0	0	0	0	1656	2804	0	0	136	0	0	0	0	0	0	0	372	0	5884	4882	0	10158	3902	4202	1474	2490	0	0	4434	246	894	136	1558	1020	110	0	378	0	954	0	1872	2490	156	1136	0	0	0	0	0	0	0	0	10016	2358	3944	2242	0	0	0	0	0	0	0	458	108	0	0	0	0	0	1032	0	0	0	0	1362	0	0	0	0	0	0	0	0	0	0	0	0	0	0	0	0	0	0	0	0	500	0	0	0	0	0	
169144	Cingulum_Post_R	680	124	106	1500	0	0	0	0	0	0	0	0	0	0	0	0	0	0	176	6940	0	0	0	0	0	0	0	0	0	0	0	0	1050	9666	10158	0	3364	5700	1476	3336	0	0	432	2052	0	540	848	3100	0	0	0	186	0	1074	722	5344	0	1378	0	0	0	0	0	0	0	0	1550	11198	2572	5684	0	0	0	0	0	0	0	432	98	0	0	0	0	0	0	164	0	0	0	1912	0	0	0	0	0	0	0	0	0	0	0	0	0	0	0	0	0	0	0	0	1010	0	0	0	0	0	
322600	Hippocampus_L	5730	420	4890	1100	368	0	1226	98	108	0	388	0	0	0	216	0	462	0	3370	1044	1268	0	0	0	0	0	0	0	15862	0	0	0	0	0	3902	3364	0	3858	21058	2500	10980	0	1110	0	0	0	6142	1206	0	0	104	0	204	0	19524	1438	1036	0	0	0	0	0	0	0	0	0	2616	742	1252	0	1540	192	10472	0	1428	0	4766	1780	3694	0	2642	0	1122	0	886	0	0	0	12462	664	154	0	0	0	0	0	740	362	246	0	0	0	0	0	0	0	0	0	0	0	564	0	0	0	0	0	
460004	Hippocampus_R	1282	7812	334	6568	0	0	146	2246	0	0	0	934	0	0	0	0	0	5268	104	5412	0	1052	0	102	0	0	0	240	150	12936	0	800	0	750	4202	5700	3858	0	1616	44256	0	11736	0	662	0	0	934	5036	0	0	0	0	0	1078	782	44200	96	1078	0	0	0	0	0	2076	0	0	246	3932	478	686	98	928	0	18652	0	3692	438	4276	304	346	0	3394	0	1014	0	2256	0	0	0	13074	0	0	0	0	0	102	0	1230	0	1126	0	0	0	0	0	0	0	0	0	0	284	0	0	0	0	0	
157784	ParaHippocampal_L	294	102	476	176	178	0	0	0	0	0	0	0	0	0	252	0	0	0	270	154	1398	0	0	0	0	0	0	0	2972	0	0	0	0	0	1474	1476	21058	1616	0	1194	6614	0	398	0	0	0	5008	766	0	0	0	0	1054	0	14140	630	200	0	0	0	0	0	0	0	0	0	1172	286	358	0	422	0	3192	0	448	0	1180	526	110	0	552	0	2420	0	168	0	1318	0	2992	314	314	0	0	0	134	0	536	178	190	0	0	0	0	0	0	0	0	0	0	0	182	0	0	0	0	0	
349980	ParaHippocampal_R	522	2618	230	3662	0	0	106	1184	0	0	0	558	0	0	0	0	0	2464	0	3202	0	1446	0	0	0	0	0	444	96	8654	0	576	0	308	2490	3336	2500	44256	1194	0	0	11622	0	664	0	0	806	6434	0	0	0	0	0	0	678	33186	0	878	0	0	0	0	0	1358	0	0	242	3346	256	248	0	656	0	13002	0	3360	224	2012	216	0	0	1570	0	3576	0	302	0	1078	0	6034	0	0	0	0	0	104	0	1856	0	1174	0	0	0	0	0	0	0	0	0	0	262	0	0	0	0	0	
85024	Amygdala_L	0	0	0	0	538	0	0	0	224	0	0	0	0	0	478	0	0	0	0	0	3240	866	0	0	0	0	518	176	4512	0	266	0	0	0	0	0	10980	0	6614	0	0	110	0	0	0	0	0	0	0	0	0	0	0	0	5636	0	0	0	0	0	0	0	0	0	0	0	0	0	0	0	2476	550	2552	148	0	0	0	0	0	0	260	0	922	0	0	0	160	0	1286	0	0	0	0	0	0	0	0	0	0	0	0	0	0	0	0	0	0	0	0	0	0	0	0	0	0	0	
101824	Amygdala_R	0	0	0	538	0	360	0	0	0	232	0	0	0	0	0	484	0	0	0	538	650	2910	0	0	0	144	0	1168	0	2712	280	184	0	0	0	0	0	11736	0	11622	110	0	0	0	0	0	0	0	0	0	0	0	0	0	0	7002	0	0	0	0	0	0	0	0	0	0	0	0	0	0	654	1624	632	3614	0	0	0	0	0	0	0	190	0	2204	0	0	0	142	0	602	0	0	0	0	0	0	0	294	0	286	0	0	0	0	0	0	0	0	0	0	0	0	0	0	0	0	
230832	Calcarine_L	256	0	0	0	0	0	0	0	0	0	0	0	0	0	0	0	0	0	0	370	0	0	0	0	0	0	0	0	0	0	0	0	774	374	4434	432	1110	0	398	0	0	0	0	6572	12166	4714	8934	4320	13748	1918	21460	1140	9352	126	3070	128	834	0	478	294	450	0	0	0	250	0	13112	1608	968	342	0	0	0	0	0	0	0	0	0	0	0	0	0	0	400	414	0	0	122	0	0	0	0	0	0	0	0	0	0	0	0	0	0	0	0	0	0	0	0	0	348	0	0	0	0	0	
398448	Calcarine_R	0	1666	0	318	0	0	0	154	0	0	0	0	0	0	0	0	0	0	0	1150	0	0	0	0	0	0	0	0	0	0	0	0	126	1152	246	2052	0	662	0	664	0	0	6572	0	2466	30814	558	22940	0	24108	0	18082	0	11454	0	19686	0	4274	0	4316	0	902	0	548	0	922	1000	29964	376	4094	0	0	0	0	0	0	0	0	0	0	0	0	0	0	0	6256	0	0	0	534	0	0	0	0	0	0	0	0	164	198	0	0	0	0	0	0	0	0	0	0	604	202	0	0	0	0	
147100	Cuneus_L	162	0	0	0	0	0	0	0	0	0	0	0	0	0	0	0	0	0	0	398	0	0	0	0	0	0	0	0	0	0	0	0	1692	396	894	0	0	0	0	0	0	0	12166	2466	0	5096	1238	252	16042	964	11998	112	2024	0	310	110	526	0	650	164	0	0	0	0	108	0	10640	1924	524	392	0	0	0	0	0	0	0	0	0	0	0	0	0	0	1764	0	0	0	538	0	0	0	0	0	0	0	0	0	0	0	0	0	0	0	0	0	0	0	0	0	0	0	0	0	0	0	
337940	Cuneus_R	0	1224	0	268	0	0	0	136	0	0	0	0	0	0	0	0	0	0	0	774	0	0	0	0	0	0	0	0	0	0	0	0	152	726	136	540	0	0	0	0	0	0	4714	30814	5096	0	0	5358	0	36002	0	19622	0	3342	0	7196	0	4906	0	7692	0	1202	0	306	0	988	2436	26008	304	2444	0	0	0	0	0	0	0	0	0	0	0	0	0	0	0	6282	0	0	0	302	0	0	0	0	0	0	0	0	0	0	0	0	0	0	0	0	0	0	0	0	0	0	0	0	0	0	
208952	Lingual_L	0	0	0	0	0	0	0	0	0	0	0	0	0	0	0	0	0	0	0	0	0	0	0	0	0	0	0	0	0	0	0	0	0	0	1558	848	6142	934	5008	806	0	0	8934	558	1238	0	0	2456	2306	0	8396	0	8452	0	11528	914	0	0	0	0	0	0	0	0	0	0	3634	128	0	0	0	0	134	0	0	0	1094	176	0	0	0	0	0	0	0	0	0	0	0	126	5816	2188	662	234	306	0	9298	2100	9022	2628	0	0	0	0	0	0	0	0	0	0	4862	1876	114	0	0	0	
311804	Lingual_R	0	154	0	0	0	0	0	0	0	0	0	0	0	0	0	0	0	0	0	208	0	0	0	0	0	0	0	0	0	0	0	0	0	176	1020	3100	1206	5036	766	6434	0	0	4320	22940	252	5358	2456	0	0	4634	0	3454	0	6614	976	22286	0	310	0	382	0	0	0	0	0	0	444	12614	0	580	0	0	0	122	0	0	124	712	0	0	0	0	0	0	0	976	0	0	0	844	3548	3626	940	1372	0	0	5228	6484	4720	6224	0	0	182	0	0	180	0	0	0	196	6978	5624	1252	242	242	366	
289428	Occipital_Sup_L	594	0	0	0	0	0	0	0	0	0	0	0	0	0	0	0	296	0	0	306	0	0	0	0	0	0	0	0	278	0	0	0	2660	292	110	0	0	0	0	0	0	0	13748	0	16042	0	2306	0	0	0	44918	0	4750	0	412	0	2742	0	7324	0	1160	0	544	0	2650	0	20306	0	1706	304	0	0	0	0	0	0	0	0	770	0	842	0	0	0	14584	0	0	0	5070	0	0	0	0	0	0	0	0	0	0	0	0	0	0	0	0	0	0	0	0	0	0	0	0	0	0	0	
382080	Occipital_Sup_R	0	1870	0	226	0	0	0	186	0	0	0	0	0	0	0	0	0	132	0	620	0	0	0	0	0	0	0	0	0	96	0	0	106	414	0	0	0	0	0	0	0	0	1918	24108	964	36002	0	4634	0	0	0	35920	0	3686	0	7034	0	5096	0	11336	0	3060	0	734	0	7096	1134	25702	120	2674	0	0	0	0	0	0	0	0	0	0	0	226	0	0	0	14190	0	0	0	1756	0	0	0	0	0	0	0	0	0	0	0	0	0	0	0	0	0	0	0	0	0	0	0	0	0	0	
519244	Occipital_Mid_L	7092	0	160	146	0	0	472	0	0	0	0	0	0	0	0	0	1680	0	0	384	0	0	0	0	0	0	0	0	1452	0	0	0	2180	206	378	0	104	0	0	0	0	0	21460	0	11998	0	8396	0	44918	0	0	0	23440	0	5014	0	14816	0	23116	0	13746	0	4060	0	13942	0	23114	0	3700	218	204	0	0	0	0	0	0	0	1822	0	2110	0	0	0	23080	0	0	0	5454	0	254	0	182	0	0	0	0	0	324	0	0	0	0	0	0	0	0	0	0	0	0	0	0	0	0	0	
373312	Occipital_Mid_R	0	2212	0	256	0	0	0	230	0	0	0	0	0	0	0	0	0	168	0	1554	0	0	0	0	0	0	0	0	0	130	0	0	0	864	0	186	0	0	0	0	0	0	1140	18082	112	19622	0	3454	0	35920	0	0	0	5596	0	5164	0	5872	0	6600	0	7678	0	1484	0	17716	546	17844	160	3568	0	0	0	0	0	0	0	0	0	0	0	464	0	0	0	25976	0	0	0	4058	0	0	0	0	0	0	0	0	0	0	0	0	0	0	0	0	0	0	0	0	0	0	0	0	0	0	
176952	Occipital_Inf_L	1048	0	0	0	0	0	0	0	0	0	0	0	0	0	0	0	1332	0	0	0	0	0	0	0	0	0	0	0	1112	0	0	0	228	0	954	0	204	0	1054	0	0	0	9352	0	2024	0	8452	0	4750	0	23440	0	0	0	15380	0	1986	0	538	0	206	0	420	0	268	0	3572	0	1154	0	0	0	0	0	0	0	0	0	930	0	1304	0	0	0	3532	0	0	0	3002	0	726	0	384	0	0	0	0	0	1124	0	0	0	0	0	0	0	0	0	0	0	0	0	0	0	0	0	
180460	Occipital_Inf_R	0	1188	0	230	0	0	0	0	0	0	0	0	0	0	0	0	0	782	0	1808	0	0	0	0	0	0	0	0	0	762	0	0	0	1410	0	1074	0	1078	0	0	0	0	126	11454	0	3342	0	6614	0	3686	0	5596	0	0	0	22948	0	1674	0	724	0	460	0	406	0	574	176	8736	0	2448	0	0	0	0	0	0	0	0	0	260	0	698	0	0	0	3084	0	0	0	6600	212	302	0	176	0	0	0	0	290	592	0	0	0	0	0	0	0	0	0	0	0	536	184	0	0	0	
416688	Fusiform_L	1764	0	1418	354	300	0	148	0	110	0	178	0	0	0	330	0	1464	0	1272	388	768	0	0	0	0	0	0	0	9256	0	0	0	0	0	1872	722	19524	782	14140	678	5636	0	3070	0	310	0	11528	976	412	0	5014	0	15380	0	0	494	2240	0	288	0	258	0	430	0	0	0	2056	0	1624	0	992	0	3138	0	116	0	830	158	1822	0	4326	0	4800	0	3698	0	1172	0	22036	108	19786	474	3828	136	366	0	9386	854	20358	680	702	0	920	0	144	0	0	0	0	0	1670	472	188	0	0	0	
674484	Fusiform_R	486	4480	0	3906	0	0	0	980	0	0	0	728	0	0	0	0	0	5064	0	6432	0	0	0	0	0	0	0	0	0	11562	0	628	0	2534	2490	5344	1438	44200	630	33186	0	7002	128	19686	110	7196	914	22286	0	7034	0	5164	0	22948	494	0	0	2854	0	1800	0	474	0	2506	0	602	500	16468	522	3608	0	638	0	12352	0	1454	0	608	0	650	0	3560	0	5258	0	6272	0	1228	0	22534	1348	7002	256	924	0	240	2226	5052	1994	11004	0	0	0	0	0	0	0	0	0	0	3126	2666	466	0	0	0	
337380	Postcentral_L	35970	116	2204	226	0	0	5074	0	0	0	9352	0	3766	0	0	0	11946	0	944	362	0	0	0	0	0	0	0	0	4808	0	0	0	382	128	156	0	1036	96	200	0	0	0	834	0	526	0	0	0	2742	0	14816	0	1986	0	2240	0	0	0	13616	0	19612	0	7454	0	1522	0	3296	0	9002	0	702	0	1048	0	416	0	1884	114	5264	0	3926	0	114	0	538	0	0	0	272	0	0	0	0	0	0	0	0	0	0	0	0	0	0	0	0	0	0	0	0	0	0	0	0	0	0	0	
212476	Postcentral_R	1448	11674	0	1038	0	0	0	244	0	0	0	1932	0	0	0	0	0	2824	0	6594	0	0	0	0	0	0	0	0	0	1164	0	0	0	4010	1136	1378	0	1078	0	878	0	0	0	4274	0	4906	0	310	0	5096	0	5872	0	1674	0	2854	0	0	0	5740	0	4156	0	8436	0	682	0	9740	1750	8886	0	116	0	228	0	0	0	0	0	148	0	570	0	0	0	4122	0	0	0	1280	0	0	0	0	0	0	0	0	0	0	0	0	0	0	0	0	0	0	0	0	0	0	0	0	0	0	
176128	Parietal_Sup_L	5406	0	132	122	0	0	418	0	0	0	0	0	0	0	0	0	328	0	0	178	0	0	0	0	0	0	0	0	350	0	0	0	98	0	0	0	0	0	0	0	0	0	478	0	650	0	0	0	7324	0	23116	0	538	0	288	0	13616	0	0	0	12726	0	2470	0	3552	0	12226	0	1648	0	178	0	0	0	0	0	0	0	346	0	228	0	0	0	1334	0	0	0	314	0	0	0	0	0	0	0	0	0	0	0	0	0	0	0	0	0	0	0	0	0	0	0	0	0	0	0	
147272	Parietal_Sup_R	0	194	0	0	0	0	0	0	0	0	0	0	0	0	0	0	0	308	0	120	0	0	0	0	0	0	0	0	0	262	0	0	0	0	0	0	0	0	0	0	0	0	294	4316	164	7692	0	382	0	11336	0	6600	0	724	0	1800	0	5740	0	0	0	8194	0	1464	0	8506	0	11938	0	554	0	0	0	0	0	0	0	0	0	0	0	414	0	0	0	2112	0	0	0	522	0	0	0	0	0	0	0	0	0	0	0	0	0	0	0	0	0	0	0	0	0	0	0	0	0	0	
197448	Parietal_Inf_L	5618	0	392	104	0	0	432	0	0	0	0	0	0	0	0	0	328	0	0	142	0	0	0	0	0	0	0	0	290	0	0	0	110	0	0	0	0	0	0	0	0	0	450	0	0	0	0	0	1160	0	13746	0	206	0	258	0	19612	0	12726	0	0	0	14820	0	17506	0	1492	0	766	0	148	0	0	0	0	0	0	0	834	0	1468	0	0	0	4072	0	0	0	2044	0	0	0	0	0	0	0	0	0	0	0	0	0	0	0	0	0	0	0	0	0	0	0	0	0	0	0	
173572	Parietal_Inf_R	0	634	0	306	0	0	0	98	0	0	0	0	0	0	0	0	0	856	0	522	0	0	0	0	0	0	0	0	0	676	0	0	0	172	0	0	0	0	0	0	0	0	0	902	0	1202	0	0	0	3060	0	7678	0	460	0	474	0	4156	0	8194	0	0	0	14778	0	24074	0	2772	0	408	0	0	0	0	0	0	0	0	0	350	0	2986	0	0	0	8956	0	0	0	3072	0	0	0	0	0	0	0	0	0	0	0	0	0	0	0	0	0	0	0	0	0	0	0	0	0	0	
144724	SupraMarginal_L	2106	0	556	0	0	0	0	0	0	0	212	0	0	0	0	0	4226	0	0	0	0	0	0	0	0	0	0	0	2072	0	0	0	0	0	0	0	0	0	0	0	0	0	0	0	0	0	0	0	544	0	4060	0	420	0	430	0	7454	0	2470	0	14820	0	0	0	8022	0	1668	0	510	0	0	0	178	0	156	0	0	0	1410	0	9596	0	0	0	8618	0	0	0	2834	0	0	0	0	0	0	0	0	0	0	0	0	0	0	0	0	0	0	0	0	0	0	0	0	0	0	0	
152760	SupraMarginal_R	0	2162	0	1498	0	0	0	210	0	0	0	344	0	0	0	0	0	3322	0	1646	0	0	0	0	0	0	0	0	0	898	0	0	0	166	0	0	0	2076	0	1358	0	0	0	548	0	306	0	0	0	734	0	1484	0	406	0	2506	0	8436	0	1464	0	14778	0	0	0	14008	0	888	0	278	0	0	0	0	0	0	0	0	0	460	0	6868	0	0	0	6202	0	0	0	3334	0	0	0	0	0	0	0	0	0	0	0	0	0	0	0	0	0	0	0	0	0	0	0	0	0	0	
131168	Angular_L	560	0	0	0	0	0	0	0	0	0	0	0	0	0	0	0	0	0	0	0	0	0	0	0	0	0	0	0	104	0	0	0	218	0	0	0	0	0	0	0	0	0	250	0	108	0	0	0	2650	0	13942	0	268	0	0	0	1522	0	3552	0	17506	0	8022	0	0	0	1924	0	298	0	0	0	0	0	0	0	0	0	1128	0	2158	0	0	0	9576	0	0	0	1798	0	0	0	0	0	0	0	0	0	0	0	0	0	0	0	0	0	0	0	0	0	0	0	0	0	0	0	
212368	Angular_R	0	382	0	130	0	0	0	0	0	0	0	0	0	0	0	0	0	944	0	318	0	0	0	0	0	0	0	0	0	724	0	0	0	0	0	0	0	0	0	0	0	0	0	922	0	988	0	0	0	7096	0	17716	0	574	0	602	0	682	0	8506	0	24074	0	14008	0	0	0	2180	0	434	0	0	0	0	0	0	0	0	0	390	0	5946	0	0	0	15708	0	0	0	3860	0	0	0	0	0	0	0	0	0	0	0	0	0	0	0	0	0	0	0	0	0	0	0	0	0	0	
309360	Precuneus_L	1080	0	0	168	0	0	0	0	0	0	0	0	0	0	0	0	254	0	736	1078	0	0	0	0	0	0	0	0	230	0	0	0	5788	1268	10016	1550	2616	246	1172	242	0	0	13112	1000	10640	2436	3634	444	20306	1134	23114	546	3572	176	2056	500	3296	0	12226	0	1492	0	1668	0	1924	0	0	5950	3578	946	0	0	0	0	0	0	0	0	598	0	662	0	0	0	9738	330	0	0	2442	112	0	0	0	0	0	0	176	120	0	0	0	0	0	0	0	0	0	0	0	0	308	0	0	0	0	0	
476656	Precuneus_R	0	3154	0	740	0	0	0	342	0	0	0	0	0	0	0	0	0	0	0	3964	0	0	0	0	0	0	0	0	0	0	0	0	1360	7128	2358	11198	742	3932	286	3346	0	0	1608	29964	1924	26008	128	12614	0	25702	0	17844	0	8736	0	16468	0	9740	0	11938	0	2772	0	888	0	2180	5950	0	2078	11524	0	0	0	0	0	0	0	0	0	0	0	0	0	0	0	7620	0	0	0	2078	0	0	0	0	0	0	0	186	150	186	0	0	0	0	0	0	0	0	0	0	1294	198	0	0	0	0	
268156	Paracentral_Lobule_L	20102	2360	142	1898	0	0	0	0	0	0	0	0	0	0	0	0	430	0	5522	20094	0	0	0	0	0	0	0	0	334	0	0	0	3042	17980	3944	2572	1252	478	358	256	0	0	968	376	524	304	0	0	1706	120	3700	160	1154	0	1624	522	9002	1750	1648	0	766	0	510	0	298	0	3578	2078	0	12322	834	278	2290	0	1838	0	2902	424	0	0	340	0	0	0	938	126	0	0	0	234	0	0	0	0	0	0	0	0	0	0	0	0	0	0	0	0	0	0	0	0	0	0	0	0	0	0	
263332	Paracentral_Lobule_R	5412	3906	0	332	0	0	0	0	0	0	0	0	0	0	0	0	0	0	928	25736	0	0	0	0	0	0	0	0	0	0	0	0	2042	23914	2242	5684	0	686	0	248	0	0	342	4094	392	2444	0	580	304	2674	218	3568	0	2448	0	3608	0	8886	0	554	0	408	0	278	0	434	946	11524	12322	0	0	0	0	0	0	0	0	0	0	0	0	172	0	0	0	3364	0	0	0	976	0	0	0	0	0	0	0	0	0	0	0	0	0	0	0	0	0	0	0	0	0	0	0	0	0	0	
354272	Caudate_L	3346	2670	8842	7702	1988	216	2390	528	388	0	1414	4786	138	2724	1272	0	1148	966	8146	9752	10124	8764	670	0	486	96	2042	834	6438	1906	9040	4044	0	166	0	0	1540	98	422	0	2476	654	0	0	0	0	0	0	0	0	204	0	0	0	992	0	702	0	178	0	148	0	0	0	0	0	0	0	834	0	0	13950	27450	7210	4502	1196	8450	296	372	0	640	288	684	0	0	0	0	0	824	0	0	0	0	0	0	0	0	0	0	0	0	0	0	0	0	0	0	0	0	0	0	0	0	0	0	0	
497656	Caudate_R	250	6586	2076	27828	0	5026	0	2560	0	436	206	6364	186	2310	0	1332	134	2324	3712	18856	5236	10064	1950	9446	0	5280	0	1852	828	10498	7426	26664	948	2730	0	0	192	928	0	656	550	1624	0	0	0	0	0	0	0	0	0	0	0	0	0	638	0	116	0	0	0	0	0	0	0	0	0	0	278	0	13950	0	11392	31218	2200	4910	840	14604	0	0	0	926	0	528	0	0	0	0	0	170	0	0	0	0	0	0	0	0	0	0	0	0	0	0	0	0	0	0	0	0	0	0	0	0	0	0	
438364	Putamen_L	1678	562	16336	3698	13278	200	336	100	3782	0	1640	1760	126	1162	5776	0	1012	190	12656	3854	7432	8080	5890	244	1928	0	2156	654	17748	1300	13224	3152	0	392	0	0	10472	0	3192	0	2552	632	0	0	0	0	134	0	0	0	0	0	0	0	3138	0	1048	0	0	0	0	0	178	0	0	0	0	0	2290	0	27450	11392	0	6216	11160	870	3194	524	116	0	880	0	612	0	0	0	0	0	2786	0	0	0	0	0	0	0	0	0	0	0	0	0	0	0	0	0	0	0	0	0	0	0	0	0	0	0	
488440	Putamen_R	0	4264	370	23234	0	5372	0	4118	0	2548	0	3672	0	718	0	4700	0	4900	832	13092	2968	4758	572	7796	0	3994	0	968	138	24014	5168	15780	170	590	0	0	0	18652	0	13002	148	3614	0	0	0	0	0	122	0	0	0	0	0	0	0	12352	0	228	0	0	0	0	0	0	0	0	0	0	0	0	7210	31218	6216	0	448	7182	306	1660	0	0	0	2850	0	1292	0	478	0	0	0	1956	0	0	0	0	0	0	0	202	0	348	0	0	0	0	0	0	0	0	0	0	0	0	0	0	0	0	
79528	Pallidum_L	596	346	2036	1622	0	0	0	0	0	0	0	0	0	0	0	0	306	0	4804	1874	460	1374	0	0	0	0	0	0	172	0	0	0	0	296	0	0	1428	0	448	0	0	0	0	0	0	0	0	0	0	0	0	0	0	0	116	0	416	0	0	0	0	0	156	0	0	0	0	0	1838	0	4502	2200	11160	448	0	696	2154	188	0	0	128	0	0	0	0	0	0	0	0	0	0	0	0	0	0	0	0	0	0	0	0	0	0	0	0	0	0	0	0	0	0	0	0	0	0	0	
79916	Pallidum_R	0	662	132	6834	0	0	0	800	0	0	0	644	0	0	0	0	0	308	174	6088	0	368	0	0	0	0	0	0	0	270	0	0	0	0	0	0	0	3692	0	3360	0	0	0	0	0	0	0	0	0	0	0	0	0	0	0	1454	0	0	0	0	0	0	0	0	0	0	0	0	0	0	1196	4910	870	7182	696	0	106	212	0	0	0	0	0	0	0	0	0	0	0	0	0	0	0	0	0	0	0	0	0	0	0	0	0	0	0	0	0	0	0	0	0	0	0	0	0	0	
145696	Thalamus_L	8708	4512	4836	4260	0	0	3230	1032	0	0	198	160	0	156	0	0	950	178	2788	6138	0	0	0	0	0	0	0	0	2620	194	0	0	0	0	0	0	4766	438	1180	224	0	0	0	0	0	0	1094	124	0	0	0	0	0	0	830	0	1884	0	0	0	0	0	0	0	0	0	0	0	2902	0	8450	840	3194	306	2154	106	0	2288	766	0	166	0	0	0	0	0	0	0	510	0	0	0	0	0	340	0	180	0	0	0	0	0	0	0	0	0	0	0	0	146	0	0	0	0	0	0	
131104	Thalamus_R	1396	9410	898	13952	0	0	164	1630	0	0	0	152	0	0	0	0	0	134	342	4838	0	0	0	0	0	0	0	0	338	238	0	154	0	0	458	432	1780	4276	526	2012	0	0	0	0	0	0	176	712	0	0	0	0	0	0	158	608	114	0	0	0	0	0	0	0	0	0	0	0	424	0	296	14604	524	1660	188	212	2288	0	292	0	0	0	0	0	0	0	0	0	0	166	0	0	0	0	0	0	0	0	0	0	0	0	0	0	0	0	0	0	0	0	0	0	0	0	0	0	
180620	Heschl_L	9032	136	4458	136	0	0	3454	0	0	0	3000	0	656	0	0	0	10730	0	2564	162	0	0	0	0	0	0	0	0	11018	0	0	0	116	0	108	98	3694	304	110	216	0	0	0	0	0	0	0	0	770	0	1822	0	930	0	1822	0	5264	0	346	0	834	0	1410	0	1128	0	598	0	0	0	372	0	116	0	0	0	766	292	0	0	10480	0	124	0	7128	0	0	0	6116	0	0	0	0	0	0	0	0	0	0	0	0	0	0	0	0	0	0	0	0	0	0	0	0	0	0	0	
34900	Heschl_R	0	284	0	312	0	0	0	0	0	0	0	548	0	0	0	0	0	4232	0	316	0	0	0	0	0	0	0	0	0	2354	0	0	0	0	0	0	0	346	0	0	0	0	0	0	0	0	0	0	0	0	0	0	0	260	0	650	0	148	0	0	0	350	0	460	0	390	0	0	0	0	0	0	0	0	0	0	0	0	0	0	0	4620	0	328	0	1114	0	0	0	738	0	0	0	0	0	0	0	0	0	0	0	0	0	0	0	0	0	0	0	0	0	0	0	0	0	0	
324380	Temporal_Sup_L	3800	0	4264	340	892	0	858	0	364	0	7500	130	590	0	484	0	13864	0	3020	358	0	0	0	0	0	0	0	0	18742	0	144	0	184	0	0	0	2642	0	552	0	260	0	0	0	0	0	0	0	842	0	2110	0	1304	0	4326	0	3926	0	228	0	1468	0	9596	0	2158	0	662	0	340	0	640	0	880	0	128	0	166	0	10480	0	0	0	8894	0	35180	0	0	0	19874	0	0	0	0	0	0	0	0	0	0	0	0	0	0	0	0	0	0	0	0	0	0	0	0	0	0	0	
188868	Temporal_Sup_R	0	822	0	2714	0	0	0	596	0	0	0	2832	0	0	0	410	0	12878	0	1886	0	0	0	146	0	0	0	0	0	11028	0	512	0	0	0	0	0	3394	0	1570	0	190	0	0	0	0	0	0	0	226	0	464	0	698	0	3560	0	570	0	414	0	2986	0	6868	0	5946	0	0	0	172	288	926	0	2850	0	0	0	0	0	4620	0	0	0	5668	0	13272	0	358	0	5570	0	0	0	0	0	0	0	0	0	0	0	0	0	0	0	0	0	0	0	0	0	0	0	0	0	0	
159456	Temporal_Pole_Sup_L	270	0	2550	204	2186	0	202	0	1918	0	6596	120	1020	0	4334	0	2808	0	984	206	646	0	0	0	0	0	214	0	10172	0	128	0	0	0	0	0	1122	0	2420	0	922	0	0	0	0	0	0	0	0	0	0	0	0	0	4800	0	114	0	0	0	0	0	0	0	0	0	0	0	0	0	684	0	612	0	0	0	0	0	124	0	8894	0	0	0	10942	0	5214	0	9322	0	0	0	0	0	0	0	0	0	0	0	0	0	0	0	0	0	0	0	0	0	0	0	0	0	0	0	
79916	Temporal_Pole_Sup_R	0	112	0	280	0	0	0	0	0	0	0	1352	0	0	0	572	0	1248	0	272	0	172	0	0	0	0	0	0	0	2612	0	184	0	0	0	0	0	1014	0	3576	0	2204	0	0	0	0	0	0	0	0	0	0	0	0	0	5258	0	0	0	0	0	0	0	0	0	0	0	0	0	0	0	528	0	1292	0	0	0	0	0	328	0	5668	0	0	0	5150	0	4236	0	3900	0	0	0	0	0	0	0	0	0	0	0	0	0	0	0	0	0	0	0	0	0	0	0	0	0	0	
390784	Temporal_Mid_L	1366	0	860	0	0	0	0	0	0	0	1398	0	0	0	232	0	2498	0	774	0	0	0	0	0	0	0	0	0	8130	0	0	0	1770	0	1032	0	886	0	168	0	0	0	400	0	1764	0	0	0	14584	0	23080	0	3532	0	3698	0	538	0	1334	0	4072	0	8618	0	9576	0	9738	0	938	0	0	0	0	0	0	0	0	0	7128	0	35180	0	10942	0	0	0	4208	0	36948	0	0	0	0	0	0	0	0	0	0	0	0	0	0	0	0	0	0	0	0	0	0	0	0	0	0	0	
355624	Temporal_Mid_R	100	1636	0	732	0	0	0	288	0	0	0	346	0	0	0	0	0	2272	0	1866	0	0	0	0	0	0	0	0	0	2124	0	0	0	746	0	164	0	2256	0	302	0	0	414	6256	0	6282	0	976	0	14190	0	25976	0	3084	0	6272	0	4122	0	2112	0	8956	0	6202	0	15708	330	7620	126	3364	0	0	0	478	0	0	0	0	0	1114	0	13272	0	5150	0	0	0	2696	0	30280	0	0	0	0	0	0	0	0	0	0	0	0	0	0	0	0	0	0	0	0	0	0	0	0	0	0	
29208	Temporal_Pole_Mid_L	0	0	0	0	0	0	0	0	0	0	0	0	0	0	0	0	0	0	0	0	0	0	0	0	0	0	0	0	0	0	0	0	0	0	0	0	0	0	1318	0	160	0	0	0	0	0	0	0	0	0	0	0	0	0	1172	0	0	0	0	0	0	0	0	0	0	0	0	0	0	0	0	0	0	0	0	0	0	0	0	0	0	0	5214	0	4208	0	0	0	2532	0	0	0	0	0	0	0	0	0	0	0	0	0	0	0	0	0	0	0	0	0	0	0	0	0	0	0	
21860	Temporal_Pole_Mid_R	0	0	0	0	0	0	0	0	0	0	0	0	0	0	0	0	0	0	0	0	0	0	0	0	0	0	0	0	0	0	0	0	0	0	0	0	0	0	0	1078	0	142	0	0	0	0	0	0	0	0	0	0	0	0	0	1228	0	0	0	0	0	0	0	0	0	0	0	0	0	0	0	0	0	0	0	0	0	0	0	0	0	358	0	4236	0	2696	0	0	0	1192	0	0	0	0	0	0	0	0	0	0	0	0	0	0	0	0	0	0	0	0	0	0	0	0	0	0	
341572	Temporal_Inf_L	494	0	3268	380	372	0	208	0	0	0	946	0	0	0	254	0	1230	0	3088	404	174	0	0	0	0	0	0	0	13646	0	0	0	482	0	0	0	12462	0	2992	0	1286	0	122	0	538	0	0	0	5070	0	5454	0	3002	0	22036	0	272	0	314	0	2044	0	2834	0	1798	0	2442	0	0	0	824	0	2786	0	0	0	510	0	6116	0	19874	0	9322	0	36948	0	2532	0	0	0	2188	0	552	0	0	0	408	0	840	0	146	0	128	0	0	0	0	0	0	0	0	0	0	0	0	0	
269352	Temporal_Inf_R	242	1644	0	1400	0	0	0	404	0	0	0	380	0	0	0	0	0	3014	0	2056	0	0	0	0	0	0	0	0	0	4598	0	176	0	498	1362	1912	664	13074	314	6034	0	602	0	534	0	302	126	844	0	1756	0	4058	0	6600	108	22534	0	1280	0	522	0	3072	0	3334	0	3860	112	2078	234	976	0	170	0	1956	0	0	0	166	0	738	0	5570	0	3900	0	30280	0	1192	0	0	0	0	0	0	0	0	0	0	0	0	0	0	0	0	0	0	0	0	0	0	0	0	0	0	0	0	
480568	Cerebelum_Crus1_L	0	0	0	0	0	0	0	0	0	0	0	0	0	0	0	0	0	0	0	0	0	0	0	0	0	0	0	0	0	0	0	0	0	0	0	0	154	0	314	0	0	0	0	0	0	0	5816	3548	0	0	254	0	726	212	19786	1348	0	0	0	0	0	0	0	0	0	0	0	0	0	0	0	0	0	0	0	0	0	0	0	0	0	0	0	0	0	0	0	0	2188	0	0	5202	33920	3050	3806	240	31382	2992	59698	6758	12310	132	13928	1324	1314	404	344	0	188	1894	10436	9836	4724	1304	752	0	
387480	Cerebelum_Crus1_R	0	0	0	0	0	0	0	0	0	0	0	0	0	0	0	0	0	0	0	0	0	0	0	0	0	0	0	0	0	0	0	0	0	0	0	0	0	0	0	0	0	0	0	0	0	0	2188	3626	0	0	0	0	0	302	474	7002	0	0	0	0	0	0	0	0	0	0	0	0	0	0	0	0	0	0	0	0	0	0	0	0	0	0	0	0	0	0	0	0	0	0	5202	0	1628	25180	104	3978	8600	21148	6874	51700	220	4646	708	11552	244	1274	0	284	328	2388	15076	11240	6350	742	572	110	
298456	Cerebelum_Crus2_L	0	0	0	0	0	0	0	0	0	0	0	0	0	0	0	0	0	0	0	0	0	0	0	0	0	0	0	0	0	0	0	0	0	0	0	0	0	0	0	0	0	0	0	0	0	0	662	940	0	0	182	0	384	0	3828	256	0	0	0	0	0	0	0	0	0	0	0	0	0	0	0	0	0	0	0	0	0	0	0	0	0	0	0	0	0	0	0	0	552	0	33920	1628	0	7596	988	134	4888	354	13714	1612	27882	2072	27610	2026	2186	376	368	110	102	612	1448	3390	6766	2036	508	98	
256240	Cerebelum_Crus2_R	0	0	0	0	0	0	0	0	0	0	0	0	0	0	0	0	0	0	0	0	0	0	0	0	0	0	0	0	0	0	0	0	0	0	0	0	0	0	0	0	0	0	0	0	0	0	234	1372	0	0	0	0	0	176	136	924	0	0	0	0	0	0	0	0	0	0	0	0	0	0	0	0	0	0	0	0	0	0	0	0	0	0	0	0	0	0	0	0	0	0	3050	25180	7596	0	572	974	1774	2464	2290	11254	1844	14644	3380	22104	1500	2288	0	412	152	1160	2086	6182	10792	2402	1006	172	
62804	Cerebelum_3_L	268	0	0	0	0	0	0	0	0	0	0	0	0	0	0	0	0	0	0	0	0	0	0	0	0	0	0	0	0	0	0	0	0	0	0	0	0	0	134	0	0	0	0	0	0	0	306	0	0	0	0	0	0	0	366	0	0	0	0	0	0	0	0	0	0	0	0	0	0	0	0	0	0	0	0	0	340	0	0	0	0	0	0	0	0	0	0	0	0	0	3806	104	988	572	0	316	7564	0	4030	108	580	0	1794	338	2040	442	0	0	580	3090	652	512	1082	738	516	136	
56988	Cerebelum_3_R	0	0	0	0	0	0	0	0	0	0	0	0	0	0	0	0	0	0	0	0	0	0	0	0	0	0	0	0	0	0	0	0	0	0	0	0	0	102	0	104	0	0	0	0	0	0	0	0	0	0	0	0	0	0	0	240	0	0	0	0	0	0	0	0	0	0	0	0	0	0	0	0	0	0	0	0	0	0	0	0	0	0	0	0	0	0	0	0	0	0	240	3978	134	974	316	0	434	5242	320	5708	0	0	246	592	232	1348	0	0	1532	3978	1000	0	366	660	612	136	
387192	Cerebelum_4_5_L	102	0	0	0	0	0	0	0	0	0	0	0	0	0	0	0	0	0	0	0	0	0	0	0	0	0	0	0	96	0	0	0	0	0	0	0	740	0	536	0	0	0	0	0	0	0	9298	5228	0	0	0	0	0	0	9386	2226	0	0	0	0	0	0	0	0	0	0	176	0	0	0	0	0	0	0	0	0	180	0	0	0	0	0	0	0	0	0	0	0	408	0	31382	8600	4888	1774	7564	434	0	9298	39118	10566	1990	0	4450	2000	2722	974	202	0	294	3388	22054	6202	2368	2500	1654	798	
235076	Cerebelum_4_5_R	0	0	0	96	0	0	0	0	0	0	0	0	0	0	0	0	0	0	0	96	0	0	0	0	0	0	0	0	0	0	0	0	0	0	0	0	362	1230	178	1856	0	294	0	0	0	0	2100	6484	0	0	0	0	0	0	854	5052	0	0	0	0	0	0	0	0	0	0	120	186	0	0	0	0	0	202	0	0	0	0	0	0	0	0	0	0	0	0	0	0	0	0	2992	21148	354	2464	0	5242	9298	0	4068	28146	0	170	292	914	124	744	0	0	178	2778	16398	1084	330	678	610	416	
453412	Cerebelum_6_L	0	0	0	0	0	0	0	0	0	0	0	0	0	0	0	0	0	0	0	0	0	0	0	0	0	0	0	0	0	0	0	0	0	0	0	0	246	0	190	0	0	0	0	164	0	0	9022	4720	0	0	324	0	1124	290	20358	1994	0	0	0	0	0	0	0	0	0	0	0	150	0	0	0	0	0	0	0	0	0	0	0	0	0	0	0	0	0	0	0	0	840	0	59698	6874	13714	2290	4030	320	39118	4068	0	9022	4200	0	5464	1572	1702	596	178	0	200	2342	14172	10958	3636	1828	1136	166	
394048	Cerebelum_6_R	0	0	0	146	0	0	0	0	0	0	0	0	0	0	0	0	0	0	0	150	0	0	0	0	0	0	0	0	0	248	0	0	0	0	0	0	0	1126	0	1174	0	286	0	198	0	0	2628	6224	0	0	0	0	0	592	680	11004	0	0	0	0	0	0	0	0	0	0	0	186	0	0	0	0	0	348	0	0	0	0	0	0	0	0	0	0	0	0	0	0	0	0	6758	51700	1612	11254	108	5708	10566	28146	9022	0	204	580	556	3118	122	976	0	382	352	3056	18426	13482	5310	344	252	0	
195872	Cerebelum_7b_L	0	0	0	0	0	0	0	0	0	0	0	0	0	0	0	0	0	0	0	0	0	0	0	0	0	0	0	0	0	0	0	0	0	0	0	0	0	0	0	0	0	0	0	0	0	0	0	0	0	0	0	0	0	0	702	0	0	0	0	0	0	0	0	0	0	0	0	0	0	0	0	0	0	0	0	0	0	0	0	0	0	0	0	0	0	0	0	0	146	0	12310	220	27882	1844	580	0	1990	0	4200	204	0	486	33910	804	4358	420	254	0	0	220	454	580	3016	2500	628	228	
85344	Cerebelum_7b_R	0	0	0	0	0	0	0	0	0	0	0	0	0	0	0	0	0	0	0	0	0	0	0	0	0	0	0	0	0	0	0	0	0	0	0	0	0	0	0	0	0	0	0	0	0	0	0	0	0	0	0	0	0	0	0	0	0	0	0	0	0	0	0	0	0	0	0	0	0	0	0	0	0	0	0	0	0	0	0	0	0	0	0	0	0	0	0	0	0	0	132	4646	2072	14644	0	0	0	170	0	580	486	0	498	16528	0	1132	0	142	0	0	0	0	1044	598	0	0	
276592	Cerebelum_8_L	0	0	0	0	0	0	0	0	0	0	0	0	0	0	0	0	0	0	0	0	0	0	0	0	0	0	0	0	0	0	0	0	0	0	0	0	0	0	0	0	0	0	0	0	0	0	0	182	0	0	0	0	0	0	920	0	0	0	0	0	0	0	0	0	0	0	0	0	0	0	0	0	0	0	0	0	0	0	0	0	0	0	0	0	0	0	0	0	128	0	13928	708	27610	3380	1794	246	4450	292	5464	556	33910	498	0	2956	18834	1938	1330	128	224	1092	1486	1056	5292	6056	2958	880	
213088	Cerebelum_8_R	0	0	0	0	0	0	0	0	0	0	0	0	0	0	0	0	0	0	0	0	0	0	0	0	0	0	0	0	0	0	0	0	0	0	0	0	0	0	0	0	0	0	0	0	0	0	0	0	0	0	0	0	0	0	0	0	0	0	0	0	0	0	0	0	0	0	0	0	0	0	0	0	0	0	0	0	0	0	0	0	0	0	0	0	0	0	0	0	0	0	1324	11552	2026	22104	338	592	2000	914	1572	3118	804	16528	2956	0	1564	15004	0	1286	502	1432	2100	304	4652	7638	5536	698	
105520	Cerebelum_9_L	0	0	0	0	0	0	0	0	0	0	0	0	0	0	0	0	0	0	0	0	0	0	0	0	0	0	0	0	0	0	0	0	0	0	0	0	0	0	0	0	0	0	0	0	0	0	0	0	0	0	0	0	0	0	144	0	0	0	0	0	0	0	0	0	0	0	0	0	0	0	0	0	0	0	0	0	0	0	0	0	0	0	0	0	0	0	0	0	0	0	1314	244	2186	1500	2040	232	2722	124	1702	122	4358	0	18834	1564	0	2216	2246	0	186	1158	506	702	2342	2766	2712	840	
114340	Cerebelum_9_R	0	0	0	0	0	0	0	0	0	0	0	0	0	0	0	0	0	0	0	0	0	0	0	0	0	0	0	0	0	0	0	0	0	0	0	0	0	0	0	0	0	0	0	0	0	0	0	180	0	0	0	0	0	0	0	0	0	0	0	0	0	0	0	0	0	0	0	0	0	0	0	0	0	0	0	0	0	0	0	0	0	0	0	0	0	0	0	0	0	0	404	1274	376	2288	442	1348	974	744	596	976	420	1132	1938	15004	2216	0	0	1342	1176	1612	1204	938	3160	6616	8368	2442	
9844	Cerebelum_10_L	0	0	0	0	0	0	0	0	0	0	0	0	0	0	0	0	0	0	0	0	0	0	0	0	0	0	0	0	0	0	0	0	0	0	0	0	0	0	0	0	0	0	0	0	0	0	0	0	0	0	0	0	0	0	0	0	0	0	0	0	0	0	0	0	0	0	0	0	0	0	0	0	0	0	0	0	0	0	0	0	0	0	0	0	0	0	0	0	0	0	344	0	368	0	0	0	202	0	178	0	254	0	1330	0	2246	0	0	0	0	0	0	0	0	0	0	0	
12364	Cerebelum_10_R	0	0	0	0	0	0	0	0	0	0	0	0	0	0	0	0	0	0	0	0	0	0	0	0	0	0	0	0	0	0	0	0	0	0	0	0	0	0	0	0	0	0	0	0	0	0	0	0	0	0	0	0	0	0	0	0	0	0	0	0	0	0	0	0	0	0	0	0	0	0	0	0	0	0	0	0	0	0	0	0	0	0	0	0	0	0	0	0	0	0	0	284	110	412	0	0	0	0	0	382	0	142	128	1286	0	1342	0	0	0	0	0	0	516	744	836	0	
24724	Vermis_1_2	0	0	0	0	0	0	0	0	0	0	0	0	0	0	0	0	0	0	0	0	0	0	0	0	0	0	0	0	0	0	0	0	0	0	0	0	0	0	0	0	0	0	0	0	0	0	0	0	0	0	0	0	0	0	0	0	0	0	0	0	0	0	0	0	0	0	0	0	0	0	0	0	0	0	0	0	0	0	0	0	0	0	0	0	0	0	0	0	0	0	188	328	102	152	580	1532	294	178	200	352	0	0	224	502	186	1176	0	0	0	3400	684	0	480	790	802	212	
