data	data	457180	134804	1.07173e+06	848516	139628	116004	658184	346556	72560	33940	249068	284884	228376	190988	152916	97944	181556	122412	811416	816412	116932	122148	422608	464332	24500	78992	57348	98804	627764	507048	315568	591104	180564	498044	154468	162844	364872	456012	163404	336880	37304	71004	266504	332364	169304	292164	401204	397944	193140	303796	523768	196988	167004	119056	476424	548424	299768	208180	189276	62928	203708	95476	89232	128924	109464	103248	312200	287140	304152	200984	375392	445984	476568	518972	44128	58808	327792	212972	87048	30888	168932	90344	66428	45340	276300	156008	23652	33012	273356	179372	491836	444104	338792	351176	47872	77800	407412	339292	540076	447244	290912	125776	385556	287168	169324	136788	16576	15532	36192	88932	405136	250136	349588	207608	134908	35140	
data	data	Precentral_L	Precentral_R	Frontal_Sup_L	Frontal_Sup_R	Frontal_Sup_Orb_L	Frontal_Sup_Orb_R	Frontal_Mid_L	Frontal_Mid_R	Frontal_Mid_Orb_L	Frontal_Mid_Orb_R	Frontal_Inf_Oper_L	Frontal_Inf_Oper_R	Frontal_Inf_Tri_L	Frontal_Inf_Tri_R	Frontal_Inf_Orb_L	Frontal_Inf_Orb_R	Rolandic_Oper_L	Rolandic_Oper_R	Supp_Motor_Area_L	Supp_Motor_Area_R	Olfactory_L	Olfactory_R	Frontal_Sup_Medial_L	Frontal_Sup_Medial_R	Frontal_Med_Orb_L	Frontal_Med_Orb_R	Rectus_L	Rectus_R	Insula_L	Insula_R	Cingulum_Ant_L	Cingulum_Ant_R	Cingulum_Mid_L	Cingulum_Mid_R	Cingulum_Post_L	Cingulum_Post_R	Hippocampus_L	Hippocampus_R	ParaHippocampal_L	ParaHippocampal_R	Amygdala_L	Amygdala_R	Calcarine_L	Calcarine_R	Cuneus_L	Cuneus_R	Lingual_L	Lingual_R	Occipital_Sup_L	Occipital_Sup_R	Occipital_Mid_L	Occipital_Mid_R	Occipital_Inf_L	Occipital_Inf_R	Fusiform_L	Fusiform_R	Postcentral_L	Postcentral_R	Parietal_Sup_L	Parietal_Sup_R	Parietal_Inf_L	Parietal_Inf_R	SupraMarginal_L	SupraMarginal_R	Angular_L	Angular_R	Precuneus_L	Precuneus_R	Paracentral_Lobule_L	Paracentral_Lobule_R	Caudate_L	Caudate_R	Putamen_L	Putamen_R	Pallidum_L	Pallidum_R	Thalamus_L	Thalamus_R	Heschl_L	Heschl_R	Temporal_Sup_L	Temporal_Sup_R	Temporal_Pole_Sup_L	Temporal_Pole_Sup_R	Temporal_Mid_L	Temporal_Mid_R	Temporal_Pole_Mid_L	Temporal_Pole_Mid_R	Temporal_Inf_L	Temporal_Inf_R	Cerebelum_Crus1_L	Cerebelum_Crus1_R	Cerebelum_Crus2_L	Cerebelum_Crus2_R	Cerebelum_3_L	Cerebelum_3_R	Cerebelum_4_5_L	Cerebelum_4_5_R	Cerebelum_6_L	Cerebelum_6_R	Cerebelum_7b_L	Cerebelum_7b_R	Cerebelum_8_L	Cerebelum_8_R	Cerebelum_9_L	Cerebelum_9_R	Cerebelum_10_L	Cerebelum_10_R	Vermis_1_2	Vermis_3	Vermis_4_5	Vermis_6	Vermis_7	Vermis_8	Vermis_9	Vermis_10	
457180	Precentral_L	0	1336	17136	3594	0	0	19018	1228	0	0	9180	750	648	0	0	0	7746	98	19358	9300	0	0	264	134	0	0	0	0	15874	956	0	1090	1948	2504	2916	922	8736	1354	1608	492	0	0	0	0	94	0	682	0	204	0	812	0	444	0	1206	326	26240	388	134	0	2050	0	410	0	96	0	688	184	23900	2438	7672	2428	6576	848	200	0	13894	2912	3286	0	1452	0	0	0	486	0	0	0	350	0	0	0	0	0	0	0	0	0	0	0	0	0	0	0	0	0	0	0	0	0	0	0	0	0	0	0	
134804	Precentral_R	1336	0	934	5584	0	0	508	4628	0	0	0	4260	0	0	0	0	0	1550	1486	4756	0	0	0	0	0	0	0	0	156	460	0	0	0	390	1082	1596	1140	3344	0	572	0	0	0	112	0	116	0	138	0	366	0	0	0	132	0	870	696	16452	0	0	0	148	0	2114	0	0	0	918	336	2974	1100	304	712	646	988	0	2056	1500	0	120	0	268	0	0	0	144	0	0	0	410	0	0	0	0	0	0	0	0	0	0	0	0	0	0	0	0	0	0	0	0	0	0	0	0	0	0	
1.07173e+06	Frontal_Sup_L	17136	934	0	14968	7066	0	81558	4810	2136	0	15732	2248	12568	402	5006	0	7588	576	83842	23204	96	0	46048	11250	902	0	144	0	35338	3540	17954	12698	6990	13370	338	0	12812	750	3944	604	170	0	0	0	0	0	504	0	0	0	0	0	0	0	2386	140	7052	166	0	0	352	0	640	0	0	0	0	0	5458	102	7202	7408	36422	4560	2506	192	10020	296	364	0	1842	0	678	0	132	0	236	0	484	0	0	0	0	0	0	0	0	0	0	0	0	0	0	0	0	0	0	0	0	0	0	0	0	0	0	0	
848516	Frontal_Sup_R	3594	5584	14968	0	0	4050	8414	48884	0	830	1188	15626	1082	10992	124	5416	196	7396	14958	55638	256	474	9466	43216	0	2730	0	842	2768	26216	3764	29420	2250	18590	698	2004	1150	9046	106	4696	0	0	0	0	0	84	0	266	0	0	0	0	0	142	0	1544	972	2860	0	0	0	0	0	1262	0	0	0	358	982	392	2890	12292	720	21114	0	2256	3956	13856	0	856	0	580	0	0	0	0	0	0	0	244	0	0	0	0	0	0	0	0	0	0	0	0	0	0	0	0	0	0	0	0	0	0	0	0	0	0	
139628	Frontal_Sup_Orb_L	0	0	7066	0	0	0	1808	0	10902	0	0	0	816	0	12888	0	0	0	0	0	3472	0	3998	300	2464	0	7438	0	8020	0	2090	154	0	0	0	0	0	0	148	0	526	0	0	0	0	0	0	0	0	0	0	0	0	0	0	0	0	0	0	0	0	0	0	0	0	0	0	0	0	0	1110	0	5584	0	0	0	0	0	0	0	0	0	1030	0	0	0	0	0	0	0	0	0	0	0	0	0	0	0	0	0	0	0	0	0	0	0	0	0	0	0	0	0	0	0	0	0	
116004	Frontal_Sup_Orb_R	0	0	0	4050	0	0	0	548	0	4112	0	0	0	386	0	4002	0	0	0	126	2382	4924	0	3062	0	7360	166	12290	0	1308	906	2092	0	120	0	0	0	0	0	0	0	0	0	0	0	0	0	0	0	0	0	0	0	0	0	0	0	0	0	0	0	0	0	0	0	0	0	0	0	0	2376	2308	1758	3726	0	0	0	0	0	0	0	0	0	0	0	0	0	0	0	0	0	0	0	0	0	0	0	0	0	0	0	0	0	0	0	0	0	0	0	0	0	0	0	0	0	0	
658184	Frontal_Mid_L	19018	508	81558	8414	1808	0	0	3374	2992	0	15406	4622	27946	432	7348	148	2118	312	24682	10070	0	0	18066	5078	0	0	0	0	25904	5476	4338	7940	1780	6228	238	142	2616	392	1730	292	102	0	0	0	0	0	312	0	0	0	0	0	0	0	786	0	330	84	0	0	0	0	0	0	0	0	0	0	1138	0	11212	7406	8680	2700	132	0	2994	372	502	0	640	0	486	0	0	0	114	0	126	0	0	0	0	0	0	0	0	0	0	0	0	0	0	0	0	0	0	0	0	0	0	0	0	0	0	0	
346556	Frontal_Mid_R	1228	4628	4810	48884	0	548	3374	0	0	1188	378	11420	136	15364	0	4472	200	3744	4716	8332	0	0	2166	11132	0	0	0	0	730	12152	996	6588	272	3506	466	892	628	2946	0	1488	0	0	0	0	0	0	0	0	0	0	0	0	0	0	0	196	116	1126	0	0	0	0	0	112	0	0	0	124	158	0	1260	1734	310	6380	0	842	894	1580	0	684	0	378	0	0	0	0	0	0	0	0	0	0	0	0	0	0	0	0	0	0	0	0	0	0	0	0	0	0	0	0	0	0	0	0	0	0	
72560	Frontal_Mid_Orb_L	0	0	2136	0	10902	0	2992	0	0	0	0	0	1694	0	10082	0	0	0	0	0	660	0	128	0	472	0	3940	0	1486	0	0	0	0	0	0	0	0	0	0	0	0	0	0	0	0	0	0	0	0	0	0	0	0	0	0	0	0	0	0	0	0	0	0	0	0	0	0	0	0	0	442	0	1346	0	0	0	0	0	0	0	0	0	0	0	0	0	0	0	0	0	0	0	0	0	0	0	0	0	0	0	0	0	0	0	0	0	0	0	0	0	0	0	0	0	0	0	
33940	Frontal_Mid_Orb_R	0	0	0	830	0	4112	0	1188	0	0	0	0	0	676	0	5064	0	0	0	0	348	654	0	0	0	0	0	1402	0	858	0	108	0	0	0	0	0	0	0	0	0	0	0	0	0	0	0	0	0	0	0	0	0	0	0	0	0	0	0	0	0	0	0	0	0	0	0	0	0	0	348	370	290	722	0	0	0	0	0	0	0	0	0	0	0	0	0	0	0	0	0	0	0	0	0	0	0	0	0	0	0	0	0	0	0	0	0	0	0	0	0	0	0	0	0	0	
249068	Frontal_Inf_Oper_L	9180	0	15732	1188	0	0	15406	378	0	0	0	430	13390	0	432	0	7706	0	14298	1178	0	0	1282	582	0	0	0	0	20874	462	618	522	502	680	332	176	1748	208	352	96	0	0	0	0	0	0	134	0	0	0	0	0	0	0	216	0	2140	0	0	0	0	0	0	0	0	0	116	0	2218	0	720	622	1958	590	0	0	2996	0	1298	0	2650	0	840	0	284	0	0	0	0	0	0	0	0	0	0	0	0	0	0	0	0	0	0	0	0	0	0	0	0	0	0	0	0	0	0	0	
284884	Frontal_Inf_Oper_R	750	4260	2248	15626	0	0	4622	11420	0	0	430	0	862	15396	158	814	0	6076	1384	9024	0	0	294	3332	0	124	0	0	2368	28636	698	5350	146	1834	658	1070	926	2566	0	958	0	0	0	0	0	0	0	0	0	0	0	0	0	0	0	168	0	1666	0	0	0	0	0	0	0	0	0	506	0	0	1410	3596	470	9778	0	332	574	532	184	222	0	756	0	218	0	0	0	0	0	0	0	0	0	0	0	0	0	0	0	0	0	0	0	0	0	0	0	0	0	0	0	0	0	0	0	0	
228376	Frontal_Inf_Tri_L	648	0	12568	1082	816	0	27946	136	1694	0	13390	862	0	0	10392	0	1114	0	5010	1118	0	0	1158	664	0	0	0	0	20812	884	1726	584	228	526	0	0	0	0	0	0	0	0	0	0	0	0	0	0	0	0	0	0	0	0	0	0	0	0	0	0	0	0	0	0	0	0	0	0	110	0	3596	2392	1850	980	0	0	322	278	90	0	586	0	626	0	0	0	0	0	0	0	0	0	0	0	0	0	0	0	0	0	0	0	0	0	0	0	0	0	0	0	0	0	0	0	0	0	
190988	Frontal_Inf_Tri_R	0	0	402	10992	0	386	432	15364	0	676	0	15396	0	0	0	8744	0	1042	270	692	0	108	140	3736	0	132	0	228	0	23996	268	5948	0	336	0	0	0	142	0	138	0	0	0	0	0	0	0	0	0	0	0	0	0	0	0	0	0	0	0	0	0	0	0	0	0	0	0	0	0	0	198	1048	0	4596	0	84	0	0	0	0	0	0	0	0	0	0	0	0	0	0	0	0	0	0	0	0	0	0	0	0	0	0	0	0	0	0	0	0	0	0	0	0	0	0	0	0	
152916	Frontal_Inf_Orb_L	0	0	5006	124	12888	0	7348	0	10082	0	432	158	10392	0	0	0	0	0	676	160	3114	0	554	86	0	0	3346	0	11720	160	552	136	0	0	0	0	140	0	256	0	480	0	0	0	0	0	0	0	0	0	0	0	0	0	0	0	0	0	0	0	0	0	0	0	0	0	0	0	0	0	2226	658	4008	244	0	0	0	0	0	0	0	0	1512	0	0	0	0	0	0	0	0	0	0	0	0	0	0	0	0	0	0	0	0	0	0	0	0	0	0	0	0	0	0	0	0	0	
97944	Frontal_Inf_Orb_R	0	0	0	5416	0	4002	148	4472	0	5064	0	814	0	8744	0	0	0	0	0	134	302	1912	0	564	0	0	0	2190	0	11830	0	954	0	126	0	0	0	0	0	0	0	0	0	0	0	0	0	0	0	0	0	0	0	0	0	0	0	0	0	0	0	0	0	0	0	0	0	0	0	0	348	580	246	1126	0	0	0	0	0	0	0	0	0	0	0	0	0	0	0	0	0	0	0	0	0	0	0	0	0	0	0	0	0	0	0	0	0	0	0	0	0	0	0	0	0	0	
181556	Rolandic_Oper_L	7746	0	7588	196	0	0	2118	200	0	0	7706	0	1114	0	0	0	0	0	3622	0	0	0	0	0	0	0	0	0	13622	0	0	0	0	0	0	0	3096	0	108	0	0	0	0	0	116	0	0	0	0	0	2180	0	594	0	604	0	10460	0	670	0	2002	0	2908	0	1062	0	488	0	668	0	0	0	3410	0	0	0	1798	0	2590	0	9052	0	764	0	2852	0	0	0	1444	0	0	0	0	0	0	0	0	0	0	0	0	0	0	0	0	0	0	0	0	0	0	0	0	0	0	0	
122412	Rolandic_Oper_R	98	1550	576	7396	0	0	312	3744	0	0	0	6076	0	1042	0	0	0	0	340	4466	0	0	0	188	0	0	0	0	0	13790	266	462	0	336	0	0	0	1176	0	554	0	0	0	0	0	0	0	0	0	0	0	0	0	0	0	240	0	3848	0	0	0	0	0	1626	0	0	0	588	0	324	180	224	0	3266	0	248	88	206	0	3432	0	4396	0	168	0	0	0	0	0	0	0	0	0	0	0	0	0	0	0	0	0	0	0	0	0	0	0	0	0	0	0	0	0	0	0	0	
811416	Supp_Motor_Area_L	19358	1486	83842	14958	0	0	24682	4716	0	0	14298	1384	5010	270	676	0	3622	340	0	44786	0	0	14148	5396	0	0	0	0	23786	2228	5928	12720	12788	22692	1414	374	6164	838	1690	616	0	0	0	0	0	0	294	0	0	0	0	0	0	0	1348	102	2316	552	0	0	118	0	84	0	0	0	0	0	18838	168	6208	3930	14026	2958	3926	370	18256	472	430	0	880	0	0	0	0	0	0	0	222	0	0	0	0	0	0	0	0	0	0	0	0	0	0	0	0	0	0	0	0	0	0	0	0	0	0	0	
816412	Supp_Motor_Area_R	9300	4756	23204	55638	0	126	10070	8332	0	0	1178	9024	1118	692	160	134	0	4466	44786	0	0	0	3348	10770	0	228	0	0	2522	11778	3710	18686	6168	45754	1066	5150	1096	7130	262	4990	0	0	0	294	0	1656	110	540	0	1908	0	274	0	422	98	2136	1464	5008	0	0	0	108	0	2624	0	98	0	4532	6998	24726	4170	16254	572	14742	130	3526	5482	12936	0	288	0	384	0	0	0	328	0	0	0	756	0	0	0	0	0	0	0	0	0	0	0	0	0	0	0	0	0	0	0	0	0	0	0	0	0	0	
116932	Olfactory_L	0	0	96	256	3472	2382	0	0	660	348	0	0	0	0	3114	302	0	0	0	0	0	6728	84	170	558	780	2874	2910	3598	84	4396	1534	0	0	0	0	640	0	492	0	1370	0	0	0	0	0	0	0	0	0	0	0	0	0	116	0	0	0	0	0	0	0	0	0	0	0	0	0	0	0	9968	3186	6120	1036	174	0	0	0	0	0	0	0	1018	0	0	0	0	0	0	0	0	0	0	0	0	0	0	0	0	0	0	0	0	0	0	0	0	0	0	0	0	0	0	0	0	0	
122148	Olfactory_R	0	0	0	474	0	4924	0	0	0	654	0	0	0	108	0	1912	0	0	0	0	6728	0	0	682	0	2202	156	6464	0	2626	3352	4120	0	0	0	0	0	460	0	524	0	1062	0	0	0	0	0	0	0	0	0	0	0	0	0	0	0	0	0	0	0	0	0	0	0	0	0	0	0	0	8984	6582	6022	2586	452	0	0	0	0	0	0	0	0	0	0	0	0	0	0	0	0	0	0	0	0	0	0	0	0	0	0	0	0	0	0	0	0	0	0	0	0	0	0	0	0	0	
422608	Frontal_Sup_Medial_L	264	0	46048	9466	3998	0	18066	2166	128	0	1282	294	1158	140	554	0	0	0	14148	3348	84	0	0	28176	1746	212	148	0	3156	978	26458	18640	10388	13736	0	0	0	94	0	0	0	0	0	0	0	0	0	0	0	0	0	0	0	0	0	0	0	0	0	0	0	0	0	0	0	0	0	0	114	0	984	688	3800	842	0	0	0	0	0	0	0	0	0	0	0	0	0	0	0	0	0	0	0	0	0	0	0	0	0	0	0	0	0	0	0	0	0	0	0	0	0	0	0	0	0	0	
464332	Frontal_Sup_Medial_R	134	0	11250	43216	300	3062	5078	11132	0	0	582	3332	664	3736	86	564	0	188	5396	10770	170	682	28176	0	580	5696	0	1172	1116	6968	9716	37064	4188	18308	0	0	0	640	0	620	0	0	0	0	0	0	0	0	0	0	0	0	0	0	0	0	0	0	0	0	0	0	0	0	0	0	0	0	0	0	646	5608	664	10350	0	312	0	0	0	0	0	0	0	0	0	0	0	0	0	0	0	0	0	0	0	0	0	0	0	0	0	0	0	0	0	0	0	0	0	0	0	0	0	0	0	0	
24500	Frontal_Med_Orb_L	0	0	902	0	2464	0	0	0	472	0	0	0	0	0	0	0	0	0	0	0	558	0	1746	580	0	422	1742	0	0	0	2160	228	0	0	0	0	0	0	0	0	0	0	0	0	0	0	0	0	0	0	0	0	0	0	0	0	0	0	0	0	0	0	0	0	0	0	0	0	0	0	644	0	332	0	0	0	0	0	0	0	0	0	0	0	0	0	0	0	0	0	0	0	0	0	0	0	0	0	0	0	0	0	0	0	0	0	0	0	0	0	0	0	0	0	0	0	
78992	Frontal_Med_Orb_R	0	0	0	2730	0	7360	0	0	0	0	0	124	0	132	0	0	0	0	0	228	780	2202	212	5696	422	0	0	6676	0	236	996	4862	0	212	0	0	0	0	0	0	0	0	0	0	0	0	0	0	0	0	0	0	0	0	0	0	0	0	0	0	0	0	0	0	0	0	0	0	0	0	748	2238	542	3100	0	0	0	0	0	0	0	0	0	0	0	0	0	0	0	0	0	0	0	0	0	0	0	0	0	0	0	0	0	0	0	0	0	0	0	0	0	0	0	0	0	0	
57348	Rectus_L	0	0	144	0	7438	166	0	0	3940	0	0	0	0	0	3346	0	0	0	0	0	2874	156	148	0	1742	0	0	210	1316	0	2510	84	0	0	0	0	0	0	0	0	232	0	0	0	0	0	0	0	0	0	0	0	0	0	0	0	0	0	0	0	0	0	0	0	0	0	0	0	0	0	2630	0	1444	0	0	0	0	0	0	0	0	0	294	0	0	0	0	0	0	0	0	0	0	0	0	0	0	0	0	0	0	0	0	0	0	0	0	0	0	0	0	0	0	0	0	0	
98804	Rectus_R	0	0	0	842	0	12290	0	0	0	1402	0	0	0	228	0	2190	0	0	0	0	2910	6464	0	1172	0	6676	210	0	0	1016	948	4184	0	0	0	0	0	0	0	0	0	0	0	0	0	0	0	0	0	0	0	0	0	0	0	0	0	0	0	0	0	0	0	0	0	0	0	0	0	0	2908	2236	2234	1492	0	0	0	0	0	0	0	0	0	0	0	0	0	0	0	0	0	0	0	0	0	0	0	0	0	0	0	0	0	0	0	0	0	0	0	0	0	0	0	0	0	0	
627764	Insula_L	15874	156	35338	2768	8020	0	25904	730	1486	0	20874	2368	20812	0	11720	0	13622	0	23786	2522	3598	0	3156	1116	0	0	1316	0	0	2336	3222	988	266	636	652	392	14580	450	3572	190	3296	0	0	0	0	0	242	0	0	0	566	0	554	0	5102	0	8588	0	0	0	1430	0	312	0	762	0	316	176	6552	0	6398	3814	20708	1046	88	0	9116	336	6798	0	5710	0	5038	0	1270	0	616	0	2598	0	0	0	0	0	0	0	0	0	0	0	0	0	0	0	0	0	0	0	0	0	0	0	0	0	0	0	
507048	Insula_R	956	460	3540	26216	0	1308	5476	12152	0	858	462	28636	884	23996	160	11830	0	13790	2228	11778	84	2626	978	6968	0	236	0	1016	2336	0	774	9702	344	3420	202	1016	280	9172	0	5142	0	1926	0	102	0	0	0	1006	0	0	0	0	0	0	0	8834	0	1538	0	0	0	0	0	92	0	0	0	1116	110	190	2022	7052	586	25750	0	554	242	2192	0	1812	0	3984	0	406	0	676	0	0	0	4308	0	0	0	0	0	0	0	0	0	0	0	0	0	0	0	0	0	0	0	0	0	0	0	0	0	0	
315568	Cingulum_Ant_L	0	0	17954	3764	2090	906	4338	996	0	0	618	698	1726	268	552	0	0	266	5928	3710	4396	3352	26458	9716	2160	996	2510	948	3222	774	0	21278	7076	7320	0	0	0	112	0	0	0	0	0	0	0	0	0	0	0	0	0	0	0	0	0	0	0	0	0	0	0	0	0	0	0	0	0	0	0	0	8978	2696	9830	2148	0	0	0	0	0	0	0	0	0	0	0	0	0	0	0	0	0	0	0	0	0	0	0	0	0	0	0	0	0	0	0	0	0	0	0	0	0	0	0	0	0	0	
591104	Cingulum_Ant_R	1090	0	12698	29420	154	2092	7940	6588	0	108	522	5350	584	5948	136	954	0	462	12720	18686	1534	4120	18640	37064	228	4862	84	4184	988	9702	21278	0	6646	28238	0	0	0	1006	0	956	0	0	0	0	0	0	0	0	0	0	0	0	0	0	0	90	0	0	0	0	0	0	0	0	0	0	0	0	0	0	5580	23162	2526	18444	0	382	0	386	0	0	0	0	0	0	0	0	0	0	0	0	0	0	0	0	0	0	0	0	0	0	0	0	0	0	0	0	0	0	0	0	0	0	0	0	0	0	
180564	Cingulum_Mid_L	1948	0	6990	2250	0	0	1780	272	0	0	502	146	228	0	0	0	0	0	12788	6168	0	0	10388	4188	0	0	0	0	266	344	7076	6646	0	13454	3694	310	138	0	106	0	0	0	618	0	290	0	0	0	124	0	298	0	0	0	0	0	390	0	0	0	0	0	0	0	0	0	3362	314	4174	268	0	264	142	264	0	0	0	0	0	0	0	0	0	0	92	0	0	0	0	0	0	0	0	0	0	0	0	0	0	0	0	0	0	0	0	0	0	0	0	0	0	0	0	0	0	0	
498044	Cingulum_Mid_R	2504	390	13370	18590	0	120	6228	3506	0	0	680	1834	526	336	0	126	0	336	22692	45754	0	0	13736	18308	0	212	0	0	636	3420	7320	28238	13454	0	810	5574	0	430	0	398	0	0	0	402	0	2140	0	214	0	996	0	0	0	0	0	142	0	2858	0	0	0	0	0	0	0	0	534	7400	3284	10994	276	4596	0	5216	0	114	166	162	0	0	0	0	0	0	0	0	0	0	0	0	0	0	0	0	0	0	0	0	0	0	0	0	0	0	0	0	0	0	0	0	0	0	0	0	0	0	
154468	Cingulum_Post_L	2916	1082	338	698	0	0	238	466	0	0	332	658	0	0	0	0	0	0	1414	1066	0	0	0	0	0	0	0	0	652	202	0	0	3694	810	0	6860	7296	4324	2488	628	0	0	5104	0	2336	98	2412	90	364	0	2518	0	582	0	586	178	768	868	430	0	154	0	0	134	0	0	10062	688	7118	686	0	0	0	0	0	0	2002	992	1088	0	0	0	0	0	1402	0	0	0	412	0	0	0	0	0	0	0	0	0	0	0	0	0	0	0	0	0	0	0	0	0	0	0	0	0	0	0	
162844	Cingulum_Post_R	922	1596	0	2004	0	0	142	892	0	0	176	1070	0	0	0	0	0	0	374	5150	0	0	0	0	0	0	0	0	392	1016	0	0	310	5574	6860	0	4342	11090	186	3054	0	0	0	542	0	1940	0	3738	0	402	0	144	0	154	0	2568	92	1262	0	0	0	0	0	142	0	0	466	9266	1236	4664	184	0	0	0	0	0	4530	3496	618	0	0	0	0	0	0	0	0	0	0	356	0	0	0	0	0	0	0	0	0	0	0	0	0	0	0	0	0	0	0	0	472	0	0	0	0	0	
364872	Hippocampus_L	8736	1140	12812	1150	0	0	2616	628	0	0	1748	926	0	0	140	0	3096	0	6164	1096	640	0	0	0	0	0	0	0	14580	280	0	0	138	0	7296	4342	0	4622	21606	834	5416	0	2058	0	0	0	5848	512	0	0	104	0	478	0	15338	170	5134	712	0	0	310	0	412	104	0	0	3122	1098	2208	132	690	334	19832	0	738	0	9628	1454	3166	0	1952	0	1146	0	94	0	234	0	4300	0	262	0	0	0	0	0	92	0	266	0	0	0	0	0	0	0	0	0	138	364	0	0	0	0	0	0	
456012	Hippocampus_R	1354	3344	750	9046	0	0	392	2946	0	0	208	2566	0	142	0	0	0	1176	838	7130	0	460	94	640	0	0	0	0	450	9172	112	1006	0	430	4324	11090	4622	0	370	46248	0	11108	0	510	0	126	278	6550	0	0	0	0	0	114	146	30224	114	3164	0	0	0	0	0	1308	0	0	0	6284	1076	610	616	5690	118	20028	0	4158	5380	12354	626	532	0	1156	0	812	0	350	0	110	0	3262	0	296	0	0	0	222	0	856	0	418	0	0	0	0	0	0	0	0	0	154	346	0	0	0	0	0	
163404	ParaHippocampal_L	1608	0	3944	106	148	0	1730	0	0	0	352	0	0	0	256	0	108	0	1690	262	492	0	0	0	0	0	0	0	3572	0	0	0	106	0	2488	186	21606	370	0	130	3148	0	1906	0	0	0	7480	104	0	0	162	0	1642	0	12670	0	180	0	0	0	0	0	0	0	0	0	2438	152	772	98	228	104	7000	0	0	0	818	248	204	0	88	0	842	0	0	0	754	0	570	0	0	0	0	0	234	0	390	0	206	0	0	0	0	0	0	0	0	0	0	110	0	0	0	0	0	0	
336880	ParaHippocampal_R	492	572	604	4696	0	0	292	1488	0	0	96	958	0	138	0	0	0	554	616	4990	0	524	0	620	0	0	0	0	190	5142	0	956	0	398	628	3054	834	46248	130	0	0	10824	0	672	0	126	0	8124	0	0	0	0	0	124	0	25450	0	600	0	0	0	0	0	166	0	0	0	4768	328	162	324	4150	0	16162	0	3474	416	6046	232	342	0	124	0	3290	0	152	0	2148	0	1008	0	592	0	0	0	302	0	2586	0	892	0	0	0	0	0	144	0	162	0	0	330	0	0	0	0	0	
37304	Amygdala_L	0	0	170	0	526	0	102	0	0	0	0	0	0	0	480	0	0	0	0	0	1370	0	0	0	0	0	232	0	3296	0	0	0	0	0	0	0	5416	0	3148	0	0	0	0	0	0	0	0	0	0	0	0	0	0	0	1312	0	0	0	0	0	0	0	0	0	0	0	0	0	0	0	200	0	856	0	0	0	0	0	0	0	0	0	1166	0	0	0	208	0	170	0	0	0	0	0	0	0	0	0	0	0	0	0	0	0	0	0	0	0	0	0	0	0	0	0	0	0	
71004	Amygdala_R	0	0	0	0	0	0	0	0	0	0	0	0	0	0	0	0	0	0	0	0	0	1062	0	0	0	0	0	0	0	1926	0	0	0	0	0	0	0	11108	0	10824	0	0	0	0	0	0	0	0	0	0	0	0	0	0	0	4936	0	0	0	0	0	0	0	0	0	0	0	0	0	0	0	0	0	2376	0	0	0	0	0	0	0	0	0	2462	0	0	0	446	0	0	0	0	0	0	0	172	0	190	0	0	0	0	0	0	0	0	0	0	0	0	0	0	0	0	0	0	
266504	Calcarine_L	0	0	0	0	0	0	0	0	0	0	0	0	0	0	0	0	0	0	0	0	0	0	0	0	0	0	0	0	0	0	0	0	618	0	5104	0	2058	0	1906	0	0	0	0	10026	15396	5458	18666	4574	15500	2508	22158	356	5088	628	3504	822	260	0	240	0	122	0	0	0	134	0	14392	96	700	0	0	0	0	0	0	0	0	0	84	0	98	0	0	0	816	0	0	0	370	0	126	516	0	0	0	0	0	0	528	0	0	0	0	0	0	0	0	0	0	0	196	204	0	0	0	0	
332364	Calcarine_R	0	112	0	0	0	0	0	0	0	0	0	0	0	0	0	0	0	0	0	294	0	0	0	0	0	0	0	0	0	102	0	0	0	402	0	542	0	510	0	672	0	0	10026	0	4298	29984	3342	26584	1038	29668	552	14094	0	11988	0	12216	0	512	0	132	0	0	0	100	0	916	688	11476	0	984	0	0	0	0	0	0	0	0	0	0	0	0	0	0	0	1928	0	0	0	1186	0	718	0	0	0	0	158	314	0	140	0	0	0	0	0	0	0	0	0	0	506	0	0	0	0	0	
169304	Cuneus_L	94	0	0	0	0	0	0	0	0	0	0	0	0	0	0	0	116	0	0	0	0	0	0	0	0	0	0	0	0	0	0	0	290	0	2336	0	0	0	0	0	0	0	15396	4298	0	5932	984	182	19420	2150	13458	104	978	0	86	0	326	0	1542	0	334	0	238	0	136	0	10858	444	894	0	0	0	0	0	0	0	0	0	152	0	130	0	0	0	2456	0	0	0	1318	0	0	0	0	0	0	0	0	0	0	0	0	0	0	0	0	0	0	0	0	0	0	0	0	0	0	0	
292164	Cuneus_R	0	116	0	84	0	0	0	0	0	0	0	0	0	0	0	0	0	0	0	1656	0	0	0	0	0	0	0	0	0	0	0	0	0	2140	98	1940	0	126	0	126	0	0	5458	29984	5932	0	856	5896	526	37386	94	10722	0	2896	0	2246	0	2588	0	3528	0	0	0	0	0	340	3590	21926	486	4832	0	0	0	0	0	0	0	0	0	0	0	0	0	0	0	314	0	0	0	88	0	0	0	0	0	0	0	0	0	0	0	0	0	0	0	0	0	0	0	0	108	0	0	0	0	0	
401204	Lingual_L	682	0	504	0	0	0	312	0	0	0	134	0	0	0	0	0	0	0	294	110	0	0	0	0	0	0	0	0	242	0	0	0	0	0	2412	0	5848	278	7480	0	0	0	18666	3342	984	856	0	7602	3026	852	17566	282	11154	570	23676	2710	280	0	0	0	0	0	0	0	0	0	6670	0	484	0	0	0	910	0	0	0	964	0	220	0	0	0	0	0	0	0	0	0	216	0	10096	4150	862	240	0	0	15944	5760	16430	5206	148	0	320	404	110	536	0	0	140	266	10868	5472	2414	400	648	862	
397944	Lingual_R	0	138	0	266	0	0	0	0	0	0	0	0	0	0	0	0	0	0	0	540	0	0	0	0	0	0	0	0	0	1006	0	0	0	214	90	3738	512	6550	104	8124	0	0	4574	26584	182	5896	7602	0	210	7118	522	3040	850	9044	3162	32128	0	314	0	0	0	0	0	146	0	0	240	8830	120	366	0	286	0	304	0	0	342	810	0	0	0	0	0	0	0	0	0	0	0	1294	2088	4794	390	198	114	0	5056	11662	6322	9304	244	0	252	0	118	0	0	0	0	228	13114	7970	1670	86	116	0	
193140	Occipital_Sup_L	204	0	0	0	0	0	0	0	0	0	0	0	0	0	0	0	0	0	0	0	0	0	0	0	0	0	0	0	0	0	0	0	124	0	364	0	0	0	0	0	0	0	15500	1038	19420	526	3026	210	0	320	32480	0	410	0	0	0	180	0	7798	0	1036	0	0	0	280	0	12344	160	326	0	0	0	0	0	0	0	0	0	0	0	0	0	0	0	674	0	0	0	150	0	0	0	0	0	0	0	0	0	0	0	0	0	0	0	0	0	0	0	0	0	0	0	0	0	0	0	
303796	Occipital_Sup_R	0	366	0	0	0	0	0	0	0	0	0	0	0	0	0	0	0	0	0	1908	0	0	0	0	0	0	0	0	0	0	0	0	0	996	0	402	0	0	0	0	0	0	2508	29668	2150	37386	852	7118	320	0	94	22544	0	5224	0	3088	0	2676	0	6918	0	1244	0	632	0	5554	886	12270	100	4022	0	0	0	0	0	0	0	0	0	0	0	0	0	0	0	2166	0	0	0	806	0	0	0	0	0	0	0	0	0	0	0	0	0	0	0	0	0	0	0	0	0	0	0	0	0	0	
523768	Occipital_Mid_L	812	0	0	0	0	0	0	0	0	0	0	0	0	0	0	0	2180	0	0	0	0	0	0	0	0	0	0	0	566	0	0	0	298	0	2518	0	104	0	162	0	0	0	22158	552	13458	94	17566	522	32480	94	0	0	20162	0	9040	124	5130	0	23372	0	15060	0	3050	0	19418	0	23430	182	3734	0	0	0	0	0	0	0	0	0	1466	0	1990	0	0	0	28736	0	0	0	9996	0	344	0	0	0	0	0	644	0	1462	0	0	0	0	0	0	0	0	0	0	0	494	486	0	0	0	0	
196988	Occipital_Mid_R	0	0	0	0	0	0	0	0	0	0	0	0	0	0	0	0	0	0	0	274	0	0	0	0	0	0	0	0	0	0	0	0	0	0	0	144	0	0	0	0	0	0	356	14094	104	10722	282	3040	0	22544	0	0	0	6708	0	2728	0	388	0	1026	0	4552	0	1384	0	12916	284	2674	0	612	0	0	0	0	0	0	0	0	0	0	0	240	0	0	0	10864	0	0	0	2558	0	0	0	0	0	0	0	0	0	0	0	0	0	0	0	0	0	0	0	0	0	0	0	0	0	0	
167004	Occipital_Inf_L	444	0	0	0	0	0	0	0	0	0	0	0	0	0	0	0	594	0	0	0	0	0	0	0	0	0	0	0	554	0	0	0	0	0	582	0	478	0	1642	0	0	0	5088	0	978	0	11154	850	410	0	20162	0	0	0	16480	318	638	0	302	0	238	0	0	0	228	0	1864	0	338	0	0	0	0	0	0	0	0	0	1598	0	1114	0	0	0	2724	0	0	0	4478	0	1134	224	0	0	0	0	1490	342	3904	344	0	0	0	0	0	0	0	0	0	0	1362	1330	116	0	0	0	
119056	Occipital_Inf_R	0	132	0	142	0	0	0	0	0	0	0	0	0	0	0	0	0	0	0	422	0	0	0	0	0	0	0	0	0	0	0	0	0	0	0	154	0	114	0	124	0	0	628	11988	0	2896	570	9044	0	5224	0	6708	0	0	0	10114	0	142	0	0	0	0	0	0	0	0	0	1612	0	418	0	0	0	0	0	0	0	190	0	0	0	0	0	0	0	1118	0	0	0	3258	132	532	0	0	0	0	242	610	334	1110	0	0	0	0	0	0	0	0	0	0	582	718	270	0	0	0	
476424	Fusiform_L	1206	0	2386	0	0	0	786	0	0	0	216	0	0	0	0	0	604	0	1348	98	116	0	0	0	0	0	0	0	5102	0	0	0	0	0	586	0	15338	146	12670	0	1312	0	3504	0	86	0	23676	3162	0	0	9040	0	16480	0	0	1320	834	0	0	0	268	0	0	0	0	0	1674	0	498	0	142	0	4312	0	0	0	284	84	2304	0	4686	0	3048	0	2588	0	2386	0	17926	0	23334	1792	2638	0	202	0	16898	2316	32918	2544	516	0	780	0	318	100	0	0	0	0	7468	4730	1144	116	182	0	
548424	Fusiform_R	326	870	140	1544	0	0	0	196	0	0	0	168	0	0	0	0	0	240	102	2136	0	0	0	0	0	0	0	0	0	8834	0	90	0	142	178	2568	170	30224	0	25450	0	4936	822	12216	0	2246	2710	32128	0	3088	124	2728	318	10114	1320	0	0	1512	0	0	0	0	0	930	0	0	0	6012	308	656	182	1090	0	5774	0	826	228	3226	0	462	0	2574	0	6080	0	2652	0	3776	0	19564	882	15796	144	1274	0	278	2964	12248	2730	20218	98	86	280	648	230	274	0	232	0	148	7706	4112	1354	290	240	0	
299768	Postcentral_L	26240	696	7052	972	0	0	330	116	0	0	2140	0	0	0	0	0	10460	0	2316	1464	0	0	0	0	0	0	0	0	8588	0	0	0	390	0	768	92	5134	114	180	0	0	0	260	0	326	0	280	0	180	0	5130	0	638	0	834	0	0	260	10060	0	23572	0	7444	0	834	0	7724	0	8434	154	122	0	3994	0	0	0	2330	114	3014	0	3470	0	0	0	1994	0	0	0	1664	0	0	0	0	0	0	0	0	0	0	0	0	0	0	0	0	0	0	0	0	0	0	0	0	0	0	0	
208180	Postcentral_R	388	16452	166	2860	0	0	84	1126	0	0	0	1666	0	0	0	0	0	3848	552	5008	0	0	0	0	0	0	0	0	0	1538	0	0	0	2858	868	1262	712	3164	0	600	0	0	0	512	0	2588	0	314	0	2676	0	388	0	142	0	1512	260	0	0	4930	0	3180	0	11526	0	260	0	7380	110	12994	1360	124	668	1338	528	0	1562	508	0	550	0	1952	0	0	0	1300	0	0	0	2276	0	0	0	0	0	0	0	0	0	0	0	0	0	0	0	0	0	0	0	0	0	0	0	0	0	0	
189276	Parietal_Sup_L	134	0	0	0	0	0	0	0	0	0	0	0	0	0	0	0	670	0	0	0	0	0	0	0	0	0	0	0	0	0	0	0	0	0	430	0	0	0	0	0	0	0	240	0	1542	0	0	0	7798	0	23372	0	302	0	0	0	10060	0	0	0	15178	0	2392	0	2582	0	16152	0	2114	0	0	0	0	0	0	0	0	0	250	0	502	0	0	0	6658	0	0	0	4262	0	0	0	0	0	0	0	0	0	0	0	0	0	0	0	0	0	0	0	0	0	0	0	0	0	0	0	
62928	Parietal_Sup_R	0	0	0	0	0	0	0	0	0	0	0	0	0	0	0	0	0	0	0	0	0	0	0	0	0	0	0	0	0	0	0	0	0	0	0	0	0	0	0	0	0	0	0	132	0	3528	0	0	0	6918	0	1026	0	0	0	0	0	4930	0	0	0	3204	0	104	0	3798	624	6510	0	690	0	0	0	0	0	0	0	0	0	0	0	0	0	0	0	0	0	0	0	0	0	0	0	0	0	0	0	0	0	0	0	0	0	0	0	0	0	0	0	0	0	0	0	0	0	0	
203708	Parietal_Inf_L	2050	0	352	0	0	0	0	0	0	0	0	0	0	0	0	0	2002	0	118	0	0	0	0	0	0	0	0	0	1430	0	0	0	0	0	154	0	310	0	0	0	0	0	122	0	334	0	0	0	1036	0	15060	0	238	0	268	0	23572	0	15178	0	0	0	9704	0	13154	0	6312	0	2126	0	0	0	232	0	0	0	148	0	454	0	674	0	0	0	3678	0	0	0	3148	0	0	0	0	0	0	0	0	0	0	0	0	0	0	0	0	0	0	0	0	0	0	0	0	0	0	0	
95476	Parietal_Inf_R	0	148	0	0	0	0	0	0	0	0	0	0	0	0	0	0	0	0	0	108	0	0	0	0	0	0	0	0	0	0	0	0	0	0	0	0	0	0	0	0	0	0	0	0	0	0	0	0	0	1244	0	4552	0	0	0	0	0	3180	0	3204	0	0	0	12850	0	12726	0	158	0	442	0	0	0	0	0	0	0	0	0	0	0	818	0	0	0	5724	0	0	0	2584	0	0	0	0	0	0	0	0	0	0	0	0	0	0	0	0	0	0	0	0	0	0	0	0	0	0	
89232	SupraMarginal_L	410	0	640	0	0	0	0	0	0	0	0	0	0	0	0	0	2908	0	84	0	0	0	0	0	0	0	0	0	312	0	0	0	0	0	0	0	412	0	0	0	0	0	0	0	238	0	0	0	0	0	3050	0	0	0	0	0	7444	0	2392	0	9704	0	0	0	2734	0	1014	0	382	0	0	0	602	0	0	0	288	0	114	0	3476	0	0	0	4370	0	0	0	4042	0	0	0	0	0	0	0	0	0	0	0	0	0	0	0	0	0	0	0	0	0	0	0	0	0	0	0	
128924	SupraMarginal_R	0	2114	0	1262	0	0	0	112	0	0	0	0	0	0	0	0	0	1626	0	2624	0	0	0	0	0	0	0	0	0	92	0	0	0	0	134	142	104	1308	0	166	0	0	0	100	0	0	0	146	0	632	0	1384	0	0	0	930	0	11526	0	104	0	12850	0	0	0	5742	0	532	0	2580	158	0	0	0	0	0	228	228	0	306	0	3740	0	0	0	7292	0	0	0	6300	0	0	0	0	0	0	0	0	0	0	0	0	0	0	0	0	0	0	0	0	0	0	0	0	0	0	
109464	Angular_L	96	0	0	0	0	0	0	0	0	0	0	0	0	0	0	0	1062	0	0	0	0	0	0	0	0	0	0	0	762	0	0	0	0	0	0	0	0	0	0	0	0	0	134	0	136	0	0	0	280	0	19418	0	228	0	0	0	834	0	2582	0	13154	0	2734	0	0	0	1100	0	246	0	0	0	0	0	0	0	0	0	574	0	712	0	0	0	9250	0	0	0	1430	0	0	0	0	0	0	0	0	0	0	0	0	0	0	0	0	0	0	0	0	0	0	0	0	0	0	0	
103248	Angular_R	0	0	0	0	0	0	0	0	0	0	0	0	0	0	0	0	0	0	0	98	0	0	0	0	0	0	0	0	0	0	0	0	0	0	0	0	0	0	0	0	0	0	0	916	0	340	0	0	0	5554	0	12916	0	0	0	0	0	260	0	3798	0	12726	0	5742	0	0	0	646	0	424	0	0	0	0	0	0	0	0	0	0	0	854	0	0	0	6542	0	0	0	808	0	0	0	0	0	0	0	0	0	0	0	0	0	0	0	0	0	0	0	0	0	0	0	0	0	0	
312200	Precuneus_L	688	0	0	0	0	0	0	0	0	0	116	0	0	0	0	0	488	0	0	0	0	0	0	0	0	0	0	0	316	0	0	0	3362	534	10062	466	3122	0	2438	0	0	0	14392	688	10858	3590	6670	240	12344	886	23430	284	1864	0	1674	0	7724	0	16152	624	6312	0	1014	0	1100	0	0	5666	8822	0	0	0	0	0	0	0	0	0	778	0	508	0	0	0	5626	0	0	0	3262	0	0	0	0	0	0	0	0	0	0	0	0	0	0	0	0	0	0	0	0	0	0	0	0	0	0	0	
287140	Precuneus_R	184	918	0	358	0	0	0	124	0	0	0	506	0	0	0	0	0	588	0	4532	0	0	0	0	0	0	0	0	176	1116	0	0	314	7400	688	9266	1098	6284	152	4768	0	0	96	11476	444	21926	0	8830	160	12270	182	2674	0	1612	0	6012	0	7380	0	6510	0	158	0	532	0	646	5666	0	1102	11632	0	0	0	0	0	0	816	548	246	158	0	376	0	0	0	1222	0	0	0	992	0	120	0	0	0	0	0	328	0	150	0	0	0	0	0	0	0	0	0	0	834	0	0	0	0	0	
304152	Paracentral_Lobule_L	23900	336	5458	982	0	0	1138	158	0	0	2218	0	110	0	0	0	668	0	18838	6998	0	0	114	0	0	0	0	0	6552	110	0	0	4174	3284	7118	1236	2208	1076	772	328	0	0	700	0	894	486	484	120	326	100	3734	0	338	0	498	308	8434	110	2114	0	2126	0	382	0	246	0	8822	1102	0	4026	2636	0	3754	0	146	0	16370	3380	308	0	394	0	0	0	1520	0	0	0	442	0	0	0	0	0	0	0	0	0	0	0	0	0	0	0	0	0	0	0	0	0	0	0	0	0	0	0	
200984	Paracentral_Lobule_R	2438	2974	102	392	0	0	0	0	0	0	0	0	0	0	0	0	0	324	168	24726	0	0	0	0	0	0	0	0	0	190	0	0	268	10994	686	4664	132	610	98	162	0	0	0	984	0	4832	0	366	0	4022	0	612	0	418	0	656	154	12994	0	690	0	442	0	2580	0	424	0	11632	4026	0	1002	170	0	0	0	0	1626	1106	0	126	0	422	0	0	0	986	0	0	0	1294	0	0	0	0	0	0	0	0	0	0	0	0	0	0	0	0	0	0	0	0	0	0	0	0	0	0	
375392	Caudate_L	7672	1100	7202	2890	1110	2376	11212	1260	442	348	720	1410	3596	198	2226	348	0	180	6208	4170	9968	8984	984	646	644	748	2630	2908	6398	2022	8978	5580	0	276	0	184	690	616	228	324	200	0	0	0	0	0	0	0	0	0	0	0	0	0	142	182	122	1360	0	0	0	0	0	158	0	0	0	0	2636	1002	0	21172	19664	7908	2620	760	19890	2264	0	0	0	0	140	0	0	0	0	0	0	0	0	0	0	0	0	0	0	0	0	0	0	0	0	0	0	0	0	0	0	0	0	0	0	0	0	0	
445984	Caudate_R	2428	304	7408	12292	0	2308	7406	1734	0	370	622	3596	2392	1048	658	580	0	224	3930	16254	3186	6582	688	5608	0	2238	0	2236	3814	7052	2696	23162	264	4596	0	0	334	5690	104	4150	0	0	0	0	0	0	0	286	0	0	0	0	0	0	0	1090	0	124	0	0	0	0	0	0	0	0	0	0	0	170	21172	0	7136	35706	678	3680	1176	15820	0	0	0	0	0	0	0	0	0	0	0	0	0	0	0	0	0	0	0	0	0	0	0	0	0	0	0	0	0	0	0	0	0	0	0	0	0	0	
476568	Putamen_L	6576	712	36422	720	5584	1758	8680	310	1346	290	1958	470	1850	0	4008	246	3410	0	14026	572	6120	6022	3800	664	332	542	1444	2234	20708	586	9830	2526	142	0	0	0	19832	118	7000	0	856	0	0	0	0	0	910	0	0	0	0	0	0	0	4312	0	3994	668	0	0	232	0	602	0	0	0	0	0	3754	0	19664	7136	0	3794	6158	190	10168	502	366	0	1632	0	1360	0	152	0	208	0	788	0	0	0	0	0	0	0	0	0	0	0	0	0	0	0	0	0	0	0	0	0	0	0	0	0	0	0	
518972	Putamen_R	848	646	4560	21114	0	3726	2700	6380	0	722	590	9778	980	4596	244	1126	0	3266	2958	14742	1036	2586	842	10350	0	3100	0	1492	1046	25750	2148	18444	264	5216	0	0	0	20028	0	16162	0	2376	0	0	0	0	0	304	0	0	0	0	0	0	0	5774	0	1338	0	0	0	0	0	0	0	0	0	0	0	0	7908	35706	3794	0	370	6490	0	5956	0	264	0	514	0	754	0	0	0	0	0	0	0	136	0	0	0	0	0	140	0	222	0	0	0	0	0	0	0	0	0	0	0	0	0	0	0	0	
44128	Pallidum_L	200	988	2506	0	0	0	132	0	0	0	0	0	0	0	0	0	0	0	3926	130	174	452	0	0	0	0	0	0	88	0	0	0	0	0	0	0	738	0	0	0	0	0	0	0	0	0	0	0	0	0	0	0	0	0	0	0	0	528	0	0	0	0	0	0	0	0	0	0	146	0	2620	678	6158	370	0	314	1824	92	0	0	0	0	0	0	0	0	0	0	0	0	0	0	0	0	0	0	0	0	0	0	0	0	0	0	0	0	0	0	0	0	0	0	0	0	0	0	
58808	Pallidum_R	0	0	192	2256	0	0	0	842	0	0	0	332	0	84	0	0	0	248	370	3526	0	0	0	312	0	0	0	0	0	554	0	382	0	114	0	0	0	4158	0	3474	0	0	0	0	0	0	0	0	0	0	0	0	0	0	0	826	0	0	0	0	0	0	0	0	0	0	0	0	0	0	760	3680	190	6490	314	0	98	202	0	0	0	0	0	0	0	0	0	0	0	0	0	0	0	0	0	0	0	0	0	0	0	0	0	0	0	0	0	0	0	0	0	0	0	0	0	0	
327792	Thalamus_L	13894	2056	10020	3956	0	0	2994	894	0	0	2996	574	322	0	0	0	1798	88	18256	5482	0	0	0	0	0	0	0	0	9116	242	0	0	0	166	2002	4530	9628	5380	818	416	0	0	0	0	0	0	964	342	0	0	0	0	0	0	284	228	2330	1562	0	0	148	0	288	228	0	0	0	816	16370	1626	19890	1176	10168	0	1824	98	0	8278	896	0	752	0	0	0	0	0	0	0	0	0	0	0	0	0	0	0	0	0	0	0	0	0	0	0	0	0	0	0	0	0	0	0	0	0	0	0	
212972	Thalamus_R	2912	1500	296	13856	0	0	372	1580	0	0	0	532	278	0	0	0	0	206	472	12936	0	0	0	0	0	0	0	0	336	2192	0	386	0	162	992	3496	1454	12354	248	6046	0	0	0	0	0	0	0	810	0	0	0	0	0	190	84	3226	114	508	0	0	0	0	0	228	0	0	0	548	3380	1106	2264	15820	502	5956	92	202	8278	0	0	160	0	142	0	0	0	0	0	0	0	168	0	0	0	0	0	0	0	0	0	0	0	0	0	0	0	0	0	0	0	102	0	0	0	0	0	0	
87048	Heschl_L	3286	0	364	0	0	0	502	0	0	0	1298	184	90	0	0	0	2590	0	430	0	0	0	0	0	0	0	0	0	6798	0	0	0	0	0	1088	618	3166	626	204	232	0	0	84	0	152	0	220	0	0	0	1466	0	1598	0	2304	0	3014	0	250	0	454	0	114	0	574	0	778	246	308	0	0	0	366	0	0	0	896	0	0	0	3480	0	0	0	2886	0	0	0	2768	0	90	0	0	0	0	0	0	0	0	0	0	0	0	0	0	0	0	0	0	0	0	0	0	0	0	0	
30888	Heschl_R	0	120	0	856	0	0	0	684	0	0	0	222	0	0	0	0	0	3432	0	288	0	0	0	0	0	0	0	0	0	1812	0	0	0	0	0	0	0	532	0	342	0	0	0	0	0	0	0	0	0	0	0	0	0	0	0	462	0	550	0	0	0	0	0	306	0	0	0	158	0	126	0	0	0	264	0	0	0	160	0	0	0	3870	0	0	0	850	0	0	0	410	0	0	0	0	0	0	0	0	0	0	0	0	0	0	0	0	0	0	0	0	0	0	0	0	0	0	
168932	Temporal_Sup_L	1452	0	1842	0	0	0	640	0	0	0	2650	0	586	0	0	0	9052	0	880	0	0	0	0	0	0	0	0	0	5710	0	0	0	0	0	0	0	1952	0	88	0	0	0	98	0	130	0	0	0	0	0	1990	0	1114	0	4686	0	3470	0	502	0	674	0	3476	0	712	0	508	0	394	0	0	0	1632	0	0	0	752	0	3480	0	0	0	2476	0	17026	0	0	0	15950	0	366	0	0	0	0	0	0	0	178	0	0	0	0	0	0	0	0	0	0	0	0	0	0	0	0	0	
90344	Temporal_Sup_R	0	268	0	580	0	0	0	378	0	0	0	756	0	0	0	0	0	4396	0	384	0	0	0	0	0	0	0	0	0	3984	0	0	0	0	0	0	0	1156	0	124	0	0	0	0	0	0	0	0	0	0	0	240	0	0	0	2574	0	1952	0	0	0	818	0	3740	0	854	0	376	0	422	0	0	0	514	0	0	0	142	0	3870	0	0	0	964	0	10186	0	736	0	5758	0	0	0	0	0	0	0	0	0	0	0	0	0	0	0	0	0	0	0	0	0	0	0	0	0	0	
66428	Temporal_Pole_Sup_L	0	0	678	0	1030	0	486	0	0	0	840	0	626	0	1512	0	764	0	0	0	1018	0	0	0	0	0	294	0	5038	0	0	0	0	0	0	0	1146	0	842	0	1166	0	0	0	0	0	0	0	0	0	0	0	0	0	3048	0	0	0	0	0	0	0	0	0	0	0	0	0	0	0	140	0	1360	0	0	0	0	0	0	0	2476	0	0	0	4196	0	2374	0	4180	0	0	0	0	0	0	0	0	0	0	0	0	0	0	0	0	0	0	0	0	0	0	0	0	0	0	0	
45340	Temporal_Pole_Sup_R	0	0	0	0	0	0	0	0	0	0	0	218	0	0	0	0	0	168	0	0	0	0	0	0	0	0	0	0	0	406	0	0	0	0	0	0	0	812	0	3290	0	2462	0	0	0	0	0	0	0	0	0	0	0	0	0	6080	0	0	0	0	0	0	0	0	0	0	0	0	0	0	0	0	0	754	0	0	0	0	0	0	0	964	0	0	0	552	0	5204	0	1760	0	0	0	0	0	0	0	0	0	0	0	0	0	0	0	0	0	0	0	0	0	0	0	0	0	0	
276300	Temporal_Mid_L	486	0	132	0	0	0	0	0	0	0	284	0	0	0	0	0	2852	0	0	0	0	0	0	0	0	0	0	0	1270	0	0	0	92	0	1402	0	94	0	0	0	0	0	816	0	2456	0	0	0	674	0	28736	0	2724	0	2588	0	1994	0	6658	0	3678	0	4370	0	9250	0	5626	0	1520	0	0	0	152	0	0	0	0	0	2886	0	17026	0	4196	0	0	0	1790	0	34212	0	186	0	0	0	0	0	0	0	0	0	0	0	0	0	0	0	0	0	0	0	0	0	0	0	0	0	
156008	Temporal_Mid_R	0	144	0	0	0	0	0	0	0	0	0	0	0	0	0	0	0	0	0	328	0	0	0	0	0	0	0	0	0	676	0	0	0	0	0	0	0	350	0	152	0	0	0	1928	0	314	0	0	0	2166	0	10864	0	1118	0	2652	0	1300	0	0	0	5724	0	7292	0	6542	0	1222	0	986	0	0	0	0	0	0	0	0	0	850	0	10186	0	552	0	0	0	1874	0	20784	0	0	0	0	0	0	0	0	0	0	0	0	0	0	0	0	0	0	0	0	0	0	0	0	0	0	
23652	Temporal_Pole_Mid_L	0	0	236	0	0	0	114	0	0	0	0	0	0	0	0	0	0	0	0	0	0	0	0	0	0	0	0	0	616	0	0	0	0	0	0	0	234	0	754	0	208	0	0	0	0	0	0	0	0	0	0	0	0	0	2386	0	0	0	0	0	0	0	0	0	0	0	0	0	0	0	0	0	208	0	0	0	0	0	0	0	0	0	2374	0	1790	0	0	0	2906	0	0	0	0	0	0	0	0	0	0	0	0	0	0	0	0	0	0	0	0	0	0	0	0	0	0	0	
33012	Temporal_Pole_Mid_R	0	0	0	0	0	0	0	0	0	0	0	0	0	0	0	0	0	0	0	0	0	0	0	0	0	0	0	0	0	0	0	0	0	0	0	0	0	110	0	2148	0	446	0	0	0	0	0	0	0	0	0	0	0	0	0	3776	0	0	0	0	0	0	0	0	0	0	0	0	0	0	0	0	0	0	0	0	0	0	0	0	0	736	0	5204	0	1874	0	0	0	2212	0	0	0	0	0	0	0	0	0	0	0	0	0	0	0	0	0	0	0	0	0	0	0	0	0	0	
273356	Temporal_Inf_L	350	0	484	0	0	0	126	0	0	0	0	0	0	0	0	0	1444	0	222	0	0	0	0	0	0	0	0	0	2598	0	0	0	0	0	412	0	4300	0	570	0	170	0	370	0	1318	0	216	0	150	0	9996	0	4478	0	17926	0	1664	0	4262	0	3148	0	4042	0	1430	0	3262	0	442	0	0	0	788	0	0	0	0	0	2768	0	15950	0	4180	0	34212	0	2906	0	0	0	6906	0	2992	0	0	0	592	0	2004	0	0	0	0	0	0	0	0	0	0	0	0	0	0	0	0	0	
179372	Temporal_Inf_R	0	410	0	244	0	0	0	0	0	0	0	0	0	0	0	0	0	0	0	756	0	0	0	0	0	0	0	0	0	4308	0	0	0	0	0	356	0	3262	0	1008	0	0	0	1186	0	88	0	1294	0	806	0	2558	0	3258	0	19564	0	2276	0	0	0	2584	0	6300	0	808	0	992	0	1294	0	0	0	0	0	0	0	168	0	410	0	5758	0	1760	0	20784	0	2212	0	0	0	2918	0	986	0	0	0	196	0	944	0	0	0	106	0	0	0	0	0	0	92	0	0	0	0	0	
491836	Cerebelum_Crus1_L	0	0	0	0	0	0	0	0	0	0	0	0	0	0	0	0	0	0	0	0	0	0	0	0	0	0	0	0	0	0	0	0	0	0	0	0	262	0	0	0	0	0	126	0	0	0	10096	2088	0	0	344	0	1134	132	23334	882	0	0	0	0	0	0	0	0	0	0	0	0	0	0	0	0	0	0	0	0	0	0	90	0	366	0	0	0	186	0	0	0	6906	0	0	5486	29030	4926	1798	160	28740	1848	57394	4128	12700	92	13524	712	5916	398	390	0	318	624	8830	9486	10124	1274	1824	250	
444104	Cerebelum_Crus1_R	0	0	0	0	0	0	0	0	0	0	0	0	0	0	0	0	0	0	0	0	0	0	0	0	0	0	0	0	0	0	0	0	0	0	0	0	0	296	0	592	0	0	516	718	0	0	4150	4794	0	0	0	0	224	532	1792	15796	0	0	0	0	0	0	0	0	0	0	0	120	0	0	0	0	0	136	0	0	0	0	0	0	0	0	0	0	0	0	0	0	0	2918	5486	0	1344	28004	150	3006	6298	22338	6888	53372	696	3852	940	12670	408	1598	0	244	332	1696	16752	9562	10528	1944	1218	142	
338792	Cerebelum_Crus2_L	0	0	0	0	0	0	0	0	0	0	0	0	0	0	0	0	0	0	0	0	0	0	0	0	0	0	0	0	0	0	0	0	0	0	0	0	0	0	0	0	0	0	0	0	0	0	862	390	0	0	0	0	0	0	2638	144	0	0	0	0	0	0	0	0	0	0	0	0	0	0	0	0	0	0	0	0	0	0	0	0	0	0	0	0	0	0	0	0	2992	0	29030	1344	0	14200	302	0	3242	350	7884	846	35394	4792	30950	4442	4732	486	258	0	114	198	1460	1526	14480	5596	744	0	
351176	Cerebelum_Crus2_R	0	0	0	0	0	0	0	0	0	0	0	0	0	0	0	0	0	0	0	0	0	0	0	0	0	0	0	0	0	0	0	0	0	0	0	0	0	0	0	0	0	0	0	0	0	0	240	198	0	0	0	0	0	0	0	1274	0	0	0	0	0	0	0	0	0	0	0	0	0	0	0	0	0	0	0	0	0	0	0	0	0	0	0	0	0	0	0	0	0	986	4926	28004	14200	0	120	1434	442	2112	1794	7440	11620	16784	12064	29236	1288	3954	0	550	348	1376	1638	2054	20688	8206	2366	246	
47872	Cerebelum_3_L	0	0	0	0	0	0	0	0	0	0	0	0	0	0	0	0	0	0	0	0	0	0	0	0	0	0	0	0	0	0	0	0	0	0	0	0	0	0	234	0	0	0	0	0	0	0	0	114	0	0	0	0	0	0	202	0	0	0	0	0	0	0	0	0	0	0	0	0	0	0	0	0	0	0	0	0	0	0	0	0	0	0	0	0	0	0	0	0	0	0	1798	150	302	120	0	94	6496	182	4276	244	248	0	1602	200	2020	104	0	0	864	2454	852	572	370	212	226	0	
77800	Cerebelum_3_R	0	0	0	0	0	0	0	0	0	0	0	0	0	0	0	0	0	0	0	0	0	0	0	0	0	0	0	0	0	0	0	0	0	0	0	0	0	222	0	302	0	172	0	0	0	0	0	0	0	0	0	0	0	0	0	278	0	0	0	0	0	0	0	0	0	0	0	0	0	0	0	0	0	0	0	0	0	0	0	0	0	0	0	0	0	0	0	0	0	0	160	3006	0	1434	94	0	180	7396	184	5228	0	0	546	1710	418	2026	0	0	1292	5116	1704	372	2432	2294	2178	156	
407412	Cerebelum_4_5_L	0	0	0	0	0	0	0	0	0	0	0	0	0	0	0	0	0	0	0	0	0	0	0	0	0	0	0	0	0	0	0	0	0	0	0	0	92	0	390	0	0	0	0	158	0	0	15944	5056	0	0	644	0	1490	242	16898	2964	0	0	0	0	0	0	0	0	0	0	0	0	0	0	0	0	0	0	0	0	0	0	0	0	0	0	0	0	0	0	0	0	592	0	28740	6298	3242	442	6496	180	0	8670	44354	8480	2936	120	5092	948	5116	1194	268	0	546	2168	21304	5204	2500	1120	2016	1802	
339292	Cerebelum_4_5_R	0	0	0	0	0	0	0	0	0	0	0	0	0	0	0	0	0	0	0	0	0	0	0	0	0	0	0	0	0	0	0	0	0	0	0	0	0	856	0	2586	0	190	0	314	0	0	5760	11662	0	0	0	0	342	610	2316	12248	0	0	0	0	0	0	0	0	0	0	0	328	0	0	0	0	0	140	0	0	0	0	0	0	0	0	0	0	0	0	0	0	0	196	1848	22338	350	2112	182	7396	8670	0	4370	36224	196	0	1226	2788	830	2228	0	374	198	3910	23694	3104	4202	2978	2718	162	
540076	Cerebelum_6_L	0	0	0	0	0	0	0	0	0	0	0	0	0	0	0	0	0	0	0	0	0	0	0	0	0	0	0	0	0	0	0	0	0	0	0	0	266	0	206	0	0	0	528	0	0	0	16430	6322	0	0	1462	0	3904	334	32918	2730	0	0	0	0	0	0	0	0	0	0	0	0	0	0	0	0	0	0	0	0	0	0	0	0	178	0	0	0	0	0	0	0	2004	0	57394	6888	7884	1794	4276	184	44354	4370	0	7094	4990	90	8714	752	6630	602	374	0	576	1054	16118	16452	8124	1206	2278	558	
447244	Cerebelum_6_R	0	0	0	0	0	0	0	0	0	0	0	0	0	0	0	0	0	0	0	0	0	0	0	0	0	0	0	0	0	0	0	0	0	0	0	0	0	418	0	892	0	0	0	140	0	0	5206	9304	0	0	0	0	344	1110	2544	20218	0	0	0	0	0	0	0	0	0	0	0	150	0	0	0	0	0	222	0	0	0	0	0	0	0	0	0	0	0	0	0	0	0	944	4128	53372	846	7440	244	5228	8480	36224	7094	0	470	700	1152	4116	728	1096	0	440	204	2360	24982	11192	8294	1974	1180	186	
290912	Cerebelum_7b_L	0	0	0	0	0	0	0	0	0	0	0	0	0	0	0	0	0	0	0	0	0	0	0	0	0	0	0	0	0	0	0	0	0	0	0	0	0	0	0	0	0	0	0	0	0	0	148	244	0	0	0	0	0	0	516	98	0	0	0	0	0	0	0	0	0	0	0	0	0	0	0	0	0	0	0	0	0	0	0	0	0	0	0	0	0	0	0	0	0	0	12700	696	35394	11620	248	0	2936	196	4990	470	0	5452	35372	5632	6772	634	308	0	0	100	656	730	11352	7634	558	0	
125776	Cerebelum_7b_R	0	0	0	0	0	0	0	0	0	0	0	0	0	0	0	0	0	0	0	0	0	0	0	0	0	0	0	0	0	0	0	0	0	0	0	0	0	0	0	0	0	0	0	0	0	0	0	0	0	0	0	0	0	0	0	86	0	0	0	0	0	0	0	0	0	0	0	0	0	0	0	0	0	0	0	0	0	0	0	0	0	0	0	0	0	0	0	0	0	0	92	3852	4792	16784	0	0	120	0	90	700	5452	0	5046	15868	206	920	0	140	0	0	0	0	4586	4154	0	0	
385556	Cerebelum_8_L	0	0	0	0	0	0	0	0	0	0	0	0	0	0	0	0	0	0	0	0	0	0	0	0	0	0	0	0	0	0	0	0	0	0	0	0	0	0	0	0	0	0	0	0	0	0	320	252	0	0	0	0	0	0	780	280	0	0	0	0	0	0	0	0	0	0	0	0	0	0	0	0	0	0	0	0	0	0	0	0	0	0	0	0	0	0	0	0	0	0	13524	940	30950	12064	1602	546	5092	1226	8714	1152	35372	5046	0	10046	24120	2268	2528	110	288	922	1494	1116	14272	13182	4404	168	
287168	Cerebelum_8_R	0	0	0	0	0	0	0	0	0	0	0	0	0	0	0	0	0	0	0	0	0	0	0	0	0	0	0	0	0	0	0	0	0	0	0	0	0	0	0	0	0	0	0	0	0	0	404	0	0	0	0	0	0	0	0	648	0	0	0	0	0	0	0	0	0	0	0	0	0	0	0	0	0	0	0	0	0	0	0	0	0	0	0	0	0	0	0	0	0	106	712	12670	4442	29236	200	1710	948	2788	752	4116	5632	15868	10046	0	2452	17160	112	2072	458	1896	2554	426	10944	10746	4202	284	
169324	Cerebelum_9_L	0	0	0	0	0	0	0	0	0	0	0	0	0	0	0	0	0	0	0	0	0	0	0	0	0	0	0	0	0	0	0	0	0	0	0	0	0	0	0	0	0	0	0	0	0	0	110	118	0	0	0	0	0	0	318	230	0	0	0	0	0	0	0	0	0	0	0	0	0	0	0	0	0	0	0	0	0	0	0	0	0	0	0	0	0	0	0	0	0	0	5916	408	4732	1288	2020	418	5116	830	6630	728	6772	206	24120	2452	0	2152	3616	0	466	668	1892	2300	2424	3608	4098	1026	
136788	Cerebelum_9_R	0	0	0	0	0	0	0	0	0	0	0	0	0	0	0	0	0	0	0	0	0	0	0	0	0	0	0	0	0	0	0	0	0	0	0	0	0	0	0	144	0	0	0	0	0	0	536	0	0	0	0	0	0	0	100	274	0	0	0	0	0	0	0	0	0	0	0	0	0	0	0	0	0	0	0	0	0	0	0	0	0	0	0	0	0	0	0	0	0	0	398	1598	486	3954	104	2026	1194	2228	602	1096	634	920	2268	17160	2152	0	0	2698	1106	2066	2306	2362	3940	6500	7586	1956	
16576	Cerebelum_10_L	0	0	0	0	0	0	0	0	0	0	0	0	0	0	0	0	0	0	0	0	0	0	0	0	0	0	0	0	0	0	0	0	0	0	0	0	0	0	0	0	0	0	0	0	0	0	0	0	0	0	0	0	0	0	0	0	0	0	0	0	0	0	0	0	0	0	0	0	0	0	0	0	0	0	0	0	0	0	0	0	0	0	0	0	0	0	0	0	0	0	390	0	258	0	0	0	268	0	374	0	308	0	2528	112	3616	0	0	0	0	0	0	0	110	132	192	0	
15532	Cerebelum_10_R	0	0	0	0	0	0	0	0	0	0	0	0	0	0	0	0	0	0	0	0	0	0	0	0	0	0	0	0	0	0	0	0	0	0	0	0	0	0	0	162	0	0	0	0	0	0	0	0	0	0	0	0	0	0	0	232	0	0	0	0	0	0	0	0	0	0	0	0	0	0	0	0	0	0	0	0	0	0	0	0	0	0	0	0	0	0	0	0	0	0	0	244	0	550	0	0	0	374	0	440	0	140	110	2072	0	2698	0	0	0	0	178	0	258	180	128	0	
36192	Vermis_1_2	0	0	0	0	0	0	0	0	0	0	0	0	0	0	0	0	0	0	0	0	0	0	0	0	0	0	0	0	0	0	0	0	0	0	0	0	138	0	0	0	0	0	0	0	0	0	140	0	0	0	0	0	0	0	0	0	0	0	0	0	0	0	0	0	0	0	0	0	0	0	0	0	0	0	0	0	0	0	0	0	0	0	0	0	0	0	0	0	0	0	318	332	114	348	864	1292	546	198	576	204	0	0	288	458	466	1106	0	0	0	4792	878	922	952	1086	1610	468	
88932	Vermis_3	0	0	0	0	0	0	0	0	0	0	0	0	0	0	0	0	0	0	0	0	0	0	0	0	0	0	0	0	0	0	0	0	0	0	0	0	364	154	110	0	0	0	0	0	0	0	266	228	0	0	0	0	0	0	0	148	0	0	0	0	0	0	0	0	0	0	0	0	0	0	0	0	0	0	0	0	0	102	0	0	0	0	0	0	0	0	0	0	0	0	624	1696	198	1376	2454	5116	2168	3910	1054	2360	100	0	922	1896	668	2066	0	0	4792	0	3042	754	2518	2468	2598	314	
