data	data	677244	475276	959168	793228	230732	90128	564232	354192	96104	35752	267636	148392	237596	132496	134844	54432	294544	86884	878812	887412	94268	91812	451636	460804	31644	108840	68664	103084	662836	241180	248080	469228	206332	514656	119156	146736	222704	216112	47040	130120	37380	44072	189988	314732	194764	227300	262140	390456	235204	254084	469776	254496	175812	121360	372132	335308	237664	126472	166784	104136	256820	79156	90268	78504	166712	99060	266252	298224	365472	356628	264672	399608	306320	273072	61052	35704	185004	240768	94820	40304	201480	118944	77476	22752	279068	178340	13976	6800	267148	183696	417672	396760	376360	281192	21212	47788	304208	251204	429256	372484	240596	199604	346732	264116	98696	103844	9456	5364	8504	30752	215028	172612	157152	120860	69276	14652	
data	data	Precentral_L	Precentral_R	Frontal_Sup_L	Frontal_Sup_R	Frontal_Sup_Orb_L	Frontal_Sup_Orb_R	Frontal_Mid_L	Frontal_Mid_R	Frontal_Mid_Orb_L	Frontal_Mid_Orb_R	Frontal_Inf_Oper_L	Frontal_Inf_Oper_R	Frontal_Inf_Tri_L	Frontal_Inf_Tri_R	Frontal_Inf_Orb_L	Frontal_Inf_Orb_R	Rolandic_Oper_L	Rolandic_Oper_R	Supp_Motor_Area_L	Supp_Motor_Area_R	Olfactory_L	Olfactory_R	Frontal_Sup_Medial_L	Frontal_Sup_Medial_R	Frontal_Med_Orb_L	Frontal_Med_Orb_R	Rectus_L	Rectus_R	Insula_L	Insula_R	Cingulum_Ant_L	Cingulum_Ant_R	Cingulum_Mid_L	Cingulum_Mid_R	Cingulum_Post_L	Cingulum_Post_R	Hippocampus_L	Hippocampus_R	ParaHippocampal_L	ParaHippocampal_R	Amygdala_L	Amygdala_R	Calcarine_L	Calcarine_R	Cuneus_L	Cuneus_R	Lingual_L	Lingual_R	Occipital_Sup_L	Occipital_Sup_R	Occipital_Mid_L	Occipital_Mid_R	Occipital_Inf_L	Occipital_Inf_R	Fusiform_L	Fusiform_R	Postcentral_L	Postcentral_R	Parietal_Sup_L	Parietal_Sup_R	Parietal_Inf_L	Parietal_Inf_R	SupraMarginal_L	SupraMarginal_R	Angular_L	Angular_R	Precuneus_L	Precuneus_R	Paracentral_Lobule_L	Paracentral_Lobule_R	Caudate_L	Caudate_R	Putamen_L	Putamen_R	Pallidum_L	Pallidum_R	Thalamus_L	Thalamus_R	Heschl_L	Heschl_R	Temporal_Sup_L	Temporal_Sup_R	Temporal_Pole_Sup_L	Temporal_Pole_Sup_R	Temporal_Mid_L	Temporal_Mid_R	Temporal_Pole_Mid_L	Temporal_Pole_Mid_R	Temporal_Inf_L	Temporal_Inf_R	Cerebelum_Crus1_L	Cerebelum_Crus1_R	Cerebelum_Crus2_L	Cerebelum_Crus2_R	Cerebelum_3_L	Cerebelum_3_R	Cerebelum_4_5_L	Cerebelum_4_5_R	Cerebelum_6_L	Cerebelum_6_R	Cerebelum_7b_L	Cerebelum_7b_R	Cerebelum_8_L	Cerebelum_8_R	Cerebelum_9_L	Cerebelum_9_R	Cerebelum_10_L	Cerebelum_10_R	Vermis_1_2	Vermis_3	Vermis_4_5	Vermis_6	Vermis_7	Vermis_8	Vermis_9	Vermis_10	
677244	Precentral_L	0	5980	21882	2556	1850	0	18772	304	620	0	11070	0	2360	0	740	0	13648	0	27796	14694	154	0	472	284	0	0	114	0	22110	0	116	412	636	7916	2496	3914	12774	2446	158	282	166	0	0	0	0	0	0	0	236	0	420	0	0	142	320	146	23008	184	302	0	2002	0	820	0	1150	0	504	462	49638	8336	8888	1350	18024	120	4544	0	28592	2286	7246	0	2428	0	176	0	114	0	0	0	326	136	0	0	0	0	0	0	0	0	0	0	0	0	0	0	0	0	0	0	0	0	0	0	0	0	0	0	
475276	Precentral_R	5980	0	2068	12510	0	0	144	11720	0	0	452	9678	0	438	0	0	0	3082	7964	37026	0	0	0	440	0	0	0	0	526	4900	0	346	614	2840	562	1700	286	5534	0	558	0	0	0	1054	0	888	0	788	0	1210	0	918	0	146	0	302	0	11072	0	350	0	958	0	1960	0	936	120	1902	5872	33284	1800	20540	128	9208	0	3796	1316	27070	0	384	0	384	0	0	0	522	0	0	0	1362	0	0	0	0	0	0	0	0	0	0	0	0	0	0	0	0	0	0	0	0	0	0	0	0	0	0	
959168	Frontal_Sup_L	21882	2068	0	8692	16516	0	82444	2540	2916	0	19570	0	14946	224	2560	0	17266	0	85698	12086	372	0	51312	8320	958	0	232	0	41960	136	8186	5994	9956	8058	118	108	2388	0	0	0	108	0	0	0	0	0	0	0	0	0	0	0	0	0	0	0	1390	0	0	0	0	0	186	0	0	0	0	0	4360	806	12190	2514	18310	150	3558	0	3162	1290	1400	0	1652	0	900	0	0	0	0	0	102	0	0	0	0	0	0	0	0	0	0	0	0	0	0	0	0	0	0	0	0	0	0	0	0	0	0	0	
793228	Frontal_Sup_R	2556	12510	8692	0	180	3412	3160	49238	0	844	484	6418	728	10754	0	2038	98	5016	22398	69306	0	310	10770	50040	0	4786	0	682	1882	10076	3472	40896	2116	28654	0	220	98	1282	0	240	0	0	0	0	0	0	0	0	0	0	0	0	0	0	0	180	0	488	0	0	0	0	0	0	0	0	0	0	1602	138	3642	19612	278	12294	0	1678	222	2842	0	282	0	0	0	0	0	0	0	0	0	0	0	0	0	0	0	0	0	0	0	0	0	0	0	0	0	0	0	0	0	0	0	0	0	0	0	0	
230732	Frontal_Sup_Orb_L	1850	0	16516	180	0	0	3278	86	12996	0	876	0	1168	0	11360	0	630	0	4914	94	4658	1438	11968	634	2632	0	4690	1186	10628	0	8784	1670	914	384	0	0	0	0	474	0	280	0	0	0	0	0	0	0	0	0	0	0	0	0	0	0	0	0	0	0	0	0	0	0	0	0	0	0	0	0	2178	434	7148	144	0	0	0	0	126	0	164	0	884	0	0	0	0	0	0	0	0	0	0	0	0	0	0	0	0	0	0	0	0	0	0	0	0	0	0	0	0	0	0	0	0	0	
90128	Frontal_Sup_Orb_R	0	0	0	3412	0	0	0	1822	0	5924	0	0	0	102	0	6028	0	0	288	418	90	1814	154	2674	0	9540	0	7982	0	1234	0	956	0	294	0	0	0	0	0	0	0	452	0	0	0	0	0	0	0	0	0	0	0	0	0	0	0	0	0	0	0	0	0	0	0	0	0	0	0	0	126	546	0	1208	0	0	0	0	0	0	0	0	0	0	0	0	0	0	0	0	0	0	0	0	0	0	0	0	0	0	0	0	0	0	0	0	0	0	0	0	0	0	0	0	0	0	
564232	Frontal_Mid_L	18772	144	82444	3160	3278	0	0	2346	3392	0	14596	0	33546	204	902	0	9318	0	28014	3000	0	0	21092	2392	0	0	0	0	21456	0	3036	1364	9956	2146	90	0	1778	0	0	0	0	0	0	0	0	0	0	0	0	0	0	0	0	0	0	0	744	0	0	0	0	0	176	0	0	0	0	0	1288	0	3718	1410	3984	0	956	0	1448	138	1292	0	366	0	170	0	0	0	0	0	0	0	0	0	0	0	0	0	0	0	0	0	0	0	0	0	0	0	0	0	0	0	0	0	0	0	0	0	
354192	Frontal_Mid_R	304	11720	2540	49238	86	1822	2346	0	0	1508	170	13682	300	20838	0	1728	0	978	6598	14946	0	0	1872	10050	0	154	0	0	2010	5114	116	8016	498	10454	0	0	0	262	0	0	0	0	0	0	0	272	0	0	0	312	0	170	0	0	0	0	0	90	0	0	0	0	0	0	0	0	0	412	0	0	1230	1620	102	4398	0	760	0	380	0	0	0	0	0	0	0	0	0	0	0	0	0	0	0	0	0	0	0	0	0	0	0	0	0	0	0	0	0	0	0	0	0	0	0	0	0	0	
96104	Frontal_Mid_Orb_L	620	0	2916	0	12996	0	3392	0	0	0	264	0	2622	0	12784	0	316	0	1234	0	626	0	294	0	416	0	806	0	5056	0	488	0	354	92	0	0	0	0	144	0	92	0	0	0	0	0	0	0	0	0	0	0	0	0	0	0	0	0	0	0	0	0	0	0	0	0	0	0	0	0	128	0	1868	0	0	0	0	0	0	0	0	0	544	0	0	0	0	0	0	0	0	0	0	0	0	0	0	0	0	0	0	0	0	0	0	0	0	0	0	0	0	0	0	0	0	0	
35752	Frontal_Mid_Orb_R	0	0	0	844	0	5924	0	1508	0	0	0	0	0	320	0	7238	0	0	242	264	0	0	0	116	0	86	0	182	0	334	0	434	0	264	0	0	0	0	0	0	0	0	0	0	0	0	0	0	0	0	0	0	0	0	0	0	0	0	0	0	0	0	0	0	0	0	0	0	0	0	0	120	0	0	0	0	0	0	0	0	0	0	0	0	0	0	0	0	0	0	0	0	0	0	0	0	0	0	0	0	0	0	0	0	0	0	0	0	0	0	0	0	0	0	0	0	
267636	Frontal_Inf_Oper_L	11070	452	19570	484	876	0	14596	170	264	0	0	0	13358	0	852	0	11114	0	16582	2310	0	0	700	0	0	0	0	0	23418	0	592	100	418	1212	0	0	508	0	0	0	0	0	0	0	0	0	0	0	0	0	0	0	0	0	0	0	3728	0	0	0	0	0	0	0	0	0	0	0	140	0	1370	160	2538	0	94	0	582	0	1124	0	2644	0	2532	0	260	0	0	0	0	0	0	0	0	0	0	0	0	0	0	0	0	0	0	0	0	0	0	0	0	0	0	0	0	0	0	0	
148392	Frontal_Inf_Oper_R	0	9678	0	6418	0	0	0	13682	0	0	0	0	0	9952	0	390	0	4812	538	7308	0	0	0	480	0	0	0	0	0	10482	0	680	0	0	0	0	0	182	0	0	0	0	0	282	0	610	0	112	0	734	0	422	0	0	0	0	0	558	0	0	0	0	0	0	0	0	0	1026	0	0	0	1130	0	3994	0	162	0	282	0	0	0	0	0	196	0	0	0	0	0	86	0	0	0	0	0	0	0	0	0	0	0	0	0	0	0	0	0	0	0	0	0	0	0	0	0	0	
237596	Frontal_Inf_Tri_L	2360	0	14946	728	1168	0	33546	300	2622	0	13358	0	0	0	7180	0	1582	0	9352	1026	0	0	3780	512	0	0	0	0	16774	0	298	202	2852	390	0	0	118	0	0	0	0	0	0	0	0	0	0	0	0	0	0	0	0	0	0	0	0	0	0	0	0	0	0	0	0	0	0	0	108	0	1566	876	1966	134	0	0	0	0	96	0	214	0	744	0	0	0	0	0	0	0	0	0	0	0	0	0	0	0	0	0	0	0	0	0	0	0	0	0	0	0	0	0	0	0	0	0	
132496	Frontal_Inf_Tri_R	0	438	224	10754	0	102	204	20838	0	320	0	9952	0	0	0	2978	0	362	2520	7292	0	0	112	752	0	0	0	0	202	5556	0	280	0	2076	0	0	0	0	0	0	0	0	0	0	0	0	0	0	0	0	0	0	0	0	0	0	0	0	0	0	0	0	0	0	0	0	0	0	0	0	152	322	0	812	0	0	0	0	0	0	0	0	0	0	0	0	0	0	0	0	0	0	0	0	0	0	0	0	0	0	0	0	0	0	0	0	0	0	0	0	0	0	0	0	0	0	
134844	Frontal_Inf_Orb_L	740	0	2560	0	11360	0	902	0	12784	0	852	0	7180	0	0	0	674	0	1796	0	2834	0	818	0	1366	0	1316	0	11550	0	4158	0	102	0	0	0	0	0	400	0	584	0	0	0	0	0	0	0	0	0	0	0	0	0	0	0	0	0	0	0	0	0	0	0	0	0	0	0	0	0	278	114	2246	0	0	0	0	0	0	0	0	0	2808	0	0	0	0	0	0	0	0	0	0	0	0	0	0	0	0	0	0	0	0	0	0	0	0	0	0	0	0	0	0	0	0	0	
54432	Frontal_Inf_Orb_R	0	0	0	2038	0	6028	0	1728	0	7238	0	390	0	2978	0	0	0	0	136	276	0	306	0	1052	0	976	0	488	0	2728	0	324	0	204	0	0	0	0	0	0	0	0	0	0	0	0	0	0	0	0	0	0	0	0	0	0	0	0	0	0	0	0	0	0	0	0	0	0	0	0	0	170	0	156	0	0	0	0	0	0	0	0	0	0	0	0	0	0	0	0	0	0	0	0	0	0	0	0	0	0	0	0	0	0	0	0	0	0	0	0	0	0	0	0	0	0	
294544	Rolandic_Oper_L	13648	0	17266	98	630	0	9318	0	316	0	11114	0	1582	0	674	0	0	0	9674	288	0	0	624	0	0	0	0	0	33398	0	618	88	594	128	0	0	1420	0	0	0	0	0	0	0	0	0	0	0	376	0	1778	0	274	0	254	0	12828	0	116	0	288	0	3124	0	0	0	272	0	420	0	760	0	1706	0	1960	0	2032	0	8024	0	8250	0	1548	0	1310	0	0	0	474	0	0	0	0	0	0	0	0	0	0	0	0	0	0	0	0	0	0	0	0	0	0	0	0	0	0	0	
86884	Rolandic_Oper_R	0	3082	0	5016	0	0	0	978	0	0	0	4812	0	362	0	0	0	0	270	5450	0	0	0	0	0	0	0	0	0	8900	0	104	0	0	0	0	0	0	0	92	0	0	0	198	0	100	0	180	0	142	0	94	0	122	0	130	0	3330	0	0	0	0	0	2528	0	0	0	282	0	0	0	330	0	2250	0	0	0	88	0	1706	0	2386	0	134	0	132	0	0	0	244	0	0	0	0	0	0	0	0	0	0	0	0	0	0	0	0	0	0	0	0	0	0	0	0	0	0	
878812	Supp_Motor_Area_L	27796	7964	85698	22398	4914	288	28014	6598	1234	242	16582	538	9352	2520	1796	136	9674	270	0	45644	170	0	16330	6716	0	140	118	0	28624	1296	3176	6748	13040	25852	1086	544	562	0	0	0	0	0	0	0	0	0	0	0	0	0	0	0	0	132	0	134	816	86	0	0	0	0	0	0	0	0	362	0	17206	4094	15156	3002	14978	744	818	88	1170	1254	864	0	1580	0	764	0	0	0	0	0	98	0	0	0	0	0	0	0	0	0	0	0	0	0	0	0	0	0	0	0	0	0	0	0	0	0	0	0	
887412	Supp_Motor_Area_R	14694	37026	12086	69306	94	418	3000	14946	0	264	2310	7308	1026	7292	0	276	288	5450	45644	0	0	0	2568	14648	0	226	0	0	3902	7464	842	12094	5676	39352	278	666	0	1464	0	110	0	0	0	0	0	0	0	0	0	0	0	0	0	0	0	100	0	936	0	0	0	0	0	0	0	0	318	516	18706	45178	4522	30770	486	6934	114	1536	940	21654	0	278	0	0	0	0	0	0	0	0	0	0	0	0	0	0	0	0	0	0	0	0	0	0	0	0	0	0	0	0	0	0	0	0	0	0	0	0	
94268	Olfactory_L	154	0	372	0	4658	90	0	0	626	0	0	0	0	0	2834	0	0	0	170	0	0	5228	406	0	578	0	6592	2908	2796	210	5014	2536	0	0	0	0	0	0	1408	0	1356	0	0	0	0	0	0	0	0	0	0	0	0	0	0	0	0	0	0	0	0	0	0	0	0	0	0	0	0	0	5190	1454	1340	436	0	0	0	0	0	0	0	0	778	0	0	0	0	0	0	0	0	0	0	0	0	0	0	0	0	0	0	0	0	0	0	0	0	0	0	0	0	0	0	0	0	0	
91812	Olfactory_R	0	0	0	310	1438	1814	0	0	0	0	0	0	0	0	0	306	0	0	0	0	5228	0	0	210	156	1602	3960	6822	0	2696	2122	3130	0	0	0	0	0	0	360	0	378	1096	0	0	0	0	0	0	0	0	0	0	0	0	0	0	0	0	0	0	0	0	0	0	0	0	0	0	0	0	6158	4582	1234	2304	0	0	0	0	0	0	0	0	0	0	0	0	0	0	0	0	0	0	0	0	0	0	0	0	0	0	0	0	0	0	0	0	0	0	0	0	0	0	0	0	0	0	
451636	Frontal_Sup_Medial_L	472	0	51312	10770	11968	154	21092	1872	294	0	700	0	3780	112	818	0	624	0	16330	2568	406	0	0	27842	2006	678	204	0	2568	162	20148	15086	9922	15722	0	0	0	0	0	0	156	0	0	0	0	0	0	0	0	0	0	0	0	0	0	0	0	0	0	0	0	0	0	0	0	0	0	0	0	0	1522	322	5738	324	0	0	0	0	0	0	0	0	146	0	0	0	0	0	0	0	0	0	0	0	0	0	0	0	0	0	0	0	0	0	0	0	0	0	0	0	0	0	0	0	0	0	
460804	Frontal_Sup_Medial_R	284	440	8320	50040	634	2674	2392	10050	0	116	0	480	512	752	0	1052	0	0	6716	14648	0	210	27842	0	222	8732	0	1182	332	3632	6000	36084	2184	24430	0	0	0	0	0	0	0	0	0	0	0	0	0	0	0	0	0	0	0	0	0	0	0	0	0	0	0	0	0	0	0	0	0	0	0	0	622	11086	120	8614	0	0	0	0	0	0	0	0	0	0	0	0	0	0	0	0	0	0	0	0	0	0	0	0	0	0	0	0	0	0	0	0	0	0	0	0	0	0	0	0	0	0	
31644	Frontal_Med_Orb_L	0	0	958	0	2632	0	0	0	416	0	0	0	0	0	1366	0	0	0	0	0	578	156	2006	222	0	98	554	118	742	0	4188	176	0	0	0	0	0	0	92	0	0	0	0	0	0	0	0	0	0	0	0	0	0	0	0	0	0	0	0	0	0	0	0	0	0	0	0	0	0	0	334	0	946	0	0	0	0	0	0	0	0	0	240	0	0	0	0	0	0	0	0	0	0	0	0	0	0	0	0	0	0	0	0	0	0	0	0	0	0	0	0	0	0	0	0	0	
108840	Frontal_Med_Orb_R	0	0	0	4786	0	9540	0	154	0	86	0	0	0	0	0	976	0	0	140	226	0	1602	678	8732	98	0	0	9492	0	2382	516	5758	0	206	0	0	0	0	0	0	0	168	0	0	0	0	0	0	0	0	0	0	0	0	0	0	0	0	0	0	0	0	0	0	0	0	0	0	0	0	0	2798	0	6082	0	0	0	0	0	0	0	0	0	0	0	0	0	0	0	0	0	0	0	0	0	0	0	0	0	0	0	0	0	0	0	0	0	0	0	0	0	0	0	0	0	0	
68664	Rectus_L	114	0	232	0	4690	0	0	0	806	0	0	0	0	0	1316	0	0	0	118	0	6592	3960	204	0	554	0	0	2444	408	140	4108	2092	0	0	0	0	0	0	1044	0	138	0	0	0	0	0	0	0	0	0	0	0	0	0	0	0	0	0	0	0	0	0	0	0	0	0	0	0	0	0	3650	966	364	392	0	0	0	0	0	0	0	0	0	0	0	0	0	0	0	0	0	0	0	0	0	0	0	0	0	0	0	0	0	0	0	0	0	0	0	0	0	0	0	0	0	0	
103084	Rectus_R	0	0	0	682	1186	7982	0	0	0	182	0	0	0	0	0	488	0	0	0	0	2908	6822	0	1182	118	9492	2444	0	0	1788	1684	4444	0	0	0	0	0	0	146	0	198	716	0	0	0	0	0	0	0	0	0	0	0	0	0	0	0	0	0	0	0	0	0	0	0	0	0	0	0	0	2608	2644	520	3308	0	0	0	0	0	0	0	0	0	0	0	0	0	0	0	0	0	0	0	0	0	0	0	0	0	0	0	0	0	0	0	0	0	0	0	0	0	0	0	0	0	0	
662836	Insula_L	22110	526	41960	1882	10628	0	21456	2010	5056	0	23418	0	16774	202	11550	0	33398	0	28624	3902	2796	0	2568	332	742	0	408	0	0	0	3962	766	1646	1332	130	158	12260	0	1232	0	3636	0	0	0	0	0	122	0	0	0	194	0	0	0	2502	0	9110	0	0	0	0	0	534	0	0	0	0	0	1866	0	5090	1900	17816	168	2304	0	3986	136	12076	0	6038	0	8800	0	298	0	88	0	2926	0	0	0	0	0	0	0	0	0	0	0	0	0	0	0	0	0	0	0	0	0	0	0	0	0	0	0	
241180	Insula_R	0	4900	136	10076	0	1234	0	5114	0	334	0	10482	0	5556	0	2728	0	8900	1296	7464	210	2696	162	3632	0	2382	140	1788	0	0	352	3624	0	338	0	104	0	4432	0	1282	0	2454	0	94	0	0	0	218	0	0	0	0	0	162	0	2126	0	486	0	0	0	0	0	104	0	0	0	110	0	0	602	3810	88	21716	0	994	0	982	0	1312	0	3648	0	532	0	924	0	0	0	866	0	0	0	0	0	0	0	0	0	0	0	0	0	0	0	0	0	0	0	0	0	0	0	0	0	0	
248080	Cingulum_Ant_L	116	0	8186	3472	8784	0	3036	116	488	0	592	0	298	0	4158	0	618	0	3176	842	5014	2122	20148	6000	4188	516	4108	1684	3962	352	0	15864	6500	4030	296	0	0	0	752	0	610	0	0	0	0	0	0	0	0	0	0	0	0	0	0	0	0	0	0	0	0	0	0	0	0	0	0	0	0	0	5514	1438	5604	894	0	0	0	0	0	0	0	0	562	0	0	0	0	0	0	0	0	0	0	0	0	0	0	0	0	0	0	0	0	0	0	0	0	0	0	0	0	0	0	0	0	0	
469228	Cingulum_Ant_R	412	346	5994	40896	1670	956	1364	8016	0	434	100	680	202	280	0	324	88	104	6748	12094	2536	3130	15086	36084	176	5758	2092	4444	766	3624	15864	0	2126	24998	0	0	0	0	256	0	0	100	0	0	0	0	0	0	0	0	0	0	0	0	0	0	0	0	0	0	0	0	0	0	0	0	0	0	0	0	3426	18692	310	14438	0	0	0	0	0	0	0	0	0	0	0	0	0	0	0	0	0	0	0	0	0	0	0	0	0	0	0	0	0	0	0	0	0	0	0	0	0	0	0	0	0	0	
206332	Cingulum_Mid_L	636	614	9956	2116	914	0	9956	498	354	0	418	0	2852	0	102	0	594	0	13040	5676	0	0	9922	2184	0	0	0	0	1646	0	6500	2126	0	11282	5994	448	0	0	0	0	0	0	0	0	700	0	0	0	436	0	848	0	206	0	0	0	320	100	398	0	306	0	0	0	0	0	4494	416	3594	1474	550	112	778	0	0	0	90	0	0	0	0	0	0	0	322	0	0	0	194	0	0	0	0	0	0	0	0	0	0	0	0	0	0	0	0	0	0	0	0	0	0	0	0	0	0	0	
514656	Cingulum_Mid_R	7916	2840	8058	28654	384	294	2146	10454	92	264	1212	0	390	2076	0	204	128	0	25852	39352	0	0	15722	24430	0	206	0	0	1332	338	4030	24998	11282	0	1418	5760	0	0	0	0	0	0	0	266	0	194	0	0	0	124	0	0	0	0	0	0	0	1442	0	0	0	0	0	0	0	0	1306	4324	12794	14966	734	282	216	450	0	0	398	0	0	0	0	0	0	0	0	0	0	0	0	0	0	0	0	0	0	0	0	0	0	0	0	0	0	0	0	0	0	0	0	0	0	0	0	0	0	0	
119156	Cingulum_Post_L	2496	562	118	0	0	0	90	0	0	0	0	0	0	0	0	0	0	0	1086	278	0	0	0	0	0	0	0	0	130	0	296	0	5994	1418	0	10180	5384	2666	92	362	0	0	3800	0	3226	146	1092	200	0	0	154	0	278	118	930	138	156	0	228	0	494	0	0	0	0	0	8660	1074	3652	452	690	0	92	0	0	0	1114	390	0	0	118	0	0	0	288	0	0	0	936	0	0	0	0	0	0	0	0	0	0	0	0	0	0	0	0	0	0	0	0	0	0	0	0	0	0	0	
146736	Cingulum_Post_R	3914	1700	108	220	0	0	0	0	0	0	0	0	0	0	0	0	0	0	544	666	0	0	0	0	0	0	0	0	158	104	0	0	448	5760	10180	0	4596	6364	92	892	0	0	0	2928	0	600	0	2182	0	0	0	228	0	1098	0	1190	0	1976	0	0	0	0	0	0	0	0	652	11336	3762	3056	784	104	148	118	0	0	3348	1936	0	0	0	0	0	0	0	308	0	0	0	1392	0	0	0	0	0	0	0	0	0	0	0	0	0	0	0	0	0	0	0	0	476	0	0	0	0	0	
222704	Hippocampus_L	12774	286	2388	98	0	0	1778	0	0	0	508	0	118	0	0	0	1420	0	562	0	0	0	0	0	0	0	0	0	12260	0	0	0	0	0	5384	4596	0	3804	6540	362	5484	0	1406	0	0	0	1816	264	0	0	94	0	0	0	8098	0	2046	0	0	0	0	0	0	0	0	0	2020	932	3448	0	0	0	9482	0	2130	0	6012	918	2648	0	1770	0	2364	0	362	0	0	0	7086	0	0	0	0	0	0	0	0	0	94	0	0	0	0	0	0	0	0	0	0	0	0	0	0	0	0	0	
216112	Hippocampus_R	2446	5534	0	1282	0	0	0	262	0	0	0	182	0	0	0	0	0	0	0	1464	0	0	0	0	0	0	0	0	0	4432	0	0	0	0	2666	6364	3804	0	178	15776	0	6300	0	1390	0	124	0	3864	0	0	0	268	0	1522	0	19102	0	102	0	0	0	0	0	0	0	0	0	4238	2254	1242	0	98	172	5324	0	536	4042	6210	0	242	0	642	0	328	0	736	0	0	0	3670	0	0	0	0	0	0	0	442	0	418	0	0	0	0	0	0	0	0	0	0	400	0	0	0	0	0	
47040	ParaHippocampal_L	158	0	0	0	474	0	0	0	144	0	0	0	0	0	400	0	0	0	0	0	1408	360	0	0	92	0	1044	146	1232	0	752	256	0	0	92	92	6540	178	0	0	498	0	0	0	0	0	1280	0	0	0	132	0	130	0	4002	0	0	0	0	0	0	0	0	0	0	0	136	0	0	0	596	114	1188	0	0	0	250	0	0	0	0	0	406	0	0	0	0	0	672	0	0	0	0	0	116	0	322	0	88	0	0	0	0	0	0	0	0	0	0	222	0	0	0	0	0	0	
130120	ParaHippocampal_R	282	558	0	240	0	0	0	0	0	0	0	0	0	0	0	0	0	92	0	110	0	0	0	0	0	0	0	0	0	1282	0	0	0	0	362	892	362	15776	0	0	0	3032	0	1892	0	196	0	4722	0	168	0	806	0	4520	0	16986	0	92	0	0	0	0	0	188	0	0	0	1530	278	114	0	0	0	1460	0	126	278	1296	0	1200	0	1260	0	362	0	370	0	0	0	2428	0	0	0	0	0	0	0	1292	0	508	0	0	0	0	0	0	0	0	0	0	0	0	0	0	0	0	
37380	Amygdala_L	166	0	108	0	280	0	0	0	92	0	0	0	0	0	584	0	0	0	0	0	1356	378	156	0	0	0	138	198	3636	0	610	0	0	0	0	0	5484	0	498	0	0	0	0	0	0	0	0	0	0	0	0	0	0	0	892	0	0	0	0	0	0	0	0	0	0	0	0	0	0	0	610	198	730	0	0	0	188	0	0	0	0	0	1826	0	0	0	0	0	562	0	0	0	0	0	0	0	0	0	0	0	0	0	0	0	0	0	0	0	0	0	0	0	0	0	0	0	
44072	Amygdala_R	0	0	0	0	0	452	0	0	0	0	0	0	0	0	0	0	0	0	0	0	0	1096	0	0	0	168	0	716	0	2454	0	100	0	0	0	0	0	6300	0	3032	0	0	0	0	0	0	0	0	0	0	0	0	0	0	0	4502	0	0	0	0	0	0	0	0	0	0	0	0	0	0	222	326	0	1652	0	0	0	0	0	0	0	0	0	796	0	0	0	0	0	220	0	0	0	0	0	0	0	0	0	0	0	0	0	0	0	0	0	0	0	0	0	0	0	0	0	0	
189988	Calcarine_L	0	0	0	0	0	0	0	0	0	0	0	0	0	0	0	0	0	0	0	0	0	0	0	0	0	0	0	0	0	0	0	0	0	0	3800	0	1406	0	0	0	0	0	0	5562	16730	3454	11798	1858	7916	418	11006	236	5080	226	4398	0	0	0	0	0	0	0	0	0	0	0	15566	126	0	0	0	0	0	0	0	0	0	0	0	0	580	0	0	0	1264	0	0	0	3570	0	0	0	0	0	0	0	0	0	0	0	0	0	0	0	0	0	0	0	0	0	0	0	0	0	0	0	
314732	Calcarine_R	0	1054	0	0	0	0	0	0	0	0	0	282	0	0	0	0	0	198	0	0	0	0	0	0	0	0	0	0	0	94	0	0	0	266	0	2928	0	1390	0	1892	0	0	5562	0	4848	21580	648	28592	0	18360	0	19070	0	3430	0	3820	0	3778	0	522	0	568	0	538	0	1286	124	22348	0	1232	0	562	0	0	0	94	0	90	0	692	0	908	0	0	0	5218	0	0	0	5048	0	0	0	0	0	0	0	0	0	122	0	0	0	0	0	0	0	0	0	0	222	0	0	0	0	0	
194764	Cuneus_L	0	0	0	0	0	0	0	0	0	0	0	0	0	0	0	0	0	0	0	0	0	0	0	0	0	0	0	0	0	0	0	0	700	0	3226	0	0	0	0	0	0	0	16730	4848	0	6170	1524	152	21062	822	15194	0	2336	0	2928	0	422	0	1550	0	1656	0	0	0	250	0	12638	352	702	118	0	0	0	0	0	0	0	0	0	0	584	0	0	0	1422	0	0	0	1996	0	0	0	0	0	0	0	0	0	0	0	0	0	0	0	0	0	0	0	0	0	0	0	0	0	0	0	
227300	Cuneus_R	0	888	0	0	0	0	0	272	0	0	0	610	0	0	0	0	0	100	0	0	0	0	0	0	0	0	0	0	0	0	0	0	0	194	146	600	0	124	0	196	0	0	3454	21580	6170	0	198	2744	96	32166	0	13438	0	404	0	446	0	1410	0	5386	0	1020	0	720	0	166	1686	16624	0	200	0	454	0	0	0	192	0	0	0	0	0	146	0	0	0	1238	0	0	0	480	0	0	0	0	0	0	0	0	0	0	0	0	0	0	0	0	0	0	0	0	102	0	0	0	0	0	
262140	Lingual_L	0	0	0	0	0	0	0	0	0	0	0	0	0	0	0	0	0	0	0	0	0	0	0	0	0	0	0	0	122	0	0	0	0	0	1092	0	1816	0	1280	0	0	0	11798	648	1524	198	0	7798	2870	0	16380	0	8740	244	12592	1438	0	0	0	0	0	0	0	0	0	0	3286	0	0	0	0	0	0	0	0	0	0	0	0	0	0	0	0	0	148	0	0	0	538	0	6180	2442	1962	630	0	0	10654	3560	14944	4644	0	0	0	0	0	0	0	0	0	0	5434	6056	1874	86	92	0	
390456	Lingual_R	0	788	0	0	0	0	0	0	0	0	0	112	0	0	0	0	0	180	0	0	0	0	0	0	0	0	0	0	0	218	0	0	0	0	200	2182	264	3864	0	4722	0	0	1858	28592	152	2744	7798	0	0	3856	252	7736	464	9960	2876	21206	0	1184	0	148	0	442	0	484	0	1026	0	10146	0	190	0	178	0	0	0	0	0	0	0	180	0	302	0	0	0	778	0	0	0	1102	3800	4264	1346	744	0	200	7278	10580	11048	10450	0	0	232	0	854	310	0	0	0	0	11602	11686	2748	404	708	790	
235204	Occipital_Sup_L	236	0	0	0	0	0	0	0	0	0	0	0	0	0	0	0	376	0	0	0	0	0	0	0	0	0	0	0	0	0	0	0	436	0	0	0	0	0	0	0	0	0	7916	0	21062	96	2870	0	0	0	39326	0	3100	0	3060	0	494	0	13478	0	5202	0	210	0	2596	0	14480	0	0	0	0	0	0	0	0	0	0	0	0	0	520	0	0	0	1504	0	0	0	640	0	0	0	0	0	0	0	0	0	0	0	0	0	0	0	0	0	0	0	0	0	0	0	0	0	0	0	
254084	Occipital_Sup_R	0	1210	0	0	0	0	0	312	0	0	0	734	0	0	0	0	0	142	0	0	0	0	0	0	0	0	0	0	0	0	0	0	0	124	0	0	0	0	0	168	0	0	418	18360	822	32166	0	3856	0	0	0	30592	0	704	0	808	0	1486	0	10476	0	3178	0	824	0	4294	370	12490	0	0	0	378	0	0	0	154	0	0	0	0	0	190	0	0	0	1916	0	0	0	870	0	0	0	0	0	0	0	0	0	0	0	0	0	0	0	0	0	0	0	0	0	0	0	0	0	0	
469776	Occipital_Mid_L	420	0	0	0	0	0	0	0	0	0	0	0	0	0	0	0	1778	0	0	0	0	0	0	0	0	0	0	0	194	0	0	0	848	0	154	0	94	0	132	0	0	0	11006	0	15194	0	16380	252	39326	0	0	0	28844	0	11660	0	1354	0	18084	0	14728	0	800	0	14550	0	12724	0	168	92	0	0	90	0	0	0	0	0	868	0	6688	0	0	0	27350	0	0	0	10002	0	134	0	0	0	0	0	150	0	482	90	0	0	0	0	0	0	0	0	0	0	0	252	0	0	0	0	
254496	Occipital_Mid_R	0	918	0	0	0	0	0	170	0	0	0	422	0	0	0	0	0	94	0	0	0	0	0	0	0	0	0	0	0	0	0	0	0	0	0	228	0	268	0	806	0	0	236	19070	0	13438	0	7736	0	30592	0	0	0	6322	0	3972	0	1326	0	3468	0	2938	0	552	0	9250	0	8910	0	0	0	368	0	0	0	130	0	0	0	304	0	494	0	0	0	11746	0	0	0	3058	0	0	0	0	0	0	0	0	100	208	0	0	0	0	0	0	0	0	0	0	0	124	0	0	0	0	
175812	Occipital_Inf_L	0	0	0	0	0	0	0	0	0	0	0	0	0	0	0	0	274	0	0	0	0	0	0	0	0	0	0	0	0	0	0	0	206	0	278	0	0	0	130	0	0	0	5080	0	2336	0	8740	464	3100	0	28844	0	0	0	11576	0	438	0	450	0	792	0	360	0	640	0	2996	0	0	0	0	0	0	0	0	0	0	0	90	0	934	0	0	0	6132	0	0	0	11920	0	240	0	0	0	0	0	310	0	936	182	0	0	0	0	0	0	0	0	0	0	0	458	0	0	0	0	
121360	Occipital_Inf_R	142	146	0	0	0	0	0	0	0	0	0	0	0	0	0	0	0	122	132	0	0	0	0	0	0	0	0	0	0	162	0	0	0	0	118	1098	0	1522	0	4520	0	0	226	3430	0	404	244	9960	0	704	0	6322	0	0	258	17962	0	154	0	194	0	130	0	214	0	288	0	1660	142	128	0	0	0	0	0	0	0	96	0	656	0	532	0	0	0	1324	0	0	0	3888	194	338	98	104	0	0	0	0	596	1164	0	0	0	0	0	0	0	0	0	0	0	988	320	0	0	0	
372132	Fusiform_L	320	0	0	0	0	0	0	0	0	0	0	0	0	0	0	0	254	0	0	0	0	0	0	0	0	0	0	0	2502	0	0	0	0	0	930	0	8098	0	4002	0	892	0	4398	0	2928	0	12592	2876	3060	0	11660	0	11576	258	0	796	1746	0	484	0	906	0	0	0	104	0	5090	0	164	0	0	0	1030	0	92	0	96	0	390	0	4622	0	640	0	4916	0	336	0	24494	0	17640	430	4992	124	0	0	13212	808	24892	1786	1140	0	3460	0	0	0	0	0	0	0	1988	3182	160	0	0	0	
335308	Fusiform_R	146	302	0	180	0	0	0	0	0	0	0	0	0	0	0	0	0	130	134	100	0	0	0	0	0	0	0	0	0	2126	0	0	0	0	138	1190	0	19102	0	16986	0	4502	0	3820	0	446	1438	21206	0	808	0	3972	0	17962	796	0	0	156	0	194	0	134	0	212	0	278	0	3118	146	150	0	96	0	1296	0	0	0	524	0	1024	0	1618	0	1898	0	2692	0	220	0	11350	950	11696	438	644	0	138	1160	5580	2526	15100	0	156	86	376	0	0	0	0	0	0	2618	4392	1204	0	0	0	
237664	Postcentral_L	23008	0	1390	0	0	0	744	0	0	0	3728	0	0	0	0	0	12828	0	816	0	0	0	0	0	0	0	0	0	9110	0	0	0	320	0	156	0	2046	0	0	0	0	0	0	0	422	0	0	0	494	0	1354	0	438	0	1746	0	0	0	6358	0	21466	0	8252	0	2996	0	4718	0	2000	0	0	0	1710	0	942	0	1310	0	3854	0	3954	0	0	0	636	0	0	0	2036	0	0	0	0	0	0	0	0	0	0	0	0	0	0	0	0	0	0	0	0	0	0	0	0	0	0	0	
126472	Postcentral_R	184	11072	0	488	0	0	0	90	0	0	0	558	0	0	0	0	0	3330	86	936	0	0	0	0	0	0	0	0	0	486	0	0	100	1442	0	1976	0	102	0	92	0	0	0	3778	0	1410	0	1184	0	1486	0	1326	0	154	0	156	0	0	0	4492	0	3554	0	5510	0	1268	0	10112	242	4146	0	464	0	246	0	268	0	0	0	136	0	212	0	0	0	456	0	0	0	1694	0	0	0	0	0	0	0	0	0	0	0	0	0	0	0	0	0	0	0	0	0	0	0	0	0	0	
166784	Parietal_Sup_L	302	0	0	0	0	0	0	0	0	0	0	0	0	0	0	0	116	0	0	0	0	0	0	0	0	0	0	0	0	0	0	0	398	0	228	0	0	0	0	0	0	0	0	0	1550	0	0	0	13478	0	18084	0	450	0	484	0	6358	0	0	0	20226	0	154	0	5408	0	14684	0	184	0	0	0	0	0	0	0	192	0	0	0	0	0	0	0	524	0	0	0	572	0	0	0	0	0	0	0	0	0	0	0	0	0	0	0	0	0	0	0	0	0	0	0	0	0	0	0	
104136	Parietal_Sup_R	0	350	0	0	0	0	0	0	0	0	0	0	0	0	0	0	0	0	0	0	0	0	0	0	0	0	0	0	0	0	0	0	0	0	0	0	0	0	0	0	0	0	0	522	0	5386	0	148	0	10476	0	3468	0	194	0	194	0	4492	0	0	0	8356	0	1354	0	4824	120	10734	0	350	0	0	0	0	0	0	0	0	0	0	0	228	0	0	0	340	0	0	0	532	0	0	0	0	0	0	0	0	0	0	0	0	0	0	0	0	0	0	0	0	0	0	0	0	0	0	
256820	Parietal_Inf_L	2002	0	0	0	0	0	0	0	0	0	0	0	0	0	0	0	288	0	0	0	0	0	0	0	0	0	0	0	0	0	0	0	306	0	494	0	0	0	0	0	0	0	0	0	1656	0	0	0	5202	0	14728	0	792	0	906	0	21466	0	20226	0	0	0	14206	0	23888	0	6994	0	200	0	0	0	0	0	0	0	246	0	0	0	2594	0	0	0	8710	0	0	0	3506	0	0	0	0	0	0	0	0	0	0	0	0	0	0	0	0	0	0	0	0	0	0	0	0	0	0	0	
79156	Parietal_Inf_R	0	958	0	0	0	0	0	0	0	0	0	0	0	0	0	0	0	0	0	0	0	0	0	0	0	0	0	0	0	0	0	0	0	0	0	0	0	0	0	0	0	0	0	568	0	1020	0	442	0	3178	0	2938	0	130	0	134	0	3554	0	8356	0	0	0	5700	0	9080	0	2674	0	0	0	0	0	0	0	0	0	0	0	0	0	120	0	0	0	324	0	0	0	402	0	0	0	0	0	0	0	0	0	0	0	0	0	0	0	0	0	0	0	0	0	0	0	0	0	0	
90268	SupraMarginal_L	820	0	186	0	0	0	176	0	0	0	0	0	0	0	0	0	3124	0	0	0	0	0	0	0	0	0	0	0	534	0	0	0	0	0	0	0	0	0	0	0	0	0	0	0	0	0	0	0	210	0	800	0	360	0	0	0	8252	0	154	0	14206	0	0	0	6762	0	126	0	0	0	0	0	0	0	0	0	0	0	610	0	5178	0	0	0	3064	0	0	0	572	0	0	0	0	0	0	0	0	0	0	0	0	0	0	0	0	0	0	0	0	0	0	0	0	0	0	0	
78504	SupraMarginal_R	0	1960	0	0	0	0	0	0	0	0	0	0	0	0	0	0	0	2528	0	0	0	0	0	0	0	0	0	0	0	104	0	0	0	0	0	0	0	0	0	188	0	0	0	538	0	720	0	484	0	824	0	552	0	214	0	212	0	5510	0	1354	0	5700	0	0	0	4704	0	1196	0	0	0	0	0	0	0	0	0	0	0	686	0	7300	0	0	0	2070	0	0	0	2408	0	0	0	0	0	0	0	0	0	0	0	0	0	0	0	0	0	0	0	0	0	0	0	0	0	0	
166712	Angular_L	1150	0	0	0	0	0	0	0	0	0	0	0	0	0	0	0	0	0	0	0	0	0	0	0	0	0	0	0	0	0	0	0	0	0	0	0	0	0	0	0	0	0	0	0	250	0	0	0	2596	0	14550	0	640	0	104	0	2996	0	5408	0	23888	0	6762	0	0	0	1418	0	0	0	0	0	0	0	0	0	0	0	0	0	3978	0	0	0	16736	0	0	0	2880	0	0	0	0	0	0	0	0	0	0	0	0	0	0	0	0	0	0	0	0	0	0	0	0	0	0	0	
99060	Angular_R	0	936	0	0	0	0	0	0	0	0	0	0	0	0	0	0	0	0	0	0	0	0	0	0	0	0	0	0	0	0	0	0	0	0	0	0	0	0	0	0	0	0	0	1286	0	166	0	1026	0	4294	0	9250	0	288	0	278	0	1268	0	4824	0	9080	0	4704	0	0	0	510	0	0	0	0	0	0	0	0	0	0	0	0	0	2432	0	0	0	6106	0	0	0	3082	0	0	0	0	0	0	0	0	0	0	0	0	0	0	0	0	0	0	0	0	0	0	0	0	0	0	
266252	Precuneus_L	504	120	0	0	0	0	0	0	0	0	0	0	0	0	0	0	272	0	362	318	0	0	0	0	0	0	0	0	0	0	0	0	4494	1306	8660	652	2020	0	136	0	0	0	15566	124	12638	1686	3286	0	14480	370	12724	0	2996	0	5090	0	4718	0	14684	120	6994	0	126	0	1418	0	0	4508	4462	1028	0	0	0	0	0	0	136	0	0	0	822	0	0	0	1804	0	0	0	4502	0	0	0	0	0	0	0	0	0	0	0	0	0	0	0	0	0	0	0	0	0	0	0	0	0	0	0	
298224	Precuneus_R	462	1902	0	0	0	0	0	412	0	0	0	1026	0	0	0	0	0	282	0	516	0	0	0	0	0	0	0	0	0	110	0	0	416	4324	1074	11336	932	4238	0	1530	0	0	126	22348	352	16624	0	10146	0	12490	0	8910	0	1660	0	3118	0	10112	0	10734	0	2674	0	1196	0	510	4508	0	500	4260	94	1338	112	0	0	420	698	506	0	270	0	304	0	0	0	1622	0	0	0	4310	0	0	0	0	0	0	0	0	0	0	0	0	0	0	0	0	0	0	0	0	610	0	0	0	0	0	
365472	Paracentral_Lobule_L	49638	5872	4360	1602	0	0	1288	0	0	0	140	0	108	0	0	0	420	0	17206	18706	0	0	0	0	0	0	0	0	1866	0	0	0	3594	12794	3652	3762	3448	2254	0	278	0	0	0	0	702	0	0	0	0	0	168	0	0	142	164	146	2000	242	184	0	200	0	0	0	0	0	4462	500	0	13632	4858	324	4340	0	1808	0	14808	2166	236	0	202	0	0	0	108	0	0	0	220	136	0	0	0	0	0	0	0	0	0	0	0	0	0	0	0	0	0	0	0	0	0	0	0	0	0	0	
356628	Paracentral_Lobule_R	8336	33284	806	138	0	0	0	0	0	0	0	0	0	0	0	0	0	0	4094	45178	0	0	0	0	0	0	0	0	0	0	0	0	1474	14966	452	3056	0	1242	0	114	0	0	0	1232	118	200	0	190	0	0	92	0	0	128	0	150	0	4146	0	350	0	0	0	0	0	0	1028	4260	13632	0	2302	14160	0	132	318	242	1578	20916	0	0	0	0	0	0	0	0	0	0	0	0	0	0	0	0	0	0	0	0	0	0	0	0	0	0	0	0	0	0	0	0	0	0	0	0	0	0	
264672	Caudate_L	8888	1800	12190	3642	2178	126	3718	1230	128	0	1370	0	1566	152	278	0	760	0	15156	4522	5190	6158	1522	622	334	0	3650	2608	5090	602	5514	3426	550	734	690	784	0	0	596	0	610	222	0	0	0	0	0	0	0	0	0	0	0	0	0	0	0	0	0	0	0	0	0	0	0	0	0	94	4858	2302	0	9762	9588	1108	1286	0	4276	2456	0	0	0	0	0	0	0	0	0	0	0	0	0	0	0	0	0	0	0	0	0	0	0	0	0	0	0	0	0	0	0	0	0	0	0	0	0	0	
399608	Caudate_R	1350	20540	2514	19612	434	546	1410	1620	0	120	160	1130	876	322	114	170	0	330	3002	30770	1454	4582	322	11086	0	2798	966	2644	1900	3810	1438	18692	112	282	0	104	0	98	114	0	198	326	0	562	0	454	0	178	0	378	0	368	0	0	0	96	0	464	0	0	0	0	0	0	0	0	0	1338	324	14160	9762	0	1756	15838	180	2092	0	15586	0	0	0	0	0	0	0	92	0	0	0	230	0	0	0	0	0	0	0	0	0	0	0	0	0	0	0	0	0	0	0	0	0	0	0	0	0	0	
306320	Putamen_L	18024	128	18310	278	7148	0	3984	102	1868	0	2538	0	1966	0	2246	0	1706	0	14978	486	1340	1234	5738	120	946	0	364	520	17816	88	5604	310	778	216	92	148	9482	172	1188	0	730	0	0	0	0	0	0	0	0	0	90	0	0	0	1030	0	1710	0	0	0	0	0	0	0	0	0	0	112	4340	0	9588	1756	0	144	6696	0	2906	166	288	0	900	0	1864	0	108	0	0	0	814	0	0	0	0	0	0	0	0	0	0	0	0	0	0	0	0	0	0	0	0	0	0	0	0	0	0	0	
273072	Putamen_R	120	9208	150	12294	144	1208	0	4398	0	0	0	3994	134	812	0	156	0	2250	744	6934	436	2304	324	8614	0	6082	392	3308	168	21716	894	14438	0	450	0	118	0	5324	0	1460	0	1652	0	0	0	0	0	0	0	0	0	0	0	0	0	1296	0	246	0	0	0	0	0	0	0	0	0	0	0	132	1108	15838	144	0	0	4430	0	2914	0	0	0	202	0	0	0	0	0	0	0	0	0	0	0	0	0	0	0	0	0	0	0	0	0	0	0	0	0	0	0	0	0	0	0	0	0	0	
61052	Pallidum_L	4544	0	3558	0	0	0	956	0	0	0	94	0	0	0	0	0	1960	0	818	114	0	0	0	0	0	0	0	0	2304	0	0	0	0	0	0	0	2130	0	0	0	0	0	0	0	0	0	0	0	0	0	0	0	0	0	92	0	942	0	0	0	0	0	0	0	0	0	0	0	1808	318	1286	180	6696	0	0	0	2636	0	0	0	0	0	0	0	0	0	0	0	90	0	0	0	0	0	0	0	0	0	0	0	0	0	0	0	0	0	0	0	0	0	0	0	0	0	0	0	
35704	Pallidum_R	0	3796	0	1678	0	0	0	760	0	0	0	162	0	0	0	0	0	0	88	1536	0	0	0	0	0	0	0	0	0	994	0	0	0	0	0	0	0	536	0	126	0	0	0	94	0	192	0	0	0	154	0	130	0	0	0	0	0	268	0	0	0	0	0	0	0	0	0	420	0	242	0	2092	0	4430	0	0	0	154	0	0	0	0	0	0	0	0	0	0	0	0	0	0	0	0	0	0	0	0	0	0	0	0	0	0	0	0	0	0	0	0	0	0	0	0	0	0	
185004	Thalamus_L	28592	1316	3162	222	0	0	1448	0	0	0	582	0	0	0	0	0	2032	0	1170	940	0	0	0	0	0	0	0	0	3986	0	0	0	90	398	1114	3348	6012	4042	250	278	188	0	0	0	0	0	0	0	0	0	0	0	0	0	96	0	1310	0	192	0	246	0	0	0	0	0	136	698	14808	1578	4276	0	2906	0	2636	0	0	4128	206	0	116	0	0	0	0	0	0	0	0	0	0	0	0	0	0	0	0	0	0	0	0	0	0	0	0	0	0	0	0	0	0	0	0	0	0	0	
240768	Thalamus_R	2286	27070	1290	2842	0	0	138	380	0	0	0	282	0	0	0	0	0	88	1254	21654	0	0	0	0	0	0	0	0	136	982	0	0	0	0	390	1936	918	6210	0	1296	0	0	0	90	0	0	0	0	0	0	0	0	0	96	0	524	0	0	0	0	0	0	0	0	0	0	0	506	2166	20916	2456	15586	166	2914	0	154	4128	0	0	0	0	192	0	0	0	826	0	0	0	512	0	0	0	0	0	0	0	0	0	0	0	0	0	0	0	0	0	0	0	0	0	0	0	0	0	0	
94820	Heschl_L	7246	0	1400	0	126	0	1292	0	0	0	1124	0	96	0	0	0	8024	0	864	0	0	0	0	0	0	0	0	0	12076	0	0	0	0	0	0	0	2648	0	0	0	0	0	0	0	0	0	0	0	0	0	868	0	90	0	390	0	3854	0	0	0	0	0	610	0	0	0	0	0	236	0	0	0	288	0	0	0	206	0	0	0	4542	0	0	0	790	0	0	0	640	0	0	0	0	0	0	0	0	0	0	0	0	0	0	0	0	0	0	0	0	0	0	0	0	0	0	0	
40304	Heschl_R	0	384	0	282	0	0	0	0	0	0	0	0	0	0	0	0	0	1706	0	278	0	0	0	0	0	0	0	0	0	1312	0	0	0	0	0	0	0	242	0	1200	0	0	0	692	0	0	0	180	0	0	0	304	0	656	0	1024	0	136	0	0	0	0	0	686	0	0	0	270	0	0	0	0	0	0	0	0	0	0	0	0	0	6230	0	132	0	2456	0	0	0	1982	0	0	0	0	0	0	0	0	0	0	0	0	0	0	0	0	0	0	0	0	0	0	0	0	0	0	
201480	Temporal_Sup_L	2428	0	1652	0	164	0	366	0	0	0	2644	0	214	0	0	0	8250	0	1580	0	0	0	0	0	0	0	0	0	6038	0	0	0	0	0	118	0	1770	0	0	0	0	0	580	0	584	0	0	0	520	0	6688	0	934	0	4622	0	3954	0	0	0	2594	0	5178	0	3978	0	822	0	202	0	0	0	900	0	0	0	116	0	4542	0	0	0	2220	0	24862	0	0	0	12220	0	0	0	0	0	0	0	0	0	0	0	0	0	0	0	0	0	0	0	0	0	0	0	0	0	0	0	
118944	Temporal_Sup_R	0	384	0	0	0	0	0	0	0	0	0	0	0	0	0	0	0	2386	0	0	0	0	0	0	0	0	0	0	0	3648	0	0	0	0	0	0	0	642	0	1260	0	0	0	908	0	146	0	302	0	190	0	494	0	532	0	1618	0	212	0	228	0	120	0	7300	0	2432	0	304	0	0	0	0	0	202	0	0	0	192	0	6230	0	0	0	1472	0	18216	0	86	0	9968	0	0	0	0	0	0	0	0	0	0	0	0	0	0	0	0	0	0	0	0	0	0	0	0	0	0	
77476	Temporal_Pole_Sup_L	176	0	900	0	884	0	170	0	544	0	2532	0	744	0	2808	0	1548	0	764	0	778	0	146	0	240	0	0	0	8800	0	562	0	0	0	0	0	2364	0	406	0	1826	0	0	0	0	0	0	0	0	0	0	0	0	0	640	0	0	0	0	0	0	0	0	0	0	0	0	0	0	0	0	0	1864	0	0	0	0	0	0	0	2220	0	0	0	3670	0	1622	0	2530	0	0	0	0	0	0	0	0	0	0	0	0	0	0	0	0	0	0	0	0	0	0	0	0	0	0	0	
22752	Temporal_Pole_Sup_R	0	0	0	0	0	0	0	0	0	0	0	196	0	0	0	0	0	134	0	0	0	0	0	0	0	0	0	0	0	532	0	0	0	0	0	0	0	328	0	362	0	796	0	0	0	0	0	0	0	0	0	0	0	0	0	1898	0	0	0	0	0	0	0	0	0	0	0	0	0	0	0	0	0	0	0	0	0	0	0	132	0	1472	0	0	0	1790	0	1456	0	2280	0	0	0	0	0	0	0	0	0	0	0	0	0	0	0	0	0	0	0	0	0	0	0	0	0	0	
279068	Temporal_Mid_L	114	0	0	0	0	0	0	0	0	0	260	0	0	0	0	0	1310	0	0	0	0	0	0	0	0	0	0	0	298	0	0	0	322	0	288	0	362	0	0	0	0	0	1264	0	1422	0	148	0	1504	0	27350	0	6132	0	4916	0	636	0	524	0	8710	0	3064	0	16736	0	1804	0	108	0	0	0	108	0	0	0	0	0	790	0	24862	0	3670	0	0	0	2696	0	30136	0	0	0	0	0	0	0	0	0	0	0	0	0	0	0	0	0	0	0	0	0	0	0	0	0	0	0	
178340	Temporal_Mid_R	0	522	0	0	0	0	0	0	0	0	0	0	0	0	0	0	0	132	0	0	0	0	0	0	0	0	0	0	0	924	0	0	0	0	0	308	0	736	0	370	0	0	0	5218	0	1238	0	778	0	1916	0	11746	0	1324	0	2692	0	456	0	340	0	324	0	2070	0	6106	0	1622	0	0	0	92	0	0	0	0	0	826	0	2456	0	18216	0	1790	0	0	0	666	0	26302	0	0	0	0	0	0	0	0	0	0	0	0	0	0	0	0	0	0	0	0	0	0	0	0	0	0	
13976	Temporal_Pole_Mid_L	0	0	0	0	0	0	0	0	0	0	0	0	0	0	0	0	0	0	0	0	0	0	0	0	0	0	0	0	88	0	0	0	0	0	0	0	0	0	0	0	0	0	0	0	0	0	0	0	0	0	0	0	0	0	336	0	0	0	0	0	0	0	0	0	0	0	0	0	0	0	0	0	0	0	0	0	0	0	0	0	0	0	1622	0	2696	0	0	0	2246	0	0	0	0	0	0	0	0	0	0	0	0	0	0	0	0	0	0	0	0	0	0	0	0	0	0	0	
6800	Temporal_Pole_Mid_R	0	0	0	0	0	0	0	0	0	0	0	0	0	0	0	0	0	0	0	0	0	0	0	0	0	0	0	0	0	0	0	0	0	0	0	0	0	0	0	0	0	0	0	0	0	0	0	0	0	0	0	0	0	0	0	220	0	0	0	0	0	0	0	0	0	0	0	0	0	0	0	0	0	0	0	0	0	0	0	0	0	86	0	1456	0	666	0	0	0	972	0	0	0	0	0	0	0	0	0	0	0	0	0	0	0	0	0	0	0	0	0	0	0	0	0	0	
267148	Temporal_Inf_L	326	0	102	0	0	0	0	0	0	0	0	0	0	0	0	0	474	0	98	0	0	0	0	0	0	0	0	0	2926	0	0	0	194	0	936	0	7086	0	672	0	562	0	3570	0	1996	0	538	0	640	0	10002	0	11920	0	24494	0	2036	0	572	0	3506	0	572	0	2880	0	4502	0	220	0	0	0	814	0	90	0	0	0	640	0	12220	0	2530	0	30136	0	2246	0	0	0	1964	0	678	0	0	0	0	0	324	0	536	0	572	0	0	0	0	0	0	0	0	0	0	0	0	0	
183696	Temporal_Inf_R	136	1362	0	0	0	0	0	0	0	0	0	86	0	0	0	0	0	244	0	0	0	0	0	0	0	0	0	0	0	866	0	0	0	0	0	1392	0	3670	0	2428	0	220	0	5048	0	480	0	1102	0	870	0	3058	0	3888	0	11350	0	1694	0	532	0	402	0	2408	0	3082	0	4310	136	0	0	230	0	0	0	0	0	512	0	1982	0	9968	0	2280	0	26302	0	972	0	0	0	838	0	0	0	0	0	0	0	0	0	0	0	0	0	0	0	0	0	0	0	0	0	0	0	0	
417672	Cerebelum_Crus1_L	0	0	0	0	0	0	0	0	0	0	0	0	0	0	0	0	0	0	0	0	0	0	0	0	0	0	0	0	0	0	0	0	0	0	0	0	0	0	0	0	0	0	0	0	0	0	6180	3800	0	0	134	0	240	194	17640	950	0	0	0	0	0	0	0	0	0	0	0	0	0	0	0	0	0	0	0	0	0	0	0	0	0	0	0	0	0	0	0	0	1964	0	0	3884	37194	3194	654	0	24844	678	50098	3244	12516	294	23980	348	2114	358	0	0	0	0	1888	4934	6030	786	696	0	
396760	Cerebelum_Crus1_R	0	0	0	0	0	0	0	0	0	0	0	0	0	0	0	0	0	0	0	0	0	0	0	0	0	0	0	0	0	0	0	0	0	0	0	0	0	0	0	0	0	0	0	0	0	0	2442	4264	0	0	0	0	0	338	430	11696	0	0	0	0	0	0	0	0	0	0	0	0	0	0	0	0	0	0	0	0	0	0	0	0	0	0	0	0	0	0	0	0	0	838	3884	0	4306	27224	450	3682	3532	25076	3180	51034	476	8636	802	17582	258	1838	0	300	0	1410	10560	4072	7292	1420	1200	158	
376360	Cerebelum_Crus2_L	0	0	0	0	0	0	0	0	0	0	0	0	0	0	0	0	0	0	0	0	0	0	0	0	0	0	0	0	0	0	0	0	0	0	0	0	0	0	0	0	0	0	0	0	0	0	1962	1346	0	0	0	0	0	98	4992	438	0	0	0	0	0	0	0	0	0	0	0	0	0	0	0	0	0	0	0	0	0	0	0	0	0	0	0	0	0	0	0	0	678	0	37194	4306	0	10664	168	0	5342	0	13308	1746	36758	5112	39708	2814	4502	226	0	0	0	0	126	1848	11232	3138	474	0	
281192	Cerebelum_Crus2_R	0	0	0	0	0	0	0	0	0	0	0	0	0	0	0	0	0	0	0	0	0	0	0	0	0	0	0	0	0	0	0	0	0	0	0	0	0	0	0	0	0	0	0	0	0	0	630	744	0	0	0	0	0	104	124	644	0	0	0	0	0	0	0	0	0	0	0	0	0	0	0	0	0	0	0	0	0	0	0	0	0	0	0	0	0	0	0	0	0	0	3194	27224	10664	0	0	392	0	1502	1020	4592	5328	27914	5022	29700	866	3940	0	0	0	94	0	1108	10712	3752	1326	0	
21212	Cerebelum_3_L	0	0	0	0	0	0	0	0	0	0	0	0	0	0	0	0	0	0	0	0	0	0	0	0	0	0	0	0	0	0	0	0	0	0	0	0	0	0	116	0	0	0	0	0	0	0	0	0	0	0	0	0	0	0	0	0	0	0	0	0	0	0	0	0	0	0	0	0	0	0	0	0	0	0	0	0	0	0	0	0	0	0	0	0	0	0	0	0	0	0	654	450	168	0	0	392	4156	500	734	478	122	0	462	0	338	0	0	0	358	856	822	0	0	0	0	0	
47788	Cerebelum_3_R	0	0	0	0	0	0	0	0	0	0	0	0	0	0	0	0	0	0	0	0	0	0	0	0	0	0	0	0	0	0	0	0	0	0	0	0	0	0	0	0	0	0	0	0	0	0	0	200	0	0	0	0	0	0	0	138	0	0	0	0	0	0	0	0	0	0	0	0	0	0	0	0	0	0	0	0	0	0	0	0	0	0	0	0	0	0	0	0	0	0	0	3682	0	392	392	0	680	5502	86	4846	0	210	0	864	124	418	0	0	350	3428	2582	0	0	0	0	0	
304208	Cerebelum_4_5_L	0	0	0	0	0	0	0	0	0	0	0	0	0	0	0	0	0	0	0	0	0	0	0	0	0	0	0	0	0	0	0	0	0	0	0	0	0	0	322	0	0	0	0	0	0	0	10654	7278	0	0	150	0	310	0	13212	1160	0	0	0	0	0	0	0	0	0	0	0	0	0	0	0	0	0	0	0	0	0	0	0	0	0	0	0	0	0	0	0	0	0	0	24844	3532	5342	0	4156	680	0	8224	35848	4854	2048	0	6834	0	1936	556	166	0	184	500	14146	2758	154	716	1038	502	
251204	Cerebelum_4_5_R	0	0	0	0	0	0	0	0	0	0	0	0	0	0	0	0	0	0	0	0	0	0	0	0	0	0	0	0	0	0	0	0	0	0	0	0	0	442	0	1292	0	0	0	0	0	0	3560	10580	0	0	0	0	0	0	808	5580	0	0	0	0	0	0	0	0	0	0	0	0	0	0	0	0	0	0	0	0	0	0	0	0	0	0	0	0	0	0	0	0	0	0	678	25076	0	1502	500	5502	8224	0	3432	29890	0	756	0	2526	982	534	0	0	0	1928	18124	1608	104	462	692	820	
429256	Cerebelum_6_L	0	0	0	0	0	0	0	0	0	0	0	0	0	0	0	0	0	0	0	0	0	0	0	0	0	0	0	0	0	0	0	0	0	0	0	0	94	0	88	0	0	0	0	0	0	0	14944	11048	0	0	482	100	936	596	24892	2526	0	0	0	0	0	0	0	0	0	0	0	0	0	0	0	0	0	0	0	0	0	0	0	0	0	0	0	0	0	0	0	0	324	0	50098	3180	13308	1020	734	86	35848	3432	0	7324	4382	0	11596	0	2546	628	264	0	0	0	6772	12272	3588	692	828	0	
372484	Cerebelum_6_R	0	0	0	0	0	0	0	0	0	0	0	0	0	0	0	0	0	0	0	0	0	0	0	0	0	0	0	0	0	0	0	0	0	0	0	0	0	418	0	508	0	0	0	122	0	0	4644	10450	0	0	90	208	182	1164	1786	15100	0	0	0	0	0	0	0	0	0	0	0	0	0	0	0	0	0	0	0	0	0	0	0	0	0	0	0	0	0	0	0	0	0	0	3244	51034	1746	4592	478	4846	4854	29890	7324	0	0	1930	372	5798	494	1618	0	306	0	1812	13534	10192	4856	1220	1230	200	
240596	Cerebelum_7b_L	0	0	0	0	0	0	0	0	0	0	0	0	0	0	0	0	0	0	0	0	0	0	0	0	0	0	0	0	0	0	0	0	0	0	0	0	0	0	0	0	0	0	0	0	0	0	0	0	0	0	0	0	0	0	1140	0	0	0	0	0	0	0	0	0	0	0	0	0	0	0	0	0	0	0	0	0	0	0	0	0	0	0	0	0	0	0	0	0	536	0	12516	476	36758	5328	122	0	2048	0	4382	0	0	5130	35424	3310	4288	0	282	0	0	0	0	0	4144	4414	0	0	
199604	Cerebelum_7b_R	0	0	0	0	0	0	0	0	0	0	0	0	0	0	0	0	0	0	0	0	0	0	0	0	0	0	0	0	0	0	0	0	0	0	0	0	0	0	0	0	0	0	0	0	0	0	0	0	0	0	0	0	0	0	0	156	0	0	0	0	0	0	0	0	0	0	0	0	0	0	0	0	0	0	0	0	0	0	0	0	0	0	0	0	0	0	0	0	0	0	294	8636	5112	27914	0	210	0	756	0	1930	5130	0	5504	29240	696	4936	0	0	0	0	0	0	3732	4922	634	0	
346732	Cerebelum_8_L	0	0	0	0	0	0	0	0	0	0	0	0	0	0	0	0	0	0	0	0	0	0	0	0	0	0	0	0	0	0	0	0	0	0	0	0	0	0	0	0	0	0	0	0	0	0	0	232	0	0	0	0	0	0	3460	86	0	0	0	0	0	0	0	0	0	0	0	0	0	0	0	0	0	0	0	0	0	0	0	0	0	0	0	0	0	0	0	0	572	0	23980	802	39708	5022	462	0	6834	0	11596	372	35424	5504	0	7242	13644	1296	878	0	0	0	192	774	4300	9074	1912	0	
264116	Cerebelum_8_R	0	0	0	0	0	0	0	0	0	0	0	0	0	0	0	0	0	0	0	0	0	0	0	0	0	0	0	0	0	0	0	0	0	0	0	0	0	0	0	0	0	0	0	0	0	0	0	0	0	0	0	0	0	0	0	376	0	0	0	0	0	0	0	0	0	0	0	0	0	0	0	0	0	0	0	0	0	0	0	0	0	0	0	0	0	0	0	0	0	0	348	17582	2814	29700	0	864	0	2526	0	5798	3310	29240	7242	0	2082	15610	228	414	0	234	108	150	2488	8620	2324	0	
98696	Cerebelum_9_L	0	0	0	0	0	0	0	0	0	0	0	0	0	0	0	0	0	0	0	0	0	0	0	0	0	0	0	0	0	0	0	0	0	0	0	0	0	0	0	0	0	0	0	0	0	0	0	854	0	0	0	0	0	0	0	0	0	0	0	0	0	0	0	0	0	0	0	0	0	0	0	0	0	0	0	0	0	0	0	0	0	0	0	0	0	0	0	0	0	0	2114	258	4502	866	338	124	1936	982	2546	494	4288	696	13644	2082	0	2498	2450	0	0	0	1456	1396	934	2586	2210	94	
103844	Cerebelum_9_R	0	0	0	0	0	0	0	0	0	0	0	0	0	0	0	0	0	0	0	0	0	0	0	0	0	0	0	0	0	0	0	0	0	0	0	0	0	0	0	0	0	0	0	0	0	0	0	310	0	0	0	0	0	0	0	0	0	0	0	0	0	0	0	0	0	0	0	0	0	0	0	0	0	0	0	0	0	0	0	0	0	0	0	0	0	0	0	0	0	0	358	1838	226	3940	0	418	556	534	628	1618	0	4936	1296	15610	2498	0	362	1662	192	428	1370	1942	1896	4188	4628	488	
9456	Cerebelum_10_L	0	0	0	0	0	0	0	0	0	0	0	0	0	0	0	0	0	0	0	0	0	0	0	0	0	0	0	0	0	0	0	0	0	0	0	0	0	0	0	0	0	0	0	0	0	0	0	0	0	0	0	0	0	0	0	0	0	0	0	0	0	0	0	0	0	0	0	0	0	0	0	0	0	0	0	0	0	0	0	0	0	0	0	0	0	0	0	0	0	0	0	0	0	0	0	0	166	0	264	0	282	0	878	228	2450	362	0	0	0	0	0	98	0	0	0	0	
5364	Cerebelum_10_R	0	0	0	0	0	0	0	0	0	0	0	0	0	0	0	0	0	0	0	0	0	0	0	0	0	0	0	0	0	0	0	0	0	0	0	0	0	0	0	0	0	0	0	0	0	0	0	0	0	0	0	0	0	0	0	0	0	0	0	0	0	0	0	0	0	0	0	0	0	0	0	0	0	0	0	0	0	0	0	0	0	0	0	0	0	0	0	0	0	0	0	300	0	0	0	0	0	0	0	306	0	0	0	414	0	1662	0	0	0	0	0	0	0	0	0	0	
8504	Vermis_1_2	0	0	0	0	0	0	0	0	0	0	0	0	0	0	0	0	0	0	0	0	0	0	0	0	0	0	0	0	0	0	0	0	0	0	0	0	0	0	0	0	0	0	0	0	0	0	0	0	0	0	0	0	0	0	0	0	0	0	0	0	0	0	0	0	0	0	0	0	0	0	0	0	0	0	0	0	0	0	0	0	0	0	0	0	0	0	0	0	0	0	0	0	0	0	358	350	184	0	0	0	0	0	0	0	0	192	0	0	0	2618	550	0	0	0	0	0	
30752	Vermis_3	0	0	0	0	0	0	0	0	0	0	0	0	0	0	0	0	0	0	0	0	0	0	0	0	0	0	0	0	0	0	0	0	0	0	0	0	0	0	222	0	0	0	0	0	0	0	0	0	0	0	0	0	0	0	0	0	0	0	0	0	0	0	0	0	0	0	0	0	0	0	0	0	0	0	0	0	0	0	0	0	0	0	0	0	0	0	0	0	0	0	0	1410	0	94	856	3428	500	1928	0	1812	0	0	0	234	0	428	0	0	2618	0	1846	0	0	0	0	0	
215028	Vermis_4_5	0	0	0	0	0	0	0	0	0	0	0	0	0	0	0	0	0	0	0	0	0	0	0	0	0	0	0	0	0	0	0	0	0	0	0	476	0	400	0	0	0	0	0	222	0	102	5434	11602	0	0	0	0	0	0	1988	2618	0	0	0	0	0	0	0	0	0	0	0	610	0	0	0	0	0	0	0	0	0	0	0	0	0	0	0	0	0	0	0	0	0	0	1888	10560	126	0	822	2582	14146	18124	6772	13534	0	0	192	108	1456	1370	0	0	550	1846	0	4834	96	1460	2048	1548	
172612	Vermis_6	0	0	0	0	0	0	0	0	0	0	0	0	0	0	0	0	0	0	0	0	0	0	0	0	0	0	0	0	0	0	0	0	0	0	0	0	0	0	0	0	0	0	0	0	0	0	6056	11686	0	0	252	124	458	988	3182	4392	0	0	0	0	0	0	0	0	0	0	0	0	0	0	0	0	0	0	0	0	0	0	0	0	0	0	0	0	0	0	0	0	0	0	4934	4072	1848	1108	0	0	2758	1608	12272	10192	0	0	774	150	1396	1942	98	0	0	0	4834	0	4540	2370	3020	1252	
157152	Vermis_7	0	0	0	0	0	0	0	0	0	0	0	0	0	0	0	0	0	0	0	0	0	0	0	0	0	0	0	0	0	0	0	0	0	0	0	0	0	0	0	0	0	0	0	0	0	0	1874	2748	0	0	0	0	0	320	160	1204	0	0	0	0	0	0	0	0	0	0	0	0	0	0	0	0	0	0	0	0	0	0	0	0	0	0	0	0	0	0	0	0	0	0	6030	7292	11232	10712	0	0	154	104	3588	4856	4144	3732	4300	2488	934	1896	0	0	0	0	96	4540	0	3570	2602	0	
120860	Vermis_8	0	0	0	0	0	0	0	0	0	0	0	0	0	0	0	0	0	0	0	0	0	0	0	0	0	0	0	0	0	0	0	0	0	0	0	0	0	0	0	0	0	0	0	0	0	0	86	404	0	0	0	0	0	0	0	0	0	0	0	0	0	0	0	0	0	0	0	0	0	0	0	0	0	0	0	0	0	0	0	0	0	0	0	0	0	0	0	0	0	0	786	1420	3138	3752	0	0	716	462	692	1220	4414	4922	9074	8620	2586	4188	0	0	0	0	1460	2370	3570	0	6026	524	
