data	data	334436	124644	669716	563504	80024	136164	397936	212064	57908	29432	145780	271336	247600	281272	144628	222092	200908	159304	549700	756824	79088	107500	318368	250904	29188	71028	40024	77316	508944	451448	232196	383476	138020	450332	86880	118280	263680	247552	104480	144656	50428	54468	234320	324452	154576	229168	290084	280864	128988	276212	412104	320644	190928	99540	327048	368560	300244	191816	165732	103172	281960	148960	110928	128576	165016	130228	227496	317256	81456	139304	177652	458692	343456	339584	51800	44140	132980	160824	66704	18108	236012	112660	66588	38312	271724	209484	28800	14648	188708	181280	658424	522580	420076	291128	61468	124484	401352	374412	651064	554788	263780	142192	327012	265140	242424	144600	15408	8848	53928	122760	276780	311296	168808	95740	89300	94692	
data	data	Precentral_L	Precentral_R	Frontal_Sup_L	Frontal_Sup_R	Frontal_Sup_Orb_L	Frontal_Sup_Orb_R	Frontal_Mid_L	Frontal_Mid_R	Frontal_Mid_Orb_L	Frontal_Mid_Orb_R	Frontal_Inf_Oper_L	Frontal_Inf_Oper_R	Frontal_Inf_Tri_L	Frontal_Inf_Tri_R	Frontal_Inf_Orb_L	Frontal_Inf_Orb_R	Rolandic_Oper_L	Rolandic_Oper_R	Supp_Motor_Area_L	Supp_Motor_Area_R	Olfactory_L	Olfactory_R	Frontal_Sup_Medial_L	Frontal_Sup_Medial_R	Frontal_Med_Orb_L	Frontal_Med_Orb_R	Rectus_L	Rectus_R	Insula_L	Insula_R	Cingulum_Ant_L	Cingulum_Ant_R	Cingulum_Mid_L	Cingulum_Mid_R	Cingulum_Post_L	Cingulum_Post_R	Hippocampus_L	Hippocampus_R	ParaHippocampal_L	ParaHippocampal_R	Amygdala_L	Amygdala_R	Calcarine_L	Calcarine_R	Cuneus_L	Cuneus_R	Lingual_L	Lingual_R	Occipital_Sup_L	Occipital_Sup_R	Occipital_Mid_L	Occipital_Mid_R	Occipital_Inf_L	Occipital_Inf_R	Fusiform_L	Fusiform_R	Postcentral_L	Postcentral_R	Parietal_Sup_L	Parietal_Sup_R	Parietal_Inf_L	Parietal_Inf_R	SupraMarginal_L	SupraMarginal_R	Angular_L	Angular_R	Precuneus_L	Precuneus_R	Paracentral_Lobule_L	Paracentral_Lobule_R	Caudate_L	Caudate_R	Putamen_L	Putamen_R	Pallidum_L	Pallidum_R	Thalamus_L	Thalamus_R	Heschl_L	Heschl_R	Temporal_Sup_L	Temporal_Sup_R	Temporal_Pole_Sup_L	Temporal_Pole_Sup_R	Temporal_Mid_L	Temporal_Mid_R	Temporal_Pole_Mid_L	Temporal_Pole_Mid_R	Temporal_Inf_L	Temporal_Inf_R	Cerebelum_Crus1_L	Cerebelum_Crus1_R	Cerebelum_Crus2_L	Cerebelum_Crus2_R	Cerebelum_3_L	Cerebelum_3_R	Cerebelum_4_5_L	Cerebelum_4_5_R	Cerebelum_6_L	Cerebelum_6_R	Cerebelum_7b_L	Cerebelum_7b_R	Cerebelum_8_L	Cerebelum_8_R	Cerebelum_9_L	Cerebelum_9_R	Cerebelum_10_L	Cerebelum_10_R	Vermis_1_2	Vermis_3	Vermis_4_5	Vermis_6	Vermis_7	Vermis_8	Vermis_9	Vermis_10	
334436	Precentral_L	0	0	16124	0	0	0	13262	0	0	0	9340	0	3494	906	0	1272	15998	0	9468	836	0	0	0	0	0	0	0	0	15772	1268	0	0	848	206	538	240	2986	218	0	0	0	0	0	0	0	0	162	0	0	0	1474	0	108	0	0	0	33930	0	608	0	5394	0	3858	0	594	0	106	0	11190	130	836	1860	2738	0	0	0	2000	368	4236	0	3856	0	0	0	790	0	0	0	204	0	0	0	0	0	0	0	0	0	0	0	0	0	0	0	0	0	0	0	0	0	0	0	0	0	0	0	
124644	Precentral_R	0	0	130	5674	0	0	0	5824	0	0	0	4890	0	0	0	0	0	2232	410	9800	0	0	0	0	0	0	0	0	98	1440	0	0	112	1446	158	382	408	210	0	0	0	0	0	1252	0	276	0	0	0	682	0	974	0	132	0	0	0	13908	0	132	0	428	0	208	0	86	0	2230	348	5686	0	242	216	698	0	0	90	0	86	0	0	402	0	0	0	602	0	0	0	430	0	0	0	0	0	0	0	0	0	0	0	0	0	0	0	0	0	0	0	0	0	0	0	0	0	0	
669716	Frontal_Sup_L	16124	130	0	370	2692	0	52554	926	1148	0	6660	122	16174	2802	5054	3234	7126	0	57852	4368	0	0	41078	0	880	0	290	0	23642	1518	16480	518	2432	976	174	152	5760	244	614	0	0	0	0	0	0	0	80	126	0	0	0	0	0	0	426	0	8008	0	0	0	120	0	90	0	0	0	0	0	366	0	4278	6074	25436	124	6858	0	7102	282	966	0	1766	0	662	0	0	0	0	0	0	0	0	0	0	0	0	0	0	0	0	0	0	0	0	0	0	0	0	0	0	0	0	0	0	0	0	0	
563504	Frontal_Sup_R	0	5674	370	0	0	7164	234	24158	0	434	0	16998	0	6404	0	1684	0	13152	3450	41648	0	802	10288	30106	0	976	0	930	158	13996	5704	28196	1902	19332	0	0	164	4294	0	668	0	0	0	238	0	94	0	196	0	186	0	310	0	0	0	180	0	2082	0	0	0	108	0	206	0	0	0	428	0	0	312	9606	180	16758	0	4790	430	5206	0	0	0	686	0	0	0	526	0	0	0	344	0	0	0	0	0	0	0	0	0	0	0	0	0	0	0	0	0	0	0	0	0	0	0	0	0	0	
80024	Frontal_Sup_Orb_L	0	0	2692	0	0	0	518	0	7002	0	0	0	878	0	4838	0	0	0	0	0	1732	0	1966	0	3296	0	6346	0	2460	0	3610	0	0	0	0	0	0	0	118	0	124	0	0	0	0	0	0	0	0	0	0	0	0	0	0	0	0	0	0	0	0	0	0	0	0	0	0	0	0	0	2032	0	2400	0	0	0	0	0	0	0	0	0	0	0	0	0	0	0	0	0	0	0	0	0	0	0	0	0	0	0	0	0	0	0	0	0	0	0	0	0	0	0	0	0	0	0	
136164	Frontal_Sup_Orb_R	0	0	0	7164	0	0	0	1612	0	4516	0	0	0	0	0	5490	0	0	0	0	428	4248	98	5036	106	6978	0	7464	0	2572	2018	5328	0	0	0	0	0	0	0	0	0	0	0	0	0	0	0	0	0	0	0	0	0	0	0	0	0	0	0	0	0	0	0	0	0	0	0	0	0	0	428	6346	378	7872	0	0	0	0	0	0	0	0	0	0	0	0	0	0	0	0	0	0	0	0	0	0	0	0	0	0	0	0	0	0	0	0	0	0	0	0	0	0	0	0	0	0	
397936	Frontal_Mid_L	13262	0	52554	234	518	0	0	110	864	0	7498	0	30126	1272	4696	1832	8232	0	8120	292	0	0	21116	0	0	0	0	0	18494	1394	10332	250	852	140	0	0	1670	0	304	0	0	0	0	0	0	0	0	0	0	0	0	0	0	0	260	0	650	0	0	0	0	0	0	0	0	0	0	0	0	0	3044	3176	4494	0	0	0	0	0	0	0	2732	0	450	0	0	0	0	0	0	0	0	0	0	0	0	0	0	0	0	0	0	0	0	0	0	0	0	0	0	0	0	0	0	0	0	0	
212064	Frontal_Mid_R	0	5824	926	24158	0	1612	110	0	0	1108	0	9822	0	13194	0	7160	0	4854	1498	6554	0	0	952	5902	0	100	0	0	0	7624	178	2070	176	3526	0	0	0	730	0	188	0	0	0	0	0	0	0	0	0	0	0	0	0	0	0	0	0	694	0	0	0	94	0	0	0	0	0	0	0	0	230	1460	0	4026	0	696	0	372	0	0	0	194	0	0	0	0	0	0	0	0	0	0	0	0	0	0	0	0	0	0	0	0	0	0	0	0	0	0	0	0	0	0	0	0	0	0	
57908	Frontal_Mid_Orb_L	0	0	1148	0	7002	0	864	0	0	0	0	0	2222	0	8794	0	0	0	0	0	0	0	218	0	1122	0	3158	0	1194	0	792	0	0	0	0	0	0	0	0	0	0	0	0	0	0	0	0	0	0	0	0	0	0	0	0	0	0	0	0	0	0	0	0	0	0	0	0	0	0	0	230	0	2210	0	0	0	0	0	0	0	0	0	0	0	0	0	0	0	0	0	0	0	0	0	0	0	0	0	0	0	0	0	0	0	0	0	0	0	0	0	0	0	0	0	0	0	
29432	Frontal_Mid_Orb_R	0	0	0	434	0	4516	0	1108	0	0	0	0	0	90	0	3316	0	0	0	0	0	692	0	0	0	428	0	1712	0	294	0	102	0	0	0	0	0	0	0	0	0	0	0	0	0	0	0	0	0	0	0	0	0	0	0	0	0	0	0	0	0	0	0	0	0	0	0	0	0	0	0	1144	0	880	0	0	0	0	0	0	0	0	0	0	0	0	0	0	0	0	0	0	0	0	0	0	0	0	0	0	0	0	0	0	0	0	0	0	0	0	0	0	0	0	0	0	
145780	Frontal_Inf_Oper_L	9340	0	6660	0	0	0	7498	0	0	0	0	0	10868	144	358	182	9900	0	7002	0	0	0	172	0	0	0	0	0	10890	0	0	0	0	0	0	0	1486	0	98	0	0	0	0	0	0	0	0	0	0	0	0	0	0	0	0	0	2134	0	0	0	0	0	0	0	0	0	0	0	0	0	0	128	1444	0	0	0	0	0	690	0	2076	0	1820	0	0	0	0	0	0	0	0	0	0	0	0	0	0	0	0	0	0	0	0	0	0	0	0	0	0	0	0	0	0	0	0	0	
271336	Frontal_Inf_Oper_R	0	4890	122	16998	0	0	0	9822	0	0	0	0	0	13870	0	254	0	12854	1770	15210	0	0	254	2292	0	0	0	0	0	22390	188	8108	1332	11502	0	0	0	1466	0	308	0	0	0	0	0	0	0	100	0	0	0	0	0	0	0	184	0	3186	0	0	0	108	0	0	0	0	0	0	0	0	0	862	0	5880	0	632	0	308	0	0	0	778	0	0	0	0	0	0	0	0	0	0	0	0	0	0	0	0	0	0	0	0	0	0	0	0	0	0	0	0	0	0	0	0	0	0	
247600	Frontal_Inf_Tri_L	3494	0	16174	0	878	0	30126	0	2222	0	10868	0	0	212	14504	394	2348	0	4424	0	0	0	4104	0	0	0	0	0	22466	304	2580	0	398	0	0	0	1582	0	246	0	0	0	0	0	0	0	0	0	0	0	0	0	0	0	166	0	226	0	0	0	0	0	0	0	0	0	0	0	0	0	288	692	3582	0	0	0	0	0	96	0	398	0	1028	0	0	0	0	0	0	0	0	0	0	0	0	0	0	0	0	0	0	0	0	0	0	0	0	0	0	0	0	0	0	0	0	0	
281272	Frontal_Inf_Tri_R	906	0	2802	6404	0	0	1272	13194	0	90	144	13870	212	0	0	18378	0	248	4736	9118	0	0	824	1414	0	0	0	0	1600	25196	822	9480	792	7742	0	0	230	252	0	0	0	0	0	0	0	0	0	0	0	0	0	0	0	0	0	0	154	0	0	0	0	0	0	0	0	0	0	0	0	0	1452	13328	370	4768	0	0	0	620	218	0	0	0	0	0	0	0	0	0	0	0	0	0	0	0	0	0	0	0	0	0	0	0	0	0	0	0	0	0	0	0	0	0	0	0	0	0	
144628	Frontal_Inf_Orb_L	0	0	5054	0	4838	0	4696	0	8794	0	358	0	14504	0	0	0	0	0	154	0	1556	82	1232	0	190	0	1828	0	13940	0	1262	88	0	0	0	0	0	0	0	0	116	0	0	0	0	0	0	0	0	0	0	0	0	0	0	0	0	0	0	0	0	0	0	0	0	0	0	0	0	0	2438	102	9018	0	0	0	0	0	0	0	0	0	2064	0	0	0	0	0	0	0	0	0	0	0	0	0	0	0	0	0	0	0	0	0	0	0	0	0	0	0	0	0	0	0	0	0	
222092	Frontal_Inf_Orb_R	1272	0	3234	1684	0	5490	1832	7160	0	3316	182	254	394	18378	0	0	172	0	3736	1980	468	1596	412	92	0	178	0	1628	2766	20894	708	2596	514	380	0	0	362	382	0	0	0	200	0	0	0	0	0	0	0	0	0	0	0	0	0	0	280	0	0	0	0	0	0	0	0	0	0	0	0	0	2714	18392	1184	5248	0	0	0	640	328	0	0	0	0	0	0	0	0	0	0	0	0	0	0	0	0	0	0	0	0	0	0	0	0	0	0	0	0	0	0	0	0	0	0	0	0	0	
200908	Rolandic_Oper_L	15998	0	7126	0	0	0	8232	0	0	0	9900	0	2348	0	0	172	0	0	5996	0	0	0	0	0	0	0	0	0	17416	138	0	0	0	0	0	0	2460	0	110	0	0	0	0	0	0	0	0	0	0	0	208	0	0	0	0	0	7732	0	912	0	1642	0	1398	0	582	0	0	0	0	0	0	222	1420	0	162	0	266	0	3666	0	8776	0	670	0	1834	0	0	0	1068	0	0	0	0	0	0	0	0	0	0	0	0	0	0	0	0	0	0	0	0	0	0	0	0	0	0	0	
159304	Rolandic_Oper_R	0	2232	0	13152	0	0	0	4854	0	0	0	12854	0	248	0	0	0	0	1316	8194	0	0	0	238	0	0	0	0	0	14722	0	1166	438	1986	0	0	0	1456	0	152	0	0	0	0	0	0	0	128	0	0	0	0	0	0	0	0	0	4022	0	0	0	102	0	2590	0	0	0	0	0	0	0	232	0	4748	0	546	0	684	0	782	0	2446	0	236	0	128	0	0	0	0	0	0	0	0	0	0	0	0	0	0	0	0	0	0	0	0	0	0	0	0	0	0	0	0	0	0	
549700	Supp_Motor_Area_L	9468	410	57852	3450	0	0	8120	1498	0	0	7002	1770	4424	4736	154	3736	5996	1316	0	34108	0	0	4802	3094	0	0	0	0	15410	4812	1502	3086	8346	15258	210	330	3902	244	420	0	0	0	0	0	0	0	0	94	0	0	0	0	0	0	300	0	4922	0	100	0	168	0	104	0	0	0	0	0	4096	286	4098	10558	18592	5004	6828	216	10356	774	448	0	1444	106	808	0	0	92	0	0	0	0	0	0	0	0	0	0	0	0	0	0	0	0	0	0	0	0	0	0	0	0	0	0	0	0	0	0	
756824	Supp_Motor_Area_R	836	9800	4368	41648	0	0	292	6554	0	0	0	15210	0	9118	0	1980	0	8194	34108	0	0	0	1812	9602	0	0	0	0	640	15744	1388	12422	8678	51144	748	7312	1000	7444	0	800	0	0	0	2026	0	390	0	176	0	826	106	1904	0	414	0	248	1270	2818	228	94	308	348	188	292	182	100	0	2650	3700	18158	3100	24392	936	12880	510	2626	9142	29112	184	478	0	2138	0	0	0	3798	0	0	0	1848	0	0	0	0	0	0	0	0	0	0	0	0	0	0	0	0	0	0	0	0	0	0	0	0	0	0	
79088	Olfactory_L	0	0	0	0	1732	428	0	0	0	0	0	0	0	0	1556	468	0	0	0	0	0	4370	0	0	636	548	992	780	3102	354	2084	1654	0	0	0	0	658	0	1126	0	1434	0	0	0	0	0	0	0	0	0	0	0	0	0	356	0	0	0	0	0	0	0	0	0	0	0	0	0	0	0	7928	3444	4956	706	0	0	0	0	0	0	98	0	134	0	0	0	0	0	0	0	0	0	0	0	0	0	0	0	0	0	0	0	0	0	0	0	0	0	0	0	0	0	0	0	0	0	
107500	Olfactory_R	0	0	0	802	0	4248	0	0	0	692	0	0	0	0	82	1596	0	0	0	0	4370	0	0	0	0	2172	0	6930	0	3344	1498	4412	0	0	0	0	0	0	0	0	0	462	0	0	0	0	0	0	0	0	0	0	0	0	0	0	0	0	0	0	0	0	0	0	0	0	0	0	0	0	5824	10184	3294	3734	0	0	0	0	0	0	0	0	0	106	0	0	0	0	0	0	0	0	0	0	0	0	0	0	0	0	0	0	0	0	0	0	0	0	0	0	0	0	0	0	0	0	
318368	Frontal_Sup_Medial_L	0	0	41078	10288	1966	98	21116	952	218	0	172	254	4104	824	1232	412	0	0	4802	1812	0	0	0	15692	1514	0	0	0	3762	524	21980	8240	4880	9030	0	0	132	0	0	0	0	0	0	0	0	0	0	0	0	0	0	0	0	0	0	0	0	0	0	0	0	0	0	0	0	0	0	0	0	0	1268	962	1756	116	0	0	0	0	0	0	0	0	0	0	0	0	0	0	0	0	0	0	0	0	0	0	0	0	0	0	0	0	0	0	0	0	0	0	0	0	0	0	0	0	0	0	
250904	Frontal_Sup_Medial_R	0	0	0	30106	0	5036	0	5902	0	0	0	2292	0	1414	0	92	0	238	3094	9602	0	0	15692	0	0	4146	0	120	0	886	4298	20808	174	13050	0	0	0	0	0	0	0	0	0	0	0	0	0	0	0	0	0	0	0	0	0	0	0	0	0	0	0	0	0	0	0	0	0	0	0	0	0	4222	0	4280	0	0	0	0	0	0	0	0	0	0	0	0	0	0	0	0	0	0	0	0	0	0	0	0	0	0	0	0	0	0	0	0	0	0	0	0	0	0	0	0	0	0	
29188	Frontal_Med_Orb_L	0	0	880	0	3296	106	0	0	1122	0	0	0	0	0	190	0	0	0	0	0	636	0	1514	0	0	388	2098	0	0	0	2970	172	0	0	0	0	0	0	0	0	0	0	0	0	0	0	0	0	0	0	0	0	0	0	0	0	0	0	0	0	0	0	0	0	0	0	0	0	0	0	752	0	470	0	0	0	0	0	0	0	0	0	0	0	0	0	0	0	0	0	0	0	0	0	0	0	0	0	0	0	0	0	0	0	0	0	0	0	0	0	0	0	0	0	0	0	
71028	Frontal_Med_Orb_R	0	0	0	976	0	6978	0	100	0	428	0	0	0	0	0	178	0	0	0	0	548	2172	0	4146	388	0	198	4044	0	448	2464	7112	0	0	0	0	0	0	0	0	0	0	0	0	0	0	0	0	0	0	0	0	0	0	0	0	0	0	0	0	0	0	0	0	0	0	0	0	0	0	438	2948	368	1580	0	0	0	0	0	0	0	0	0	0	0	0	0	0	0	0	0	0	0	0	0	0	0	0	0	0	0	0	0	0	0	0	0	0	0	0	0	0	0	0	0	0	
40024	Rectus_L	0	0	290	0	6346	0	0	0	3158	0	0	0	0	0	1828	0	0	0	0	0	992	0	0	0	2098	198	0	90	368	0	1452	0	0	0	0	0	0	0	0	0	92	0	0	0	0	0	0	0	0	0	0	0	0	0	0	0	0	0	0	0	0	0	0	0	0	0	0	0	0	0	1632	0	1468	0	0	0	0	0	0	0	0	0	0	0	0	0	0	0	0	0	0	0	0	0	0	0	0	0	0	0	0	0	0	0	0	0	0	0	0	0	0	0	0	0	0	0	
77316	Rectus_R	0	0	0	930	0	7464	0	0	0	1712	0	0	0	0	0	1628	0	0	0	0	780	6930	0	120	0	4044	90	0	0	1724	128	2686	0	0	0	0	0	0	0	0	0	0	0	0	0	0	0	0	0	0	0	0	0	0	0	0	0	0	0	0	0	0	0	0	0	0	0	0	0	0	784	5966	664	3008	0	0	0	0	0	0	0	0	0	0	0	0	0	0	0	0	0	0	0	0	0	0	0	0	0	0	0	0	0	0	0	0	0	0	0	0	0	0	0	0	0	0	
508944	Insula_L	15772	98	23642	158	2460	0	18494	0	1194	0	10890	0	22466	1600	13940	2766	17416	0	15410	640	3102	0	3762	0	0	0	368	0	0	2146	1860	208	610	176	228	230	18124	208	4174	0	4680	0	0	0	0	0	0	0	0	0	0	0	0	0	3604	0	7448	0	132	0	1332	0	902	0	110	0	0	0	0	0	4766	4940	21078	0	0	0	596	0	8996	0	8208	0	3184	0	312	0	0	0	1770	0	92	0	0	0	0	0	88	0	92	0	0	0	0	0	0	0	0	0	0	0	0	0	0	0	0	0	
451448	Insula_R	1268	1440	1518	13996	0	2572	1394	7624	0	294	0	22390	304	25196	0	20894	138	14722	4812	15744	354	3344	524	886	0	448	0	1724	2146	0	732	9978	1042	8970	0	0	364	5214	0	1272	0	2242	0	0	0	0	0	170	0	0	0	0	0	0	0	2570	280	546	0	0	0	0	0	0	0	0	0	0	0	0	1834	13366	1038	21416	0	540	0	896	328	1738	0	3108	0	360	0	1234	0	0	0	2754	0	0	0	0	0	0	0	0	0	0	0	0	0	0	0	0	0	0	0	0	0	0	0	0	0	0	
232196	Cingulum_Ant_L	0	0	16480	5704	3610	2018	10332	178	792	0	0	188	2580	822	1262	708	0	0	1502	1388	2084	1498	21980	4298	2970	2464	1452	128	1860	732	0	14098	3264	1490	0	0	0	0	0	0	0	0	0	0	0	0	0	0	0	0	0	0	0	0	0	0	0	0	0	0	0	0	0	0	0	0	0	0	0	0	4244	2400	2990	582	0	0	0	0	0	0	0	0	0	0	0	0	0	0	0	0	0	0	0	0	0	0	0	0	0	0	0	0	0	0	0	0	0	0	0	0	0	0	0	0	0	0	
383476	Cingulum_Ant_R	0	0	518	28196	0	5328	250	2070	0	102	0	8108	0	9480	88	2596	0	1166	3086	12422	1654	4412	8240	20808	172	7112	0	2686	208	9978	14098	0	3404	17720	0	0	0	0	0	0	0	0	0	0	0	0	0	0	0	0	0	0	0	0	0	0	0	0	0	0	0	0	0	0	0	0	0	0	0	0	2878	13910	1198	9850	0	0	0	0	0	0	0	0	0	0	0	0	0	0	0	0	0	0	0	0	0	0	0	0	0	0	0	0	0	0	0	0	0	0	0	0	0	0	0	0	0	0	
138020	Cingulum_Mid_L	848	112	2432	1902	0	0	852	176	0	0	0	1332	398	792	0	514	0	438	8346	8678	0	0	4880	174	0	0	0	0	610	1042	3264	3404	0	10678	1072	1470	82	0	0	0	0	0	192	0	0	478	168	0	244	1010	364	1000	0	0	0	0	230	0	0	0	0	0	0	0	0	0	1404	1624	4528	1124	306	766	482	114	0	0	1480	0	0	0	0	0	0	0	0	0	0	0	0	0	0	0	0	0	0	0	0	0	0	0	0	0	0	0	0	0	0	0	0	0	0	0	0	0	0	0	
450332	Cingulum_Mid_R	206	1446	976	19332	0	0	140	3526	0	0	0	11502	0	7742	0	380	0	1986	15258	51144	0	0	9030	13050	0	0	0	0	176	8970	1490	17720	10678	0	770	8720	242	154	0	0	0	0	0	2450	0	2052	0	102	0	1780	80	2020	0	488	0	0	240	1510	162	0	198	0	88	0	128	0	568	7740	1374	12428	590	2034	210	1382	0	0	1938	0	0	0	0	0	0	0	0	418	0	0	0	304	0	0	0	0	0	0	0	0	0	0	0	0	0	0	0	0	0	0	0	0	244	0	0	0	0	0	
86880	Cingulum_Post_L	538	158	174	0	0	0	0	0	0	0	0	0	0	0	0	0	0	0	210	748	0	0	0	0	0	0	0	0	228	0	0	0	1072	770	0	6366	4300	3208	1086	778	0	0	3650	92	226	208	3456	256	142	0	402	0	0	0	0	0	238	0	0	0	120	0	0	0	114	0	5732	1380	846	236	0	0	632	0	0	0	3626	1852	0	0	192	0	0	0	186	0	0	0	0	86	0	0	0	0	0	0	0	132	0	0	0	0	0	0	0	0	0	0	0	0	0	0	0	0	0	0	
118280	Cingulum_Post_R	240	382	152	0	0	0	0	0	0	0	0	0	0	0	0	0	0	0	330	7312	0	0	0	0	0	0	0	0	230	0	0	0	1470	8720	6366	0	2950	4106	324	1176	0	0	0	356	0	304	0	1622	0	0	0	0	0	0	0	0	236	0	0	0	0	0	0	0	0	0	1266	6516	896	5830	0	0	584	0	0	0	3438	2508	0	0	174	0	0	0	0	0	0	0	0	266	0	0	0	0	0	0	0	160	0	0	0	0	0	0	0	0	0	0	0	0	1226	0	0	0	0	0	
263680	Hippocampus_L	2986	408	5760	164	0	0	1670	0	0	0	1486	0	1582	230	0	362	2460	0	3902	1000	658	0	132	0	0	0	0	0	18124	364	0	0	82	242	4300	2950	0	2756	13222	742	9122	0	1234	0	220	0	2260	622	0	0	0	0	0	0	8704	0	1840	0	0	0	220	0	120	0	0	0	2262	456	0	0	230	966	15570	0	1164	0	4028	1190	4220	0	4106	0	316	0	1666	0	0	0	4598	0	260	0	0	0	90	0	372	130	292	0	0	0	0	0	0	0	0	0	0	0	0	0	0	0	0	0	
247552	Hippocampus_R	218	210	244	4294	0	0	0	730	0	0	0	1466	0	252	0	382	0	1456	244	7444	0	0	0	0	0	0	0	0	208	5214	0	0	0	154	3208	4106	2756	0	374	23340	0	10466	0	0	0	0	0	3438	0	0	0	0	0	0	0	20336	224	134	0	0	0	0	0	0	0	0	178	1444	0	0	0	0	668	11054	0	1990	2440	5080	0	0	168	378	0	448	0	486	0	0	0	7250	0	112	0	0	0	98	0	802	0	166	0	0	0	0	0	0	0	0	0	0	116	0	0	0	0	0	
104480	ParaHippocampal_L	0	0	614	0	118	0	304	0	0	0	98	0	246	0	0	0	110	0	420	0	1126	0	0	0	0	0	0	0	4174	0	0	0	0	0	1086	324	13222	374	0	0	3376	0	1314	0	898	0	3890	168	0	0	0	0	546	0	7008	0	0	0	0	0	0	0	0	0	0	0	1506	132	0	0	316	0	2686	0	178	0	230	0	0	0	1790	0	122	0	1868	0	0	0	1000	0	810	0	0	0	180	0	792	0	1096	0	0	0	0	0	0	0	0	0	0	118	0	0	0	0	0	0	
144656	ParaHippocampal_R	0	0	0	668	0	0	0	188	0	0	0	308	0	0	0	0	0	152	0	800	0	0	0	0	0	0	0	0	0	1272	0	0	0	0	778	1176	742	23340	0	0	0	5866	0	0	0	0	0	4490	0	0	0	0	0	0	0	16554	0	0	0	0	0	0	0	0	0	0	0	1402	0	0	0	0	216	3682	0	1208	610	1678	0	0	0	0	0	788	0	274	0	138	0	3314	0	338	0	0	0	98	0	1722	0	412	0	0	0	0	0	0	0	0	0	0	114	0	0	0	0	0	
50428	Amygdala_L	0	0	0	0	124	0	0	0	0	0	0	0	0	0	116	0	0	0	0	0	1434	0	0	0	0	0	92	0	4680	0	0	0	0	0	0	0	9122	0	3376	0	0	0	0	0	0	0	0	0	0	0	0	0	0	0	3276	0	0	0	0	0	0	0	0	0	0	0	0	0	0	0	246	0	860	0	0	0	0	0	0	0	502	0	396	0	0	0	0	0	990	0	0	0	0	0	0	0	0	0	0	0	0	0	0	0	0	0	0	0	0	0	0	0	0	0	0	0	
54468	Amygdala_R	0	0	0	0	0	0	0	0	0	0	0	0	0	0	0	200	0	0	0	0	0	462	0	0	0	0	0	0	0	2242	0	0	0	0	0	0	0	10466	0	5866	0	0	0	0	0	0	0	0	0	0	0	0	0	0	0	4464	0	0	0	0	0	0	0	0	0	0	0	0	0	0	0	114	0	1572	0	0	0	132	0	0	0	0	0	1614	0	0	0	0	0	0	0	0	0	0	0	0	0	102	0	0	0	0	0	0	0	0	0	0	0	0	0	0	0	0	0	0	
234320	Calcarine_L	0	0	0	0	0	0	0	0	0	0	0	0	0	0	0	0	0	0	0	0	0	0	0	0	0	0	0	0	0	0	0	0	192	0	3650	0	1234	0	1314	0	0	0	0	6676	14564	4806	17518	1760	12208	1820	19188	94	6736	144	1844	0	0	0	686	0	458	0	0	0	428	0	18868	490	122	0	0	0	0	0	0	0	374	0	0	0	0	0	0	0	1286	0	0	0	314	0	0	0	0	0	0	0	166	0	220	0	0	0	0	0	0	0	0	0	0	0	0	0	0	0	0	0	
324452	Calcarine_R	0	1252	0	238	0	0	0	0	0	0	0	0	0	0	0	0	0	0	0	2026	0	0	0	0	0	0	0	0	0	0	0	0	0	2450	92	356	0	0	0	0	0	0	6676	0	5320	23842	1454	16414	520	23624	82	25706	0	10084	0	2356	0	1782	0	84	0	128	0	180	0	142	1570	22894	0	2532	0	0	0	0	0	0	0	0	0	0	0	0	0	0	0	6904	0	0	0	3114	0	0	0	0	0	0	0	0	0	0	0	0	0	0	0	0	0	0	0	0	404	0	0	0	0	0	
154576	Cuneus_L	0	0	0	0	0	0	0	0	0	0	0	0	0	0	0	0	0	0	0	0	0	0	0	0	0	0	0	0	0	0	0	0	0	0	226	0	220	0	898	0	0	0	14564	5320	0	8476	3756	118	14840	2386	7628	142	690	0	668	0	0	0	2070	0	656	0	0	0	666	0	9518	1672	0	0	0	0	0	0	0	0	0	0	0	0	202	0	0	0	1974	0	0	0	518	0	0	0	0	0	0	0	0	0	80	0	0	0	0	0	0	0	0	0	0	0	0	0	0	0	0	0	
229168	Cuneus_R	0	276	0	94	0	0	0	0	0	0	0	0	0	0	0	0	0	0	0	390	0	0	0	0	0	0	0	0	0	0	0	0	478	2052	208	304	0	0	0	0	0	0	4806	23842	8476	0	84	944	494	30288	82	16720	0	1158	0	0	0	970	0	896	0	0	0	0	0	0	3820	16386	0	918	0	0	0	0	0	0	0	0	0	0	0	0	0	0	0	644	0	0	0	120	0	0	0	0	0	0	0	0	0	0	0	0	0	0	0	0	0	0	0	0	134	0	0	0	0	0	
290084	Lingual_L	162	0	80	0	0	0	0	0	0	0	0	0	0	0	0	0	0	0	0	0	0	0	0	0	0	0	0	0	0	0	0	0	168	0	3456	0	2260	0	3890	0	0	0	17518	1454	3756	84	0	3696	1430	0	23536	0	19338	0	14172	818	0	0	220	0	490	0	0	0	364	0	11830	0	230	0	0	0	106	0	0	0	442	0	0	0	102	0	0	0	4684	0	0	0	2216	0	2904	488	256	0	168	0	6454	632	11522	1772	0	0	0	0	0	0	0	0	0	0	1756	2588	0	0	0	0	
280864	Lingual_R	0	0	126	196	0	0	0	0	0	0	0	100	0	0	0	0	0	128	94	176	0	0	0	0	0	0	0	0	0	170	0	0	0	102	256	1622	622	3438	168	4490	0	0	1760	16414	118	944	3696	0	0	1844	0	5866	742	11056	2152	20220	0	0	0	0	0	0	0	0	0	0	0	4172	0	0	0	0	216	570	0	84	402	526	0	0	0	0	0	0	0	1088	0	0	0	1994	3400	1868	200	0	0	394	6660	10554	7096	6322	0	0	142	0	584	112	0	0	134	1032	11866	3786	0	0	0	730	
128988	Occipital_Sup_L	0	0	0	0	0	0	0	0	0	0	0	0	0	0	0	0	0	0	0	0	0	0	0	0	0	0	0	0	0	0	0	0	244	0	142	0	0	0	0	0	0	0	12208	520	14840	494	1430	0	0	160	22414	0	1474	0	100	0	0	0	4976	0	934	0	0	0	0	0	4228	232	0	0	0	0	0	0	0	0	0	0	0	0	0	0	0	0	0	0	0	0	0	0	0	0	0	0	0	0	0	0	98	0	0	0	0	0	0	0	0	0	0	0	0	0	0	0	0	0	
276212	Occipital_Sup_R	0	682	0	186	0	0	0	0	0	0	0	0	0	0	0	0	0	0	0	826	0	0	0	0	0	0	0	0	0	0	0	0	1010	1780	0	0	0	0	0	0	0	0	1820	23624	2386	30288	0	1844	160	0	0	33148	0	1572	0	132	0	1628	0	5134	0	3902	0	240	0	4520	2200	17860	0	1456	0	0	0	0	0	0	0	0	0	0	0	0	0	0	0	1274	0	0	0	434	0	0	0	0	0	0	0	0	0	0	0	0	0	0	0	0	0	0	0	0	0	0	0	0	0	0	
412104	Occipital_Mid_L	1474	0	0	0	0	0	0	0	0	0	0	0	0	0	0	0	208	0	0	106	0	0	0	0	0	0	0	0	0	0	0	0	364	80	402	0	0	0	0	0	0	0	19188	82	7628	82	23536	0	22414	0	0	0	26176	0	5362	0	3200	0	16722	0	20020	0	1010	0	16466	0	13516	0	1894	0	0	0	0	0	0	0	0	0	82	0	4578	0	0	0	15558	0	0	0	1248	0	550	0	0	0	0	0	368	0	3648	0	0	0	0	0	0	0	0	0	0	0	90	0	0	0	0	0	
320644	Occipital_Mid_R	0	974	0	310	0	0	0	0	0	0	0	0	0	0	0	0	0	0	0	1904	0	0	0	0	0	0	0	0	0	0	0	0	1000	2020	0	0	0	0	0	0	0	0	94	25706	142	16720	0	5866	0	33148	0	0	0	6706	0	2078	0	1978	0	3750	0	5814	0	1318	0	12882	1146	18050	0	2050	0	0	0	0	0	0	0	0	0	0	0	702	0	0	0	13360	0	0	0	2604	0	0	0	0	0	0	0	0	0	0	0	0	0	0	0	0	0	0	0	0	0	0	0	0	0	0	
190928	Occipital_Inf_L	108	0	0	0	0	0	0	0	0	0	0	0	0	0	0	0	0	0	0	0	0	0	0	0	0	0	0	0	0	0	0	0	0	0	0	0	0	0	546	0	0	0	6736	0	690	0	19338	742	1474	0	26176	0	0	0	14466	0	0	0	130	0	352	0	0	0	240	0	3560	0	106	0	0	0	0	0	0	0	0	0	0	0	0	0	0	0	1594	0	0	0	2398	0	3550	0	0	0	0	0	3838	732	7782	0	0	0	0	0	0	0	0	0	0	0	906	0	0	0	0	0	
99540	Occipital_Inf_R	0	132	0	0	0	0	0	0	0	0	0	0	0	0	0	0	0	0	0	414	0	0	0	0	0	0	0	0	0	0	0	0	0	488	0	0	0	0	0	0	0	0	144	10084	0	1158	0	11056	0	1572	0	6706	0	0	0	5678	0	0	0	0	0	0	0	0	0	0	0	2680	0	364	0	0	0	0	0	0	0	0	0	0	0	0	0	0	0	1228	0	0	0	1796	392	0	0	0	0	0	802	1092	476	1332	0	0	0	0	252	0	0	0	0	0	1110	412	0	0	0	402	
327048	Fusiform_L	0	0	426	0	0	0	260	0	0	0	0	0	166	0	0	0	0	0	300	0	356	0	0	0	0	0	0	0	3604	0	0	0	0	0	0	0	8704	0	7008	0	3276	0	1844	0	668	0	14172	2152	100	0	5362	0	14466	0	0	390	0	0	0	0	0	0	0	0	0	0	1056	0	0	0	0	0	1410	0	0	0	0	0	0	0	2436	0	1568	0	4510	0	876	0	10672	0	18050	664	0	0	1028	0	20150	1646	30910	1300	88	0	0	0	132	0	0	0	0	0	2188	1586	0	0	0	0	
368560	Fusiform_R	0	0	0	180	0	0	0	0	0	0	0	184	0	0	0	0	0	0	0	248	0	0	0	0	0	0	0	0	0	2570	0	0	0	0	0	0	0	20336	0	16554	0	4464	0	2356	0	0	818	20220	0	132	0	2078	0	5678	390	0	0	0	0	0	0	0	0	0	0	0	0	0	0	0	0	0	0	2386	0	686	0	208	0	0	0	854	0	4582	0	4814	0	700	0	14842	1404	15488	106	0	0	3284	2276	17266	2662	22150	0	0	0	220	542	266	0	0	670	3398	5380	2890	0	0	0	998	
300244	Postcentral_L	33930	0	8008	0	0	0	650	0	0	0	2134	0	226	154	0	280	7732	0	4922	1270	0	0	0	0	0	0	0	0	7448	280	0	0	230	240	238	236	1840	224	0	0	0	0	0	0	0	0	0	0	0	0	3200	0	0	0	0	0	0	0	11040	0	24918	0	15860	0	6494	0	1584	0	3360	0	192	822	1866	0	0	0	470	366	2516	0	6770	0	0	0	454	0	0	0	168	0	0	0	0	0	0	0	0	0	0	0	0	0	0	0	0	0	0	0	0	0	0	0	0	0	0	0	
191816	Postcentral_R	0	13908	0	2082	0	0	0	694	0	0	0	3186	0	0	0	0	0	4022	0	2818	0	0	0	0	0	0	0	0	0	546	0	0	0	1510	0	0	0	134	0	0	0	0	0	1782	0	970	0	0	0	1628	0	1978	0	0	0	0	0	0	0	6630	0	15064	0	15606	0	1972	0	8482	130	5108	0	0	0	418	0	0	0	94	0	0	0	2096	0	0	0	3398	0	0	0	1510	0	0	0	0	0	0	0	0	0	0	0	0	0	0	0	0	0	0	0	0	142	0	0	0	0	0	
165732	Parietal_Sup_L	608	0	0	0	0	0	0	0	0	0	0	0	0	0	0	0	912	0	100	228	0	0	0	0	0	0	0	0	132	0	0	0	0	162	0	0	0	0	0	0	0	0	686	0	2070	0	220	0	4976	0	16722	0	130	0	0	0	11040	0	0	140	19428	0	1220	0	5978	0	10400	296	1028	0	0	0	0	0	0	0	0	0	108	0	4886	0	0	0	1272	0	0	0	124	0	0	0	0	0	0	0	0	0	0	0	0	0	0	0	0	0	0	0	0	0	0	0	0	0	0	0	
103172	Parietal_Sup_R	0	132	0	0	0	0	0	0	0	0	0	0	0	0	0	0	0	0	0	94	0	0	0	0	0	0	0	0	0	0	0	0	0	0	0	0	0	0	0	0	0	0	0	84	0	896	0	0	0	5134	0	3750	0	0	0	0	0	6630	140	0	0	12376	0	4038	0	6788	1724	7844	0	986	0	0	0	0	0	0	0	0	0	0	0	728	0	0	0	92	0	0	0	150	0	0	0	0	0	0	0	0	0	0	0	0	0	0	0	0	0	0	0	0	0	0	0	0	0	0	
281960	Parietal_Inf_L	5394	0	120	0	0	0	0	0	0	0	0	0	0	0	0	0	1642	0	168	308	0	0	0	0	0	0	0	0	1332	0	0	0	0	198	120	0	220	0	0	0	0	0	458	0	656	0	490	0	934	0	20020	0	352	0	0	0	24918	0	19428	0	0	0	16958	0	26308	0	2572	0	636	0	0	106	264	0	0	0	0	0	652	0	5692	0	0	0	9834	0	0	0	1200	0	0	0	0	0	0	0	0	0	0	0	0	0	0	0	0	0	0	0	0	0	0	0	0	0	0	0	
148960	Parietal_Inf_R	0	428	0	108	0	0	0	94	0	0	0	108	0	0	0	0	0	102	0	348	0	0	0	0	0	0	0	0	0	0	0	0	0	0	0	0	0	0	0	0	0	0	0	128	0	0	0	0	0	3902	0	5814	0	0	0	0	0	15064	0	12376	0	0	0	13852	0	14890	0	618	0	250	0	0	0	0	0	0	0	0	0	0	0	2764	0	0	0	2644	0	0	0	990	0	0	0	0	0	0	0	0	0	0	0	0	0	0	0	0	0	0	0	0	0	0	0	0	0	0	
110928	SupraMarginal_L	3858	0	90	0	0	0	0	0	0	0	0	0	0	0	0	0	1398	0	104	188	0	0	0	0	0	0	0	0	902	0	0	0	0	88	0	0	120	0	0	0	0	0	0	0	0	0	0	0	0	0	1010	0	0	0	0	0	15860	0	1220	0	16958	0	0	0	5716	0	0	0	0	0	0	0	152	0	0	0	0	0	512	0	4188	0	0	0	3100	0	0	0	0	0	0	0	0	0	0	0	0	0	0	0	0	0	0	0	0	0	0	0	0	0	0	0	0	0	0	0	
128576	SupraMarginal_R	0	208	0	206	0	0	0	0	0	0	0	0	0	0	0	0	0	2590	0	292	0	0	0	0	0	0	0	0	0	0	0	0	0	0	0	0	0	0	0	0	0	0	0	180	0	0	0	0	0	240	0	1318	0	0	0	0	0	15606	0	4038	0	13852	0	0	0	7904	0	378	0	0	0	0	0	0	0	0	0	0	0	144	0	9860	0	0	0	5954	0	0	0	1518	0	0	0	0	0	0	0	0	0	0	0	0	0	0	0	0	0	0	0	0	0	0	0	0	0	0	
165016	Angular_L	594	0	0	0	0	0	0	0	0	0	0	0	0	0	0	0	582	0	0	182	0	0	0	0	0	0	0	0	110	0	0	0	0	128	114	0	0	0	0	0	0	0	428	0	666	0	364	0	0	0	16466	0	240	0	0	0	6494	0	5978	0	26308	0	5716	0	0	0	534	0	244	0	0	0	0	0	0	0	0	0	92	0	2856	0	0	0	13188	0	0	0	1224	0	0	0	0	0	0	0	0	0	0	0	0	0	0	0	0	0	0	0	0	0	0	0	0	0	0	0	
130228	Angular_R	0	86	0	0	0	0	0	0	0	0	0	0	0	0	0	0	0	0	0	100	0	0	0	0	0	0	0	0	0	0	0	0	0	0	0	0	0	0	0	0	0	0	0	142	0	0	0	0	0	4520	0	12882	0	0	0	0	0	1972	0	6788	0	14890	0	7904	0	0	0	192	0	0	0	0	0	0	0	0	0	0	0	0	0	7254	0	0	0	6152	0	0	0	2232	0	0	0	0	0	0	0	0	0	0	0	0	0	0	0	0	0	0	0	0	0	0	0	0	0	0	
227496	Precuneus_L	106	0	0	0	0	0	0	0	0	0	0	0	0	0	0	0	0	0	0	0	0	0	0	0	0	0	0	0	0	0	0	0	1404	568	5732	1266	2262	178	1506	0	0	0	18868	1570	9518	3820	11830	0	4228	2200	13516	1146	3560	0	1056	0	1584	0	10400	1724	2572	0	0	0	534	0	0	8568	1420	322	0	0	0	0	0	0	452	0	0	0	678	0	0	0	884	0	0	0	0	0	0	0	0	0	0	0	134	0	142	0	0	0	0	0	0	0	0	0	0	0	0	0	0	0	0	0	
317256	Precuneus_R	0	2230	0	428	0	0	0	0	0	0	0	0	0	0	0	0	0	0	0	2650	0	0	0	0	0	0	0	0	0	0	0	0	1624	7740	1380	6516	456	1444	132	1402	0	0	490	22894	1672	16386	0	4172	232	17860	0	18050	0	2680	0	0	0	8482	296	7844	0	618	0	378	0	192	8568	0	0	7780	0	0	0	0	0	0	102	500	0	0	0	0	0	0	0	6672	0	0	0	4088	0	0	0	0	0	0	0	240	0	0	0	0	0	0	0	0	0	0	0	0	2430	0	0	0	0	0	
81456	Paracentral_Lobule_L	11190	348	366	0	0	0	0	0	0	0	0	0	0	0	0	0	0	0	4096	3700	0	0	0	0	0	0	0	0	0	0	0	0	4528	1374	846	896	0	0	0	0	0	0	122	0	0	0	230	0	0	0	1894	0	106	0	0	0	3360	130	1028	0	636	0	0	0	244	0	1420	0	0	1666	0	616	0	0	0	0	482	404	0	0	390	0	0	0	562	0	0	0	94	0	0	0	0	0	0	0	0	0	0	0	0	0	0	0	0	0	0	0	0	0	0	0	0	0	0	0	
139304	Paracentral_Lobule_R	130	5686	0	0	0	0	0	0	0	0	0	0	0	0	0	0	0	0	286	18158	0	0	0	0	0	0	0	0	0	0	0	0	1124	12428	236	5830	0	0	0	0	0	0	0	2532	0	918	0	0	0	1456	0	2050	0	364	0	0	0	5108	0	986	0	250	0	0	0	0	322	7780	1666	0	0	0	0	0	0	0	0	0	0	0	0	0	0	0	0	1196	0	0	0	964	0	0	0	0	0	0	0	0	0	0	0	0	0	0	0	0	0	0	0	0	182	0	0	0	0	0	
177652	Caudate_L	836	0	4278	312	2032	428	3044	230	230	0	0	0	288	1452	2438	2714	0	0	4098	3100	7928	5824	1268	0	752	438	1632	784	4766	1834	4244	2878	306	590	0	0	230	0	316	0	246	0	0	0	0	0	0	0	0	0	0	0	0	0	0	0	192	0	0	0	0	0	0	0	0	0	0	0	0	0	0	10598	12124	1666	404	0	3662	494	170	0	0	0	0	0	0	0	0	0	0	0	0	0	0	0	0	0	0	0	0	0	0	0	0	0	0	0	0	0	0	0	0	0	0	0	0	0	
458692	Caudate_R	1860	242	6074	9606	0	6346	3176	1460	0	1144	128	862	692	13328	102	18392	222	232	10558	24392	3444	10184	962	4222	0	2948	0	5966	4940	13366	2400	13910	766	2034	0	0	966	0	0	0	0	114	0	0	0	0	0	0	0	0	0	0	0	0	0	0	822	0	0	0	106	0	0	0	0	0	0	0	616	0	10598	0	5270	22934	480	2094	1700	18942	746	0	0	0	0	0	0	0	0	0	0	0	0	0	0	0	0	0	0	0	0	0	0	0	0	0	0	0	0	0	0	0	0	0	0	0	0	0	
343456	Putamen_L	2738	216	25436	180	2400	378	4494	0	2210	0	1444	0	3582	370	9018	1184	1420	0	18592	936	4956	3294	1756	0	470	368	1468	664	21078	1038	2990	1198	482	210	632	584	15570	668	2686	216	860	0	0	0	0	0	106	216	0	0	0	0	0	0	1410	0	1866	0	0	0	264	0	152	0	0	0	0	0	0	0	12124	5270	0	532	6914	0	4102	336	440	0	1382	0	828	0	0	0	0	0	0	0	0	0	0	0	0	0	0	0	0	0	0	0	0	0	0	0	0	0	0	0	0	0	0	0	0	0	
339584	Putamen_R	0	698	124	16758	0	7872	0	4026	0	880	0	5880	0	4768	0	5248	0	4748	5004	12880	706	3734	116	4280	0	1580	0	3008	0	21416	582	9850	114	1382	0	0	0	11054	0	3682	0	1572	0	0	0	0	0	570	0	0	0	0	0	0	0	2386	0	418	0	0	0	0	0	0	0	0	0	0	0	0	1666	22934	532	0	0	5880	0	2440	0	0	0	522	0	86	0	0	0	0	0	396	0	0	0	0	0	0	0	0	0	0	0	0	0	0	0	0	0	0	0	0	0	0	0	0	0	0	
51800	Pallidum_L	0	0	6858	0	0	0	0	0	0	0	0	0	0	0	0	0	162	0	6828	510	0	0	0	0	0	0	0	0	0	0	0	0	0	0	0	0	1164	0	178	0	0	0	0	0	0	0	0	0	0	0	0	0	0	0	0	0	0	0	0	0	0	0	0	0	0	0	0	0	0	0	404	480	6914	0	0	0	2230	172	0	0	0	0	0	0	0	0	0	0	0	0	0	0	0	0	0	0	0	0	0	0	0	0	0	0	0	0	0	0	0	0	0	0	0	0	0	0	
44140	Pallidum_R	0	0	0	4790	0	0	0	696	0	0	0	632	0	0	0	0	0	546	216	2626	0	0	0	0	0	0	0	0	0	540	0	0	0	0	0	0	0	1990	0	1208	0	0	0	0	0	0	0	84	0	0	0	0	0	0	0	686	0	0	0	0	0	0	0	0	0	0	0	0	0	0	0	2094	0	5880	0	0	0	82	0	0	0	0	0	0	0	0	0	0	0	0	0	0	0	0	0	0	0	0	0	0	0	0	0	0	0	0	0	0	0	0	0	0	0	0	0	0	
132980	Thalamus_L	2000	90	7102	430	0	0	0	0	0	0	0	0	0	0	0	0	266	0	10356	9142	0	0	0	0	0	0	0	0	596	0	0	0	1480	1938	3626	3438	4028	2440	230	610	0	0	374	0	0	0	442	402	0	0	0	0	0	0	0	0	470	0	0	0	0	0	0	0	0	0	452	102	482	0	3662	1700	4102	0	2230	0	0	3630	136	0	288	0	0	0	0	0	0	0	0	0	0	0	0	0	0	0	0	126	0	0	0	0	0	0	0	0	0	0	0	120	0	0	0	0	0	0	
160824	Thalamus_R	368	0	282	5206	0	0	0	372	0	0	0	308	0	620	0	640	0	684	774	29112	0	0	0	0	0	0	0	0	0	896	0	0	0	0	1852	2508	1190	5080	0	1678	0	132	0	0	0	0	0	526	0	0	0	0	0	0	0	208	366	94	0	0	0	0	0	0	0	0	0	500	404	0	494	18942	336	2440	172	82	3630	0	0	0	0	80	0	0	0	0	0	0	0	290	0	0	0	0	0	0	0	146	0	0	0	0	0	0	0	0	0	0	0	0	0	0	0	0	0	0	
66704	Heschl_L	4236	86	966	0	0	0	0	0	0	0	690	0	96	218	0	328	3666	0	448	184	0	0	0	0	0	0	0	0	8996	328	0	0	0	0	0	0	4220	0	0	0	0	0	0	0	0	0	0	0	0	0	82	0	0	0	0	0	2516	0	108	0	652	0	512	0	92	0	0	0	0	0	170	746	440	0	0	0	136	0	0	0	1966	0	0	0	1110	0	0	0	360	0	0	0	0	0	0	0	0	0	0	0	0	0	0	0	0	0	0	0	0	0	0	0	0	0	0	0	
18108	Heschl_R	0	0	0	0	0	0	0	0	0	0	0	0	0	0	0	0	0	782	0	478	0	0	0	0	0	0	0	0	0	1738	0	0	0	0	0	0	0	0	0	0	0	0	0	0	0	0	0	0	0	0	0	0	0	0	0	0	0	0	0	0	0	0	0	144	0	0	0	0	0	0	0	0	0	0	0	0	0	0	0	0	0	3544	0	108	0	1036	0	0	0	1224	0	0	0	0	0	0	0	0	0	0	0	0	0	0	0	0	0	0	0	0	0	0	0	0	0	0	
236012	Temporal_Sup_L	3856	0	1766	0	0	0	2732	0	0	0	2076	0	398	0	0	0	8776	0	1444	0	98	0	0	0	0	0	0	0	8208	0	0	0	0	0	192	174	4106	168	1790	0	502	0	0	0	202	0	102	0	0	0	4578	0	0	0	2436	0	6770	0	4886	0	5692	0	4188	0	2856	0	678	0	390	0	0	0	1382	0	0	0	288	0	1966	0	0	0	2590	0	25644	0	118	0	16628	0	134	0	0	0	0	0	94	0	98	0	0	0	0	0	0	0	0	0	0	0	0	0	0	0	0	0	
112660	Temporal_Sup_R	0	402	0	686	0	0	0	194	0	0	0	778	0	0	0	0	0	2446	106	2138	0	0	0	0	0	0	0	0	0	3108	0	0	0	0	0	0	0	378	0	0	0	0	0	0	0	0	0	0	0	0	0	702	0	0	0	854	0	2096	0	728	0	2764	0	9860	0	7254	0	0	0	0	0	0	0	522	0	0	0	80	0	3544	0	0	0	2296	0	11280	0	260	0	3854	0	0	0	0	0	0	0	0	0	0	0	0	0	0	0	0	0	0	0	0	0	0	0	0	0	0	
66588	Temporal_Pole_Sup_L	0	0	662	0	0	0	450	0	0	0	1820	0	1028	0	2064	0	670	0	808	0	134	0	0	0	0	0	0	0	3184	0	0	0	0	0	0	0	316	0	122	0	396	0	0	0	0	0	0	0	0	0	0	0	0	0	1568	0	0	0	0	0	0	0	0	0	0	0	0	0	0	0	0	0	828	0	0	0	0	0	0	0	2590	0	0	0	5878	0	5302	0	5474	0	0	0	0	0	0	0	0	0	0	0	0	0	0	0	0	0	0	0	0	0	0	0	0	0	0	0	
38312	Temporal_Pole_Sup_R	0	0	0	0	0	0	0	0	0	0	0	0	0	0	0	0	0	236	0	0	0	106	0	0	0	0	0	0	0	360	0	0	0	0	0	0	0	448	0	788	0	1614	0	0	0	0	0	0	0	0	0	0	0	0	0	4582	0	0	0	0	0	0	0	0	0	0	0	0	0	0	0	0	0	86	0	0	0	0	0	108	0	2296	0	0	0	2350	0	3836	0	2346	0	0	0	0	0	0	0	0	0	0	0	0	0	0	0	0	0	0	0	0	0	0	0	0	0	0	
271724	Temporal_Mid_L	790	0	0	0	0	0	0	0	0	0	0	0	0	0	0	0	1834	0	0	0	0	0	0	0	0	0	0	0	312	0	0	0	0	0	186	0	1666	0	1868	0	0	0	1286	0	1974	0	4684	0	0	0	15558	0	1594	0	4510	0	454	0	1272	0	9834	0	3100	0	13188	0	884	0	562	0	0	0	0	0	0	0	0	0	1110	0	25644	0	5878	0	0	0	4426	0	32992	0	0	0	0	0	0	0	0	0	256	0	0	0	0	0	0	0	0	0	0	0	0	0	0	0	0	0	
209484	Temporal_Mid_R	0	602	0	526	0	0	0	0	0	0	0	0	0	0	0	0	0	128	92	3798	0	0	0	0	0	0	0	0	0	1234	0	0	0	418	0	0	0	486	0	274	0	0	0	6904	0	644	0	1088	0	1274	0	13360	0	1228	0	4814	0	3398	0	92	0	2644	0	5954	0	6152	0	6672	0	1196	0	0	0	0	0	0	0	0	0	1036	0	11280	0	2350	0	0	0	1248	0	25726	0	0	0	0	0	0	0	0	0	0	0	0	0	0	0	0	0	0	0	0	124	0	0	0	0	0	
28800	Temporal_Pole_Mid_L	0	0	0	0	0	0	0	0	0	0	0	0	0	0	0	0	0	0	0	0	0	0	0	0	0	0	0	0	0	0	0	0	0	0	0	0	0	0	0	0	0	0	0	0	0	0	0	0	0	0	0	0	0	0	876	0	0	0	0	0	0	0	0	0	0	0	0	0	0	0	0	0	0	0	0	0	0	0	0	0	118	0	5302	0	4426	0	0	0	3678	0	0	0	0	0	0	0	0	0	0	0	0	0	0	0	0	0	0	0	0	0	0	0	0	0	0	0	
14648	Temporal_Pole_Mid_R	0	0	0	0	0	0	0	0	0	0	0	0	0	0	0	0	0	0	0	0	0	0	0	0	0	0	0	0	0	0	0	0	0	0	0	0	0	0	0	138	0	0	0	0	0	0	0	0	0	0	0	0	0	0	0	700	0	0	0	0	0	0	0	0	0	0	0	0	0	0	0	0	0	0	0	0	0	0	0	0	0	260	0	3836	0	1248	0	0	0	1142	0	0	0	0	0	0	0	0	0	0	0	0	0	0	0	0	0	0	0	0	0	0	0	0	0	0	
188708	Temporal_Inf_L	204	0	0	0	0	0	0	0	0	0	0	0	0	0	0	0	1068	0	0	0	0	0	0	0	0	0	0	0	1770	0	0	0	0	0	0	0	4598	0	1000	0	990	0	314	0	518	0	2216	0	0	0	1248	0	2398	0	10672	0	168	0	124	0	1200	0	0	0	1224	0	0	0	94	0	0	0	0	0	0	0	0	0	360	0	16628	0	5474	0	32992	0	3678	0	0	0	3262	0	0	0	0	0	496	0	1658	0	0	0	0	0	0	0	0	0	0	0	0	0	0	0	0	0	
181280	Temporal_Inf_R	0	430	0	344	0	0	0	0	0	0	0	0	0	0	0	0	0	0	0	1848	0	0	0	0	0	0	0	0	0	2754	0	0	0	304	86	266	0	7250	0	3314	0	0	0	3114	0	120	0	1994	0	434	0	2604	0	1796	0	14842	0	1510	0	150	0	990	0	1518	0	2232	0	4088	0	964	0	0	0	396	0	0	0	290	0	1224	0	3854	0	2346	0	25726	0	1142	0	0	0	1800	0	0	0	0	0	182	0	610	0	0	0	0	0	0	0	0	0	0	118	0	0	0	0	0	
658424	Cerebelum_Crus1_L	0	0	0	0	0	0	0	0	0	0	0	0	0	0	0	0	0	0	0	0	0	0	0	0	0	0	0	0	92	0	0	0	0	0	0	0	260	0	810	0	0	0	0	0	0	0	2904	3400	0	0	550	0	3550	392	18050	1404	0	0	0	0	0	0	0	0	0	0	0	0	0	0	0	0	0	0	0	0	0	0	0	0	134	0	0	0	0	0	0	0	3262	0	0	8638	42022	8038	6480	210	32528	5270	79198	11228	14812	3268	23496	1846	15136	1186	750	0	184	790	8344	15284	10212	1866	1862	1756	
522580	Cerebelum_Crus1_R	0	0	0	0	0	0	0	0	0	0	0	0	0	0	0	0	0	0	0	0	0	0	0	0	0	0	0	0	0	0	0	0	0	0	0	0	0	112	0	338	0	0	0	0	0	0	488	1868	0	0	0	0	0	0	664	15488	0	0	0	0	0	0	0	0	0	0	0	0	0	0	0	0	0	0	0	0	0	0	0	0	0	0	0	0	0	0	0	0	0	1800	8638	0	4252	32310	312	9550	3672	28586	8316	63494	790	6208	276	23720	806	3548	0	94	2830	8382	9366	15242	5830	884	1430	1996	
420076	Cerebelum_Crus2_L	0	0	0	0	0	0	0	0	0	0	0	0	0	0	0	0	0	0	0	0	0	0	0	0	0	0	0	0	0	0	0	0	0	0	0	0	0	0	0	0	0	0	0	0	0	0	256	200	0	0	0	0	0	0	0	106	0	0	0	0	0	0	0	0	0	0	0	0	0	0	0	0	0	0	0	0	0	0	0	0	0	0	0	0	0	0	0	0	0	0	42022	4252	0	10080	0	94	1006	326	11642	2834	40968	5740	44782	1772	20812	596	506	0	0	0	204	6302	11448	2980	674	436	
291128	Cerebelum_Crus2_R	0	0	0	0	0	0	0	0	0	0	0	0	0	0	0	0	0	0	0	0	0	0	0	0	0	0	0	0	0	0	0	0	0	0	0	0	0	0	0	0	0	0	0	0	0	0	0	0	0	0	0	0	0	0	0	0	0	0	0	0	0	0	0	0	0	0	0	0	0	0	0	0	0	0	0	0	0	0	0	0	0	0	0	0	0	0	0	0	0	0	8038	32310	10080	0	0	404	0	214	2226	7614	4280	20338	2692	30706	166	4206	0	390	150	284	0	5112	12380	2710	1008	256	
61468	Cerebelum_3_L	0	0	0	0	0	0	0	0	0	0	0	0	0	0	0	0	0	0	0	0	0	0	0	0	0	0	0	0	0	0	0	0	0	0	0	0	90	0	180	0	0	0	0	0	0	0	168	0	0	0	0	0	0	0	1028	0	0	0	0	0	0	0	0	0	0	0	0	0	0	0	0	0	0	0	0	0	0	0	0	0	0	0	0	0	0	0	0	0	0	0	6480	312	0	0	0	0	9148	352	9012	318	228	0	374	0	520	0	0	0	748	1088	688	0	0	0	0	0	
124484	Cerebelum_3_R	0	0	0	0	0	0	0	0	0	0	0	0	0	0	0	0	0	0	0	0	0	0	0	0	0	0	0	0	0	0	0	0	0	0	0	0	0	98	0	98	0	0	0	0	0	0	0	394	0	0	0	0	0	0	0	3284	0	0	0	0	0	0	0	0	0	0	0	0	0	0	0	0	0	0	0	0	0	0	0	0	0	0	0	0	0	0	0	0	0	0	210	9550	94	404	0	0	354	12740	242	15924	0	0	0	586	0	1104	0	0	3900	9088	1780	992	0	0	242	1158	
401352	Cerebelum_4_5_L	0	0	0	0	0	0	0	0	0	0	0	0	0	0	0	0	0	0	0	0	0	0	0	0	0	0	0	0	88	0	0	0	0	0	0	0	372	0	792	0	0	0	166	0	0	0	6454	6660	0	0	368	0	3838	802	20150	2276	0	0	0	0	0	0	0	0	0	0	134	0	0	0	0	0	0	0	0	0	0	0	0	0	94	0	0	0	0	0	0	0	496	0	32528	3672	1006	0	9148	354	0	10364	52484	5938	964	0	2020	312	9308	1082	922	0	366	1088	17818	3796	0	0	172	4644	
374412	Cerebelum_4_5_R	0	0	0	0	0	0	0	0	0	0	0	0	0	0	0	0	0	0	0	0	0	0	0	0	0	0	0	0	0	0	0	0	0	0	132	160	130	802	0	1722	0	102	0	0	0	0	632	10554	0	0	0	0	732	1092	1646	17266	0	0	0	0	0	0	0	0	0	0	0	240	0	0	0	0	0	0	0	0	126	146	0	0	0	0	0	0	0	0	0	0	0	182	5270	28586	326	214	352	12740	10364	0	7354	41494	0	0	202	886	1448	2028	0	0	2864	10660	18920	3596	218	274	854	2892	
651064	Cerebelum_6_L	0	0	0	0	0	0	0	0	0	0	0	0	0	0	0	0	0	0	0	0	0	0	0	0	0	0	0	0	92	0	0	0	0	0	0	0	292	0	1096	0	0	0	220	0	80	0	11522	7096	98	0	3648	0	7782	476	30910	2662	0	0	0	0	0	0	0	0	0	0	142	0	0	0	0	0	0	0	0	0	0	0	0	0	98	0	0	0	256	0	0	0	1658	0	79198	8316	11642	2226	9012	242	52484	7354	0	14778	4772	546	7976	2406	10172	1656	664	92	184	856	12178	20006	4496	1838	2494	1816	
554788	Cerebelum_6_R	0	0	0	0	0	0	0	0	0	0	0	0	0	0	0	0	0	0	0	0	0	0	0	0	0	0	0	0	0	0	0	0	0	0	0	0	0	166	0	412	0	0	0	0	0	0	1772	6322	0	0	0	0	0	1332	1300	22150	0	0	0	0	0	0	0	0	0	0	0	0	0	0	0	0	0	0	0	0	0	0	0	0	0	0	0	0	0	0	0	0	0	610	11228	63494	2834	7614	318	15924	5938	41494	14778	0	0	236	208	7452	1222	4360	0	308	4116	11642	14880	23590	3472	1120	3316	3786	
263780	Cerebelum_7b_L	0	0	0	0	0	0	0	0	0	0	0	0	0	0	0	0	0	0	0	0	0	0	0	0	0	0	0	0	0	0	0	0	0	0	0	0	0	0	0	0	0	0	0	0	0	0	0	0	0	0	0	0	0	0	88	0	0	0	0	0	0	0	0	0	0	0	0	0	0	0	0	0	0	0	0	0	0	0	0	0	0	0	0	0	0	0	0	0	0	0	14812	790	40968	4280	228	0	964	0	4772	0	0	3516	36876	1774	13470	0	574	0	0	0	182	1242	4456	2898	0	0	
142192	Cerebelum_7b_R	0	0	0	0	0	0	0	0	0	0	0	0	0	0	0	0	0	0	0	0	0	0	0	0	0	0	0	0	0	0	0	0	0	0	0	0	0	0	0	0	0	0	0	0	0	0	0	0	0	0	0	0	0	0	0	0	0	0	0	0	0	0	0	0	0	0	0	0	0	0	0	0	0	0	0	0	0	0	0	0	0	0	0	0	0	0	0	0	0	0	3268	6208	5740	20338	0	0	0	0	546	236	3516	0	2988	16734	0	1926	0	0	0	0	0	708	5512	3018	358	0	
327012	Cerebelum_8_L	0	0	0	0	0	0	0	0	0	0	0	0	0	0	0	0	0	0	0	0	0	0	0	0	0	0	0	0	0	0	0	0	0	0	0	0	0	0	0	0	0	0	0	0	0	0	0	142	0	0	0	0	0	0	0	0	0	0	0	0	0	0	0	0	0	0	0	0	0	0	0	0	0	0	0	0	0	0	0	0	0	0	0	0	0	0	0	0	0	0	23496	276	44782	2692	374	0	2020	202	7976	208	36876	2988	0	2982	24528	534	1592	0	0	0	458	1616	3222	5334	854	354	
265140	Cerebelum_8_R	0	0	0	0	0	0	0	0	0	0	0	0	0	0	0	0	0	0	0	0	0	0	0	0	0	0	0	0	0	0	0	0	0	0	0	0	0	0	0	0	0	0	0	0	0	0	0	0	0	0	0	0	0	0	0	220	0	0	0	0	0	0	0	0	0	0	0	0	0	0	0	0	0	0	0	0	0	0	0	0	0	0	0	0	0	0	0	0	0	0	1846	23720	1772	30706	0	586	312	886	2406	7452	1774	16734	2982	0	1906	18154	0	958	366	442	552	4480	5600	4764	3192	760	
242424	Cerebelum_9_L	0	0	0	0	0	0	0	0	0	0	0	0	0	0	0	0	0	0	0	0	0	0	0	0	0	0	0	0	0	0	0	0	0	0	0	0	0	0	0	0	0	0	0	0	0	0	0	584	0	0	0	0	0	252	132	542	0	0	0	0	0	0	0	0	0	0	0	0	0	0	0	0	0	0	0	0	0	0	0	0	0	0	0	0	0	0	0	0	0	0	15136	806	20812	166	520	0	9308	1448	10172	1222	13470	0	24528	1906	0	2072	2388	0	0	0	2040	3308	1742	2406	2938	3314	
144600	Cerebelum_9_R	0	0	0	0	0	0	0	0	0	0	0	0	0	0	0	0	0	0	0	0	0	0	0	0	0	0	0	0	0	0	0	0	0	0	0	0	0	0	0	0	0	0	0	0	0	0	0	112	0	0	0	0	0	0	0	266	0	0	0	0	0	0	0	0	0	0	0	0	0	0	0	0	0	0	0	0	0	0	0	0	0	0	0	0	0	0	0	0	0	0	1186	3548	596	4206	0	1104	1082	2028	1656	4360	0	1926	534	18154	2072	0	0	1806	902	738	3026	6100	1054	3726	7416	4702	
15408	Cerebelum_10_L	0	0	0	0	0	0	0	0	0	0	0	0	0	0	0	0	0	0	0	0	0	0	0	0	0	0	0	0	0	0	0	0	0	0	0	0	0	0	0	0	0	0	0	0	0	0	0	0	0	0	0	0	0	0	0	0	0	0	0	0	0	0	0	0	0	0	0	0	0	0	0	0	0	0	0	0	0	0	0	0	0	0	0	0	0	0	0	0	0	0	750	0	506	0	0	0	922	0	664	0	574	0	1592	0	2388	0	0	0	0	0	0	0	0	0	0	308	
8848	Cerebelum_10_R	0	0	0	0	0	0	0	0	0	0	0	0	0	0	0	0	0	0	0	0	0	0	0	0	0	0	0	0	0	0	0	0	0	0	0	0	0	0	0	0	0	0	0	0	0	0	0	0	0	0	0	0	0	0	0	0	0	0	0	0	0	0	0	0	0	0	0	0	0	0	0	0	0	0	0	0	0	0	0	0	0	0	0	0	0	0	0	0	0	0	0	94	0	390	0	0	0	0	92	308	0	0	0	958	0	1806	0	0	0	0	0	230	82	164	300	0	
53928	Vermis_1_2	0	0	0	0	0	0	0	0	0	0	0	0	0	0	0	0	0	0	0	0	0	0	0	0	0	0	0	0	0	0	0	0	0	0	0	0	0	0	0	0	0	0	0	0	0	0	0	134	0	0	0	0	0	0	0	670	0	0	0	0	0	0	0	0	0	0	0	0	0	0	0	0	0	0	0	0	0	0	0	0	0	0	0	0	0	0	0	0	0	0	184	2830	0	150	748	3900	366	2864	184	4116	0	0	0	366	0	902	0	0	0	5978	2160	476	0	0	100	836	
122760	Vermis_3	0	0	0	0	0	0	0	0	0	0	0	0	0	0	0	0	0	0	0	0	0	0	0	0	0	0	0	0	0	0	0	0	0	0	0	0	0	0	118	0	0	0	0	0	0	0	0	1032	0	0	0	0	0	0	0	3398	0	0	0	0	0	0	0	0	0	0	0	0	0	0	0	0	0	0	0	0	120	0	0	0	0	0	0	0	0	0	0	0	0	0	790	8382	0	284	1088	9088	1088	10660	856	11642	0	0	0	442	0	738	0	0	5978	0	4558	448	0	0	0	670	
276780	Vermis_4_5	0	0	0	0	0	0	0	0	0	0	0	0	0	0	0	0	0	0	0	0	0	0	0	0	0	0	0	0	0	0	0	0	0	244	0	1226	0	116	0	114	0	0	0	404	0	134	1756	11866	0	0	90	0	906	1110	2188	5380	0	142	0	0	0	0	0	0	0	0	0	2430	0	182	0	0	0	0	0	0	0	0	0	0	0	0	0	0	0	124	0	0	0	118	8344	9366	204	0	688	1780	17818	18920	12178	14880	182	0	458	552	2040	3026	0	0	2160	4558	0	6562	0	0	546	5598	
311296	Vermis_6	0	0	0	0	0	0	0	0	0	0	0	0	0	0	0	0	0	0	0	0	0	0	0	0	0	0	0	0	0	0	0	0	0	0	0	0	0	0	0	0	0	0	0	0	0	0	2588	3786	0	0	0	0	0	412	1586	2890	0	0	0	0	0	0	0	0	0	0	0	0	0	0	0	0	0	0	0	0	0	0	0	0	0	0	0	0	0	0	0	0	0	0	15284	15242	6302	5112	0	992	3796	3596	20006	23590	1242	708	1616	4480	3308	6100	0	230	476	448	6562	0	9012	4130	6758	5396	
168808	Vermis_7	0	0	0	0	0	0	0	0	0	0	0	0	0	0	0	0	0	0	0	0	0	0	0	0	0	0	0	0	0	0	0	0	0	0	0	0	0	0	0	0	0	0	0	0	0	0	0	0	0	0	0	0	0	0	0	0	0	0	0	0	0	0	0	0	0	0	0	0	0	0	0	0	0	0	0	0	0	0	0	0	0	0	0	0	0	0	0	0	0	0	10212	5830	11448	12380	0	0	0	218	4496	3472	4456	5512	3222	5600	1742	1054	0	82	0	0	0	9012	0	3592	1830	246	
95740	Vermis_8	0	0	0	0	0	0	0	0	0	0	0	0	0	0	0	0	0	0	0	0	0	0	0	0	0	0	0	0	0	0	0	0	0	0	0	0	0	0	0	0	0	0	0	0	0	0	0	0	0	0	0	0	0	0	0	0	0	0	0	0	0	0	0	0	0	0	0	0	0	0	0	0	0	0	0	0	0	0	0	0	0	0	0	0	0	0	0	0	0	0	1866	884	2980	2710	0	0	0	274	1838	1120	2898	3018	5334	4764	2406	3726	0	164	0	0	0	4130	3592	0	5090	1076	
89300	Vermis_9	0	0	0	0	0	0	0	0	0	0	0	0	0	0	0	0	0	0	0	0	0	0	0	0	0	0	0	0	0	0	0	0	0	0	0	0	0	0	0	0	0	0	0	0	0	0	0	0	0	0	0	0	0	0	0	0	0	0	0	0	0	0	0	0	0	0	0	0	0	0	0	0	0	0	0	0	0	0	0	0	0	0	0	0	0	0	0	0	0	0	1862	1430	674	1008	0	242	172	854	2494	3316	0	358	854	3192	2938	7416	0	300	100	0	546	6758	1830	5090	0	3216	
