data	data	500516	253664	1.0127e+06	722792	144252	111460	442532	245756	55564	21108	325440	108368	226776	114904	177384	152512	335708	159928	783052	664144	136760	164660	226924	315772	29428	92240	67152	92412	578796	373240	286704	393740	116100	399944	137636	179524	258088	464120	156192	278560	34092	80316	288380	355180	198952	412088	417576	394028	204208	390924	637372	324852	180004	140876	457272	546616	316288	206800	165592	86872	275036	153652	90528	137076	150272	170428	268064	531952	157624	165416	370784	413028	352828	397920	66820	48136	193948	171260	110680	53876	209568	175260	98328	107472	443972	301768	28924	46400	306892	347096	451204	373276	257816	251952	27340	33860	331584	241572	565812	489748	261544	195896	349000	316048	126804	159368	35532	33804	27604	45064	282932	255772	214540	111172	109600	22560	
data	data	Precentral_L	Precentral_R	Frontal_Sup_L	Frontal_Sup_R	Frontal_Sup_Orb_L	Frontal_Sup_Orb_R	Frontal_Mid_L	Frontal_Mid_R	Frontal_Mid_Orb_L	Frontal_Mid_Orb_R	Frontal_Inf_Oper_L	Frontal_Inf_Oper_R	Frontal_Inf_Tri_L	Frontal_Inf_Tri_R	Frontal_Inf_Orb_L	Frontal_Inf_Orb_R	Rolandic_Oper_L	Rolandic_Oper_R	Supp_Motor_Area_L	Supp_Motor_Area_R	Olfactory_L	Olfactory_R	Frontal_Sup_Medial_L	Frontal_Sup_Medial_R	Frontal_Med_Orb_L	Frontal_Med_Orb_R	Rectus_L	Rectus_R	Insula_L	Insula_R	Cingulum_Ant_L	Cingulum_Ant_R	Cingulum_Mid_L	Cingulum_Mid_R	Cingulum_Post_L	Cingulum_Post_R	Hippocampus_L	Hippocampus_R	ParaHippocampal_L	ParaHippocampal_R	Amygdala_L	Amygdala_R	Calcarine_L	Calcarine_R	Cuneus_L	Cuneus_R	Lingual_L	Lingual_R	Occipital_Sup_L	Occipital_Sup_R	Occipital_Mid_L	Occipital_Mid_R	Occipital_Inf_L	Occipital_Inf_R	Fusiform_L	Fusiform_R	Postcentral_L	Postcentral_R	Parietal_Sup_L	Parietal_Sup_R	Parietal_Inf_L	Parietal_Inf_R	SupraMarginal_L	SupraMarginal_R	Angular_L	Angular_R	Precuneus_L	Precuneus_R	Paracentral_Lobule_L	Paracentral_Lobule_R	Caudate_L	Caudate_R	Putamen_L	Putamen_R	Pallidum_L	Pallidum_R	Thalamus_L	Thalamus_R	Heschl_L	Heschl_R	Temporal_Sup_L	Temporal_Sup_R	Temporal_Pole_Sup_L	Temporal_Pole_Sup_R	Temporal_Mid_L	Temporal_Mid_R	Temporal_Pole_Mid_L	Temporal_Pole_Mid_R	Temporal_Inf_L	Temporal_Inf_R	Cerebelum_Crus1_L	Cerebelum_Crus1_R	Cerebelum_Crus2_L	Cerebelum_Crus2_R	Cerebelum_3_L	Cerebelum_3_R	Cerebelum_4_5_L	Cerebelum_4_5_R	Cerebelum_6_L	Cerebelum_6_R	Cerebelum_7b_L	Cerebelum_7b_R	Cerebelum_8_L	Cerebelum_8_R	Cerebelum_9_L	Cerebelum_9_R	Cerebelum_10_L	Cerebelum_10_R	Vermis_1_2	Vermis_3	Vermis_4_5	Vermis_6	Vermis_7	Vermis_8	Vermis_9	Vermis_10	
500516	Precentral_L	0	7920	25524	3886	0	0	25464	2174	0	0	19336	134	1820	0	0	0	15622	144	11938	8252	0	0	144	0	0	0	0	0	7238	476	396	116	262	2320	4444	4020	3664	3834	380	346	0	0	0	0	0	0	206	0	0	0	2880	0	158	0	166	280	30456	160	690	0	4178	0	470	0	452	0	538	258	12704	918	4426	2742	2208	1070	422	188	14888	7960	2314	0	3474	0	0	0	4122	0	0	0	1902	174	0	0	0	0	0	0	0	0	0	0	0	0	0	0	0	0	0	0	0	0	0	0	0	0	0	0	
253664	Precentral_R	7920	0	3946	12528	0	0	722	12014	0	0	166	6760	0	1346	0	0	500	1918	5522	9200	0	0	0	0	0	0	0	0	274	470	0	0	240	2064	1110	1610	474	4214	0	256	0	0	0	1606	0	1896	0	202	0	1670	114	2512	0	302	0	320	1498	15212	0	0	0	2160	0	4440	0	498	0	3700	4202	2784	1552	836	258	258	0	0	540	2924	0	0	116	538	0	0	0	2160	0	0	0	1280	0	0	0	0	0	0	0	0	0	0	0	0	0	0	0	0	0	0	0	0	0	0	0	0	0	0	
1.0127e+06	Frontal_Sup_L	25524	3946	0	16128	5442	0	60156	5144	1352	0	23724	2050	21884	308	4746	342	18226	3042	106334	19032	222	0	27272	3020	304	150	108	0	43456	2912	11068	4386	1836	2156	310	602	3488	1180	1140	166	0	0	0	0	0	170	0	0	0	136	1988	134	0	0	454	0	12232	288	1012	0	1414	0	1076	190	1026	0	110	448	1180	526	10702	4780	21558	1496	6662	304	8032	832	3348	0	2714	178	346	0	888	0	0	0	968	0	0	0	0	0	0	0	0	0	0	0	0	0	0	0	0	0	0	0	0	0	0	0	0	0	0	0	
722792	Frontal_Sup_R	3886	12528	16128	0	194	4586	1896	40856	0	430	1494	4964	458	8960	0	3002	732	7318	21178	65364	160	668	7762	33218	140	1508	0	350	1610	12536	4292	25230	1700	15070	468	672	474	4542	0	500	0	0	0	116	0	554	0	0	0	524	0	270	0	0	0	236	870	3444	0	0	0	1808	0	2066	0	768	0	1602	1108	366	4108	11314	318	16318	0	2058	558	5396	0	328	168	508	0	118	0	918	0	0	0	680	0	0	0	0	0	0	0	0	0	0	0	0	0	0	0	0	0	0	0	0	0	0	0	0	0	0	
144252	Frontal_Sup_Orb_L	0	0	5442	194	0	230	1676	0	7296	0	1110	0	1848	0	10204	292	122	0	856	0	3814	1546	2446	546	1932	288	6042	486	6916	194	4478	360	0	0	0	0	0	0	0	0	0	0	0	0	0	0	0	0	0	0	0	0	0	0	0	0	0	0	0	0	0	0	0	0	0	0	0	0	0	0	4420	1350	6738	514	0	0	0	0	0	0	0	0	786	0	0	0	0	0	0	0	0	0	0	0	0	0	0	0	0	0	0	0	0	0	0	0	0	0	0	0	0	0	0	0	0	0	
111460	Frontal_Sup_Orb_R	0	0	0	4586	230	0	0	302	0	3268	0	0	0	0	412	4986	0	0	0	0	1058	3906	202	3054	0	7530	430	8832	0	1128	466	1780	0	0	0	0	0	0	0	0	0	172	0	0	0	0	0	0	0	0	0	0	0	0	0	0	0	0	0	0	0	0	0	0	0	0	0	0	0	0	1062	5472	564	5412	0	650	0	0	0	0	0	0	0	228	0	0	0	0	0	0	0	0	0	0	0	0	0	0	0	0	0	0	0	0	0	0	0	0	0	0	0	0	0	0	0	0	
442532	Frontal_Mid_L	25464	722	60156	1896	1676	0	0	356	1914	0	20238	0	26950	0	3340	0	10528	112	8470	3178	0	0	11064	242	0	0	0	0	15084	352	1252	138	342	162	478	742	952	860	0	108	0	0	0	0	0	0	0	0	0	0	936	0	0	0	0	0	6422	0	564	0	664	0	172	0	158	0	0	0	256	0	1102	950	740	592	266	124	5234	1572	2456	0	1032	0	0	0	758	0	0	0	492	0	0	0	0	0	0	0	0	0	0	0	0	0	0	0	0	0	0	0	0	0	0	0	0	0	0	0	
245756	Frontal_Mid_R	2174	12014	5144	40856	0	302	356	0	0	536	708	4762	260	8472	0	732	404	1882	5980	6390	0	0	1328	4628	0	0	0	0	716	5288	448	3124	202	2482	308	372	306	1714	0	0	0	0	0	0	0	0	0	0	0	0	0	0	0	0	0	0	776	584	0	0	0	502	0	602	0	0	0	258	0	0	2440	2022	124	1500	0	0	414	1476	0	0	0	118	0	0	0	174	0	0	0	0	0	0	0	0	0	0	0	0	0	0	0	0	0	0	0	0	0	0	0	0	0	0	0	0	0	0	
55564	Frontal_Mid_Orb_L	0	0	1352	0	7296	0	1914	0	0	0	0	0	1856	0	8266	196	0	0	0	0	718	584	0	0	0	0	1408	210	614	120	252	0	0	0	0	0	0	0	0	0	0	0	0	0	0	0	0	0	0	0	0	0	0	0	0	0	0	0	0	0	0	0	0	0	0	0	0	0	0	0	724	558	1364	350	0	0	0	0	0	0	0	0	0	0	0	0	0	0	0	0	0	0	0	0	0	0	0	0	0	0	0	0	0	0	0	0	0	0	0	0	0	0	0	0	0	0	
21108	Frontal_Mid_Orb_R	0	0	0	430	0	3268	0	536	0	0	0	0	0	134	0	4530	0	0	0	0	0	0	0	0	0	400	0	460	0	154	0	0	0	0	0	0	0	0	0	0	0	0	0	0	0	0	0	0	0	0	0	0	0	0	0	0	0	0	0	0	0	0	0	0	0	0	0	0	0	0	0	168	0	474	0	0	0	0	0	0	0	0	0	0	0	0	0	0	0	0	0	0	0	0	0	0	0	0	0	0	0	0	0	0	0	0	0	0	0	0	0	0	0	0	0	0	
325440	Frontal_Inf_Oper_L	19336	166	23724	1494	1110	0	20238	708	0	0	0	0	13706	0	402	0	19528	146	11736	318	0	0	1766	116	248	0	0	0	17850	200	2100	398	0	0	242	294	608	318	134	0	0	0	0	0	0	0	0	0	0	0	680	0	0	0	0	0	10368	0	308	0	640	0	312	0	162	0	0	0	0	0	1804	658	1554	346	234	0	1518	170	2646	0	2664	0	484	0	796	0	0	0	490	0	0	0	0	0	0	0	0	0	0	0	0	0	0	0	0	0	0	0	0	0	0	0	0	0	0	0	
108368	Frontal_Inf_Oper_R	134	6760	2050	4964	0	0	0	4762	0	0	0	0	0	7438	0	424	0	4970	2068	3496	0	0	0	824	0	0	0	0	0	6496	166	1354	0	206	0	0	0	178	0	0	0	0	0	0	0	0	0	0	0	0	0	0	0	0	0	0	0	1754	0	0	0	940	0	1092	0	0	0	152	0	0	648	746	0	2190	0	0	0	0	0	0	0	132	0	132	0	108	0	0	0	0	0	0	0	0	0	0	0	0	0	0	0	0	0	0	0	0	0	0	0	0	0	0	0	0	0	0	
226776	Frontal_Inf_Tri_L	1820	0	21884	458	1848	0	26950	260	1856	0	13706	0	0	0	9456	0	354	0	6334	0	0	0	2736	0	180	0	0	0	21808	0	2164	132	146	0	0	0	0	0	0	0	0	0	0	0	0	0	0	0	0	0	0	0	0	0	0	0	0	0	0	0	0	0	0	0	0	0	0	0	0	0	290	168	678	0	0	0	0	0	0	0	0	0	160	0	0	0	0	0	0	0	0	0	0	0	0	0	0	0	0	0	0	0	0	0	0	0	0	0	0	0	0	0	0	0	0	0	
114904	Frontal_Inf_Tri_R	0	1346	308	8960	0	0	0	8472	0	134	0	7438	0	0	0	3808	0	1122	292	3576	0	0	180	3552	0	226	0	0	0	8218	582	5948	0	526	0	0	0	0	0	0	0	0	0	0	0	0	0	0	0	0	0	0	0	0	0	0	0	346	0	0	0	0	0	0	0	0	0	112	0	0	186	1096	0	1024	0	0	0	0	0	0	0	0	0	0	0	0	0	0	0	0	0	0	0	0	0	0	0	0	0	0	0	0	0	0	0	0	0	0	0	0	0	0	0	0	0	0	
177384	Frontal_Inf_Orb_L	0	0	4746	0	10204	412	3340	0	8266	0	402	0	9456	0	0	680	0	0	482	0	5272	2604	498	0	120	0	3600	930	13068	312	3550	552	0	0	0	0	0	0	0	0	0	110	0	0	0	0	0	0	0	0	0	0	0	0	0	0	0	0	0	0	0	0	0	0	0	0	0	0	0	0	5958	2156	6866	894	0	0	0	0	0	0	684	0	3530	0	0	0	0	0	0	0	0	0	0	0	0	0	0	0	0	0	0	0	0	0	0	0	0	0	0	0	0	0	0	0	0	0	
152512	Frontal_Inf_Orb_R	0	0	342	3002	292	4986	0	732	196	4530	0	424	0	3808	680	0	0	2872	324	328	1628	4548	0	254	0	266	570	3838	0	16770	356	344	0	0	0	0	0	0	0	154	0	220	0	0	0	0	0	0	0	0	0	0	0	0	0	0	0	0	0	0	0	0	0	0	0	0	0	0	0	0	1984	4492	1114	5566	0	438	0	0	0	514	0	4040	0	6420	0	224	0	0	0	0	0	0	0	0	0	0	0	0	0	0	0	0	0	0	0	0	0	0	0	0	0	0	0	0	0	0	
335708	Rolandic_Oper_L	15622	500	18226	732	122	0	10528	404	0	0	19528	0	354	0	0	0	0	112	12962	366	0	0	0	0	0	0	0	0	25006	0	226	156	0	0	472	322	2338	304	804	0	0	0	0	0	0	0	0	0	0	0	1956	0	0	0	436	0	15762	0	712	0	1210	0	1206	0	156	0	312	0	906	0	1318	260	3426	146	470	0	1640	170	6294	0	11194	0	1326	0	6054	0	0	0	3816	0	0	0	0	0	0	0	0	0	0	0	0	0	0	0	0	0	0	0	0	0	0	0	0	0	0	0	
159928	Rolandic_Oper_R	144	1918	3042	7318	0	0	112	1882	0	0	146	4970	0	1122	0	2872	112	0	4258	6308	0	0	0	270	0	0	0	0	154	16466	120	276	0	134	0	0	0	2374	0	484	0	0	0	0	0	132	0	0	0	140	0	0	0	0	0	208	0	1908	0	0	0	112	0	1550	0	0	0	626	0	0	1260	1176	0	4624	0	258	114	0	0	3484	0	5936	0	2796	0	554	0	0	0	604	0	0	0	0	0	0	0	0	0	0	0	0	0	0	0	0	0	0	0	0	0	0	0	0	0	0	
783052	Supp_Motor_Area_L	11938	5522	106334	21178	856	0	8470	5980	0	0	11736	2068	6334	292	482	324	12962	4258	0	37954	0	0	5478	2950	200	0	0	0	24394	3964	9826	6958	9420	14316	1286	618	3092	1138	1094	178	0	0	0	0	0	208	0	0	176	160	1398	148	0	0	446	0	7694	862	522	0	636	252	198	332	784	0	292	508	5092	680	9136	4608	17024	2978	5322	268	3700	420	1828	0	1976	194	256	0	764	0	0	0	932	132	0	0	0	0	0	0	0	0	0	0	0	0	0	0	0	0	0	0	0	0	0	0	0	0	0	0	
664144	Supp_Motor_Area_R	8252	9200	19032	65364	0	0	3178	6390	0	0	318	3496	0	3576	0	328	366	6308	37954	0	0	0	1134	7714	0	0	0	0	236	7384	6182	15914	6218	40380	888	5058	172	3144	0	584	0	0	0	638	0	2738	0	0	0	1992	0	1620	0	0	0	320	482	5036	0	0	0	2170	0	2232	0	1138	570	7372	5266	11020	796	7210	0	12094	0	2198	134	5240	0	358	0	622	0	0	0	1142	0	0	0	914	0	0	0	0	0	0	0	0	0	0	0	0	0	0	0	0	0	0	0	0	0	0	0	0	0	0	
136760	Olfactory_L	0	0	222	160	3814	1058	0	0	718	0	0	0	0	0	5272	1628	0	0	0	0	0	7616	118	0	0	294	3664	2296	3996	872	3798	1484	0	0	0	0	454	0	146	0	824	428	0	0	0	0	0	0	0	0	0	0	0	0	148	0	0	0	0	0	0	0	0	0	0	0	0	0	0	0	12624	6244	6356	3216	0	0	0	0	0	0	0	0	930	0	0	0	0	0	0	0	0	0	0	0	0	0	0	0	0	0	0	0	0	0	0	0	0	0	0	0	0	0	0	0	0	0	
164660	Olfactory_R	0	0	0	668	1546	3906	0	0	584	0	0	0	0	0	2604	4548	0	0	0	0	7616	0	0	192	152	1356	2048	6252	764	4174	2470	2342	0	0	0	0	0	0	0	350	0	2104	0	0	0	0	0	0	0	0	0	0	0	0	0	0	0	0	0	0	0	0	0	0	0	0	0	0	0	0	11558	13100	6946	4732	718	480	0	136	0	0	0	0	254	730	0	0	0	0	0	0	0	0	0	0	0	0	0	0	0	0	0	0	0	0	0	0	0	0	0	0	0	0	0	0	0	0	
226924	Frontal_Sup_Medial_L	144	0	27272	7762	2446	202	11064	1328	0	0	1766	0	2736	180	498	0	0	0	5478	1134	118	0	0	15428	714	948	108	0	3754	536	10406	6646	2428	7610	0	0	0	0	0	0	0	0	0	0	0	0	0	0	0	0	0	0	0	0	0	0	0	0	0	0	0	0	0	0	0	0	0	0	0	0	896	214	1248	398	0	0	0	0	0	0	0	0	0	0	0	0	0	0	0	0	0	0	0	0	0	0	0	0	0	0	0	0	0	0	0	0	0	0	0	0	0	0	0	0	0	0	
315772	Frontal_Sup_Medial_R	0	0	3020	33218	546	3054	242	4628	0	0	116	824	0	3552	0	254	0	270	2950	7714	0	192	15428	0	1536	6216	0	392	314	2576	8138	31172	252	13976	0	0	0	0	0	0	0	0	0	0	0	0	0	0	0	0	0	0	0	0	0	0	0	0	0	0	0	0	0	0	0	0	0	0	0	0	2484	9170	0	5144	0	128	0	380	0	0	0	0	0	0	0	0	0	0	0	0	0	0	0	0	0	0	0	0	0	0	0	0	0	0	0	0	0	0	0	0	0	0	0	0	0	0	
29428	Frontal_Med_Orb_L	0	0	304	140	1932	0	0	0	0	0	248	0	180	0	120	0	0	0	200	0	0	152	714	1536	0	2316	980	204	376	0	2882	1436	0	0	0	0	0	0	0	0	0	0	0	0	0	0	0	0	0	0	0	0	0	0	0	0	0	0	0	0	0	0	0	0	0	0	0	0	0	0	272	206	516	0	0	0	0	0	0	0	0	0	0	0	0	0	0	0	0	0	0	0	0	0	0	0	0	0	0	0	0	0	0	0	0	0	0	0	0	0	0	0	0	0	0	0	
92240	Frontal_Med_Orb_R	0	0	150	1508	288	7530	0	0	0	400	0	0	0	226	0	266	0	0	0	0	294	1356	948	6216	2316	0	296	6160	0	200	2950	6570	0	0	0	0	0	0	0	0	0	0	0	0	0	0	0	0	0	0	0	0	0	0	0	0	0	0	0	0	0	0	0	0	0	0	0	0	0	0	268	4082	0	3724	0	372	0	0	0	0	0	0	0	0	0	0	0	0	0	0	0	0	0	0	0	0	0	0	0	0	0	0	0	0	0	0	0	0	0	0	0	0	0	0	0	0	
67152	Rectus_L	0	0	108	0	6042	430	0	0	1408	0	0	0	0	0	3600	570	0	0	0	0	3664	2048	108	0	980	296	0	1218	952	338	3434	648	0	0	0	0	0	0	0	0	0	0	0	0	0	0	0	0	0	0	0	0	0	0	0	0	0	0	0	0	0	0	0	0	0	0	0	0	0	0	4046	1620	1010	688	0	0	0	0	0	0	0	0	368	0	0	0	0	0	0	0	0	0	0	0	0	0	0	0	0	0	0	0	0	0	0	0	0	0	0	0	0	0	0	0	0	0	
92412	Rectus_R	0	0	0	350	486	8832	0	0	210	460	0	0	0	0	930	3838	0	0	0	0	2296	6252	0	392	204	6160	1218	0	0	1760	950	2996	0	0	0	0	0	0	0	0	0	0	0	0	0	0	0	0	0	0	0	0	0	0	0	0	0	0	0	0	0	0	0	0	0	0	0	0	0	0	2128	4062	900	1472	0	0	0	0	0	0	0	0	0	310	0	0	0	0	0	0	0	0	0	0	0	0	0	0	0	0	0	0	0	0	0	0	0	0	0	0	0	0	0	0	0	0	
578796	Insula_L	7238	274	43456	1610	6916	0	15084	716	614	0	17850	0	21808	0	13068	0	25006	154	24394	236	3996	764	3754	314	376	0	952	0	0	0	4636	662	188	0	886	804	10096	708	2814	0	1654	0	0	0	0	0	0	0	0	0	2724	0	176	0	3600	0	4844	0	746	0	1210	0	678	0	988	0	596	134	620	0	5498	1144	19708	134	590	0	2434	402	11330	0	6408	0	3410	0	4554	0	0	0	6442	0	0	0	0	0	0	0	0	0	0	0	0	0	0	0	0	0	0	0	0	0	0	0	0	0	0	0	
373240	Insula_R	476	470	2912	12536	194	1128	352	5288	120	154	200	6496	0	8218	312	16770	0	16466	3964	7384	872	4174	536	2576	0	200	338	1760	0	0	978	3276	0	1030	0	0	0	10118	0	2610	0	1398	0	0	0	154	0	0	0	164	0	134	0	0	0	2826	0	292	0	0	0	0	0	636	0	0	0	656	0	0	2986	4546	942	26350	0	434	156	132	0	5824	0	12402	0	6442	0	4460	0	0	0	3778	0	0	0	0	0	0	0	0	0	0	0	0	0	0	0	0	0	0	0	0	0	0	0	0	0	0	
286704	Cingulum_Ant_L	396	0	11068	4292	4478	466	1252	448	252	0	2100	166	2164	582	3550	356	226	120	9826	6182	3798	2470	10406	8138	2882	2950	3434	950	4636	978	0	18384	3510	5792	0	0	0	0	0	0	0	0	0	0	0	0	0	0	0	0	0	0	0	0	0	0	222	0	0	0	0	0	0	0	0	0	0	0	0	0	8700	5874	8332	3342	0	220	136	0	0	0	0	0	274	0	0	0	0	0	0	0	0	0	0	0	0	0	0	0	0	0	0	0	0	0	0	0	0	0	0	0	0	0	0	0	0	0	
393740	Cingulum_Ant_R	116	0	4386	25230	360	1780	138	3124	0	0	398	1354	132	5948	552	344	156	276	6958	15914	1484	2342	6646	31172	1436	6570	648	2996	662	3276	18384	0	974	17898	0	0	0	0	0	0	0	0	0	0	0	0	0	0	0	0	0	0	0	0	0	0	0	0	0	0	0	0	0	0	0	0	0	0	0	0	5122	19058	1402	8722	0	492	0	420	0	0	0	0	0	0	0	0	0	0	0	0	0	0	0	0	0	0	0	0	0	0	0	0	0	0	0	0	0	0	0	0	0	0	0	0	0	0	
116100	Cingulum_Mid_L	262	240	1836	1700	0	0	342	202	0	0	0	0	146	0	0	0	0	0	9420	6218	0	0	2428	252	0	0	0	0	188	0	3510	974	0	8770	3888	222	0	0	0	0	0	0	618	0	954	222	0	0	2448	0	2406	0	0	0	0	0	326	0	616	0	154	0	0	0	0	0	3636	946	4238	326	224	0	200	0	0	0	0	0	0	0	0	0	0	0	138	0	0	0	0	0	0	0	0	0	0	0	0	0	0	0	0	0	0	0	0	0	0	0	0	0	0	0	0	0	0	0	
399944	Cingulum_Mid_R	2320	2064	2156	15070	0	0	162	2482	0	0	0	206	0	526	0	0	0	134	14316	40380	0	0	7610	13976	0	0	0	0	0	1030	5792	17898	8770	0	1756	7206	0	234	0	0	0	0	0	3060	0	5412	0	212	0	1974	0	2424	0	0	0	0	0	5846	0	0	0	950	0	572	0	1342	1058	14330	3012	14432	0	0	0	520	0	0	0	0	0	0	0	204	0	0	0	400	0	0	0	136	0	0	0	0	0	0	0	0	0	0	0	0	0	0	0	0	0	0	0	0	0	0	0	0	0	0	
137636	Cingulum_Post_L	4444	1110	310	468	0	0	478	308	0	0	242	0	0	0	0	0	472	0	1286	888	0	0	0	0	0	0	0	0	886	0	0	0	3888	1756	0	9090	7530	4576	2736	1110	0	0	1730	0	562	0	2876	342	398	0	1226	0	0	0	386	482	504	0	176	0	162	0	0	0	0	0	5888	938	4892	280	0	0	0	118	0	0	2340	1918	708	0	234	0	0	0	410	0	0	0	156	514	0	0	0	0	0	0	0	0	0	0	0	0	0	0	0	0	0	0	0	0	0	0	0	0	0	0	
179524	Cingulum_Post_R	4020	1610	602	672	0	0	742	372	0	0	294	0	0	0	0	0	322	0	618	5058	0	0	0	0	0	0	0	0	804	0	0	0	222	7206	9090	0	6426	9730	1728	2112	0	0	0	1074	0	1114	1278	1698	0	174	112	842	0	0	314	920	228	1178	0	0	0	236	0	160	0	256	1378	8722	674	4358	0	0	150	180	0	0	5556	4296	552	0	230	0	0	0	216	414	0	0	0	1624	0	0	0	0	0	0	0	0	0	0	0	0	0	0	0	0	0	0	0	0	200	0	0	0	0	0	
258088	Hippocampus_L	3664	474	3488	474	0	0	952	306	0	0	608	0	0	0	0	0	2338	0	3092	172	454	0	0	0	0	0	0	0	10096	0	0	0	0	0	7530	6426	0	5478	17400	1408	7148	114	1450	0	0	0	6968	670	0	0	1336	0	526	0	9636	524	784	0	222	0	518	0	122	0	236	0	3042	1152	134	0	212	0	5714	224	258	0	5972	2366	1776	0	2286	0	558	0	3714	0	0	0	6124	506	0	0	0	0	0	0	228	0	164	0	0	0	0	0	0	0	0	0	0	0	0	0	0	0	0	0	
464120	Hippocampus_R	3834	4214	1180	4542	0	0	860	1714	0	0	318	178	0	0	0	0	304	2374	1138	3144	0	0	0	0	0	0	0	0	708	10118	0	0	0	234	4576	9730	5478	0	1770	34704	0	11896	0	3208	0	1146	1316	7048	0	1230	0	928	0	698	414	28128	328	236	0	0	0	130	0	984	0	378	116	8834	0	196	282	354	176	14046	0	1028	6084	7832	432	1798	180	5782	0	428	182	8684	0	330	0	25430	0	0	0	0	0	0	0	494	0	0	0	0	0	0	0	0	0	0	0	0	186	0	0	0	0	0	
156192	ParaHippocampal_L	380	0	1140	0	0	0	0	0	0	0	134	0	0	0	0	0	804	0	1094	0	146	0	0	0	0	0	0	0	2814	0	0	0	0	0	2736	1728	17400	1770	0	704	2026	0	1738	0	204	0	8534	350	0	0	3294	0	2490	0	12062	208	112	0	0	0	0	0	0	0	0	0	2014	282	0	0	162	0	2404	0	0	0	1386	438	0	0	326	0	378	0	1336	0	328	0	4108	264	660	0	0	0	0	0	914	0	936	0	0	0	0	0	110	0	0	0	0	0	182	0	0	0	0	0	
278560	ParaHippocampal_R	346	256	166	500	0	0	108	0	0	0	0	0	0	0	0	154	0	484	178	584	0	350	0	0	0	0	0	0	0	2610	0	0	0	0	1110	2112	1408	34704	704	0	0	9946	0	3086	0	814	488	9320	0	894	0	810	0	660	180	25638	0	110	0	0	0	0	0	264	0	310	0	5660	0	0	0	114	0	4174	0	824	728	1984	0	588	0	2536	0	3360	0	2452	0	1770	0	14654	0	126	0	0	0	124	0	1474	0	294	0	0	0	0	0	0	0	0	0	0	124	0	0	0	0	0	
34092	Amygdala_L	0	0	0	0	0	0	0	0	0	0	0	0	0	0	0	0	0	0	0	0	824	0	0	0	0	0	0	0	1654	0	0	0	0	0	0	0	7148	0	2026	0	0	0	0	0	0	0	0	0	0	0	0	0	0	0	3088	0	0	0	0	0	0	0	0	0	0	0	0	0	0	0	726	0	212	0	0	0	0	0	0	0	0	0	510	0	0	0	150	0	708	0	0	0	0	0	0	0	0	0	0	0	0	0	0	0	0	0	0	0	0	0	0	0	0	0	0	0	
80316	Amygdala_R	0	0	0	0	0	172	0	0	0	0	0	0	0	0	110	220	0	0	0	0	428	2104	0	0	0	0	0	0	0	1398	0	0	0	0	0	0	114	11896	0	9946	0	0	0	0	0	0	0	0	0	0	0	0	0	0	0	6316	0	0	0	0	0	0	0	0	0	0	0	0	0	0	1128	1362	808	788	0	0	0	0	0	0	0	0	0	1746	0	192	0	222	0	940	0	0	0	0	0	0	0	268	0	0	0	0	0	0	0	0	0	0	0	0	0	0	0	0	0	0	
288380	Calcarine_L	0	0	0	0	0	0	0	0	0	0	0	0	0	0	0	0	0	0	0	0	0	0	0	0	0	0	0	0	0	0	0	0	618	0	1730	0	1450	0	1738	0	0	0	0	8404	11704	4998	20610	3814	14550	3192	36982	1628	7868	176	3684	438	0	0	0	0	0	0	0	0	0	0	11256	150	128	0	0	0	0	0	0	0	0	0	0	0	0	0	0	0	4940	0	0	0	1252	0	0	0	0	0	0	0	824	262	456	184	0	0	0	0	0	0	0	0	0	0	904	250	0	0	0	0	
355180	Calcarine_R	0	1606	0	116	0	0	0	0	0	0	0	0	0	0	0	0	0	0	0	638	0	0	0	0	0	0	0	0	0	0	0	0	0	3060	0	1074	0	3208	0	3086	0	0	8404	0	4210	23374	1016	26932	0	19824	312	20896	0	4152	0	9984	0	2970	0	150	0	254	0	240	0	436	600	22356	0	3080	0	0	0	316	0	0	0	0	0	0	0	648	0	0	0	8074	0	0	0	5724	0	116	0	0	0	0	0	200	0	136	0	0	0	0	0	0	0	0	0	0	270	128	0	0	0	0	
198952	Cuneus_L	0	0	0	0	0	0	0	0	0	0	0	0	0	0	0	0	0	0	0	0	0	0	0	0	0	0	0	0	0	0	0	0	954	0	562	0	0	0	204	0	0	0	11704	4210	0	9112	990	260	25260	3980	17126	534	554	0	160	0	0	0	2952	0	0	0	0	0	0	0	15688	1638	276	0	0	0	0	0	0	0	0	0	0	0	0	0	0	0	2460	0	0	0	852	0	0	0	0	0	0	0	0	0	0	0	0	0	0	0	0	0	0	0	0	0	0	0	0	0	0	0	
412088	Cuneus_R	0	1896	170	554	0	0	0	0	0	0	0	0	0	0	0	0	0	132	208	2738	0	0	0	0	0	0	0	0	0	154	0	0	222	5412	0	1114	0	1146	0	814	0	0	4998	23374	9112	0	268	5522	256	49880	0	15128	0	536	0	1884	0	4780	0	6496	0	2278	0	1240	0	2012	8884	42340	0	5114	0	0	0	0	0	0	0	0	0	176	0	1490	0	0	0	3316	0	0	0	2286	0	0	0	0	0	0	0	0	0	0	0	0	0	0	0	0	0	0	0	0	114	0	0	0	0	0	
417576	Lingual_L	206	0	0	0	0	0	0	0	0	0	0	0	0	0	0	0	0	0	0	0	0	0	0	0	0	0	0	0	0	0	0	0	0	0	2876	1278	6968	1316	8534	488	0	0	20610	1016	990	268	0	4874	3518	264	29530	222	17690	1478	24644	2560	0	0	0	0	0	0	0	0	0	0	5654	278	0	0	0	0	0	0	0	0	1044	286	0	0	0	0	0	0	1638	0	0	0	1364	160	4512	336	390	0	242	120	17822	3834	14918	3384	402	0	454	0	1950	974	244	0	206	344	12850	4118	146	0	710	1078	
394028	Lingual_R	0	202	0	0	0	0	0	0	0	0	0	0	0	0	0	0	0	0	0	0	0	0	0	0	0	0	0	0	0	0	0	0	0	212	342	1698	670	7048	350	9320	0	0	3814	26932	260	5522	4874	0	0	8616	156	10490	222	11432	1226	30468	0	258	0	0	0	0	0	0	0	0	254	10262	0	246	0	0	0	338	0	0	262	1258	0	0	0	108	0	0	0	2228	0	0	0	5080	1532	4340	252	138	0	0	3402	8648	4708	12766	276	0	418	0	192	0	0	0	0	166	7784	7312	932	0	0	0	
204208	Occipital_Sup_L	0	0	0	0	0	0	0	0	0	0	0	0	0	0	0	0	0	0	176	0	0	0	0	0	0	0	0	0	0	0	0	0	2448	0	398	0	0	0	0	0	0	0	14550	0	25260	256	3518	0	0	0	31688	0	1724	0	0	0	0	0	6144	0	646	0	0	0	0	0	13026	498	364	0	0	0	0	0	0	0	0	0	0	0	0	0	0	0	1048	0	0	0	360	0	0	0	0	0	0	0	0	0	0	0	0	0	0	0	0	0	0	0	0	0	0	0	0	0	0	0	
390924	Occipital_Sup_R	0	1670	136	524	0	0	0	0	0	0	0	0	0	0	0	0	0	140	160	1992	0	0	0	0	0	0	0	0	0	164	0	0	0	1974	0	174	0	1230	0	894	0	0	3192	19824	3980	49880	264	8616	0	0	0	26798	0	1590	0	2574	0	3854	0	8568	0	2904	0	1382	0	7170	3048	30402	0	3698	0	0	0	0	0	0	0	0	0	148	0	1238	0	0	0	4386	0	0	0	2648	0	0	0	0	0	0	0	124	0	0	0	0	0	0	0	0	0	0	0	0	116	0	0	0	0	0	
637372	Occipital_Mid_L	2880	114	1988	0	0	0	936	0	0	0	680	0	0	0	0	0	1956	0	1398	0	0	0	0	0	0	0	0	0	2724	0	0	0	2406	0	1226	112	1336	0	3294	0	0	0	36982	312	17126	0	29530	156	31688	0	0	0	23924	0	13488	0	4806	0	18702	0	27622	0	4078	0	18220	0	14798	0	5804	0	134	0	0	0	0	0	360	0	1556	0	3146	0	0	0	33998	0	0	0	7816	0	314	0	0	0	0	0	1378	0	892	0	0	0	0	0	0	0	0	0	0	0	592	214	0	0	0	0	
324852	Occipital_Mid_R	0	2512	134	270	0	0	0	0	0	0	0	0	0	0	0	0	0	0	148	1620	0	0	0	0	0	0	0	0	0	134	0	0	0	2424	0	842	0	928	0	810	0	0	1628	20896	534	15128	222	10490	0	26798	0	0	0	5472	0	4986	0	2418	0	1674	0	8288	0	1562	0	17614	380	13332	0	2838	0	0	0	126	0	0	0	0	0	138	0	908	0	0	0	14102	0	0	0	2528	0	0	0	0	0	0	0	156	0	108	0	0	0	0	0	0	0	0	0	0	154	124	0	0	0	0	
180004	Occipital_Inf_L	158	0	0	0	0	0	0	0	0	0	0	0	0	0	0	0	0	0	0	0	0	0	0	0	0	0	0	0	176	0	0	0	0	0	0	0	526	0	2490	0	0	0	7868	0	554	0	17690	222	1724	0	23924	0	0	0	17510	136	0	0	0	0	0	0	0	0	0	0	492	0	0	0	0	0	0	0	0	0	0	0	212	0	126	0	0	0	3314	0	0	0	4664	0	1518	0	0	0	0	0	1218	172	3856	212	0	0	0	0	0	0	0	0	0	0	608	632	0	0	0	0	
140876	Occipital_Inf_R	0	302	0	0	0	0	0	0	0	0	0	0	0	0	0	0	0	0	0	0	0	0	0	0	0	0	0	0	0	0	0	0	0	0	0	0	0	698	0	660	0	0	176	4152	0	536	1478	11432	0	1590	0	5472	0	0	576	13054	0	0	0	0	0	0	0	0	0	0	0	2148	0	0	0	0	0	0	0	0	0	0	0	0	0	332	0	0	0	2048	0	0	0	6540	280	1084	0	0	0	0	1756	3382	1722	5978	0	0	0	0	0	0	0	0	0	0	2932	1942	168	0	0	0	
457272	Fusiform_L	166	0	454	0	0	0	0	0	0	0	0	0	0	0	0	0	436	0	446	0	148	0	0	0	0	0	0	0	3600	0	0	0	0	0	386	314	9636	414	12062	180	3088	0	3684	0	160	0	24644	1226	0	0	13488	0	17510	576	0	830	0	0	0	0	0	0	0	0	0	0	678	0	0	0	0	0	1090	0	0	0	298	148	164	0	1588	0	3098	0	4626	0	1724	0	17938	0	25598	334	1632	0	444	0	19772	1744	39366	2050	1426	0	2758	0	742	174	382	0	0	0	5204	1780	250	0	180	0	
546616	Fusiform_R	280	320	0	236	0	0	0	0	0	0	0	0	0	0	0	0	0	208	0	320	0	0	0	0	0	0	0	0	0	2826	0	0	0	0	482	920	524	28128	208	25638	0	6316	438	9984	0	1884	2560	30468	0	2574	0	4986	136	13054	830	0	0	108	0	0	0	0	0	328	0	288	110	7038	0	0	0	0	0	3130	0	188	402	674	0	562	0	2722	0	6458	0	10320	0	4174	0	34934	466	14902	0	722	0	438	2240	13720	2404	22898	108	216	154	544	0	0	0	0	0	188	5436	3646	470	0	0	0	
316288	Postcentral_L	30456	1498	12232	870	0	0	6422	776	0	0	10368	0	0	0	0	0	15762	0	7694	482	0	0	0	0	0	0	0	0	4844	0	222	0	326	0	504	228	784	328	112	0	0	0	0	0	0	0	0	0	0	0	4806	0	0	0	0	0	0	0	7944	0	20026	0	5852	0	502	0	2696	0	6862	0	1842	456	876	262	172	0	1330	614	1566	0	5294	0	0	0	2152	0	0	0	984	0	0	0	0	0	0	0	0	0	0	0	0	0	0	0	0	0	0	0	0	0	0	0	0	0	0	0	
206800	Postcentral_R	160	15212	288	3444	0	0	0	584	0	0	0	1754	0	346	0	0	0	1908	862	5036	0	0	0	0	0	0	0	0	0	292	0	0	0	5846	0	1178	0	236	0	110	0	0	0	2970	0	4780	0	258	0	3854	0	2418	0	0	0	108	0	0	0	5394	0	6512	0	11492	0	2146	0	11150	0	11006	244	0	0	120	0	0	0	0	0	278	0	632	0	0	0	2234	0	0	0	548	0	0	0	0	0	0	0	0	0	0	0	0	0	0	0	0	0	0	0	0	0	0	0	0	0	0	
165592	Parietal_Sup_L	690	0	1012	0	0	0	564	0	0	0	308	0	0	0	0	0	712	0	522	0	0	0	0	0	0	0	0	0	746	0	0	0	616	0	176	0	222	0	0	0	0	0	0	0	2952	0	0	0	6144	0	18702	0	0	0	0	0	7944	0	0	0	18618	0	2650	0	1316	0	10414	0	3110	0	0	0	0	0	0	0	162	0	248	0	1248	0	0	0	2874	0	0	0	846	0	0	0	0	0	0	0	0	0	0	0	0	0	0	0	0	0	0	0	0	0	0	0	0	0	0	0	
86872	Parietal_Sup_R	0	0	0	0	0	0	0	0	0	0	0	0	0	0	0	0	0	0	0	0	0	0	0	0	0	0	0	0	0	0	0	0	0	0	0	0	0	0	0	0	0	0	0	150	0	6496	0	0	0	8568	0	1674	0	0	0	0	0	5394	0	0	0	4648	0	364	0	4474	554	9646	0	1468	0	0	0	0	0	0	0	0	0	0	0	0	0	0	0	0	0	0	0	0	0	0	0	0	0	0	0	0	0	0	0	0	0	0	0	0	0	0	0	0	0	0	0	0	0	0	
275036	Parietal_Inf_L	4178	0	1414	0	0	0	664	0	0	0	640	0	0	0	0	0	1210	0	636	0	0	0	0	0	0	0	0	0	1210	0	0	0	154	0	162	0	518	0	0	0	0	0	0	0	0	0	0	0	646	0	27622	0	0	0	0	0	20026	0	18618	0	0	0	10666	0	23962	0	2790	0	3214	0	206	0	0	0	0	0	386	0	434	0	2100	0	0	0	14812	0	0	0	1250	0	0	0	0	0	0	0	0	0	0	0	0	0	0	0	0	0	0	0	0	0	0	0	0	0	0	0	
153652	Parietal_Inf_R	0	2160	0	1808	0	0	0	502	0	0	0	940	0	0	0	0	0	112	252	2170	0	0	0	0	0	0	0	0	0	0	0	0	0	950	0	236	0	130	0	0	0	0	0	254	0	2278	0	0	0	2904	0	8288	0	0	0	0	0	6512	0	4648	0	0	0	12860	0	19152	0	5054	0	1664	0	0	0	0	0	0	0	0	0	0	0	202	0	0	0	2884	0	0	0	866	0	0	0	0	0	0	0	0	0	0	0	0	0	0	0	0	0	0	0	0	0	0	0	0	0	0	
90528	SupraMarginal_L	470	0	1076	0	0	0	172	0	0	0	312	0	0	0	0	0	1206	0	198	0	0	0	0	0	0	0	0	0	678	0	0	0	0	0	0	0	122	0	0	0	0	0	0	0	0	0	0	0	0	0	4078	0	0	0	0	0	5852	0	2650	0	10666	0	0	0	4670	0	0	0	380	0	0	0	0	0	0	0	0	0	380	0	5294	0	0	0	6444	0	0	0	616	0	0	0	0	0	0	0	0	0	0	0	0	0	0	0	0	0	0	0	0	0	0	0	0	0	0	0	
137076	SupraMarginal_R	0	4440	190	2066	0	0	0	602	0	0	0	1092	0	0	0	0	0	1550	332	2232	0	0	0	0	0	0	0	0	0	636	0	0	0	572	0	160	0	984	0	264	0	0	0	240	0	1240	0	0	0	1382	0	1562	0	0	0	328	0	11492	0	364	0	12860	0	0	0	7684	0	2446	0	274	110	0	0	0	0	0	0	0	0	540	0	4900	0	0	0	6318	0	0	0	1678	0	0	0	0	0	0	0	0	0	0	0	0	0	0	0	0	0	0	0	0	0	0	0	0	0	0	
150272	Angular_L	452	0	1026	0	0	0	158	0	0	0	162	0	0	0	0	0	156	0	784	0	0	0	0	0	0	0	0	0	988	0	0	0	0	0	0	0	236	0	0	0	0	0	0	0	0	0	0	0	0	0	18220	0	0	0	0	0	502	0	1316	0	23962	0	4670	0	0	0	0	0	1256	0	0	0	0	0	0	0	202	0	228	0	1738	0	0	0	18476	0	0	0	604	0	0	0	0	0	0	0	0	0	0	0	0	0	0	0	0	0	0	0	0	0	0	0	0	0	0	0	
170428	Angular_R	0	498	0	768	0	0	0	0	0	0	0	0	0	0	0	0	0	0	0	1138	0	0	0	0	0	0	0	0	0	0	0	0	0	1342	0	256	0	378	0	310	0	0	0	436	0	2012	0	0	0	7170	0	17614	0	0	0	288	0	2146	0	4474	0	19152	0	7684	0	0	0	4628	0	1488	0	0	0	0	0	0	0	0	0	0	0	2724	0	0	0	9762	0	0	0	946	0	0	0	0	0	0	0	0	0	0	0	0	0	0	0	0	0	0	0	0	0	0	0	0	0	0	
268064	Precuneus_L	538	0	110	0	0	0	0	0	0	0	0	0	0	0	0	0	312	0	292	570	0	0	0	0	0	0	0	0	596	0	0	0	3636	1058	5888	1378	3042	116	2014	0	0	0	11256	600	15688	8884	5654	254	13026	3048	14798	380	492	0	678	110	2696	0	10414	554	2790	0	0	0	0	0	0	10496	2526	572	0	0	0	0	0	0	144	0	440	0	182	0	0	0	4366	0	0	0	1406	0	0	0	0	0	0	0	704	116	218	0	0	0	0	0	436	116	0	0	0	0	998	224	0	0	0	216	
531952	Precuneus_R	258	3700	448	1602	0	0	0	258	0	0	0	152	0	112	0	0	0	626	508	7372	0	0	0	0	0	0	0	0	134	656	0	0	946	14330	938	8722	1152	8834	282	5660	0	0	150	22356	1638	42340	278	10262	498	30402	0	13332	0	2148	0	7038	0	11150	0	9646	0	5054	0	2446	0	4628	10496	0	200	13082	0	0	0	626	0	0	1220	520	0	482	0	2280	0	0	0	7586	0	0	0	8974	0	0	0	0	0	0	0	118	0	0	0	0	0	0	0	0	0	0	0	0	336	0	0	0	0	0	
157624	Paracentral_Lobule_L	12704	4202	1180	1108	0	0	256	0	0	0	0	0	0	0	0	0	906	0	5092	5266	0	0	0	0	0	0	0	0	620	0	0	0	4238	3012	4892	674	134	0	0	0	0	0	128	0	276	0	0	0	364	0	5804	0	0	0	0	0	6862	0	3110	0	3214	0	380	0	1256	0	2526	200	0	1370	0	0	0	0	0	0	0	120	158	0	2408	0	0	0	4790	0	0	0	1562	0	0	0	0	0	0	0	0	0	0	0	0	0	0	0	0	0	0	0	0	0	0	0	0	0	0	0	
165416	Paracentral_Lobule_R	918	2784	526	366	0	0	0	0	0	0	0	0	0	0	0	0	0	0	680	11020	0	0	0	0	0	0	0	0	0	0	0	0	326	14432	280	4358	0	196	0	0	0	0	0	3080	0	5114	0	246	0	3698	0	2838	0	0	0	0	0	11006	0	1468	0	1664	0	274	0	1488	572	13082	1370	0	0	0	0	0	0	0	0	172	0	0	0	192	0	0	0	418	0	0	0	140	0	0	0	0	0	0	0	0	0	0	0	0	0	0	0	0	0	0	0	0	0	0	0	0	0	0	
370784	Caudate_L	4426	1552	10702	4108	4420	1062	1102	2440	724	0	1804	648	290	186	5958	1984	1318	1260	9136	796	12624	11558	896	2484	272	268	4046	2128	5498	2986	8700	5122	224	0	0	0	212	282	162	0	726	1128	0	0	0	0	0	0	0	0	134	0	0	0	0	0	1842	244	0	0	206	0	0	110	0	0	0	0	0	0	0	23844	22666	8384	3996	1888	6048	1684	150	0	154	0	810	0	0	0	0	0	0	0	0	0	0	0	0	0	0	0	0	0	0	0	0	0	0	0	0	0	0	0	0	0	0	0	0	0	
413028	Caudate_R	2742	836	4780	11314	1350	5472	950	2022	558	168	658	746	168	1096	2156	4492	260	1176	4608	7210	6244	13100	214	9170	206	4082	1620	4062	1144	4546	5874	19058	0	0	0	0	0	354	0	114	0	1362	0	0	0	0	0	0	0	0	0	0	0	0	0	0	456	0	0	0	0	0	0	0	0	0	0	0	0	0	23844	0	9740	21870	2310	4554	3170	16208	0	0	0	0	166	284	0	0	0	0	0	0	0	0	0	0	0	0	0	0	0	0	0	0	0	0	0	0	0	0	0	0	0	0	0	0	0	0	
352828	Putamen_L	2208	258	21558	318	6738	564	740	124	1364	0	1554	0	678	0	6866	1114	3426	0	17024	0	6356	6946	1248	0	516	0	1010	900	19708	942	8332	1402	200	0	0	150	5714	176	2404	0	212	808	0	0	0	0	0	0	0	0	0	0	0	0	1090	0	876	0	0	0	0	0	0	0	0	0	0	0	0	0	22666	9740	0	5282	7632	1124	2640	204	336	0	554	0	1824	0	194	0	0	0	694	0	0	0	0	0	0	0	0	0	0	0	0	0	0	0	0	0	0	0	0	0	0	0	0	0	0	0	
397920	Putamen_R	1070	258	1496	16318	514	5412	592	1500	350	474	346	2190	0	1024	894	5566	146	4624	2978	12094	3216	4732	398	5144	0	3724	688	1472	134	26350	3342	8722	0	520	118	180	224	14046	0	4174	0	788	0	316	0	0	0	338	0	0	0	126	0	0	0	3130	262	120	0	0	0	0	0	0	0	0	0	626	0	0	8384	21870	5282	0	1036	4906	348	3468	0	712	0	2128	0	470	0	3760	0	0	0	5860	0	0	0	0	0	0	0	0	0	0	0	0	0	0	0	0	0	0	0	0	0	0	0	0	0	0	
66820	Pallidum_L	422	0	6662	0	0	0	266	0	0	0	234	0	0	0	0	0	470	0	5322	0	0	718	0	0	0	0	0	0	590	0	0	0	0	0	0	0	258	0	0	0	0	0	0	0	0	0	0	0	0	0	0	0	0	0	0	0	172	0	0	0	0	0	0	0	0	0	0	0	0	0	3996	2310	7632	1036	0	816	2164	342	0	0	0	0	0	0	0	0	0	0	0	0	0	0	0	0	0	0	0	0	0	0	0	0	0	0	0	0	0	0	0	0	0	0	0	0	0	0	
48136	Pallidum_R	188	0	304	2058	0	650	124	0	0	0	0	0	0	0	0	438	0	258	268	2198	0	480	0	128	0	372	0	0	0	434	220	492	0	0	0	0	0	1028	0	824	0	0	0	0	0	0	0	0	0	0	0	0	0	0	0	188	0	0	0	0	0	0	0	0	0	0	0	0	0	0	1888	4554	1124	4906	816	0	0	128	0	0	0	0	0	0	0	0	0	0	0	0	0	0	0	0	0	0	0	0	0	0	0	0	0	0	0	0	0	0	0	0	0	0	0	0	0	0	
193948	Thalamus_L	14888	540	8032	558	0	0	5234	414	0	0	1518	0	0	0	0	0	1640	114	3700	134	0	0	0	0	0	0	0	0	2434	156	136	0	0	0	2340	5556	5972	6084	1386	728	0	0	0	0	0	0	1044	262	0	0	360	0	0	0	298	402	1330	0	162	0	386	0	0	0	202	0	144	1220	0	0	6048	3170	2640	348	2164	0	0	12560	486	0	306	0	0	0	1110	0	0	0	652	116	0	0	0	0	0	0	0	0	0	0	0	0	0	0	0	0	0	0	0	0	0	0	0	0	0	0	
171260	Thalamus_R	7960	2924	832	5396	0	0	1572	1476	0	0	170	0	0	0	0	0	170	0	420	5240	0	136	0	380	0	0	0	0	402	132	0	420	0	0	1918	4296	2366	7832	438	1984	0	0	0	0	0	0	286	1258	0	0	0	0	0	0	148	674	614	0	0	0	0	0	0	0	0	0	0	520	120	172	1684	16208	204	3468	342	128	12560	0	228	0	120	0	0	0	126	0	0	0	0	306	0	0	0	0	0	0	0	0	0	0	0	0	0	0	0	0	0	0	0	0	0	0	0	0	0	0	
110680	Heschl_L	2314	0	3348	0	0	0	2456	0	0	0	2646	0	0	0	0	0	6294	0	1828	0	0	0	0	0	0	0	0	0	11330	0	0	0	0	0	708	552	1776	432	0	0	0	0	0	0	0	0	0	0	0	0	1556	0	212	0	164	0	1566	0	248	0	434	0	380	0	228	0	440	0	158	0	150	0	336	0	0	0	486	228	0	0	6218	0	0	0	5658	0	0	0	3194	0	0	0	0	0	0	0	0	0	0	0	0	0	0	0	0	0	0	0	0	0	0	0	0	0	0	0	
53876	Heschl_R	0	0	0	328	0	0	0	0	0	0	0	0	0	0	0	514	0	3484	0	358	0	0	0	0	0	0	0	0	0	5824	0	0	0	0	0	0	0	1798	0	588	0	0	0	0	0	176	0	0	0	148	0	138	0	0	0	562	0	278	0	0	0	0	0	540	0	0	0	482	0	0	0	0	0	712	0	0	0	0	0	0	0	7946	0	514	0	1596	0	0	0	952	0	0	0	0	0	0	0	0	0	0	0	0	0	0	0	0	0	0	0	0	0	0	0	0	0	0	
209568	Temporal_Sup_L	3474	116	2714	168	0	0	1032	0	0	0	2664	0	0	0	684	0	11194	0	1976	0	0	0	0	0	0	0	0	0	6408	0	0	0	0	0	234	230	2286	180	326	0	0	0	0	0	0	0	0	0	0	0	3146	0	126	0	1588	0	5294	0	1248	0	2100	0	5294	0	1738	0	182	0	2408	0	154	0	554	0	0	0	306	120	6218	0	0	0	6298	0	24616	0	0	0	9708	0	0	0	0	0	0	0	0	0	0	0	0	0	0	0	0	0	0	0	0	0	0	0	0	0	0	0	
175260	Temporal_Sup_R	0	538	178	508	0	0	0	118	0	0	0	132	0	0	0	4040	0	5936	194	622	0	0	0	0	0	0	0	0	0	12402	0	0	0	204	0	0	0	5782	0	2536	0	0	0	648	0	1490	0	108	0	1238	0	908	0	332	0	2722	0	632	0	0	0	202	0	4900	0	2724	0	2280	0	192	0	0	0	2128	0	0	0	0	0	7946	0	0	0	6974	0	14454	0	384	0	4178	0	0	0	0	0	0	0	0	0	0	0	0	0	0	0	0	0	0	0	0	0	0	0	0	0	0	
98328	Temporal_Pole_Sup_L	0	0	346	0	786	0	0	0	0	0	484	0	160	0	3530	0	1326	0	256	0	930	254	0	0	0	0	368	0	3410	0	274	0	0	0	0	0	558	0	378	0	510	0	0	0	0	0	0	0	0	0	0	0	0	0	3098	0	0	0	0	0	0	0	0	0	0	0	0	0	0	0	810	166	1824	0	0	0	0	0	0	0	6298	0	0	0	9810	0	3828	0	9760	0	0	0	0	0	0	0	0	0	0	0	0	0	0	0	0	0	0	0	0	0	0	0	0	0	0	0	
107472	Temporal_Pole_Sup_R	0	0	0	118	0	228	0	0	0	0	0	132	0	0	0	6420	0	2796	0	0	0	730	0	0	0	0	0	310	0	6442	0	0	0	0	0	0	0	428	0	3360	0	1746	0	0	0	0	0	0	0	0	0	0	0	0	0	6458	0	0	0	0	0	0	0	0	0	0	0	0	0	0	0	284	0	470	0	0	0	0	0	514	0	6974	0	0	0	5022	0	7226	0	4078	0	0	0	0	0	0	0	0	0	0	0	0	0	0	0	0	0	0	0	0	0	0	0	0	0	0	
443972	Temporal_Mid_L	4122	0	888	0	0	0	758	0	0	0	796	0	0	0	0	0	6054	0	764	0	0	0	0	0	0	0	0	0	4554	0	0	0	138	0	410	216	3714	182	1336	0	0	0	4940	0	2460	0	1638	0	1048	0	33998	0	3314	0	4626	0	2152	0	2874	0	14812	0	6444	0	18476	0	4366	0	4790	0	0	0	194	0	0	0	1110	126	5658	0	24616	0	9810	0	0	0	4082	0	46520	0	0	0	0	0	0	0	0	0	0	0	0	0	0	0	0	0	0	0	0	0	0	0	0	0	0	0	
301768	Temporal_Mid_R	0	2160	0	918	0	0	0	174	0	0	0	108	0	0	0	224	0	554	0	1142	0	0	0	0	0	0	0	0	0	4460	0	0	0	400	0	414	0	8684	0	2452	0	192	0	8074	0	3316	0	2228	0	4386	0	14102	0	2048	0	10320	0	2234	0	0	0	2884	0	6318	0	9762	0	7586	0	418	0	0	0	3760	0	0	0	0	0	1596	0	14454	0	5022	0	0	0	4444	0	26050	0	0	0	0	0	0	0	0	0	0	0	0	0	0	0	0	0	0	0	0	0	0	0	0	0	0	
28924	Temporal_Pole_Mid_L	0	0	0	0	0	0	0	0	0	0	0	0	0	0	0	0	0	0	0	0	0	0	0	0	0	0	0	0	0	0	0	0	0	0	0	0	0	0	328	0	150	0	0	0	0	0	0	0	0	0	0	0	0	0	1724	0	0	0	0	0	0	0	0	0	0	0	0	0	0	0	0	0	0	0	0	0	0	0	0	0	0	0	3828	0	4082	0	0	0	4350	0	0	0	0	0	0	0	0	0	0	0	0	0	0	0	0	0	0	0	0	0	0	0	0	0	0	0	
46400	Temporal_Pole_Mid_R	0	0	0	0	0	0	0	0	0	0	0	0	0	0	0	0	0	0	0	0	0	0	0	0	0	0	0	0	0	0	0	0	0	0	0	0	0	330	0	1770	0	222	0	0	0	0	0	0	0	0	0	0	0	0	0	4174	0	0	0	0	0	0	0	0	0	0	0	0	0	0	0	0	0	0	0	0	0	0	0	0	0	384	0	7226	0	4444	0	0	0	4650	0	0	0	0	0	0	0	0	0	0	0	0	0	0	0	0	0	0	0	0	0	0	0	0	0	0	
306892	Temporal_Inf_L	1902	0	968	0	0	0	492	0	0	0	490	0	0	0	0	0	3816	0	932	0	0	0	0	0	0	0	0	0	6442	0	0	0	0	0	156	0	6124	0	4108	0	708	0	1252	0	852	0	1364	0	360	0	7816	0	4664	0	17938	0	984	0	846	0	1250	0	616	0	604	0	1406	0	1562	0	0	0	694	0	0	0	652	0	3194	0	9708	0	9760	0	46520	0	4350	0	0	0	5136	0	348	0	0	0	382	0	3226	0	540	0	974	0	0	0	0	0	0	0	166	144	0	0	0	0	
347096	Temporal_Inf_R	174	1280	0	680	0	0	0	0	0	0	0	0	0	0	0	0	0	604	132	914	0	0	0	0	0	0	0	0	0	3778	0	0	0	136	514	1624	506	25430	264	14654	0	940	0	5724	0	2286	160	5080	0	2648	0	2528	0	6540	0	34934	0	548	0	0	0	866	0	1678	0	946	0	8974	0	140	0	0	0	5860	0	0	116	306	0	952	0	4178	0	4078	0	26050	0	4650	0	0	0	1320	0	0	0	0	0	478	0	770	0	0	0	0	0	0	0	0	0	0	108	0	0	0	0	0	
451204	Cerebelum_Crus1_L	0	0	0	0	0	0	0	0	0	0	0	0	0	0	0	0	0	0	0	0	0	0	0	0	0	0	0	0	0	0	0	0	0	0	0	0	0	0	660	0	0	0	0	0	0	0	4512	1532	0	0	314	0	1518	280	25598	466	0	0	0	0	0	0	0	0	0	0	0	0	0	0	0	0	0	0	0	0	0	0	0	0	0	0	0	0	0	0	0	0	5136	0	0	3642	28858	3392	560	112	11566	848	56088	5838	17948	2140	23878	4462	776	1512	208	578	0	0	2484	9618	8332	1268	1478	0	
373276	Cerebelum_Crus1_R	0	0	0	0	0	0	0	0	0	0	0	0	0	0	0	0	0	0	0	0	0	0	0	0	0	0	0	0	0	0	0	0	0	0	0	0	0	0	0	126	0	0	0	116	0	0	336	4340	0	0	0	0	0	1084	334	14902	0	0	0	0	0	0	0	0	0	0	0	0	0	0	0	0	0	0	0	0	0	0	0	0	0	0	0	0	0	0	0	0	0	1320	3642	0	2738	27878	0	1170	1082	13106	3162	48294	1642	11568	1398	21724	0	1604	0	654	154	782	2594	8914	10012	1058	904	0	
257816	Cerebelum_Crus2_L	0	0	0	0	0	0	0	0	0	0	0	0	0	0	0	0	0	0	0	0	0	0	0	0	0	0	0	0	0	0	0	0	0	0	0	0	0	0	0	0	0	0	0	0	0	0	390	252	0	0	0	0	0	0	1632	0	0	0	0	0	0	0	0	0	0	0	0	0	0	0	0	0	0	0	0	0	0	0	0	0	0	0	0	0	0	0	0	0	348	0	28858	2738	0	4396	0	0	1092	0	11222	2086	30214	2530	25780	4030	840	304	0	0	0	0	190	3070	7642	1046	248	0	
251952	Cerebelum_Crus2_R	0	0	0	0	0	0	0	0	0	0	0	0	0	0	0	0	0	0	0	0	0	0	0	0	0	0	0	0	0	0	0	0	0	0	0	0	0	0	0	0	0	0	0	0	0	0	0	138	0	0	0	0	0	0	0	722	0	0	0	0	0	0	0	0	0	0	0	0	0	0	0	0	0	0	0	0	0	0	0	0	0	0	0	0	0	0	0	0	0	0	3392	27878	4396	0	0	204	178	978	1288	7858	4592	26274	4310	28816	314	1024	0	364	0	192	456	1262	8924	1926	490	0	
27340	Cerebelum_3_L	0	0	0	0	0	0	0	0	0	0	0	0	0	0	0	0	0	0	0	0	0	0	0	0	0	0	0	0	0	0	0	0	0	0	0	0	0	0	0	0	0	0	0	0	0	0	242	0	0	0	0	0	0	0	444	0	0	0	0	0	0	0	0	0	0	0	0	0	0	0	0	0	0	0	0	0	0	0	0	0	0	0	0	0	0	0	0	0	0	0	560	0	0	0	0	0	4544	428	1368	472	0	0	0	0	478	362	0	0	1078	2002	1692	0	0	0	0	0	
33860	Cerebelum_3_R	0	0	0	0	0	0	0	0	0	0	0	0	0	0	0	0	0	0	0	0	0	0	0	0	0	0	0	0	0	0	0	0	0	0	0	0	0	0	0	124	0	0	0	0	0	0	120	0	0	0	0	0	0	0	0	438	0	0	0	0	0	0	0	0	0	0	0	0	0	0	0	0	0	0	0	0	0	0	0	0	0	0	0	0	0	0	0	0	0	0	112	1170	0	204	0	0	240	4490	272	4478	0	0	128	0	0	312	0	0	656	2428	1376	382	0	0	0	0	
331584	Cerebelum_4_5_L	0	0	0	0	0	0	0	0	0	0	0	0	0	0	0	0	0	0	0	0	0	0	0	0	0	0	0	0	0	0	0	0	0	0	0	0	228	0	914	0	0	0	824	0	0	0	17822	3402	0	0	1378	0	1218	1756	19772	2240	0	0	0	0	0	0	0	0	0	0	704	0	0	0	0	0	0	0	0	0	0	0	0	0	0	0	0	0	0	0	0	0	382	0	11566	1082	1092	178	4544	240	0	7264	34744	7944	1872	0	2822	134	5904	1946	1610	130	1246	1966	22660	3622	130	116	1272	1068	
241572	Cerebelum_4_5_R	0	0	0	0	0	0	0	0	0	0	0	0	0	0	0	0	0	0	0	0	0	0	0	0	0	0	0	0	0	0	0	0	0	0	0	0	0	494	0	1474	0	268	262	200	0	0	3834	8648	0	124	0	156	172	3382	1744	13720	0	0	0	0	0	0	0	0	0	0	116	118	0	0	0	0	0	0	0	0	0	0	0	0	0	0	0	0	0	0	0	0	0	478	848	13106	0	978	428	4490	7264	0	5032	31172	316	212	420	460	618	352	114	130	724	1926	14968	1790	248	0	0	0	
565812	Cerebelum_6_L	0	0	0	0	0	0	0	0	0	0	0	0	0	0	0	0	0	0	0	0	0	0	0	0	0	0	0	0	0	0	0	0	0	0	0	0	164	0	936	0	0	0	456	0	0	0	14918	4708	0	0	892	0	3856	1722	39366	2404	0	0	0	0	0	0	0	0	0	0	218	0	0	0	0	0	0	0	0	0	0	0	0	0	0	0	0	0	0	0	0	0	3226	0	56088	3162	11222	1288	1368	272	34744	5032	0	11640	8452	1390	15378	3382	4126	3828	1802	1128	706	900	15006	16450	6442	2224	3464	546	
489748	Cerebelum_6_R	0	0	0	0	0	0	0	0	0	0	0	0	0	0	0	0	0	0	0	0	0	0	0	0	0	0	0	0	0	0	0	0	0	0	0	0	0	0	0	294	0	0	184	136	0	0	3384	12766	0	0	0	108	212	5978	2050	22898	0	0	0	0	0	0	0	0	0	0	0	0	0	0	0	0	0	0	0	0	0	0	0	0	0	0	0	0	0	0	0	0	0	770	5838	48294	2086	7858	472	4478	7944	31172	11640	0	2022	4326	2844	11494	1080	3460	220	1716	982	2260	14348	16020	10736	2376	2428	0	
261544	Cerebelum_7b_L	0	0	0	0	0	0	0	0	0	0	0	0	0	0	0	0	0	0	0	0	0	0	0	0	0	0	0	0	0	0	0	0	0	0	0	0	0	0	0	0	0	0	0	0	0	0	402	276	0	0	0	0	0	0	1426	108	0	0	0	0	0	0	0	0	0	0	0	0	0	0	0	0	0	0	0	0	0	0	0	0	0	0	0	0	0	0	0	0	540	0	17948	1642	30214	4592	0	0	1872	316	8452	2022	0	2614	34866	4770	2908	1238	400	318	0	0	1030	2224	6220	3226	1148	0	
195896	Cerebelum_7b_R	0	0	0	0	0	0	0	0	0	0	0	0	0	0	0	0	0	0	0	0	0	0	0	0	0	0	0	0	0	0	0	0	0	0	0	0	0	0	0	0	0	0	0	0	0	0	0	0	0	0	0	0	0	0	0	216	0	0	0	0	0	0	0	0	0	0	0	0	0	0	0	0	0	0	0	0	0	0	0	0	0	0	0	0	0	0	0	0	0	0	2140	11568	2530	26274	0	0	0	212	1390	4326	2614	0	2728	30448	180	4548	0	168	0	0	0	836	5230	1932	608	0	
349000	Cerebelum_8_L	0	0	0	0	0	0	0	0	0	0	0	0	0	0	0	0	0	0	0	0	0	0	0	0	0	0	0	0	0	0	0	0	0	0	0	0	0	0	0	0	0	0	0	0	0	0	454	418	0	0	0	0	0	0	2758	154	0	0	0	0	0	0	0	0	0	0	0	0	0	0	0	0	0	0	0	0	0	0	0	0	0	0	0	0	0	0	0	0	974	0	23878	1398	25780	4310	0	128	2822	420	15378	2844	34866	2728	0	7930	17328	4094	1728	386	0	0	1332	3356	7150	7800	3954	132	
316048	Cerebelum_8_R	0	0	0	0	0	0	0	0	0	0	0	0	0	0	0	0	0	0	0	0	0	0	0	0	0	0	0	0	0	0	0	0	0	0	0	0	0	0	0	0	0	0	0	0	0	0	0	0	0	0	0	0	0	0	0	544	0	0	0	0	0	0	0	0	0	0	0	0	0	0	0	0	0	0	0	0	0	0	0	0	0	0	0	0	0	0	0	0	0	0	4462	21724	4030	28816	0	0	134	460	3382	11494	4770	30448	7930	0	778	14974	0	1292	0	0	230	2268	10708	6584	2996	0	
126804	Cerebelum_9_L	0	0	0	0	0	0	0	0	0	0	0	0	0	0	0	0	0	0	0	0	0	0	0	0	0	0	0	0	0	0	0	0	0	0	0	0	0	0	110	0	0	0	0	0	0	0	1950	192	0	0	0	0	0	0	742	0	0	0	0	0	0	0	0	0	0	0	436	0	0	0	0	0	0	0	0	0	0	0	0	0	0	0	0	0	0	0	0	0	0	0	776	0	840	314	478	0	5904	618	4126	1080	2908	180	17328	778	0	3408	4842	338	134	148	4798	3130	1018	2250	3648	928	
159368	Cerebelum_9_R	0	0	0	0	0	0	0	0	0	0	0	0	0	0	0	0	0	0	0	0	0	0	0	0	0	0	0	0	0	0	0	0	0	0	0	0	0	0	0	0	0	0	0	0	0	0	974	0	0	0	0	0	0	0	174	0	0	0	0	0	0	0	0	0	0	0	116	0	0	0	0	0	0	0	0	0	0	0	0	0	0	0	0	0	0	0	0	0	0	0	1512	1604	304	1024	362	312	1946	352	3828	3460	1238	4548	4094	14974	3408	0	1020	3018	1252	1132	2856	5408	3226	6542	9276	1724	
35532	Cerebelum_10_L	0	0	0	0	0	0	0	0	0	0	0	0	0	0	0	0	0	0	0	0	0	0	0	0	0	0	0	0	0	0	0	0	0	0	0	0	0	0	0	0	0	0	0	0	0	0	244	0	0	0	0	0	0	0	382	0	0	0	0	0	0	0	0	0	0	0	0	0	0	0	0	0	0	0	0	0	0	0	0	0	0	0	0	0	0	0	0	0	0	0	208	0	0	0	0	0	1610	114	1802	220	400	0	1728	0	4842	1020	0	202	0	0	1198	1408	200	588	1286	314	
33804	Cerebelum_10_R	0	0	0	0	0	0	0	0	0	0	0	0	0	0	0	0	0	0	0	0	0	0	0	0	0	0	0	0	0	0	0	0	0	0	0	0	0	0	0	0	0	0	0	0	0	0	0	0	0	0	0	0	0	0	0	0	0	0	0	0	0	0	0	0	0	0	0	0	0	0	0	0	0	0	0	0	0	0	0	0	0	0	0	0	0	0	0	0	0	0	578	654	0	364	0	0	130	130	1128	1716	318	168	386	1292	338	3018	202	0	0	0	0	1492	1424	1560	2004	0	
27604	Vermis_1_2	0	0	0	0	0	0	0	0	0	0	0	0	0	0	0	0	0	0	0	0	0	0	0	0	0	0	0	0	0	0	0	0	0	0	0	0	0	0	0	0	0	0	0	0	0	0	206	0	0	0	0	0	0	0	0	0	0	0	0	0	0	0	0	0	0	0	0	0	0	0	0	0	0	0	0	0	0	0	0	0	0	0	0	0	0	0	0	0	0	0	0	154	0	0	1078	656	1246	724	706	982	0	0	0	0	134	1252	0	0	0	4734	1692	238	0	0	0	0	
45064	Vermis_3	0	0	0	0	0	0	0	0	0	0	0	0	0	0	0	0	0	0	0	0	0	0	0	0	0	0	0	0	0	0	0	0	0	0	0	0	0	0	0	0	0	0	0	0	0	0	344	166	0	0	0	0	0	0	0	188	0	0	0	0	0	0	0	0	0	0	0	0	0	0	0	0	0	0	0	0	0	0	0	0	0	0	0	0	0	0	0	0	0	0	0	782	0	192	2002	2428	1966	1926	900	2260	0	0	0	0	148	1132	0	0	4734	0	3042	322	0	0	0	0	
