data	data	611156	332544	1.03194e+06	1.00514e+06	210024	103200	861296	328988	98308	23284	159996	189396	240352	130204	228196	80312	153484	99192	784648	820884	98308	116248	431116	301008	21144	55988	88740	56020	545828	248432	311732	451076	120760	570564	145976	176316	251720	256744	70024	121508	43240	61160	267688	349448	143516	281264	193648	279984	231872	282136	515976	218116	127024	64240	311716	303604	256168	317888	133216	113920	154472	91004	119520	89040	118256	76764	251116	343640	193224	279744	253704	419924	347244	316908	48084	26828	191344	178452	82940	21880	180844	70772	61524	66188	322148	144340	27620	36020	236020	140868	312960	390188	382368	316180	31224	42172	213108	163960	351356	346772	301092	177460	324640	317448	115340	107072	33656	9480	36848	76580	190356	166708	177732	157380	85632	19256	
data	data	Precentral_L	Precentral_R	Frontal_Sup_L	Frontal_Sup_R	Frontal_Sup_Orb_L	Frontal_Sup_Orb_R	Frontal_Mid_L	Frontal_Mid_R	Frontal_Mid_Orb_L	Frontal_Mid_Orb_R	Frontal_Inf_Oper_L	Frontal_Inf_Oper_R	Frontal_Inf_Tri_L	Frontal_Inf_Tri_R	Frontal_Inf_Orb_L	Frontal_Inf_Orb_R	Rolandic_Oper_L	Rolandic_Oper_R	Supp_Motor_Area_L	Supp_Motor_Area_R	Olfactory_L	Olfactory_R	Frontal_Sup_Medial_L	Frontal_Sup_Medial_R	Frontal_Med_Orb_L	Frontal_Med_Orb_R	Rectus_L	Rectus_R	Insula_L	Insula_R	Cingulum_Ant_L	Cingulum_Ant_R	Cingulum_Mid_L	Cingulum_Mid_R	Cingulum_Post_L	Cingulum_Post_R	Hippocampus_L	Hippocampus_R	ParaHippocampal_L	ParaHippocampal_R	Amygdala_L	Amygdala_R	Calcarine_L	Calcarine_R	Cuneus_L	Cuneus_R	Lingual_L	Lingual_R	Occipital_Sup_L	Occipital_Sup_R	Occipital_Mid_L	Occipital_Mid_R	Occipital_Inf_L	Occipital_Inf_R	Fusiform_L	Fusiform_R	Postcentral_L	Postcentral_R	Parietal_Sup_L	Parietal_Sup_R	Parietal_Inf_L	Parietal_Inf_R	SupraMarginal_L	SupraMarginal_R	Angular_L	Angular_R	Precuneus_L	Precuneus_R	Paracentral_Lobule_L	Paracentral_Lobule_R	Caudate_L	Caudate_R	Putamen_L	Putamen_R	Pallidum_L	Pallidum_R	Thalamus_L	Thalamus_R	Heschl_L	Heschl_R	Temporal_Sup_L	Temporal_Sup_R	Temporal_Pole_Sup_L	Temporal_Pole_Sup_R	Temporal_Mid_L	Temporal_Mid_R	Temporal_Pole_Mid_L	Temporal_Pole_Mid_R	Temporal_Inf_L	Temporal_Inf_R	Cerebelum_Crus1_L	Cerebelum_Crus1_R	Cerebelum_Crus2_L	Cerebelum_Crus2_R	Cerebelum_3_L	Cerebelum_3_R	Cerebelum_4_5_L	Cerebelum_4_5_R	Cerebelum_6_L	Cerebelum_6_R	Cerebelum_7b_L	Cerebelum_7b_R	Cerebelum_8_L	Cerebelum_8_R	Cerebelum_9_L	Cerebelum_9_R	Cerebelum_10_L	Cerebelum_10_R	Vermis_1_2	Vermis_3	Vermis_4_5	Vermis_6	Vermis_7	Vermis_8	Vermis_9	Vermis_10	
611156	Precentral_L	0	9924	26156	9012	0	0	60926	794	0	0	9318	152	1296	0	0	0	7732	142	12930	11928	0	0	0	0	0	0	0	0	7024	610	280	0	208	6382	6056	2988	8762	1774	720	310	96	0	98	120	0	596	0	0	210	642	3228	0	2160	0	2872	0	28302	2144	270	160	5434	0	2286	0	346	0	350	642	15876	5530	3512	0	5670	1290	4146	0	22386	672	2922	0	2570	0	0	0	4206	0	0	0	1418	0	0	0	0	0	0	0	0	0	0	0	0	0	0	0	0	0	0	0	0	0	0	0	0	0	0	0	
332544	Precentral_R	9924	0	3932	33128	0	0	3546	9270	0	0	0	4944	0	0	0	0	0	480	9372	7184	0	260	0	0	0	0	0	100	0	770	0	262	614	2536	546	2142	188	5074	0	0	0	0	0	1226	0	852	0	622	0	494	0	194	0	0	0	1094	658	16460	0	708	0	1078	0	1300	0	406	118	1856	6244	7228	866	8496	0	1588	0	424	1258	18176	0	0	0	116	0	0	0	178	0	0	0	360	0	0	0	0	0	0	0	0	0	0	0	0	0	0	0	0	0	0	0	0	0	0	0	0	0	0	
1.03194e+06	Frontal_Sup_L	26156	3932	0	15366	14636	0	84906	3012	3484	0	9636	162	8932	0	9512	0	7136	230	86220	22086	1262	152	53062	3236	470	0	1348	0	40562	684	20382	3488	7160	8454	2000	2022	6016	1222	276	240	406	0	0	0	0	0	0	0	0	0	112	0	448	0	846	0	4394	208	0	0	766	0	132	0	0	0	0	148	1348	972	9486	516	31510	688	4238	0	4954	406	3782	0	1824	0	758	0	292	0	0	0	296	0	0	0	0	0	0	0	0	0	0	0	0	0	0	0	0	0	0	0	0	0	0	0	0	0	0	0	
1.00514e+06	Frontal_Sup_R	9012	33128	15366	0	0	3166	4628	49308	0	0	622	8168	134	4374	110	1502	0	7666	35002	88772	0	460	10568	40090	0	1098	0	502	650	9006	3470	36438	778	29282	350	808	136	5760	0	120	0	0	0	458	0	364	0	124	252	360	680	0	0	0	0	0	938	4804	566	98	192	0	0	174	0	0	100	700	4004	1690	3228	34000	190	22416	0	2830	840	22880	0	106	0	0	0	102	0	0	0	0	0	0	0	0	0	0	0	0	0	0	0	0	0	0	0	0	0	0	0	0	0	0	0	0	0	0	0	0	
210024	Frontal_Sup_Orb_L	0	0	14636	0	0	0	4532	0	14402	0	0	0	812	0	14560	0	0	0	1526	0	4650	2276	4224	0	2364	0	11188	0	10292	0	3984	0	0	0	0	0	0	0	0	0	354	0	0	0	0	0	0	0	0	0	0	0	0	0	0	0	0	0	0	0	0	0	0	0	0	0	0	0	0	0	3918	1786	8428	100	0	0	0	0	0	0	0	0	980	0	0	0	0	0	0	0	0	0	0	0	0	0	0	0	0	0	0	0	0	0	0	0	0	0	0	0	0	0	0	0	0	0	
103200	Frontal_Sup_Orb_R	0	0	0	3166	0	0	0	2864	0	5032	0	0	0	0	0	5502	0	0	0	0	0	1444	144	3156	412	7152	0	7346	0	2236	896	1524	0	0	0	0	0	0	0	0	0	0	0	0	0	0	0	0	0	0	0	0	0	0	0	0	0	0	0	0	0	0	0	0	0	0	0	0	0	0	0	4032	0	6370	0	0	0	90	0	0	0	0	0	234	0	0	0	0	0	0	0	0	0	0	0	0	0	0	0	0	0	0	0	0	0	0	0	0	0	0	0	0	0	0	0	0	
861296	Frontal_Mid_L	60926	3546	84906	4628	4532	0	0	930	3368	0	14886	166	44104	0	18534	0	7104	188	21844	5866	412	0	23452	204	0	0	98	0	42794	556	9422	390	6442	2056	1896	2138	8002	1526	528	274	218	0	0	0	0	0	0	0	0	0	150	0	674	0	1026	0	5884	158	0	0	1682	0	408	0	0	0	178	234	1232	218	3538	130	10912	1504	3602	0	17230	580	3100	0	1450	0	312	0	210	0	0	0	300	0	0	0	0	0	0	0	0	0	0	0	0	0	0	0	0	0	0	0	0	0	0	0	0	0	0	0	
328988	Frontal_Mid_R	794	9270	3012	49308	0	2864	930	0	0	862	92	9476	0	13510	0	8686	0	2200	6616	13502	0	308	1118	6470	0	0	0	274	0	4546	708	4464	0	4072	118	176	0	2694	0	0	0	0	0	282	0	0	0	0	226	0	644	0	0	0	0	0	620	3608	540	0	148	148	0	300	0	0	0	306	0	0	1186	2218	0	4960	0	630	196	2300	0	0	0	0	0	112	0	0	0	0	0	0	0	0	0	0	0	0	0	0	0	0	0	0	0	0	0	0	0	0	0	0	0	0	0	0	0	0	
98308	Frontal_Mid_Orb_L	0	0	3484	0	14402	0	3368	0	0	0	0	0	1190	0	12158	0	0	0	0	0	1108	808	444	0	470	0	5044	0	1844	0	1116	0	0	0	0	0	0	0	0	0	0	0	0	0	0	0	0	0	0	0	0	0	0	0	0	0	0	0	0	0	0	0	0	0	0	0	0	0	0	0	974	528	2216	0	0	0	0	0	0	0	0	0	0	0	0	0	0	0	0	0	0	0	0	0	0	0	0	0	0	0	0	0	0	0	0	0	0	0	0	0	0	0	0	0	0	0	
23284	Frontal_Mid_Orb_R	0	0	0	0	0	5032	0	862	0	0	0	0	0	178	0	3058	0	0	0	0	0	102	0	0	0	316	0	1070	0	360	0	0	0	0	0	0	0	0	0	0	0	0	0	0	0	0	0	0	0	0	0	0	0	0	0	0	0	0	0	0	0	0	0	0	0	0	0	0	0	0	0	118	0	546	0	0	0	0	0	0	0	0	0	0	0	0	0	0	0	0	0	0	0	0	0	0	0	0	0	0	0	0	0	0	0	0	0	0	0	0	0	0	0	0	0	0	
159996	Frontal_Inf_Oper_L	9318	0	9636	622	0	0	14886	92	0	0	0	0	10328	0	254	0	7422	0	5986	616	0	0	576	0	0	0	0	0	11448	0	1104	0	326	0	0	0	524	0	0	0	0	0	0	0	0	0	0	0	0	0	0	0	0	0	138	0	1882	0	0	0	234	0	96	0	0	0	0	0	0	0	760	0	576	94	0	0	0	0	592	0	1920	0	112	0	366	0	0	0	90	0	0	0	0	0	0	0	0	0	0	0	0	0	0	0	0	0	0	0	0	0	0	0	0	0	0	0	
189396	Frontal_Inf_Oper_R	152	4944	162	8168	0	0	166	9476	0	0	0	0	0	11746	0	488	0	6730	2612	7634	0	0	1044	1272	0	0	0	0	0	13814	3340	8654	0	3614	146	166	96	840	0	90	0	0	0	116	0	0	0	0	0	0	0	0	0	0	0	134	0	3046	0	0	0	202	0	310	0	0	0	106	0	0	208	1140	0	3294	0	202	216	130	0	0	0	108	0	0	0	0	0	0	0	132	0	0	0	0	0	0	0	0	0	0	0	0	0	0	0	0	0	0	0	0	0	0	0	0	0	0	
240352	Frontal_Inf_Tri_L	1296	0	8932	134	812	0	44104	0	1190	0	10328	0	0	0	17086	0	796	0	2044	130	0	0	2732	0	0	0	0	0	26104	0	1378	0	2310	0	0	0	242	0	0	0	0	0	0	0	0	0	0	0	0	0	0	0	0	0	0	0	0	0	0	0	0	0	0	0	0	0	0	0	0	0	90	0	208	0	0	0	0	0	120	0	140	0	0	0	0	0	0	0	0	0	0	0	0	0	0	0	0	0	0	0	0	0	0	0	0	0	0	0	0	0	0	0	0	0	0	0	
130204	Frontal_Inf_Tri_R	0	0	0	4374	0	0	0	13510	0	178	0	11746	0	0	0	6536	0	424	1662	3150	0	0	510	984	0	0	0	0	0	15350	262	1822	0	2998	0	0	0	0	0	0	0	0	0	0	0	0	0	0	0	0	0	0	0	0	0	0	0	0	0	0	0	0	0	0	0	0	0	0	0	0	0	580	0	1016	0	0	0	0	0	0	0	0	0	0	0	0	0	0	0	0	0	0	0	0	0	0	0	0	0	0	0	0	0	0	0	0	0	0	0	0	0	0	0	0	0	0	
228196	Frontal_Inf_Orb_L	0	0	9512	110	14560	0	18534	0	12158	0	254	0	17086	0	0	0	0	0	818	0	3252	1996	2204	0	0	0	3198	0	16598	0	1452	0	1812	0	0	0	0	0	0	0	102	0	0	0	0	0	0	0	0	0	0	0	0	0	0	0	0	0	0	0	0	0	0	0	0	0	0	0	0	0	2928	1578	4264	0	0	0	0	0	0	0	0	0	1682	0	0	0	0	0	0	0	0	0	0	0	0	0	0	0	0	0	0	0	0	0	0	0	0	0	0	0	0	0	0	0	0	0	
80312	Frontal_Inf_Orb_R	0	0	0	1502	0	5502	0	8686	0	3058	0	488	0	6536	0	0	0	0	138	414	0	1124	0	0	0	0	0	1740	0	6950	0	202	0	206	0	0	0	0	0	0	0	0	0	0	0	0	0	0	0	0	0	0	0	0	0	0	0	0	0	0	0	0	0	0	0	0	0	0	0	0	0	1286	0	1884	0	0	0	92	0	0	0	0	0	348	0	0	0	0	0	0	0	0	0	0	0	0	0	0	0	0	0	0	0	0	0	0	0	0	0	0	0	0	0	0	0	0	
153484	Rolandic_Oper_L	7732	0	7136	0	0	0	7104	0	0	0	7422	0	796	0	0	0	0	0	4520	92	0	0	214	0	0	0	0	0	13174	0	0	0	116	0	0	0	890	0	0	0	0	0	0	0	0	0	0	0	0	0	200	0	240	0	652	0	6838	0	0	0	2382	0	3604	0	332	0	0	0	172	0	472	0	784	0	0	0	0	0	2780	0	7192	0	196	0	1166	0	0	0	536	0	0	0	0	0	0	0	0	0	0	0	0	0	0	0	0	0	0	0	0	0	0	0	0	0	0	0	
99192	Rolandic_Oper_R	142	480	230	7666	0	0	188	2200	0	0	0	6730	0	424	0	0	0	0	904	4612	0	0	116	0	0	0	0	0	0	9322	702	1184	0	264	242	252	94	946	0	0	0	0	0	0	0	0	0	0	0	0	0	0	0	0	0	0	0	3492	0	0	0	0	0	830	0	0	0	0	0	0	494	174	176	4300	0	0	404	520	0	1066	0	958	0	484	0	0	0	0	0	0	0	0	0	0	0	0	0	0	0	0	0	0	0	0	0	0	0	0	0	0	0	0	0	0	0	0	
784648	Supp_Motor_Area_L	12930	9372	86220	35002	1526	0	21844	6616	0	0	5986	2612	2044	1662	818	138	4520	904	0	56638	0	0	7576	1580	0	0	0	0	19188	2568	7368	6426	5860	28442	362	204	2494	164	116	0	128	0	0	360	0	706	0	0	0	652	0	0	164	0	380	0	2132	606	0	206	0	0	0	0	0	0	0	952	9624	5406	7220	3246	20964	1778	2140	0	540	126	1920	0	1312	0	144	0	248	0	0	0	190	0	0	0	0	0	0	0	0	0	0	0	0	0	0	0	0	0	0	0	0	0	0	0	0	0	0	0	
820884	Supp_Motor_Area_R	11928	7184	22086	88772	0	0	5866	13502	0	0	616	7634	130	3150	0	414	92	4612	56638	0	0	0	2874	10700	0	0	0	0	762	7062	1940	16608	3230	50390	580	608	0	1494	0	0	0	0	0	1544	0	3228	0	224	96	2758	0	430	0	0	0	0	270	4416	0	1128	0	100	0	142	0	90	222	4706	10662	15864	3314	21002	160	11912	0	2260	264	6778	0	0	0	0	0	0	0	0	0	0	0	0	0	0	0	0	0	0	0	0	0	0	0	0	0	0	0	0	0	0	0	0	0	0	0	0	0	0	
98308	Olfactory_L	0	0	1262	0	4650	0	412	0	1108	0	0	0	0	0	3252	0	0	0	0	0	0	6088	142	0	396	108	4186	0	3526	0	3218	1434	0	0	0	0	224	0	318	0	834	0	0	0	0	0	0	0	0	0	0	0	0	0	118	0	0	0	0	0	0	0	0	0	0	0	0	0	0	0	8838	4616	3164	726	0	0	0	0	0	0	0	0	534	0	0	0	0	0	0	0	0	0	0	0	0	0	0	0	0	0	0	0	0	0	0	0	0	0	0	0	0	0	0	0	0	0	
116248	Olfactory_R	0	260	152	460	2276	1444	0	308	808	102	0	0	0	0	1996	1124	0	0	0	0	6088	0	126	0	206	600	3294	2094	0	2312	2956	2676	0	0	0	0	0	0	0	188	0	362	0	0	0	0	0	0	0	0	0	0	0	0	0	0	0	0	0	0	0	0	0	0	0	0	0	0	0	0	9546	10022	5224	2586	0	408	0	316	0	0	0	0	0	190	0	0	0	0	0	0	0	0	0	0	0	0	0	0	0	0	0	0	0	0	0	0	0	0	0	0	0	0	0	0	0	0	
431116	Frontal_Sup_Medial_L	0	0	53062	10568	4224	144	23452	1118	444	0	576	1044	2732	510	2204	0	214	116	7576	2874	142	126	0	16380	1132	162	1220	114	3418	312	25914	17448	7852	17538	0	0	122	0	0	0	0	0	0	0	0	0	0	0	0	0	0	0	0	0	0	0	0	206	0	0	0	0	0	0	0	0	0	0	0	0	2070	3214	6246	992	0	0	0	0	92	0	0	0	0	0	0	0	0	0	0	0	0	0	0	0	0	0	0	0	0	0	0	0	0	0	0	0	0	0	0	0	0	0	0	0	0	0	
301008	Frontal_Sup_Medial_R	0	0	3236	40090	0	3156	204	6470	0	0	0	1272	0	984	0	0	0	0	1580	10700	0	0	16380	0	0	2880	0	286	0	1088	4130	26012	158	17370	0	0	0	0	0	0	0	0	0	0	0	0	0	0	0	0	0	0	0	0	0	0	0	0	0	0	0	0	0	0	0	0	0	0	0	0	0	7984	0	6524	0	0	0	0	0	0	0	0	0	0	0	0	0	0	0	0	0	0	0	0	0	0	0	0	0	0	0	0	0	0	0	0	0	0	0	0	0	0	0	0	0	0	
21144	Frontal_Med_Orb_L	0	0	470	0	2364	412	0	0	470	0	0	0	0	0	0	0	0	0	0	0	396	206	1132	0	0	624	1616	206	0	0	1826	0	0	0	0	0	0	0	0	0	0	0	0	0	0	0	0	0	0	0	0	0	0	0	0	0	0	0	0	0	0	0	0	0	0	0	0	0	0	0	550	0	300	0	0	0	0	0	0	0	0	0	0	0	0	0	0	0	0	0	0	0	0	0	0	0	0	0	0	0	0	0	0	0	0	0	0	0	0	0	0	0	0	0	0	0	
55988	Frontal_Med_Orb_R	0	0	0	1098	0	7152	0	0	0	316	0	0	0	0	0	0	0	0	0	0	108	600	162	2880	624	0	114	4964	0	0	906	2462	0	144	0	0	0	0	0	0	0	0	0	0	0	0	0	0	0	0	0	0	0	0	0	0	0	0	0	0	0	0	0	0	0	0	0	0	0	0	0	3476	0	2988	0	0	0	0	0	0	0	0	0	0	0	0	0	0	0	0	0	0	0	0	0	0	0	0	0	0	0	0	0	0	0	0	0	0	0	0	0	0	0	0	0	0	
88740	Rectus_L	0	0	1348	0	11188	0	98	0	5044	0	0	0	0	0	3198	0	0	0	0	0	4186	3294	1220	0	1616	114	0	116	182	0	3116	232	0	0	0	0	0	0	0	0	0	0	0	0	0	0	0	0	0	0	0	0	0	0	0	0	0	0	0	0	0	0	0	0	0	0	0	0	0	0	5170	2402	1732	0	0	0	0	0	0	0	0	0	114	0	0	0	0	0	0	0	0	0	0	0	0	0	0	0	0	0	0	0	0	0	0	0	0	0	0	0	0	0	0	0	0	0	
56020	Rectus_R	0	100	0	502	0	7346	0	274	0	1070	0	0	0	0	0	1740	0	0	0	0	0	2094	114	286	206	4964	116	0	0	1330	184	1456	0	216	0	0	0	0	0	0	0	0	0	0	0	0	0	0	0	0	0	0	0	0	0	0	0	0	0	0	0	0	0	0	0	0	0	0	0	0	0	3112	0	2794	0	0	0	106	0	0	0	0	0	0	0	0	0	0	0	0	0	0	0	0	0	0	0	0	0	0	0	0	0	0	0	0	0	0	0	0	0	0	0	0	0	0	
545828	Insula_L	7024	0	40562	650	10292	0	42794	0	1844	0	11448	0	26104	0	16598	0	13174	0	19188	762	3526	0	3418	0	0	0	182	0	0	0	2712	0	1778	202	0	0	14800	0	1326	0	3304	0	0	0	0	0	0	0	0	0	496	0	1234	0	5730	0	2100	0	0	0	1082	0	918	0	0	0	0	0	0	0	1802	0	15894	242	0	0	104	0	8402	0	5510	0	2684	0	744	0	90	0	4194	0	0	0	0	0	0	0	0	0	0	0	0	0	0	0	0	0	0	0	0	0	0	0	0	0	0	0	
248432	Insula_R	610	770	684	9006	0	2236	556	4546	0	360	0	13814	0	15350	0	6950	0	9322	2568	7062	0	2312	312	1088	0	0	0	1330	0	0	1184	2178	0	2716	1388	1482	926	4772	0	520	0	542	0	0	0	0	0	0	0	0	0	0	0	0	0	1798	0	840	0	0	0	0	0	0	0	0	0	0	0	0	320	1504	130	13866	0	0	1546	926	0	1322	0	2862	0	744	0	738	0	0	0	3036	0	0	0	0	0	0	0	0	0	0	0	0	0	0	0	0	0	0	0	0	0	0	0	0	0	0	
311732	Cingulum_Ant_L	280	0	20382	3470	3984	896	9422	708	1116	0	1104	3340	1378	262	1452	0	0	702	7368	1940	3218	2956	25914	4130	1826	906	3116	184	2712	1184	0	14744	3892	2530	548	0	102	0	0	0	0	0	0	0	0	0	0	0	0	0	0	0	0	0	0	0	0	0	0	0	0	0	0	0	0	0	0	0	0	0	11406	4012	11768	2778	0	136	0	0	0	0	0	0	0	0	0	0	0	0	0	0	0	0	0	0	0	0	0	0	0	0	0	0	0	0	0	0	0	0	0	0	0	0	0	0	0	0	
451076	Cingulum_Ant_R	0	262	3488	36438	0	1524	390	4464	0	0	0	8654	0	1822	0	202	0	1184	6426	16608	1434	2676	17448	26012	0	2462	232	1456	0	2178	14744	0	944	26382	0	0	0	144	0	0	0	0	0	0	0	0	0	0	0	0	0	0	0	0	0	0	0	472	0	0	0	0	0	0	0	0	0	0	0	0	3356	27634	1760	14414	0	198	0	130	0	0	0	0	0	0	0	0	0	0	0	0	0	0	0	0	0	0	0	0	0	0	0	0	0	0	0	0	0	0	0	0	0	0	0	0	0	0	
120760	Cingulum_Mid_L	208	614	7160	778	0	0	6442	0	0	0	326	0	2310	0	1812	0	116	0	5860	3230	0	0	7852	158	0	0	0	0	1778	0	3892	944	0	5112	2660	0	130	0	0	0	0	0	148	0	0	0	0	0	814	0	1148	0	0	0	0	0	544	106	1330	0	0	0	0	0	0	0	1568	228	2004	858	0	0	134	0	0	0	0	0	116	0	0	0	0	0	0	0	0	0	0	0	0	0	0	0	0	0	0	0	0	0	0	0	0	0	0	0	0	0	0	0	0	0	0	0	0	0	
570564	Cingulum_Mid_R	6382	2536	8454	29282	0	0	2056	4072	0	0	0	3614	0	2998	0	206	0	264	28442	50390	0	0	17538	17370	0	144	0	216	202	2716	2530	26382	5112	0	672	2614	0	136	0	0	0	0	0	2490	0	7644	0	492	0	5380	0	1292	0	144	0	0	92	5426	0	1724	0	118	0	0	0	122	492	10918	8524	17784	0	6168	0	2046	0	0	0	98	0	0	0	0	0	0	0	0	0	0	0	0	0	0	0	0	0	0	0	0	0	0	0	0	0	0	0	0	0	0	0	0	0	0	0	0	0	0	
145976	Cingulum_Post_L	6056	546	2000	350	0	0	1896	118	0	0	0	146	0	0	0	0	0	242	362	580	0	0	0	0	0	0	0	0	0	1388	548	0	2660	672	0	12524	8166	5600	2230	894	0	0	1640	0	90	0	750	260	144	0	168	0	0	0	0	352	1456	1360	0	0	0	0	0	0	0	0	4830	1322	4368	1086	0	0	0	588	0	0	6236	978	0	0	0	0	0	0	124	0	0	0	0	0	0	0	0	0	0	0	0	0	0	0	0	0	0	0	0	0	0	0	0	0	258	0	0	0	0	0	
176316	Cingulum_Post_R	2988	2142	2022	808	0	0	2138	176	0	0	0	166	0	0	0	0	0	252	204	608	0	0	0	0	0	0	0	0	0	1482	0	0	0	2614	12524	0	6170	9260	370	1022	0	0	0	1638	0	830	0	3960	0	760	0	488	0	0	0	1902	118	6170	0	486	0	184	0	0	0	176	1300	8518	264	4144	0	0	0	648	0	0	8160	2488	0	0	0	0	0	0	0	240	0	0	0	398	0	0	0	0	0	0	0	0	0	0	0	0	0	0	0	0	0	0	0	0	340	0	0	0	0	0	
251720	Hippocampus_L	8762	188	6016	136	0	0	8002	0	0	0	524	96	242	0	0	0	890	94	2494	0	224	0	122	0	0	0	0	0	14800	926	102	0	130	0	8166	6170	0	3292	10744	530	7316	0	1384	0	0	0	1562	218	0	0	0	0	1726	0	11468	0	292	180	0	0	0	0	0	0	0	0	3806	560	130	0	144	0	6060	302	854	0	5392	288	1922	0	2154	0	254	0	0	0	124	0	6470	0	0	0	0	0	0	0	210	0	204	0	0	0	0	0	0	0	0	0	0	0	190	0	0	0	0	0	
256744	Hippocampus_R	1774	5074	1222	5760	0	0	1526	2694	0	0	0	840	0	0	0	0	0	946	164	1494	0	0	0	0	0	0	0	0	0	4772	0	144	0	136	5600	9260	3292	0	0	16660	0	8088	0	432	0	0	0	1836	0	0	0	0	0	0	0	20592	116	1618	0	0	0	90	0	152	0	0	0	2622	0	582	0	0	0	6826	0	502	6108	5418	0	940	0	2032	0	446	0	1690	0	0	0	6638	0	0	0	0	0	0	0	286	0	0	0	0	0	0	0	0	0	0	0	0	0	0	0	0	0	0	
70024	ParaHippocampal_L	720	0	276	0	0	0	528	0	0	0	0	0	0	0	0	0	0	0	116	0	318	0	0	0	0	0	0	0	1326	0	0	0	0	0	2230	370	10744	0	0	0	2592	0	1582	0	0	0	2872	0	0	0	118	0	272	0	3918	0	0	0	0	0	0	0	0	0	0	0	3564	0	0	0	0	0	462	0	0	0	0	0	354	0	142	0	406	0	0	0	432	0	332	0	96	0	0	0	0	0	622	0	620	0	0	0	0	0	0	0	0	0	0	0	0	0	0	0	0	0	
121508	ParaHippocampal_R	310	0	240	120	0	0	274	0	0	0	0	90	0	0	0	0	0	0	0	0	0	188	0	0	0	0	0	0	0	520	0	0	0	0	894	1022	530	16660	0	0	0	8906	0	470	0	0	0	1834	0	0	0	0	0	0	0	15610	0	0	0	0	0	0	0	0	0	0	0	592	0	0	0	0	0	1700	0	444	914	1194	0	0	0	0	0	4026	0	0	0	2422	0	1296	0	0	0	0	0	0	0	498	0	0	0	0	0	0	0	0	0	0	0	0	0	0	0	0	0	0	
43240	Amygdala_L	96	0	406	0	354	0	218	0	0	0	0	0	0	0	102	0	0	0	128	0	834	0	0	0	0	0	0	0	3304	0	0	0	0	0	0	0	7316	0	2592	0	0	0	0	0	0	0	0	0	0	0	0	0	0	0	4020	0	0	0	0	0	0	0	0	0	0	0	0	0	0	0	0	0	748	0	0	0	124	0	0	0	334	0	242	0	0	0	130	0	672	0	0	0	0	0	0	0	0	0	0	0	0	0	0	0	0	0	0	0	0	0	0	0	0	0	0	0	
61160	Amygdala_R	0	0	0	0	0	0	0	0	0	0	0	0	0	0	0	0	0	0	0	0	0	362	0	0	0	0	0	0	0	542	0	0	0	0	0	0	0	8088	0	8906	0	0	0	0	0	0	0	0	0	0	0	0	0	0	0	7630	0	0	0	0	0	0	0	0	0	0	0	0	0	0	0	0	0	424	0	0	0	0	0	0	0	0	0	3232	0	0	0	642	0	754	0	0	0	0	0	0	0	0	0	0	0	0	0	0	0	0	0	0	0	0	0	0	0	0	0	0	
267688	Calcarine_L	98	0	0	0	0	0	0	0	0	0	0	0	0	0	0	0	0	0	0	0	0	0	0	0	0	0	0	0	0	0	0	0	148	0	1640	0	1384	0	1582	0	0	0	0	4728	15114	2246	13824	2568	17000	462	33828	0	4162	0	900	100	1236	0	998	0	932	0	1054	0	1016	0	18370	144	432	0	0	0	0	0	0	0	0	0	170	0	526	0	0	0	6842	0	0	0	2340	0	0	0	0	0	0	0	0	0	0	0	0	0	0	0	0	0	0	0	0	0	0	0	0	0	0	0	
349448	Calcarine_R	120	1226	0	458	0	0	0	282	0	0	0	116	0	0	0	0	0	0	360	1544	0	0	0	0	0	0	0	0	0	0	0	0	0	2490	0	1638	0	432	0	470	0	0	4728	0	3892	22126	442	31348	608	22424	528	23092	0	6238	0	7764	0	4344	0	838	0	486	0	0	0	812	352	26234	264	3544	0	0	0	0	0	0	0	0	0	0	0	0	0	0	0	4174	0	0	0	1350	0	0	0	0	0	0	0	0	0	0	0	0	0	0	0	0	0	0	0	0	0	0	0	0	0	0	
143516	Cuneus_L	0	0	0	0	0	0	0	0	0	0	0	0	0	0	0	0	0	0	0	0	0	0	0	0	0	0	0	0	0	0	0	0	0	0	90	0	0	0	0	0	0	0	15114	3892	0	5536	1204	216	21478	1322	11948	0	138	0	0	0	300	0	1140	0	116	0	0	0	0	0	8232	592	104	0	0	0	0	0	0	0	0	0	0	0	0	0	0	0	336	0	0	0	0	0	0	0	0	0	0	0	0	0	0	0	0	0	0	0	0	0	0	0	0	0	0	0	0	0	0	0	
281264	Cuneus_R	596	852	0	364	0	0	0	0	0	0	0	0	0	0	0	0	0	0	706	3228	0	0	0	0	0	0	0	0	0	0	0	0	0	7644	0	830	0	0	0	0	0	0	2246	22126	5536	0	0	3366	480	33610	388	9434	0	624	0	414	0	6014	0	7434	0	296	0	0	0	384	786	24392	926	7956	0	0	0	0	0	0	0	0	0	0	0	0	0	0	0	0	0	0	0	0	0	0	0	0	0	0	0	0	0	0	0	0	0	0	0	0	0	0	0	0	0	0	0	0	0	0	
193648	Lingual_L	0	0	0	0	0	0	0	0	0	0	0	0	0	0	0	0	0	0	0	0	0	0	0	0	0	0	0	0	0	0	0	0	0	0	750	0	1562	0	2872	0	0	0	13824	442	1204	0	0	1322	2422	0	19676	0	9546	0	7614	210	428	0	238	0	244	0	0	0	0	0	5534	0	122	0	0	0	0	0	0	0	0	0	0	0	0	0	0	0	754	0	0	0	358	0	3610	308	392	0	228	0	6086	554	9148	730	272	0	470	0	0	0	0	0	0	90	2680	1922	454	236	250	272	
279984	Lingual_R	0	622	0	124	0	0	0	0	0	0	0	0	0	0	0	0	0	0	0	224	0	0	0	0	0	0	0	0	0	0	0	0	0	492	260	3960	218	1836	0	1834	0	0	2568	31348	216	3366	1322	0	0	6124	0	10420	0	6096	332	18118	0	2032	0	160	0	172	0	0	0	252	0	16542	0	1516	0	0	0	0	0	0	114	248	0	0	0	0	0	0	0	1578	0	0	0	1116	1274	1244	1050	186	0	0	402	2216	2476	5232	438	0	538	172	0	0	0	0	0	0	2976	5660	2152	384	382	0	
231872	Occipital_Sup_L	210	0	0	252	0	0	0	226	0	0	0	0	0	0	0	0	0	0	0	96	0	0	0	0	0	0	0	0	0	0	0	0	814	0	144	0	0	0	0	0	0	0	17000	608	21478	480	2422	0	0	0	40222	0	550	0	0	0	3250	0	9170	0	2238	0	0	0	340	0	15044	0	1046	0	0	0	0	0	0	0	0	0	0	0	0	0	0	0	346	0	0	0	0	0	0	0	0	0	0	0	0	0	0	0	0	0	0	0	0	0	0	0	0	0	0	0	0	0	0	0	
282136	Occipital_Sup_R	642	494	0	360	0	0	0	0	0	0	0	0	0	0	0	0	0	0	652	2758	0	0	0	0	0	0	0	0	0	0	0	0	0	5380	0	760	0	0	0	0	0	0	462	22424	1322	33610	0	6124	0	0	0	22766	0	1958	0	1396	0	5080	0	8308	0	396	0	0	0	3032	170	15722	926	6326	0	0	0	0	0	0	0	0	0	0	0	0	0	0	0	0	0	0	0	0	0	0	0	0	0	0	0	0	0	0	0	0	0	0	0	0	0	0	0	0	0	0	0	0	0	0	
515976	Occipital_Mid_L	3228	0	112	680	0	0	150	644	0	0	0	0	0	0	0	0	200	0	0	0	0	0	0	0	0	0	0	0	496	0	0	0	1148	0	168	0	0	0	118	0	0	0	33828	528	11948	388	19676	0	40222	0	0	0	16078	0	5536	0	12736	0	19348	0	12858	0	3536	0	13074	0	20454	0	2582	0	0	0	0	0	0	0	0	0	886	0	2384	0	0	0	28896	0	0	0	6086	0	0	0	0	0	0	0	0	0	0	0	0	0	0	0	0	0	0	0	0	0	0	0	0	0	0	0	
218116	Occipital_Mid_R	0	194	0	0	0	0	0	0	0	0	0	0	0	0	0	0	0	0	0	430	0	0	0	0	0	0	0	0	0	0	0	0	0	1292	0	488	0	0	0	0	0	0	0	23092	0	9434	0	10420	0	22766	0	0	0	7180	0	3428	0	1088	0	1118	0	776	0	0	0	7956	0	7250	0	1766	0	0	0	0	0	0	0	0	0	0	0	488	0	0	0	8706	0	0	0	1186	0	0	0	0	0	0	0	0	0	0	0	0	0	0	0	0	0	0	0	0	0	0	0	0	0	0	
127024	Occipital_Inf_L	2160	0	448	0	0	0	674	0	0	0	0	0	0	0	0	0	240	0	164	0	0	0	0	0	0	0	0	0	1234	0	0	0	0	0	0	0	1726	0	272	0	0	0	4162	0	138	0	9546	0	550	0	16078	0	0	0	13586	0	226	0	0	0	0	0	548	0	484	0	778	0	262	0	0	0	206	0	0	0	0	0	1258	0	262	0	0	0	3062	0	0	0	5344	0	0	0	0	0	0	0	0	0	104	0	0	0	0	0	0	0	0	0	0	0	0	0	0	0	0	0	
64240	Occipital_Inf_R	0	0	0	0	0	0	0	0	0	0	0	0	0	0	0	0	0	0	0	0	0	0	0	0	0	0	0	0	0	0	0	0	0	144	0	0	0	0	0	0	0	0	0	6238	0	624	0	6096	0	1958	0	7180	0	0	0	4696	0	0	0	0	0	0	0	0	0	0	0	696	0	136	0	0	0	0	0	0	0	0	0	0	0	0	0	0	0	664	0	0	0	1732	0	0	0	0	0	0	0	380	192	728	0	0	0	0	0	0	0	0	0	0	322	334	0	0	0	0	
311716	Fusiform_L	2872	0	846	0	0	0	1026	0	0	0	138	0	0	0	0	0	652	0	380	0	118	0	0	0	0	0	0	0	5730	0	0	0	0	0	0	0	11468	0	3918	0	4020	0	900	0	0	0	7614	332	0	0	5536	0	13586	0	0	100	376	0	0	0	0	0	94	0	0	0	606	0	354	0	0	0	1038	0	0	0	0	0	1830	0	3700	0	2022	0	3602	0	2090	0	15774	0	16214	132	3054	96	546	0	11786	182	25446	408	1234	0	2186	0	790	0	562	0	104	182	1508	706	0	0	0	0	
303604	Fusiform_R	0	1094	0	0	0	0	0	0	0	0	0	134	0	0	0	0	0	0	0	0	0	0	0	0	0	0	0	0	0	1798	0	0	0	0	352	1902	0	20592	0	15610	0	7630	100	7764	0	414	210	18118	0	1396	0	3428	0	4696	100	0	0	680	0	0	0	0	0	0	0	0	0	3138	0	616	0	0	0	1606	0	152	248	504	0	258	0	1592	0	8042	0	2614	0	3602	0	14742	186	5440	202	414	0	0	164	4598	950	9432	0	0	0	744	0	0	0	0	0	0	3132	2370	676	178	184	0	
256168	Postcentral_L	28302	658	4394	938	0	0	5884	620	0	0	1882	0	0	0	0	0	6838	0	2132	270	0	0	0	0	0	0	0	0	2100	0	0	0	544	92	1456	118	292	116	0	0	0	0	1236	0	300	0	428	0	3250	0	12736	0	226	0	376	0	0	166	9684	0	16044	0	7902	0	1428	0	6020	0	4306	90	1096	0	142	0	0	0	1652	0	1490	0	2048	0	0	0	584	0	0	0	244	0	0	0	0	0	0	0	0	0	0	0	0	0	0	0	0	0	0	0	0	0	0	0	0	0	0	0	
317888	Postcentral_R	2144	16460	208	4804	0	0	158	3608	0	0	0	3046	0	0	0	0	0	3492	606	4416	0	0	206	0	0	0	0	0	0	840	0	472	106	5426	1360	6170	180	1618	0	0	0	0	0	4344	0	6014	0	2032	0	5080	0	1088	0	0	0	680	166	0	0	9510	0	10608	0	12128	0	2976	272	11264	3126	22478	0	0	0	1926	0	404	398	390	0	548	0	1128	0	0	0	4974	0	0	0	2090	0	0	0	0	0	0	0	0	0	0	0	0	0	0	0	0	0	0	0	0	0	0	0	0	0	0	
133216	Parietal_Sup_L	270	0	0	566	0	0	0	540	0	0	0	0	0	0	0	0	0	0	0	0	0	0	0	0	0	0	0	0	0	0	0	0	1330	0	0	0	0	0	0	0	0	0	998	0	1140	0	238	0	9170	0	19348	0	0	0	0	0	9684	0	0	0	10630	0	0	0	678	0	11020	0	902	0	0	0	0	0	0	0	0	0	0	0	0	0	0	0	94	0	0	0	0	0	0	0	0	0	0	0	0	0	0	0	0	0	0	0	0	0	0	0	0	0	0	0	0	0	0	0	
113920	Parietal_Sup_R	160	708	0	98	0	0	0	0	0	0	0	0	0	0	0	0	0	0	206	1128	0	0	0	0	0	0	0	0	0	0	0	0	0	1724	0	486	0	0	0	0	0	0	0	838	0	7434	0	160	0	8308	0	1118	0	0	0	0	0	9510	0	0	0	5948	0	1518	0	3200	450	10544	242	3180	0	0	0	0	0	0	0	0	0	0	0	0	0	0	0	0	0	0	0	0	0	0	0	0	0	0	0	0	0	0	0	0	0	0	0	0	0	0	0	0	0	0	0	0	0	0	
154472	Parietal_Inf_L	5434	0	766	192	0	0	1682	148	0	0	234	0	0	0	0	0	2382	0	0	0	0	0	0	0	0	0	0	0	1082	0	0	0	0	0	0	0	0	0	0	0	0	0	932	0	116	0	244	0	2238	0	12858	0	0	0	0	0	16044	0	10630	0	0	0	10220	0	7046	0	1828	0	1110	0	172	0	0	0	0	0	288	0	0	0	648	0	0	0	696	0	0	0	246	0	0	0	0	0	0	0	0	0	0	0	0	0	0	0	0	0	0	0	0	0	0	0	0	0	0	0	
91004	Parietal_Inf_R	0	1078	0	0	0	0	0	148	0	0	0	202	0	0	0	0	0	0	0	100	0	0	0	0	0	0	0	0	0	0	0	0	0	118	0	184	0	90	0	0	0	0	0	486	0	296	0	172	0	396	0	776	0	0	0	0	0	10608	0	5948	0	0	0	12344	0	6926	0	692	0	406	0	0	0	0	0	0	0	0	0	100	0	982	0	0	0	1506	0	0	0	1944	0	0	0	0	0	0	0	0	0	0	0	0	0	0	0	0	0	0	0	0	0	0	0	0	0	0	
119520	SupraMarginal_L	2286	0	132	0	0	0	408	0	0	0	96	0	0	0	0	0	3604	0	0	0	0	0	0	0	0	0	0	0	918	0	0	0	0	0	0	0	0	0	0	0	0	0	1054	0	0	0	0	0	0	0	3536	0	548	0	94	0	7902	0	0	0	10220	0	0	0	10792	0	884	0	0	0	0	0	0	0	0	0	0	0	182	0	5650	0	0	0	8772	0	0	0	2682	0	0	0	0	0	0	0	0	0	0	0	0	0	0	0	0	0	0	0	0	0	0	0	0	0	0	0	
89040	SupraMarginal_R	0	1300	0	174	0	0	0	300	0	0	0	310	0	0	0	0	0	830	0	142	0	0	0	0	0	0	0	0	0	0	0	0	0	0	0	0	0	152	0	0	0	0	0	0	0	0	0	0	0	0	0	0	0	0	0	0	0	12128	0	1518	0	12344	0	0	0	4522	0	0	0	392	0	0	0	0	0	0	0	0	0	444	0	3838	0	0	0	4962	0	0	0	1164	0	0	0	0	0	0	0	0	0	0	0	0	0	0	0	0	0	0	0	0	0	0	0	0	0	0	
118256	Angular_L	346	0	0	0	0	0	0	0	0	0	0	0	0	0	0	0	332	0	0	0	0	0	0	0	0	0	0	0	0	0	0	0	0	0	0	0	0	0	0	0	0	0	1016	0	0	0	0	0	340	0	13074	0	484	0	0	0	1428	0	678	0	7046	0	10792	0	0	0	742	0	110	0	0	0	0	0	0	0	0	0	0	0	6214	0	0	0	14674	0	0	0	1852	0	0	0	0	0	0	0	0	0	0	0	0	0	0	0	0	0	0	0	0	0	0	0	0	0	0	0	
76764	Angular_R	0	406	0	0	0	0	0	0	0	0	0	0	0	0	0	0	0	0	0	90	0	0	0	0	0	0	0	0	0	0	0	0	0	122	0	176	0	0	0	0	0	0	0	812	0	384	0	252	0	3032	0	7956	0	0	0	0	0	2976	0	3200	0	6926	0	4522	0	0	0	430	0	1788	0	0	0	0	0	0	0	0	0	0	0	1382	0	0	0	3300	0	0	0	628	0	0	0	0	0	0	0	0	0	0	0	0	0	0	0	0	0	0	0	0	0	0	0	0	0	0	
251116	Precuneus_L	350	118	0	100	0	0	178	0	0	0	0	0	0	0	0	0	0	0	0	222	0	0	0	0	0	0	0	0	0	0	0	0	1568	492	4830	1300	3806	0	3564	0	0	0	18370	352	8232	786	5534	0	15044	170	20454	0	778	0	606	0	6020	272	11020	450	1828	0	884	0	742	0	0	4708	4470	868	0	0	0	0	0	0	0	0	102	0	484	0	0	0	4778	0	0	0	2078	0	0	0	0	0	0	0	0	0	0	0	0	0	0	0	0	0	0	0	0	0	0	0	0	0	0	0	
343640	Precuneus_R	642	1856	148	700	0	0	234	306	0	0	0	106	0	0	0	0	0	0	952	4706	0	0	0	0	0	0	0	0	0	0	0	0	228	10918	1322	8518	560	2622	0	592	0	0	144	26234	592	24392	0	16542	0	15722	0	7250	0	696	0	3138	0	11264	0	10544	0	692	0	0	0	430	4708	0	800	12536	0	0	0	0	0	0	414	0	0	0	0	0	0	0	0	738	0	0	0	268	0	0	0	0	0	0	0	0	0	0	0	0	0	0	0	0	0	0	0	0	306	0	0	0	0	0	
193224	Paracentral_Lobule_L	15876	6244	1348	4004	0	0	1232	0	0	0	0	0	0	0	0	0	172	0	9624	10662	0	0	0	0	0	0	0	0	0	0	0	0	2004	8524	4368	264	130	0	0	0	0	0	432	264	104	926	122	0	1046	926	2582	0	262	0	354	0	4306	3126	902	242	1110	0	0	0	110	0	4470	800	0	8800	96	0	0	0	0	0	94	0	118	0	140	0	0	0	654	0	0	0	174	0	0	0	0	0	0	0	0	0	0	0	0	0	0	0	0	0	0	0	0	0	0	0	0	0	0	0	
279744	Paracentral_Lobule_R	5530	7228	972	1690	0	0	218	0	0	0	0	0	0	0	0	0	0	0	5406	15864	0	0	0	0	0	0	0	0	0	0	0	0	858	17784	1086	4144	0	582	0	0	0	0	0	3544	0	7956	0	1516	0	6326	0	1766	0	136	0	616	90	22478	0	3180	0	406	0	392	0	1788	868	12536	8800	0	0	0	0	404	0	0	0	122	0	90	0	202	0	0	0	4036	0	0	0	1258	0	0	0	0	0	0	0	0	0	0	0	0	0	0	0	0	0	0	0	0	0	0	0	0	0	0	
253704	Caudate_L	3512	866	9486	3228	3918	0	3538	1186	974	0	760	208	90	0	2928	0	472	494	7220	3314	8838	9546	2070	0	550	0	5170	0	1802	320	11406	3356	0	0	0	0	144	0	0	0	0	0	0	0	0	0	0	0	0	0	0	0	0	0	0	0	1096	0	0	0	172	0	0	0	0	0	0	0	96	0	0	13438	16678	2848	1480	450	5106	0	0	0	0	0	92	0	0	0	0	0	0	0	0	0	0	0	0	0	0	0	0	0	0	0	0	0	0	0	0	0	0	0	0	0	0	0	0	0	
419924	Caudate_R	0	8496	516	34000	1786	4032	130	2218	528	118	0	1140	0	580	1578	1286	0	174	3246	21002	4616	10022	3214	7984	0	3476	2402	3112	0	1504	4012	27634	0	6168	0	0	0	0	0	0	0	0	0	0	0	0	0	0	0	0	0	0	0	0	0	0	0	0	0	0	0	0	0	0	0	0	0	0	0	0	13438	0	5658	19368	94	1596	514	14320	0	0	0	0	0	0	0	0	0	0	0	0	0	0	0	0	0	0	0	0	0	0	0	0	0	0	0	0	0	0	0	0	0	0	0	0	0	0	
347244	Putamen_L	5670	0	31510	190	8428	0	10912	0	2216	0	576	0	208	0	4264	0	784	176	20964	160	3164	5224	6246	0	300	0	1732	0	15894	130	11768	1760	134	0	0	0	6060	0	462	0	748	0	0	0	0	0	0	0	0	0	0	0	206	0	1038	0	142	0	0	0	0	0	0	0	0	0	0	0	0	0	16678	5658	0	1952	5324	406	650	0	0	0	968	0	286	0	0	0	0	0	634	0	0	0	0	0	0	0	0	0	0	0	0	0	0	0	0	0	0	0	0	0	0	0	0	0	0	0	
316908	Putamen_R	1290	1588	688	22416	100	6370	1504	4960	0	546	94	3294	0	1016	0	1884	0	4300	1778	11912	726	2586	992	6524	0	2988	0	2794	242	13866	2778	14414	0	2046	588	648	302	6826	0	1700	0	424	0	0	0	0	0	0	0	0	0	0	0	0	0	1606	0	1926	0	0	0	0	0	0	0	0	0	0	0	404	2848	19368	1952	0	0	2372	886	2442	0	0	0	0	0	466	0	0	0	0	0	0	0	0	0	0	0	0	0	0	0	0	0	0	0	0	0	0	0	0	0	0	0	0	0	0	0	0	
48084	Pallidum_L	4146	0	4238	0	0	0	3602	0	0	0	0	0	0	0	0	0	0	0	2140	0	0	0	0	0	0	0	0	0	0	0	0	0	0	0	0	0	854	0	0	0	0	0	0	0	0	0	0	0	0	0	0	0	0	0	0	0	0	0	0	0	0	0	0	0	0	0	0	0	0	0	1480	94	5324	0	0	0	2164	0	0	0	0	0	0	0	0	0	0	0	0	0	0	0	0	0	0	0	0	0	0	0	0	0	0	0	0	0	0	0	0	0	0	0	0	0	0	0	
26828	Pallidum_R	0	424	0	2830	0	0	0	630	0	0	0	202	0	0	0	0	0	0	0	2260	0	408	0	0	0	0	0	0	0	0	136	198	0	0	0	0	0	502	0	444	0	0	0	0	0	0	0	0	0	0	0	0	0	0	0	152	0	404	0	0	0	0	0	0	0	0	0	0	0	0	450	1596	406	2372	0	0	0	0	0	0	0	0	0	0	0	0	0	0	0	0	0	0	0	0	0	0	0	0	0	0	0	0	0	0	0	0	0	0	0	0	0	0	0	0	0	0	
191344	Thalamus_L	22386	1258	4954	840	0	0	17230	196	0	0	0	216	0	0	0	0	0	404	540	264	0	0	0	0	0	0	0	0	104	1546	0	0	0	0	6236	8160	5392	6108	0	914	124	0	0	0	0	0	0	114	0	0	0	0	0	0	0	248	1652	398	0	0	288	0	0	0	0	0	0	414	94	0	5106	514	650	886	2164	0	0	6272	0	0	0	0	0	0	0	0	0	0	0	0	0	0	0	0	0	0	0	0	0	0	0	0	0	0	0	0	0	0	0	0	0	0	0	0	0	0	
178452	Thalamus_R	672	18176	406	22880	0	90	580	2300	0	0	0	130	0	0	0	92	0	520	126	6778	0	316	0	0	0	0	0	106	0	926	0	130	0	98	978	2488	288	5418	0	1194	0	0	0	0	0	0	0	248	0	0	0	0	0	0	0	504	0	390	0	0	0	0	0	0	0	0	0	0	0	122	0	14320	0	2442	0	0	6272	0	0	0	0	0	0	0	0	0	0	0	0	236	0	0	0	0	0	0	0	0	0	0	0	0	0	0	0	0	0	0	0	0	0	0	0	0	0	0	
82940	Heschl_L	2922	0	3782	0	0	0	3100	0	0	0	592	0	120	0	0	0	2780	0	1920	0	0	0	92	0	0	0	0	0	8402	0	0	0	116	0	0	0	1922	0	354	0	0	0	170	0	0	0	0	0	0	0	886	0	1258	0	1830	0	1490	0	0	0	0	0	182	0	0	0	102	0	118	0	0	0	0	0	0	0	0	0	0	0	1908	0	0	0	3650	0	0	0	3774	0	0	0	0	0	0	0	0	0	0	0	0	0	0	0	0	0	0	0	0	0	0	0	0	0	0	0	
21880	Heschl_R	0	0	0	106	0	0	0	0	0	0	0	0	0	0	0	0	0	1066	0	0	0	0	0	0	0	0	0	0	0	1322	0	0	0	0	0	0	0	940	0	0	0	0	0	0	0	0	0	0	0	0	0	0	0	0	0	258	0	548	0	0	0	100	0	444	0	0	0	0	0	90	0	0	0	0	0	0	0	0	0	0	0	4910	0	110	0	688	0	0	0	358	0	0	0	0	0	0	0	0	0	0	0	0	0	0	0	0	0	0	0	0	0	0	0	0	0	0	
180844	Temporal_Sup_L	2570	0	1824	0	0	0	1450	0	0	0	1920	0	140	0	0	0	7192	0	1312	0	0	0	0	0	0	0	0	0	5510	0	0	0	0	0	0	0	2154	0	142	0	334	0	526	0	0	0	0	0	0	0	2384	0	262	0	3700	0	2048	0	0	0	648	0	5650	0	6214	0	484	0	140	0	0	0	968	0	0	0	0	0	1908	0	0	0	2362	0	26966	0	0	0	11614	0	0	0	0	0	0	0	0	0	0	0	0	0	0	0	0	0	0	0	0	0	0	0	0	0	0	0	
70772	Temporal_Sup_R	0	116	0	0	0	0	0	0	0	0	0	108	0	0	0	0	0	958	0	0	0	0	0	0	0	0	0	0	0	2862	0	0	0	0	0	0	0	2032	0	0	0	0	0	0	0	0	0	0	0	0	0	488	0	0	0	1592	0	1128	0	0	0	982	0	3838	0	1382	0	0	0	202	0	0	0	0	0	0	0	0	0	4910	0	0	0	2280	0	9628	0	0	0	2880	0	0	0	0	0	0	0	0	0	0	0	0	0	0	0	0	0	0	0	0	0	0	0	0	0	0	
61524	Temporal_Pole_Sup_L	0	0	758	0	980	0	312	0	0	0	112	0	0	0	1682	0	196	0	144	0	534	0	0	0	0	0	114	0	2684	0	0	0	0	0	0	0	254	0	406	0	242	0	0	0	0	0	0	0	0	0	0	0	0	0	2022	0	0	0	0	0	0	0	0	0	0	0	0	0	0	0	92	0	286	0	0	0	0	0	0	0	2362	0	0	0	7818	0	3396	0	6368	0	0	0	0	0	0	0	0	0	0	0	0	0	0	0	0	0	0	0	0	0	0	0	0	0	0	0	
66188	Temporal_Pole_Sup_R	0	0	0	102	0	234	0	112	0	0	0	0	0	0	0	348	0	484	0	0	0	190	0	0	0	0	0	0	0	744	0	0	0	0	0	0	0	446	0	4026	0	3232	0	0	0	0	0	0	0	0	0	0	0	0	0	8042	0	0	0	0	0	0	0	0	0	0	0	0	0	0	0	0	0	466	0	0	0	0	0	110	0	2280	0	0	0	1440	0	6366	0	4472	0	0	0	0	0	0	0	0	0	0	0	0	0	0	0	0	0	0	0	0	0	0	0	0	0	0	
322148	Temporal_Mid_L	4206	0	292	0	0	0	210	0	0	0	366	0	0	0	0	0	1166	0	248	0	0	0	0	0	0	0	0	0	744	0	0	0	0	0	124	0	0	0	0	0	0	0	6842	0	336	0	754	0	346	0	28896	0	3062	0	3602	0	584	0	94	0	696	0	8772	0	14674	0	4778	0	654	0	0	0	0	0	0	0	0	0	3650	0	26966	0	7818	0	0	0	3702	0	37388	0	104	0	0	0	0	0	0	0	0	0	0	0	0	0	0	0	0	0	0	0	0	0	0	0	0	0	
144340	Temporal_Mid_R	0	178	0	0	0	0	0	0	0	0	0	0	0	0	0	0	0	0	0	0	0	0	0	0	0	0	0	0	0	738	0	0	0	0	0	240	0	1690	0	0	0	0	0	4174	0	0	0	1578	0	0	0	8706	0	664	0	2614	0	4974	0	0	0	1506	0	4962	0	3300	0	738	0	4036	0	0	0	0	0	0	0	0	0	688	0	9628	0	1440	0	0	0	1560	0	18756	0	0	0	0	0	0	0	0	0	0	0	0	0	0	0	0	0	0	0	0	0	0	0	0	0	0	
27620	Temporal_Pole_Mid_L	0	0	0	0	0	0	0	0	0	0	0	0	0	0	0	0	0	0	0	0	0	0	0	0	0	0	0	0	90	0	0	0	0	0	0	0	124	0	432	0	130	0	0	0	0	0	0	0	0	0	0	0	0	0	2090	0	0	0	0	0	0	0	0	0	0	0	0	0	0	0	0	0	0	0	0	0	0	0	0	0	0	0	3396	0	3702	0	0	0	3846	0	0	0	0	0	0	0	0	0	0	0	0	0	0	0	0	0	0	0	0	0	0	0	0	0	0	0	
36020	Temporal_Pole_Mid_R	0	0	0	0	0	0	0	0	0	0	0	0	0	0	0	0	0	0	0	0	0	0	0	0	0	0	0	0	0	0	0	0	0	0	0	0	0	0	0	2422	0	642	0	0	0	0	0	0	0	0	0	0	0	0	0	3602	0	0	0	0	0	0	0	0	0	0	0	0	0	0	0	0	0	0	0	0	0	0	0	0	0	0	0	6366	0	1560	0	0	0	3418	0	0	0	0	0	0	0	0	0	0	0	0	0	0	0	0	0	0	0	0	0	0	0	0	0	0	
236020	Temporal_Inf_L	1418	0	296	0	0	0	300	0	0	0	90	0	0	0	0	0	536	0	190	0	0	0	0	0	0	0	0	0	4194	0	0	0	0	0	0	0	6470	0	332	0	672	0	2340	0	0	0	358	0	0	0	6086	0	5344	0	15774	0	244	0	0	0	246	0	2682	0	1852	0	2078	0	174	0	0	0	634	0	0	0	0	0	3774	0	11614	0	6368	0	37388	0	3846	0	0	0	1744	0	440	0	0	0	0	0	434	0	0	0	92	0	0	0	0	0	0	0	0	0	0	0	0	0	
140868	Temporal_Inf_R	0	360	0	0	0	0	0	0	0	0	0	132	0	0	0	0	0	0	0	0	0	0	0	0	0	0	0	0	0	3036	0	0	0	0	0	398	0	6638	0	1296	0	754	0	1350	0	0	0	1116	0	0	0	1186	0	1732	0	14742	0	2090	0	0	0	1944	0	1164	0	628	0	268	0	1258	0	0	0	0	0	0	0	236	0	358	0	2880	0	4472	0	18756	0	3418	0	0	0	222	0	0	0	0	0	0	0	0	0	0	0	0	0	0	0	0	0	0	0	0	0	0	0	0	
312960	Cerebelum_Crus1_L	0	0	0	0	0	0	0	0	0	0	0	0	0	0	0	0	0	0	0	0	0	0	0	0	0	0	0	0	0	0	0	0	0	0	0	0	0	0	96	0	0	0	0	0	0	0	3610	1274	0	0	0	0	0	0	16214	186	0	0	0	0	0	0	0	0	0	0	0	0	0	0	0	0	0	0	0	0	0	0	0	0	0	0	0	0	104	0	0	0	1744	0	0	1234	30518	422	468	0	9008	0	41854	1590	14578	0	17630	338	3524	102	1630	0	476	594	1076	3756	3282	638	534	0	
390188	Cerebelum_Crus1_R	0	0	0	0	0	0	0	0	0	0	0	0	0	0	0	0	0	0	0	0	0	0	0	0	0	0	0	0	0	0	0	0	0	0	0	0	0	0	0	0	0	0	0	0	0	0	308	1244	0	0	0	0	0	0	132	5440	0	0	0	0	0	0	0	0	0	0	0	0	0	0	0	0	0	0	0	0	0	0	0	0	0	0	0	0	0	0	0	0	0	222	1234	0	5332	32742	124	3488	1956	20440	2398	49862	722	6552	772	26234	150	4326	0	192	508	2538	6488	7058	10062	2972	1508	90	
382368	Cerebelum_Crus2_L	0	0	0	0	0	0	0	0	0	0	0	0	0	0	0	0	0	0	0	0	0	0	0	0	0	0	0	0	0	0	0	0	0	0	0	0	0	0	0	0	0	0	0	0	0	0	392	1050	0	0	0	0	0	0	3054	202	0	0	0	0	0	0	0	0	0	0	0	0	0	0	0	0	0	0	0	0	0	0	0	0	0	0	0	0	0	0	0	0	440	0	30518	5332	0	8860	94	92	588	154	7774	2594	44576	4206	40792	6278	8946	216	2208	0	100	248	298	2502	11022	7270	1378	0	
316180	Cerebelum_Crus2_R	0	0	0	0	0	0	0	0	0	0	0	0	0	0	0	0	0	0	0	0	0	0	0	0	0	0	0	0	0	0	0	0	0	0	0	0	0	0	0	0	0	0	0	0	0	0	0	186	0	0	0	0	0	0	96	414	0	0	0	0	0	0	0	0	0	0	0	0	0	0	0	0	0	0	0	0	0	0	0	0	0	0	0	0	0	0	0	0	0	0	422	32742	8860	0	102	342	1262	1640	906	8176	4438	28146	2862	39810	170	6510	0	0	228	664	2056	448	9028	6440	2142	0	
31224	Cerebelum_3_L	0	0	0	0	0	0	0	0	0	0	0	0	0	0	0	0	0	0	0	0	0	0	0	0	0	0	0	0	0	0	0	0	0	0	0	0	0	0	0	0	0	0	0	0	0	0	228	0	0	0	0	0	0	0	546	0	0	0	0	0	0	0	0	0	0	0	0	0	0	0	0	0	0	0	0	0	0	0	0	0	0	0	0	0	0	0	0	0	0	0	468	124	94	102	0	0	6458	0	2518	190	0	0	0	0	102	0	0	0	1176	2444	1162	0	0	0	0	0	
42172	Cerebelum_3_R	0	0	0	0	0	0	0	0	0	0	0	0	0	0	0	0	0	0	0	0	0	0	0	0	0	0	0	0	0	0	0	0	0	0	0	0	0	0	0	0	0	0	0	0	0	0	0	0	0	0	0	0	0	0	0	0	0	0	0	0	0	0	0	0	0	0	0	0	0	0	0	0	0	0	0	0	0	0	0	0	0	0	0	0	0	0	0	0	0	0	0	3488	92	342	0	0	158	4576	0	5340	0	0	0	154	0	252	0	0	1126	3930	788	280	168	170	222	0	
213108	Cerebelum_4_5_L	0	0	0	0	0	0	0	0	0	0	0	0	0	0	0	0	0	0	0	0	0	0	0	0	0	0	0	0	0	0	0	0	0	0	0	0	210	0	622	0	0	0	0	0	0	0	6086	402	0	0	0	0	0	0	11786	164	0	0	0	0	0	0	0	0	0	0	0	0	0	0	0	0	0	0	0	0	0	0	0	0	0	0	0	0	0	0	0	0	0	0	9008	1956	588	1262	6458	158	0	2166	29940	3364	288	0	780	162	3250	1506	454	172	1762	3484	13148	3022	324	806	1640	1586	
163960	Cerebelum_4_5_R	0	0	0	0	0	0	0	0	0	0	0	0	0	0	0	0	0	0	0	0	0	0	0	0	0	0	0	0	0	0	0	0	0	0	0	0	0	286	0	498	0	0	0	0	0	0	554	2216	0	0	0	0	0	380	182	4598	0	0	0	0	0	0	0	0	0	0	0	0	0	0	0	0	0	0	0	0	0	0	0	0	0	0	0	0	0	0	0	0	0	0	0	20440	154	1640	0	4576	2166	0	980	27832	0	0	0	484	290	100	0	0	264	3006	10174	418	196	106	0	440	
351356	Cerebelum_6_L	0	0	0	0	0	0	0	0	0	0	0	0	0	0	0	0	0	0	0	0	0	0	0	0	0	0	0	0	0	0	0	0	0	0	0	0	204	0	620	0	0	0	0	0	0	0	9148	2476	0	0	0	0	104	192	25446	950	0	0	0	0	0	0	0	0	0	0	0	0	0	0	0	0	0	0	0	0	0	0	0	0	0	0	0	0	0	0	0	0	434	0	41854	2398	7774	906	2518	0	29940	980	0	4244	4852	0	8464	170	3598	730	1122	140	1166	1986	9360	8994	1746	1170	1248	744	
346772	Cerebelum_6_R	0	0	0	0	0	0	0	0	0	0	0	0	0	0	0	0	0	0	0	0	0	0	0	0	0	0	0	0	0	0	0	0	0	0	0	0	0	0	0	0	0	0	0	0	0	0	730	5232	0	0	0	0	0	728	408	9432	0	0	0	0	0	0	0	0	0	0	0	0	0	0	0	0	0	0	0	0	0	0	0	0	0	0	0	0	0	0	0	0	0	0	1590	49862	2594	8176	190	5340	3364	27832	4244	0	452	1250	530	6990	422	1442	0	344	1218	4858	12554	10640	7918	2944	1808	294	
301092	Cerebelum_7b_L	0	0	0	0	0	0	0	0	0	0	0	0	0	0	0	0	0	0	0	0	0	0	0	0	0	0	0	0	0	0	0	0	0	0	0	0	0	0	0	0	0	0	0	0	0	0	272	438	0	0	0	0	0	0	1234	0	0	0	0	0	0	0	0	0	0	0	0	0	0	0	0	0	0	0	0	0	0	0	0	0	0	0	0	0	0	0	0	0	0	0	14578	722	44576	4438	0	0	288	0	4852	452	0	3646	43042	6044	8500	138	2056	0	0	0	0	1142	5578	7664	886	0	
177460	Cerebelum_7b_R	0	0	0	0	0	0	0	0	0	0	0	0	0	0	0	0	0	0	0	0	0	0	0	0	0	0	0	0	0	0	0	0	0	0	0	0	0	0	0	0	0	0	0	0	0	0	0	0	0	0	0	0	0	0	0	0	0	0	0	0	0	0	0	0	0	0	0	0	0	0	0	0	0	0	0	0	0	0	0	0	0	0	0	0	0	0	0	0	0	0	0	6552	4206	28146	0	0	0	0	0	1250	3646	0	2284	29782	0	5494	0	0	0	0	0	0	3016	4116	238	0	
324640	Cerebelum_8_L	0	0	0	0	0	0	0	0	0	0	0	0	0	0	0	0	0	0	0	0	0	0	0	0	0	0	0	0	0	0	0	0	0	0	0	0	0	0	0	0	0	0	0	0	0	0	470	538	0	0	0	0	0	0	2186	0	0	0	0	0	0	0	0	0	0	0	0	0	0	0	0	0	0	0	0	0	0	0	0	0	0	0	0	0	0	0	0	0	92	0	17630	772	40792	2862	0	0	780	0	8464	530	43042	2284	0	5854	15080	342	3584	0	0	0	456	1984	4360	8364	1714	140	
317448	Cerebelum_8_R	0	0	0	0	0	0	0	0	0	0	0	0	0	0	0	0	0	0	0	0	0	0	0	0	0	0	0	0	0	0	0	0	0	0	0	0	0	0	0	0	0	0	0	0	0	0	0	172	0	0	0	0	0	0	0	744	0	0	0	0	0	0	0	0	0	0	0	0	0	0	0	0	0	0	0	0	0	0	0	0	0	0	0	0	0	0	0	0	0	0	338	26234	6278	39810	0	154	162	484	170	6990	6044	29782	5854	0	126	14416	0	360	0	144	216	600	6872	9774	3000	0	
115340	Cerebelum_9_L	0	0	0	0	0	0	0	0	0	0	0	0	0	0	0	0	0	0	0	0	0	0	0	0	0	0	0	0	0	0	0	0	0	0	0	0	0	0	0	0	0	0	0	0	0	0	0	0	0	0	0	0	0	0	790	0	0	0	0	0	0	0	0	0	0	0	0	0	0	0	0	0	0	0	0	0	0	0	0	0	0	0	0	0	0	0	0	0	0	0	3524	150	8946	170	102	0	3250	290	3598	422	8500	0	15080	126	0	754	4542	0	94	188	2536	1608	244	856	1128	772	
107072	Cerebelum_9_R	0	0	0	0	0	0	0	0	0	0	0	0	0	0	0	0	0	0	0	0	0	0	0	0	0	0	0	0	0	0	0	0	0	0	0	0	0	0	0	0	0	0	0	0	0	0	0	0	0	0	0	0	0	0	0	0	0	0	0	0	0	0	0	0	0	0	0	0	0	0	0	0	0	0	0	0	0	0	0	0	0	0	0	0	0	0	0	0	0	0	102	4326	216	6510	0	252	1506	100	730	1442	138	5494	342	14416	754	0	96	1396	310	420	2702	4062	636	2334	4084	1168	
33656	Cerebelum_10_L	0	0	0	0	0	0	0	0	0	0	0	0	0	0	0	0	0	0	0	0	0	0	0	0	0	0	0	0	0	0	0	0	0	0	0	0	0	0	0	0	0	0	0	0	0	0	0	0	0	0	0	0	0	0	562	0	0	0	0	0	0	0	0	0	0	0	0	0	0	0	0	0	0	0	0	0	0	0	0	0	0	0	0	0	0	0	0	0	0	0	1630	0	2208	0	0	0	454	0	1122	0	2056	0	3584	0	4542	96	0	0	0	0	276	192	0	0	106	0	
9480	Cerebelum_10_R	0	0	0	0	0	0	0	0	0	0	0	0	0	0	0	0	0	0	0	0	0	0	0	0	0	0	0	0	0	0	0	0	0	0	0	0	0	0	0	0	0	0	0	0	0	0	0	0	0	0	0	0	0	0	0	0	0	0	0	0	0	0	0	0	0	0	0	0	0	0	0	0	0	0	0	0	0	0	0	0	0	0	0	0	0	0	0	0	0	0	0	192	0	0	0	0	172	0	140	344	0	0	0	360	0	1396	0	0	0	0	250	422	346	612	506	0	
36848	Vermis_1_2	0	0	0	0	0	0	0	0	0	0	0	0	0	0	0	0	0	0	0	0	0	0	0	0	0	0	0	0	0	0	0	0	0	0	0	0	0	0	0	0	0	0	0	0	0	0	0	0	0	0	0	0	0	0	104	0	0	0	0	0	0	0	0	0	0	0	0	0	0	0	0	0	0	0	0	0	0	0	0	0	0	0	0	0	0	0	0	0	0	0	476	508	100	228	1176	1126	1762	264	1166	1218	0	0	0	0	94	310	0	0	0	5986	2322	656	272	268	388	0	
76580	Vermis_3	0	0	0	0	0	0	0	0	0	0	0	0	0	0	0	0	0	0	0	0	0	0	0	0	0	0	0	0	0	0	0	0	0	0	0	0	0	0	0	0	0	0	0	0	0	0	90	0	0	0	0	0	0	0	182	0	0	0	0	0	0	0	0	0	0	0	0	0	0	0	0	0	0	0	0	0	0	0	0	0	0	0	0	0	0	0	0	0	0	0	594	2538	248	664	2444	3930	3484	3006	1986	4858	0	0	0	144	188	420	0	0	5986	0	5238	880	510	390	510	0	
190356	Vermis_4_5	0	0	0	0	0	0	0	0	0	0	0	0	0	0	0	0	0	0	0	0	0	0	0	0	0	0	0	0	0	0	0	0	0	0	258	340	190	0	0	0	0	0	0	0	0	0	2680	2976	0	0	0	0	0	322	1508	3132	0	0	0	0	0	0	0	0	0	0	0	306	0	0	0	0	0	0	0	0	0	0	0	0	0	0	0	0	0	0	0	0	0	0	1076	6488	298	2056	1162	788	13148	10174	9360	12554	0	0	456	216	2536	2702	276	250	2322	5238	0	5768	520	1288	2532	2258	
166708	Vermis_6	0	0	0	0	0	0	0	0	0	0	0	0	0	0	0	0	0	0	0	0	0	0	0	0	0	0	0	0	0	0	0	0	0	0	0	0	0	0	0	0	0	0	0	0	0	0	1922	5660	0	0	0	0	0	334	706	2370	0	0	0	0	0	0	0	0	0	0	0	0	0	0	0	0	0	0	0	0	0	0	0	0	0	0	0	0	0	0	0	0	0	0	3756	7058	2502	448	0	280	3022	418	8994	10640	1142	0	1984	600	1608	4062	192	422	656	880	5768	0	6650	4264	5564	1452	
177732	Vermis_7	0	0	0	0	0	0	0	0	0	0	0	0	0	0	0	0	0	0	0	0	0	0	0	0	0	0	0	0	0	0	0	0	0	0	0	0	0	0	0	0	0	0	0	0	0	0	454	2152	0	0	0	0	0	0	0	676	0	0	0	0	0	0	0	0	0	0	0	0	0	0	0	0	0	0	0	0	0	0	0	0	0	0	0	0	0	0	0	0	0	0	3282	10062	11022	9028	0	168	324	196	1746	7918	5578	3016	4360	6872	244	636	0	346	272	510	520	6650	0	8914	3920	0	
157380	Vermis_8	0	0	0	0	0	0	0	0	0	0	0	0	0	0	0	0	0	0	0	0	0	0	0	0	0	0	0	0	0	0	0	0	0	0	0	0	0	0	0	0	0	0	0	0	0	0	236	384	0	0	0	0	0	0	0	178	0	0	0	0	0	0	0	0	0	0	0	0	0	0	0	0	0	0	0	0	0	0	0	0	0	0	0	0	0	0	0	0	0	0	638	2972	7270	6440	0	170	806	106	1170	2944	7664	4116	8364	9774	856	2334	0	612	268	390	1288	4264	8914	0	6532	0	
85632	Vermis_9	0	0	0	0	0	0	0	0	0	0	0	0	0	0	0	0	0	0	0	0	0	0	0	0	0	0	0	0	0	0	0	0	0	0	0	0	0	0	0	0	0	0	0	0	0	0	250	382	0	0	0	0	0	0	0	184	0	0	0	0	0	0	0	0	0	0	0	0	0	0	0	0	0	0	0	0	0	0	0	0	0	0	0	0	0	0	0	0	0	0	534	1508	1378	2142	0	222	1640	0	1248	1808	886	238	1714	3000	1128	4084	106	506	388	510	2532	5564	3920	6532	0	412	
