data	data	470996	287496	974912	808412	201848	154816	531616	342104	128556	21380	265876	276188	305364	214380	218520	144492	206000	239380	988996	649504	159848	149556	486608	461796	42644	80392	106752	114124	640052	524504	403956	500148	279536	609092	173896	134916	262328	363332	109540	251468	47172	66864	246876	327732	206564	352728	334880	372200	285320	278944	644852	291324	199276	78252	419032	466192	302124	144608	161080	90544	282136	120532	197012	114892	172528	137708	430976	411244	245476	132620	260620	593456	276596	437164	41132	18096	193960	186960	107076	50052	246896	164388	140516	91020	416972	311088	31664	45784	286472	262944	492512	468580	295524	376964	45236	65220	335432	281716	486412	416376	237160	210256	317952	332484	137188	127828	41464	8840	38224	91232	295280	225804	217468	152968	96576	40148	
data	data	Precentral_L	Precentral_R	Frontal_Sup_L	Frontal_Sup_R	Frontal_Sup_Orb_L	Frontal_Sup_Orb_R	Frontal_Mid_L	Frontal_Mid_R	Frontal_Mid_Orb_L	Frontal_Mid_Orb_R	Frontal_Inf_Oper_L	Frontal_Inf_Oper_R	Frontal_Inf_Tri_L	Frontal_Inf_Tri_R	Frontal_Inf_Orb_L	Frontal_Inf_Orb_R	Rolandic_Oper_L	Rolandic_Oper_R	Supp_Motor_Area_L	Supp_Motor_Area_R	Olfactory_L	Olfactory_R	Frontal_Sup_Medial_L	Frontal_Sup_Medial_R	Frontal_Med_Orb_L	Frontal_Med_Orb_R	Rectus_L	Rectus_R	Insula_L	Insula_R	Cingulum_Ant_L	Cingulum_Ant_R	Cingulum_Mid_L	Cingulum_Mid_R	Cingulum_Post_L	Cingulum_Post_R	Hippocampus_L	Hippocampus_R	ParaHippocampal_L	ParaHippocampal_R	Amygdala_L	Amygdala_R	Calcarine_L	Calcarine_R	Cuneus_L	Cuneus_R	Lingual_L	Lingual_R	Occipital_Sup_L	Occipital_Sup_R	Occipital_Mid_L	Occipital_Mid_R	Occipital_Inf_L	Occipital_Inf_R	Fusiform_L	Fusiform_R	Postcentral_L	Postcentral_R	Parietal_Sup_L	Parietal_Sup_R	Parietal_Inf_L	Parietal_Inf_R	SupraMarginal_L	SupraMarginal_R	Angular_L	Angular_R	Precuneus_L	Precuneus_R	Paracentral_Lobule_L	Paracentral_Lobule_R	Caudate_L	Caudate_R	Putamen_L	Putamen_R	Pallidum_L	Pallidum_R	Thalamus_L	Thalamus_R	Heschl_L	Heschl_R	Temporal_Sup_L	Temporal_Sup_R	Temporal_Pole_Sup_L	Temporal_Pole_Sup_R	Temporal_Mid_L	Temporal_Mid_R	Temporal_Pole_Mid_L	Temporal_Pole_Mid_R	Temporal_Inf_L	Temporal_Inf_R	Cerebelum_Crus1_L	Cerebelum_Crus1_R	Cerebelum_Crus2_L	Cerebelum_Crus2_R	Cerebelum_3_L	Cerebelum_3_R	Cerebelum_4_5_L	Cerebelum_4_5_R	Cerebelum_6_L	Cerebelum_6_R	Cerebelum_7b_L	Cerebelum_7b_R	Cerebelum_8_L	Cerebelum_8_R	Cerebelum_9_L	Cerebelum_9_R	Cerebelum_10_L	Cerebelum_10_R	Vermis_1_2	Vermis_3	Vermis_4_5	Vermis_6	Vermis_7	Vermis_8	Vermis_9	Vermis_10	
470996	Precentral_L	0	4646	14060	340	0	0	21626	0	0	0	10816	0	3792	0	0	0	8978	0	6102	2512	0	0	0	0	0	0	0	0	20592	0	0	0	3508	208	5480	0	9142	180	1084	0	0	0	270	0	114	0	346	194	1950	0	4982	0	320	0	1418	0	36372	0	1292	0	6600	0	4744	0	352	0	6058	0	14470	126	744	164	9196	0	3442	0	5326	536	8086	0	4702	0	722	0	6586	0	0	0	3214	0	0	0	0	0	0	0	0	0	106	0	0	0	0	0	0	0	0	0	0	0	0	0	0	0	0	0	
287496	Precentral_R	4646	0	5048	9928	0	0	796	8740	0	0	256	8876	110	502	0	0	0	3880	6184	9118	0	0	334	164	0	0	0	0	506	2704	468	1468	0	4154	164	1926	322	4484	122	760	0	0	0	554	0	416	0	222	0	176	0	834	0	560	0	2508	3722	9832	0	162	262	1870	0	7640	0	1204	0	1472	672	6512	2818	2206	678	592	268	0	3598	4600	0	780	0	2864	0	0	0	5364	0	0	0	5702	0	0	0	0	0	0	0	0	0	0	0	0	0	0	0	0	0	0	0	0	0	0	0	0	0	0	
974912	Frontal_Sup_L	14060	5048	0	6498	8072	0	72996	2840	2638	0	21498	1950	22226	1262	5012	448	5866	1818	87006	9716	216	160	46774	9030	1894	338	1062	0	29970	4226	24342	6702	15314	10068	470	220	3326	2604	274	1140	0	0	0	0	0	0	0	112	0	0	178	0	0	0	1188	706	1110	530	130	0	192	204	0	444	0	0	410	92	1990	146	4842	15654	8166	7878	2890	152	2330	3196	114	94	3474	190	2786	232	0	0	0	0	718	224	0	0	0	0	0	0	0	0	0	0	0	0	0	0	0	0	0	0	0	0	0	0	0	0	0	0	
808412	Frontal_Sup_R	340	9928	6498	0	0	3012	2676	46456	0	230	302	13918	370	15094	0	2810	0	13112	34572	48536	0	0	12036	42362	120	1640	0	102	512	20076	7736	30834	2586	28548	224	904	0	2654	0	988	0	0	0	0	0	0	0	126	0	0	0	0	0	0	0	638	100	852	0	0	0	154	0	412	0	0	0	160	0	94	212	23598	178	13274	0	1018	680	7684	0	2224	0	2190	0	536	0	424	0	0	0	476	0	0	0	0	0	0	0	0	0	0	0	0	0	0	0	0	0	0	0	0	0	0	0	0	0	0	
201848	Frontal_Sup_Orb_L	0	0	8072	0	0	1318	2256	0	16574	0	0	0	1892	0	13980	240	0	0	210	0	6116	2182	4454	128	4306	320	10056	1368	4918	0	3984	956	0	0	0	0	0	0	316	0	404	0	0	0	0	0	0	0	0	0	0	0	0	0	0	0	0	0	0	0	0	0	0	0	0	0	0	0	0	0	8838	712	5344	94	0	0	0	0	0	0	0	0	1886	0	0	0	0	0	0	0	0	0	0	0	0	0	0	0	0	0	0	0	0	0	0	0	0	0	0	0	0	0	0	0	0	0	
154816	Frontal_Sup_Orb_R	0	0	0	3012	1318	0	0	612	604	4088	0	0	0	630	808	6926	0	0	0	0	3906	5936	288	3508	572	6710	2488	10866	124	1290	1790	4460	0	0	0	0	0	0	0	102	0	0	0	0	0	0	0	0	0	0	0	0	0	0	0	0	0	0	0	0	0	0	0	0	0	0	0	0	0	0	3780	7702	1554	3880	0	0	0	0	0	0	0	0	0	454	0	0	0	0	0	0	0	0	0	0	0	0	0	0	0	0	0	0	0	0	0	0	0	0	0	0	0	0	0	0	0	0	
531616	Frontal_Mid_L	21626	796	72996	2676	2256	0	0	1464	3394	0	14678	624	28192	1160	3924	0	1612	0	13152	2286	0	0	22204	5014	0	0	0	0	17248	288	10830	1126	11224	3520	1860	0	3198	90	310	0	0	0	0	0	0	0	0	0	112	0	604	0	0	0	146	0	2098	0	318	0	644	0	0	0	0	0	1758	0	2292	0	536	1254	1974	388	204	0	2330	424	98	0	1200	0	1394	0	186	0	0	0	100	0	0	0	0	0	0	0	0	0	0	0	0	0	0	0	0	0	0	0	0	0	0	0	0	0	0	0	
342104	Frontal_Mid_R	0	8740	2840	46456	0	612	1464	0	0	758	0	8332	0	26326	0	3816	0	1468	8016	11986	0	0	4766	15488	0	0	0	0	118	4824	2044	6838	1416	10610	0	0	0	0	0	0	0	0	0	0	0	0	0	0	0	0	0	0	0	0	0	0	0	110	0	0	0	0	0	0	0	0	0	0	0	0	0	2016	0	1464	0	238	0	94	0	212	0	0	0	0	0	0	0	0	0	0	0	0	0	0	0	0	0	0	0	0	0	0	0	0	0	0	0	0	0	0	0	0	0	0	0	0	
128556	Frontal_Mid_Orb_L	0	0	2638	0	16574	604	3394	0	0	0	0	0	2306	0	15378	102	0	0	0	0	2264	1046	560	0	1890	118	5458	646	2420	0	856	418	0	0	0	0	0	0	124	0	320	0	0	0	0	0	0	0	0	0	0	0	0	0	0	0	0	0	0	0	0	0	0	0	0	0	0	0	0	0	3378	326	3028	0	0	0	0	0	0	0	0	0	430	0	0	0	0	0	0	0	0	0	0	0	0	0	0	0	0	0	0	0	0	0	0	0	0	0	0	0	0	0	0	0	0	0	
21380	Frontal_Mid_Orb_R	0	0	0	230	0	4088	0	758	0	0	0	0	0	772	0	3422	0	0	0	0	0	0	0	0	0	0	0	276	0	138	0	0	0	0	0	0	0	0	0	0	0	0	0	0	0	0	0	0	0	0	0	0	0	0	0	0	0	0	0	0	0	0	0	0	0	0	0	0	0	0	0	522	0	484	0	0	0	0	0	0	0	0	0	0	0	0	0	0	0	0	0	0	0	0	0	0	0	0	0	0	0	0	0	0	0	0	0	0	0	0	0	0	0	0	0	0	
265876	Frontal_Inf_Oper_L	10816	256	21498	302	0	0	14678	0	0	0	0	0	19350	0	138	0	9536	0	15872	268	0	0	110	0	0	0	0	0	21032	124	206	104	0	0	0	0	808	0	0	0	0	0	0	0	0	0	0	0	0	0	0	0	0	0	230	0	3852	0	0	0	0	0	0	0	0	0	0	0	0	0	0	1034	280	208	0	0	134	0	444	0	5532	0	6000	0	0	0	0	0	126	0	0	0	0	0	0	0	0	0	0	0	0	0	0	0	0	0	0	0	0	0	0	0	0	0	0	0	
276188	Frontal_Inf_Oper_R	0	8876	1950	13918	0	0	624	8332	0	0	0	0	154	9660	0	598	0	7590	12182	15198	0	0	1818	3348	0	0	0	0	310	17990	1602	4306	848	10374	0	0	0	290	0	0	0	0	0	0	0	0	0	0	0	0	0	0	0	0	0	0	0	1918	0	0	0	0	0	350	0	0	0	0	0	0	0	6784	0	7048	0	0	0	190	0	532	0	730	0	574	0	0	0	0	0	0	0	0	0	0	0	0	0	0	0	0	0	0	0	0	0	0	0	0	0	0	0	0	0	0	0	0	
305364	Frontal_Inf_Tri_L	3792	110	22226	370	1892	0	28192	0	2306	0	19350	154	0	0	13402	0	350	0	12088	656	0	0	3832	260	0	0	0	0	27694	326	3398	486	2062	202	0	0	242	106	0	0	118	0	0	0	0	0	0	0	0	0	0	0	0	0	0	0	862	0	0	0	0	0	0	0	0	0	0	0	0	0	914	2984	1982	506	0	0	0	0	0	0	164	0	1656	0	0	0	0	0	0	0	0	0	0	0	0	0	0	0	0	0	0	0	0	0	0	0	0	0	0	0	0	0	0	0	0	0	
214380	Frontal_Inf_Tri_R	0	502	1262	15094	0	630	1160	26326	0	772	0	9660	0	0	0	4546	0	264	1870	2700	0	0	4220	8064	0	0	0	0	152	13688	1206	3400	1396	7014	0	0	0	0	0	0	0	0	0	0	0	0	0	0	0	0	0	0	0	0	0	0	0	100	0	0	0	0	0	0	0	0	0	0	0	0	0	1690	0	1474	0	0	0	0	0	0	0	0	0	0	0	0	0	0	0	0	0	0	0	0	0	0	0	0	0	0	0	0	0	0	0	0	0	0	0	0	0	0	0	0	0	0	
218520	Frontal_Inf_Orb_L	0	0	5012	0	13980	808	3924	0	15378	0	138	0	13402	0	0	226	0	0	730	0	6200	1418	2538	182	88	94	4398	848	13492	0	3156	388	648	0	0	0	154	0	862	0	686	0	0	0	0	0	0	0	0	0	0	0	0	0	0	0	0	0	0	0	0	0	0	0	0	0	0	0	0	0	6596	996	7698	116	0	0	0	0	0	0	0	0	5104	0	0	0	0	0	0	0	0	0	0	0	0	0	0	0	0	0	0	0	0	0	0	0	0	0	0	0	0	0	0	0	0	0	
144492	Frontal_Inf_Orb_R	0	0	448	2810	240	6926	0	3816	102	3422	0	598	0	4546	226	0	0	104	1034	616	2266	4074	378	420	0	0	474	3494	124	14222	392	1104	248	792	0	0	0	0	0	494	0	238	0	0	0	0	0	0	0	0	0	0	0	0	0	122	0	0	0	0	0	0	0	0	0	0	0	0	0	0	1300	7202	696	6894	0	0	0	0	0	0	0	0	0	2128	0	0	0	184	0	112	0	0	0	0	0	0	0	0	0	0	0	0	0	0	0	0	0	0	0	0	0	0	0	0	0	0	
206000	Rolandic_Oper_L	8978	0	5866	0	0	0	1612	0	0	0	9536	0	350	0	0	0	0	0	6332	0	0	0	0	0	0	0	0	0	17598	0	0	0	0	0	156	0	2338	0	0	0	0	0	0	0	0	0	0	0	584	0	3258	0	296	0	1268	0	7392	0	786	0	1404	0	4372	0	378	0	1260	0	1026	0	0	0	1034	0	420	0	318	0	4114	0	13736	0	3788	0	3172	0	0	0	1628	0	0	0	0	0	0	0	0	0	0	0	0	0	0	0	0	0	0	0	0	0	0	0	0	0	0	0	
239380	Rolandic_Oper_R	0	3880	1818	13112	0	0	0	1468	0	0	0	7590	0	264	0	104	0	0	10728	12492	0	0	94	150	0	0	0	0	0	22902	150	398	110	900	102	262	0	3692	0	436	0	0	0	0	0	0	0	0	0	0	0	0	0	0	0	612	0	4668	0	0	0	0	0	3160	0	0	0	180	0	0	0	4784	0	9234	0	528	104	1124	0	4862	0	7044	0	1332	0	942	0	0	0	464	0	0	0	0	0	0	0	0	0	0	0	0	0	0	0	0	0	0	0	0	0	0	0	0	0	0	
988996	Supp_Motor_Area_L	6102	6184	87006	34572	210	0	13152	8016	0	0	15872	12182	12088	1870	730	1034	6332	10728	0	57108	0	0	6344	5110	0	0	0	0	27728	17320	3596	10298	13286	23686	922	848	3436	2884	262	1232	210	0	0	142	164	0	0	262	288	0	832	122	94	0	1460	746	380	746	0	0	0	204	0	496	0	0	578	606	10068	256	6164	25198	15512	13016	4296	490	4788	4044	100	724	5156	1516	3202	674	430	100	0	0	1030	266	0	0	0	0	0	0	0	0	0	0	0	0	0	0	0	0	0	0	0	0	0	0	0	0	0	0	
649504	Supp_Motor_Area_R	2512	9118	9716	48536	0	0	2286	11986	0	0	268	15198	656	2700	0	616	0	12492	57108	0	0	0	1264	6824	0	0	0	0	1348	16414	1710	8600	3074	38436	858	3458	0	826	0	202	0	0	0	1232	0	1040	0	406	0	0	0	1688	0	176	0	288	730	2530	0	0	0	320	0	682	0	162	0	3912	5382	10474	1488	18678	1062	7844	0	448	1118	2270	0	1600	168	2058	0	454	0	1294	0	0	0	1042	0	0	0	0	0	0	0	0	0	0	0	0	0	0	0	0	0	0	0	0	0	0	0	0	0	0	
159848	Olfactory_L	0	0	216	0	6116	3906	0	0	2264	0	0	0	0	0	6200	2266	0	0	0	0	0	9880	90	0	354	490	6518	4642	2570	998	3428	2670	0	0	0	0	300	0	1012	368	938	90	0	0	0	0	0	0	0	0	0	0	0	0	276	0	0	0	0	0	0	0	0	0	0	0	0	0	0	0	11882	4264	3944	788	0	0	0	0	0	0	0	0	2732	722	0	0	0	0	0	0	0	0	0	0	0	0	0	0	0	0	0	0	0	0	0	0	0	0	0	0	0	0	0	0	0	0	
149556	Olfactory_R	0	0	160	0	2182	5936	0	0	1046	0	0	0	0	0	1418	4074	0	0	0	0	9880	0	0	0	330	1198	2916	7544	186	2866	4382	4432	0	0	0	0	0	0	0	822	0	1182	0	0	0	0	0	0	0	0	0	0	0	0	0	0	0	0	0	0	0	0	0	0	0	0	0	0	0	0	9010	7710	3654	2206	0	0	0	0	0	0	0	0	0	1536	0	0	0	108	0	0	0	0	0	0	0	0	0	0	0	0	0	0	0	0	0	0	0	0	0	0	0	0	0	0	0	0	
486608	Frontal_Sup_Medial_L	0	334	46774	12036	4454	288	22204	4766	560	0	110	1818	3832	4220	2538	378	0	94	6344	1264	90	0	0	31746	2978	2214	766	0	3042	1492	34758	17594	15224	17850	0	0	0	0	0	0	0	0	0	0	0	0	0	0	0	0	0	0	0	0	0	0	0	0	0	0	0	0	0	0	0	0	0	0	0	0	718	1598	480	740	0	0	0	0	0	0	0	0	0	0	0	0	0	0	0	0	0	0	0	0	0	0	0	0	0	0	0	0	0	0	0	0	0	0	0	0	0	0	0	0	0	0	
461796	Frontal_Sup_Medial_R	0	164	9030	42362	128	3508	5014	15488	0	0	0	3348	260	8064	182	420	0	150	5110	6824	0	0	31746	0	528	6708	0	706	204	2536	14372	30290	3700	26814	0	0	0	0	0	0	0	0	0	0	0	0	0	0	0	0	0	0	0	0	0	0	0	0	0	0	0	0	0	0	0	0	0	0	0	0	0	8234	0	5008	0	0	0	0	0	0	0	0	0	0	0	0	0	0	0	0	0	0	0	0	0	0	0	0	0	0	0	0	0	0	0	0	0	0	0	0	0	0	0	0	0	0	
42644	Frontal_Med_Orb_L	0	0	1894	120	4306	572	0	0	1890	0	0	0	0	0	88	0	0	0	0	0	354	330	2978	528	0	1586	1764	194	0	0	3624	472	0	0	0	0	0	0	0	0	0	0	0	0	0	0	0	0	0	0	0	0	0	0	0	0	0	0	0	0	0	0	0	0	0	0	0	0	0	0	286	216	0	120	0	0	0	0	0	0	0	0	0	0	0	0	0	0	0	0	0	0	0	0	0	0	0	0	0	0	0	0	0	0	0	0	0	0	0	0	0	0	0	0	0	0	
80392	Frontal_Med_Orb_R	0	0	338	1640	320	6710	0	0	118	0	0	0	0	0	94	0	0	0	0	0	490	1198	2214	6708	1586	0	1094	5084	0	0	2516	6258	0	0	0	0	0	0	0	0	0	0	0	0	0	0	0	0	0	0	0	0	0	0	0	0	0	0	0	0	0	0	0	0	0	0	0	0	0	0	332	2706	0	790	0	0	0	0	0	0	0	0	0	0	0	0	0	0	0	0	0	0	0	0	0	0	0	0	0	0	0	0	0	0	0	0	0	0	0	0	0	0	0	0	0	0	
106752	Rectus_L	0	0	1062	0	10056	2488	0	0	5458	0	0	0	0	0	4398	474	0	0	0	0	6518	2916	766	0	1764	1094	0	2852	362	120	1782	918	0	0	0	0	0	0	214	0	0	0	0	0	0	0	0	0	0	0	0	0	0	0	0	0	0	0	0	0	0	0	0	0	0	0	0	0	0	0	6658	1174	1458	178	0	0	0	0	0	0	0	0	666	0	0	0	0	0	0	0	0	0	0	0	0	0	0	0	0	0	0	0	0	0	0	0	0	0	0	0	0	0	0	0	0	0	
114124	Rectus_R	0	0	0	102	1368	10866	0	0	646	276	0	0	0	0	848	3494	0	0	0	0	4642	7544	0	706	194	5084	2852	0	130	1362	1978	2896	0	0	0	0	0	0	0	0	0	0	0	0	0	0	0	0	0	0	0	0	0	0	0	0	0	0	0	0	0	0	0	0	0	0	0	0	0	0	4244	3834	1688	1344	0	0	0	0	0	0	0	0	0	964	0	0	0	0	0	0	0	0	0	0	0	0	0	0	0	0	0	0	0	0	0	0	0	0	0	0	0	0	0	0	0	0	
640052	Insula_L	20592	506	29970	512	4918	124	17248	118	2420	0	21032	310	27694	152	13492	124	17598	0	27728	1348	2570	186	3042	204	0	0	362	130	0	604	2184	396	1916	334	1004	0	14012	342	1828	130	3306	0	160	0	0	0	308	0	930	0	3762	0	444	0	7402	104	8722	0	336	0	1198	0	2008	0	322	0	1814	0	902	0	2228	5348	16182	1006	0	0	1318	100	9036	0	12940	0	10966	0	6618	0	148	0	6946	0	148	0	0	0	0	0	0	0	194	0	0	0	0	0	0	0	0	0	0	0	0	0	0	0	0	0	
524504	Insula_R	0	2704	4226	20076	0	1290	288	4824	0	138	124	17990	326	13688	0	14222	0	22902	17320	16414	998	2866	1492	2536	0	0	120	1362	604	0	898	5244	644	6634	128	226	0	7748	0	1524	0	1876	0	0	0	0	0	0	0	0	0	0	0	0	0	2918	0	888	0	0	0	0	0	1174	0	0	0	194	0	0	356	18726	220	31446	0	214	126	1176	0	5322	0	13202	0	4084	0	5138	0	302	0	5334	0	0	0	0	0	0	0	0	0	0	0	0	0	0	0	0	0	0	0	0	0	0	0	0	0	0	
403956	Cingulum_Ant_L	0	468	24342	7736	3984	1790	10830	2044	856	0	206	1602	3398	1206	3156	392	0	150	3596	1710	3428	4382	34758	14372	3624	2516	1782	1978	2184	898	0	25614	12542	10852	0	0	0	200	0	0	0	0	0	0	0	0	0	0	0	0	0	0	0	0	0	0	0	0	0	0	0	0	0	142	0	0	0	0	0	0	5246	6386	1028	2488	0	0	0	92	0	0	0	0	0	0	0	0	0	0	0	0	0	0	0	0	0	0	0	0	0	0	0	0	0	0	0	0	0	0	0	0	0	0	0	0	0	0	
500148	Cingulum_Ant_R	0	1468	6702	30834	956	4460	1126	6838	418	0	104	4306	486	3400	388	1104	0	398	10298	8600	2670	4432	17594	30290	472	6258	918	2896	396	5244	25614	0	5064	31722	0	0	0	124	0	0	0	0	0	0	0	0	0	0	0	0	0	0	0	0	0	0	0	88	0	0	0	0	0	128	0	0	0	0	0	0	3380	20478	478	9854	0	0	0	0	0	0	0	0	0	88	0	0	0	0	0	0	0	0	0	0	0	0	0	0	0	0	0	0	0	0	0	0	0	0	0	0	0	0	0	0	0	0	
279536	Cingulum_Mid_L	3508	0	15314	2586	0	0	11224	1416	0	0	0	848	2062	1396	648	248	0	110	13286	3074	0	0	15224	3700	0	0	0	0	1916	644	12542	5064	0	13848	4576	592	0	0	0	0	0	0	96	0	158	850	0	0	662	0	2724	0	162	0	0	0	574	0	736	0	186	0	0	0	136	0	5252	1236	11058	0	0	828	182	418	0	0	0	0	0	0	0	0	0	0	684	0	0	0	0	0	0	0	0	0	0	0	0	0	0	0	0	0	0	0	0	0	0	0	0	0	0	0	0	0	0	0	
609092	Cingulum_Mid_R	208	4154	10068	28548	0	0	3520	10610	0	0	0	10374	202	7014	0	792	0	900	23686	38436	0	0	17850	26814	0	0	0	0	334	6634	10852	31722	13848	0	1008	4200	0	412	0	0	0	0	0	2878	0	5438	0	980	0	452	0	3180	0	170	0	396	0	2250	0	0	0	0	0	0	0	0	704	11752	2212	9926	744	5450	438	3208	0	0	852	0	0	0	0	202	0	0	0	530	0	0	0	598	0	0	0	0	0	0	0	0	0	0	0	0	0	0	0	0	0	0	0	0	0	0	0	0	0	0	
173896	Cingulum_Post_L	5480	164	470	224	0	0	1860	0	0	0	0	0	0	0	0	0	156	102	922	858	0	0	0	0	0	0	0	0	1004	128	0	0	4576	1008	0	5422	6872	2910	1528	1092	0	0	1670	0	576	0	1134	334	1790	0	2556	0	462	0	462	270	468	0	382	0	232	0	168	206	142	0	13166	1554	6428	0	3310	0	450	262	0	0	11992	2304	246	0	0	0	0	0	1264	0	0	0	344	0	0	0	0	0	0	0	0	0	0	0	0	0	0	0	0	0	0	0	0	0	0	0	0	0	0	0	
134916	Cingulum_Post_R	0	1926	220	904	0	0	0	0	0	0	0	0	0	0	0	0	0	262	848	3458	0	0	0	0	0	0	0	0	0	226	0	0	592	4200	5422	0	0	9286	0	3516	0	0	0	998	0	250	0	2830	0	0	0	420	0	452	0	2058	0	124	0	0	0	0	0	374	0	0	490	7542	216	1614	1216	1256	0	428	0	0	6522	6380	0	0	0	100	0	0	0	390	0	0	0	1504	0	348	0	0	0	0	0	630	0	358	0	0	0	0	0	0	0	0	0	0	98	0	0	0	0	0	
262328	Hippocampus_L	9142	322	3326	0	0	0	3198	0	0	0	808	0	242	0	154	0	2338	0	3436	0	300	0	0	0	0	0	0	0	14012	0	0	0	0	0	6872	0	0	166	12872	0	7398	0	1292	0	0	0	3026	344	358	0	878	0	466	0	16180	0	3748	0	0	0	0	0	0	0	0	0	7320	0	2520	0	0	0	8340	0	270	0	5196	0	3116	0	2954	0	1074	0	824	0	0	0	7134	0	378	0	0	0	176	0	456	0	394	0	0	0	0	0	0	0	0	0	0	134	0	0	0	0	0	0	
363332	Hippocampus_R	180	4484	2604	2654	0	0	90	0	0	0	0	290	106	0	0	0	0	3692	2884	826	0	0	0	0	0	0	0	0	342	7748	200	124	0	412	2910	9286	166	0	0	33612	0	9934	0	1318	0	0	0	5220	0	0	0	0	0	598	0	27518	0	614	0	0	0	0	0	1546	0	0	0	5778	176	224	922	4480	336	15278	0	844	4632	11162	0	386	0	2098	0	240	0	2286	0	0	0	7570	0	1220	0	0	0	0	0	3106	0	1570	0	0	0	0	0	0	0	0	0	0	0	0	0	0	0	0	
109540	ParaHippocampal_L	1084	122	274	0	316	0	310	0	124	0	0	0	0	0	862	0	0	0	262	0	1012	0	0	0	0	0	214	0	1828	0	0	0	0	0	1528	0	12872	0	0	0	3996	0	640	0	0	0	4856	162	134	0	1086	0	706	0	7468	0	488	0	0	0	0	0	0	0	0	0	2336	0	296	0	276	0	2488	0	0	0	850	0	0	0	240	0	1196	0	522	0	272	0	1040	0	1370	0	0	0	198	0	1730	0	1612	0	0	0	0	0	0	0	0	0	0	0	0	0	0	0	0	0	
251468	ParaHippocampal_R	0	760	1140	988	0	102	0	0	0	0	0	0	0	0	0	494	0	436	1232	202	368	822	0	0	0	0	0	0	130	1524	0	0	0	0	1092	3516	0	33612	0	0	0	9610	0	648	0	0	0	5172	0	0	0	0	0	362	0	23116	0	0	0	0	0	0	0	116	0	0	0	3462	0	0	274	2054	0	8558	0	604	1512	5004	0	0	0	454	0	3248	0	832	0	2288	0	2780	0	1672	0	214	0	94	0	4466	0	2406	0	112	0	258	0	0	0	0	0	0	0	0	0	0	0	0	
47172	Amygdala_L	0	0	0	0	404	0	0	0	320	0	0	0	118	0	686	0	0	0	210	0	938	0	0	0	0	0	0	0	3306	0	0	0	0	0	0	0	7398	0	3996	0	0	0	0	0	0	0	0	0	0	0	0	0	0	0	3690	0	0	0	0	0	0	0	0	0	0	0	0	0	0	0	0	0	718	0	0	0	0	0	0	0	0	0	876	0	0	0	0	0	926	0	0	0	0	0	0	0	0	0	0	0	0	0	0	0	0	0	0	0	0	0	0	0	0	0	0	0	
66864	Amygdala_R	0	0	0	0	0	0	0	0	0	0	0	0	0	0	0	238	0	0	0	0	90	1182	0	0	0	0	0	0	0	1876	0	0	0	0	0	0	0	9934	0	9610	0	0	0	0	0	0	0	0	0	0	0	0	0	0	0	6202	0	0	0	0	0	0	0	0	0	0	0	0	0	0	0	216	0	1094	0	0	0	0	0	0	0	0	0	2092	0	0	0	362	0	536	0	0	0	0	0	0	0	0	0	0	0	0	0	0	0	0	0	0	0	0	0	0	0	0	0	0	
246876	Calcarine_L	270	0	0	0	0	0	0	0	0	0	0	0	0	0	0	0	0	0	0	0	0	0	0	0	0	0	0	0	160	0	0	0	96	0	1670	0	1292	0	640	0	0	0	0	8108	17388	5074	14844	3458	13004	1244	24728	120	5122	94	1756	270	198	0	152	0	174	0	236	0	484	0	13096	628	352	0	0	0	0	0	0	0	120	0	184	0	122	0	0	0	2554	0	0	0	1612	0	442	558	0	0	0	0	200	716	122	740	0	0	0	0	0	0	0	0	0	0	1150	260	0	0	0	0	
327732	Calcarine_R	0	554	0	0	0	0	0	0	0	0	0	0	0	0	0	0	0	0	142	1232	0	0	0	0	0	0	0	0	0	0	0	0	0	2878	0	998	0	1318	0	648	0	0	8108	0	5536	23940	5298	20732	264	17622	0	20158	0	7494	0	9534	0	822	0	178	0	422	0	0	0	148	2114	20878	0	2036	0	0	0	100	0	0	0	220	0	0	0	0	0	0	0	5674	0	0	0	3808	0	192	0	0	0	0	98	356	0	178	0	0	0	0	0	0	0	0	0	0	186	0	0	0	0	0	
206564	Cuneus_L	114	0	0	0	0	0	0	0	0	0	0	0	0	0	0	0	0	0	164	0	0	0	0	0	0	0	0	0	0	0	0	0	158	0	576	0	0	0	0	0	0	0	17388	5536	0	6500	2858	358	23014	2020	17284	378	2690	0	434	0	308	0	1092	0	594	0	514	0	1012	0	13654	1386	728	0	0	0	0	0	0	0	0	0	314	0	218	0	0	0	2782	0	0	0	1080	0	128	0	0	0	0	0	0	0	0	0	0	0	0	0	0	0	0	0	0	0	0	0	0	0	0	0	
352728	Cuneus_R	0	416	0	0	0	0	0	0	0	0	0	0	0	0	0	0	0	0	0	1040	0	0	0	0	0	0	0	0	0	0	0	0	850	5438	0	250	0	0	0	0	0	0	5074	23940	6500	0	3006	6860	218	34586	0	17656	0	1140	0	2786	486	3570	424	4740	422	1524	0	0	0	2052	5534	31654	0	5120	0	0	0	0	0	0	0	0	0	0	0	1066	0	0	0	7294	0	0	0	2718	0	0	0	0	0	0	0	0	0	0	0	0	0	0	0	0	0	0	0	0	0	0	0	0	0	0	
334880	Lingual_L	346	0	0	0	0	0	0	0	0	0	0	0	0	0	0	0	0	0	0	0	0	0	0	0	0	0	0	0	308	0	0	0	0	0	1134	0	3026	0	4856	0	0	0	14844	5298	2858	3006	0	8864	1250	1500	17362	264	10918	132	16458	1988	156	0	0	0	0	0	0	0	0	0	3994	230	104	0	0	0	252	0	0	0	932	0	0	0	0	0	0	0	2014	0	0	0	224	0	7142	1812	0	0	818	0	17104	3108	14482	2846	0	0	0	0	236	426	0	0	0	148	9972	5836	112	0	240	840	
372200	Lingual_R	194	222	112	126	0	0	0	0	0	0	0	0	0	0	0	0	0	0	262	406	0	0	0	0	0	0	0	0	0	0	0	0	0	980	334	2830	344	5220	162	5172	0	0	3458	20732	358	6860	8864	0	114	6198	684	5250	884	3814	2348	21986	100	0	0	0	0	0	0	0	0	0	546	9992	118	228	0	432	246	610	0	0	424	1748	0	0	0	0	0	0	336	938	0	0	0	1122	2090	11250	0	658	0	120	4148	11730	6450	13006	0	132	0	230	270	0	0	0	0	150	10890	9542	680	0	0	0	
285320	Occipital_Sup_L	1950	0	0	0	0	0	112	0	0	0	0	0	0	0	0	0	584	0	288	0	0	0	0	0	0	0	0	0	930	0	0	0	662	0	1790	0	358	0	134	0	0	0	13004	264	23014	218	1250	114	0	0	42632	0	3756	0	454	0	1104	0	9998	0	2622	0	930	0	1136	0	21470	458	4254	0	0	0	0	0	0	0	0	0	544	0	668	0	0	0	7242	0	0	0	720	0	0	0	0	0	0	0	0	0	0	0	0	0	0	0	0	0	0	0	0	0	0	0	0	0	0	0	
278944	Occipital_Sup_R	0	176	0	0	0	0	0	0	0	0	0	0	0	0	0	0	0	0	0	0	0	0	0	0	0	0	0	0	0	0	0	0	0	452	0	0	0	0	0	0	0	0	1244	17622	2020	34586	1500	6198	0	0	0	23516	0	1184	0	4098	272	1352	248	6360	248	3658	0	0	0	5902	1194	14484	0	1508	0	0	0	0	0	0	0	0	0	0	0	1158	0	0	0	7916	0	0	0	2576	0	0	0	0	0	0	0	0	0	0	0	0	0	0	0	0	0	0	0	0	0	0	0	0	0	0	
644852	Occipital_Mid_L	4982	0	178	0	0	0	604	0	0	0	0	0	0	0	0	0	3258	0	832	0	0	0	0	0	0	0	0	0	3762	0	0	0	2724	0	2556	0	878	0	1086	0	0	0	24728	0	17284	0	17362	684	42632	0	0	0	29844	0	12752	410	5168	0	15338	0	20792	0	4606	0	19208	0	29344	0	8952	0	0	0	190	0	0	0	116	0	2806	0	2530	0	0	0	32902	0	0	0	6998	0	1426	312	0	0	0	0	1054	396	1658	354	0	0	0	0	0	0	0	0	0	0	982	738	0	0	0	0	
291324	Occipital_Mid_R	0	834	0	0	0	0	0	0	0	0	0	0	0	0	0	0	0	0	122	1688	0	0	0	0	0	0	0	0	0	0	0	0	0	3180	0	420	0	0	0	0	0	0	120	20158	378	17656	264	5250	0	23516	0	0	0	4316	0	5614	118	3226	108	2446	108	4976	0	92	0	13538	502	18342	0	5148	0	0	0	0	0	0	0	0	0	0	0	348	0	0	0	11774	0	0	0	1420	0	0	0	0	0	0	0	0	0	0	0	0	0	0	0	0	0	0	0	0	0	0	0	0	0	0	
199276	Occipital_Inf_L	320	0	0	0	0	0	0	0	0	0	0	0	0	0	0	0	296	0	94	0	0	0	0	0	0	0	0	0	444	0	0	0	162	0	462	0	466	0	706	0	0	0	5122	0	2690	0	10918	884	3756	0	29844	0	0	0	13842	456	184	0	134	0	368	0	590	0	306	0	2920	0	564	0	0	0	0	0	0	0	0	0	674	0	456	0	0	0	7884	0	0	0	6144	0	2164	338	0	0	0	0	1102	410	2332	382	0	0	0	0	0	0	0	0	0	0	1170	1054	0	0	0	0	
78252	Occipital_Inf_R	0	560	0	0	0	0	0	0	0	0	0	0	0	0	0	0	0	0	0	176	0	0	0	0	0	0	0	0	0	0	0	0	0	170	0	452	0	598	0	362	0	0	94	7494	0	1140	132	3814	0	1184	0	4316	0	0	0	6706	0	0	0	0	0	0	0	0	0	0	0	2240	0	168	0	0	0	0	0	0	0	284	0	0	0	0	0	0	0	2296	0	0	0	6184	0	252	0	0	0	0	0	132	0	272	0	0	0	0	0	0	0	0	0	0	100	0	0	0	0	0	
419032	Fusiform_L	1418	0	1188	0	0	0	146	0	0	0	230	0	0	0	0	0	1268	0	1460	0	276	0	0	0	0	0	0	0	7402	0	0	0	0	0	462	0	16180	0	7468	0	3690	0	1756	0	434	0	16458	2348	454	0	12752	0	13842	0	0	950	1448	0	0	0	284	0	450	0	110	0	1434	0	144	0	0	0	1392	0	0	0	510	0	1916	0	5278	0	2516	0	6366	0	1818	0	20108	0	21622	716	330	0	112	0	16030	794	27534	858	230	0	174	0	0	0	0	0	0	0	3618	3414	128	0	0	0	
466192	Fusiform_R	0	2508	706	638	0	0	0	0	0	0	0	0	0	0	0	122	0	612	746	288	0	0	0	0	0	0	0	0	104	2918	0	0	0	396	270	2058	0	27518	0	23116	0	6202	270	9534	0	2786	1988	21986	0	4098	410	5614	456	6706	950	0	0	224	0	102	0	194	0	142	0	126	96	6068	0	196	92	988	0	5912	0	366	284	2382	0	0	0	1158	0	7028	262	4848	0	3566	0	21650	892	12572	0	306	0	162	2140	10832	2908	14430	0	0	0	214	196	0	0	0	0	90	5524	4000	146	0	0	0	
302124	Postcentral_L	36372	3722	1110	100	0	0	2098	0	0	0	3852	0	862	0	0	0	7392	0	380	730	0	0	0	0	0	0	0	0	8722	0	0	0	574	0	468	0	3748	0	488	0	0	0	198	0	308	486	156	100	1104	272	5168	118	184	0	1448	0	0	0	8148	0	22490	0	8268	0	472	0	8924	644	6750	0	0	0	4780	0	750	0	878	104	3604	0	1736	0	0	0	2322	0	0	0	1032	0	0	0	0	0	0	0	0	0	0	0	0	0	0	0	0	0	0	0	0	0	0	0	0	0	0	0	
144608	Postcentral_R	0	9832	530	852	0	0	0	110	0	0	0	1918	0	100	0	0	0	4668	746	2530	0	0	0	0	0	0	0	0	0	888	0	88	0	2250	0	124	0	614	0	0	0	0	0	822	0	3570	0	0	0	1352	0	3226	0	0	0	224	0	0	0	2688	0	4086	0	11464	0	970	0	6642	0	5358	0	0	0	156	0	0	0	140	0	0	0	942	0	0	0	3090	0	0	0	2324	0	0	0	0	0	0	0	0	0	0	0	0	0	0	0	0	0	0	0	0	0	0	0	0	0	0	
161080	Parietal_Sup_L	1292	0	130	0	0	0	318	0	0	0	0	0	0	0	0	0	786	0	0	0	0	0	0	0	0	0	0	0	336	0	0	0	736	0	382	0	0	0	0	0	0	0	152	0	1092	424	0	0	9998	248	15338	108	134	0	0	0	8148	0	0	0	12700	0	716	0	2956	0	20154	656	3042	0	0	0	0	0	0	0	0	0	0	0	316	0	0	0	240	0	0	0	138	0	0	0	0	0	0	0	0	0	0	0	0	0	0	0	0	0	0	0	0	0	0	0	0	0	0	0	
90544	Parietal_Sup_R	0	162	0	0	0	0	0	0	0	0	0	0	0	0	0	0	0	0	0	0	0	0	0	0	0	0	0	0	0	0	0	0	0	0	0	0	0	0	0	0	0	0	0	178	0	4740	0	0	0	6360	0	2446	0	0	0	102	0	2688	0	0	0	7030	0	672	0	6366	376	7562	0	386	0	0	0	0	0	0	0	0	0	0	0	0	0	0	0	3508	0	0	0	2696	0	0	0	0	0	0	0	0	0	0	0	0	0	0	0	0	0	0	0	0	0	0	0	0	0	0	
282136	Parietal_Inf_L	6600	262	192	0	0	0	644	0	0	0	0	0	0	0	0	0	1404	0	0	0	0	0	0	0	0	0	0	0	1198	0	0	0	186	0	232	0	0	0	0	0	0	0	174	0	594	422	0	0	2622	248	20792	108	368	0	284	0	22490	0	12700	0	0	0	19268	0	24538	0	9150	572	1852	0	0	0	0	0	0	0	0	0	484	0	1876	0	0	0	7958	0	0	0	3850	0	0	0	0	0	0	0	0	0	0	0	0	0	0	0	0	0	0	0	0	0	0	0	0	0	0	0	
120532	Parietal_Inf_R	0	1870	204	154	0	0	0	0	0	0	0	0	0	0	0	0	0	0	204	320	0	0	0	0	0	0	0	0	0	0	0	0	0	0	0	0	0	0	0	0	0	0	0	422	0	1524	0	0	0	3658	0	4976	0	0	0	194	0	4086	0	7030	0	0	0	8978	0	17632	0	1322	0	600	0	0	0	0	0	0	0	0	0	0	0	356	0	0	0	4304	0	0	0	2432	0	0	0	0	0	0	0	0	0	0	0	0	0	0	0	0	0	0	0	0	0	0	0	0	0	0	
197012	SupraMarginal_L	4744	0	0	0	0	0	0	0	0	0	0	0	0	0	0	0	4372	0	0	0	0	0	0	0	0	0	0	0	2008	0	0	0	0	0	168	0	0	0	0	0	0	0	236	0	514	0	0	0	930	0	4606	0	590	0	450	0	8268	0	716	0	19268	0	0	0	11266	0	1628	0	3288	0	0	0	0	0	0	0	0	0	1086	0	11646	0	0	0	15182	0	0	0	7540	0	0	0	0	0	0	0	0	0	0	0	0	0	0	0	0	0	0	0	0	0	0	0	0	0	0	0	
114892	SupraMarginal_R	0	7640	444	412	0	0	0	0	0	0	0	350	0	0	0	0	0	3160	496	682	0	0	0	0	0	0	0	0	0	1174	142	128	0	0	206	374	0	1546	0	116	0	0	0	0	0	0	0	0	0	0	0	92	0	0	0	142	0	11464	0	672	0	8978	0	0	0	5836	0	168	0	562	0	0	0	0	0	0	224	334	0	0	0	5178	0	0	0	6114	0	0	0	812	0	0	0	0	0	0	0	0	0	0	0	0	0	0	0	0	0	0	0	0	0	0	0	0	0	0	
172528	Angular_L	352	0	0	0	0	0	0	0	0	0	0	0	0	0	0	0	378	0	0	0	0	0	0	0	0	0	0	0	322	0	0	0	136	0	142	0	0	0	0	0	0	0	484	0	1012	0	0	0	1136	0	19208	0	306	0	110	0	472	0	2956	0	24538	0	11266	0	0	0	2080	0	408	0	0	0	0	0	0	0	0	0	226	0	3602	0	0	0	14182	0	0	0	2948	0	0	0	0	0	0	0	0	0	0	0	0	0	0	0	0	0	0	0	0	0	0	0	0	0	0	0	
137708	Angular_R	0	1204	0	0	0	0	0	0	0	0	0	0	0	0	0	0	0	0	0	162	0	0	0	0	0	0	0	0	0	0	0	0	0	0	0	0	0	0	0	0	0	0	0	148	0	2052	0	0	0	5902	0	13538	0	0	0	126	0	970	0	6366	0	17632	0	5836	0	0	0	1416	0	418	0	0	0	0	0	0	0	0	0	0	0	2950	0	0	0	8172	0	0	0	1962	0	0	0	0	0	0	0	0	0	0	0	0	0	0	0	0	0	0	0	0	0	0	0	0	0	0	
430976	Precuneus_L	6058	0	410	0	0	0	1758	0	0	0	0	0	0	0	0	0	1260	0	578	0	0	0	0	0	0	0	0	0	1814	0	0	0	5252	704	13166	490	7320	0	2336	0	0	0	13096	2114	13654	5534	3994	546	21470	1194	29344	502	2920	0	1434	96	8924	0	20154	376	9150	0	1628	0	2080	0	0	11120	10414	0	0	0	400	0	0	0	3274	0	554	0	954	0	0	0	7360	128	0	0	1634	0	294	0	0	0	0	0	0	0	0	0	0	0	0	0	0	0	0	0	0	0	0	0	0	0	0	0	
411244	Precuneus_R	0	1472	92	160	0	0	0	0	0	0	0	0	0	0	0	0	0	180	606	3912	0	0	0	0	0	0	0	0	0	194	0	0	1236	11752	1554	7542	0	5778	0	3462	0	0	628	20878	1386	31654	230	9992	458	14484	0	18342	0	2240	0	6068	644	6642	656	7562	572	1322	0	168	0	1416	11120	0	334	9900	0	0	0	336	0	0	184	868	0	0	0	236	0	0	0	7978	0	0	0	6970	0	1120	0	0	0	0	0	1950	0	1168	0	0	0	0	0	0	0	0	0	0	176	0	0	0	0	0	
245476	Paracentral_Lobule_L	14470	672	1990	0	0	0	2292	0	0	0	0	0	0	0	0	0	1026	0	10068	5382	0	0	0	0	0	0	0	0	902	0	0	0	11058	2212	6428	216	2520	176	296	0	0	0	352	0	728	0	104	118	4254	0	8952	0	564	0	144	0	6750	0	3042	0	1852	0	3288	0	408	0	10414	334	0	732	658	0	1578	0	682	0	9156	140	370	0	1832	0	0	0	5648	0	0	0	930	0	0	0	0	0	0	0	0	0	0	0	0	0	0	0	0	0	0	0	0	0	0	0	0	0	0	0	
132620	Paracentral_Lobule_R	126	6512	146	94	0	0	0	0	0	0	0	0	0	0	0	0	0	0	256	10474	0	0	0	0	0	0	0	0	0	0	0	0	0	9926	0	1614	0	224	0	0	0	0	0	2036	0	5120	0	228	0	1508	0	5148	0	168	0	196	0	5358	0	386	0	600	0	562	0	418	0	9900	732	0	282	0	160	0	0	0	304	100	0	0	0	92	0	0	0	2134	0	0	0	1506	0	0	0	0	0	0	0	0	0	0	0	0	0	0	0	0	0	0	0	0	0	0	0	0	0	0	
260620	Caudate_L	744	2818	4842	212	8838	3780	536	0	3378	0	0	0	914	0	6596	1300	0	0	6164	1488	11882	9010	718	0	286	332	6658	4244	2228	356	5246	3380	0	744	3310	1216	0	922	276	274	0	0	0	0	0	0	0	0	0	0	0	0	0	0	0	92	0	0	0	0	0	0	0	0	0	0	0	0	658	282	0	8888	11420	1294	500	218	12098	1028	0	0	0	0	1008	132	0	0	0	0	0	0	0	0	0	0	0	0	0	0	0	0	0	0	0	0	0	0	0	0	0	0	0	0	0	0	0	0	
593456	Caudate_R	164	2206	15654	23598	712	7702	1254	2016	326	522	1034	6784	2984	1690	996	7202	0	4784	25198	18678	4264	7710	1598	8234	216	2706	1174	3834	5348	18726	6386	20478	828	5450	0	1256	0	4480	0	2054	0	216	0	0	0	0	0	432	0	0	0	0	0	0	0	988	0	0	0	0	0	0	0	0	0	0	0	0	0	0	8888	0	3994	37816	0	1748	1376	20506	0	176	360	800	90	996	0	0	0	0	0	96	0	0	0	0	0	0	0	0	0	0	0	0	0	0	0	0	0	0	0	0	0	0	0	0	0	0	
276596	Putamen_L	9196	678	8166	178	5344	1554	1974	0	3028	0	280	0	1982	0	7698	696	1034	0	15512	1062	3944	3654	480	0	0	0	1458	1688	16182	220	1028	478	182	438	450	0	8340	336	2488	0	718	0	0	0	0	0	252	246	0	0	190	0	0	0	1392	0	4780	0	0	0	0	0	0	0	0	0	400	0	1578	160	11420	3994	0	286	5052	0	3294	382	326	0	456	0	2614	0	204	0	0	0	666	0	0	0	0	0	0	0	0	0	0	0	0	0	0	0	0	0	0	0	0	140	0	0	0	0	0	0	
437164	Putamen_R	0	592	7878	13274	94	3880	388	1464	0	484	208	7048	506	1474	116	6894	0	9234	13016	7844	788	2206	740	5008	120	790	178	1344	1006	31446	2488	9854	418	3208	262	428	0	15278	0	8558	0	1094	0	100	0	0	0	610	0	0	0	0	0	0	0	5912	0	156	0	0	0	0	0	0	0	0	0	336	0	0	1294	37816	286	0	0	1980	398	3970	0	482	0	2110	0	1596	0	472	0	0	0	1118	0	0	0	0	0	0	0	338	0	0	0	0	0	0	0	0	0	0	0	0	0	0	0	0	0	0	
41132	Pallidum_L	3442	268	2890	0	0	0	204	0	0	0	0	0	0	0	0	0	420	0	4296	0	0	0	0	0	0	0	0	0	0	0	0	0	0	0	0	0	270	0	0	0	0	0	0	0	0	0	0	0	0	0	0	0	0	0	0	0	750	0	0	0	0	0	0	0	0	0	0	0	682	0	500	0	5052	0	0	0	1792	0	0	0	0	0	0	0	0	0	0	0	0	0	0	0	0	0	0	0	0	0	0	0	0	0	0	0	0	0	0	0	0	0	0	0	0	0	0	0	
18096	Pallidum_R	0	0	152	1018	0	0	0	238	0	0	0	0	0	0	0	0	0	528	490	448	0	0	0	0	0	0	0	0	0	214	0	0	0	0	0	0	0	844	0	604	0	0	0	0	0	0	0	0	0	0	0	0	0	0	0	366	0	0	0	0	0	0	0	0	0	0	0	0	0	0	218	1748	0	1980	0	0	0	90	0	110	0	0	0	0	0	0	0	0	0	0	0	0	0	0	0	0	0	0	0	0	0	0	0	0	0	0	0	0	0	0	0	0	0	0	0	0	
193960	Thalamus_L	5326	3598	2330	680	0	0	2330	0	0	0	134	0	0	0	0	0	318	104	4788	1118	0	0	0	0	0	0	0	0	1318	126	0	0	0	852	11992	6522	5196	4632	850	1512	0	0	120	0	0	0	932	424	0	0	116	0	0	0	510	284	878	0	0	0	0	0	0	224	0	0	3274	184	9156	304	12098	1376	3294	398	1792	0	0	7450	0	0	0	0	0	0	0	0	0	0	336	0	0	0	0	0	0	0	0	0	0	0	0	0	0	0	0	0	0	0	0	104	0	0	0	0	0	0	
186960	Thalamus_R	536	4600	3196	7684	0	0	424	94	0	0	0	190	0	0	0	0	0	1124	4044	2270	0	0	0	0	0	0	0	0	100	1176	92	0	0	0	2304	6380	0	11162	0	5004	0	0	0	220	0	0	0	1748	0	0	0	0	0	284	0	2382	104	140	0	0	0	0	0	334	0	0	0	868	140	100	1028	20506	382	3970	0	90	7450	0	0	0	0	224	0	0	0	452	0	0	0	1468	0	334	0	0	0	0	0	510	0	366	0	0	0	0	0	0	0	0	0	0	0	0	0	0	0	0	
107076	Heschl_L	8086	0	114	0	0	0	98	0	0	0	444	0	0	0	0	0	4114	0	100	0	0	0	0	0	0	0	0	0	9036	0	0	0	0	0	246	0	3116	0	0	0	0	0	184	0	314	0	0	0	544	0	2806	0	674	0	1916	0	3604	0	0	0	484	0	1086	0	226	0	554	0	370	0	0	0	326	0	0	0	0	0	0	0	3068	0	0	0	7444	0	0	0	4448	0	0	0	0	0	0	0	0	0	136	0	0	0	0	0	0	0	0	0	0	0	0	0	0	0	0	0	
50052	Heschl_R	0	780	94	2224	0	0	0	212	0	0	0	532	0	0	0	0	0	4862	724	1600	0	0	0	0	0	0	0	0	0	5322	0	0	0	0	0	0	0	386	0	0	0	0	0	0	0	0	0	0	0	0	0	0	0	0	0	0	0	0	0	0	0	0	0	0	0	0	0	0	0	0	0	176	0	482	0	110	0	0	0	0	0	5432	0	158	0	1932	0	0	0	0	0	0	0	0	0	0	0	0	0	0	0	0	0	0	0	0	0	0	0	0	0	0	0	0	0	0	
246896	Temporal_Sup_L	4702	0	3474	0	0	0	1200	0	0	0	5532	0	164	0	0	0	13736	0	5156	168	0	0	0	0	0	0	0	0	12940	0	0	0	0	0	0	0	2954	0	240	0	0	0	122	0	218	0	0	0	668	0	2530	0	456	0	5278	0	1736	0	316	0	1876	0	11646	0	3602	0	954	0	1832	0	0	360	456	0	0	0	0	0	3068	0	0	0	4934	0	21400	0	116	0	11292	0	158	0	0	0	0	0	0	0	164	0	0	0	0	0	0	0	0	0	0	0	0	0	0	0	0	0	
164388	Temporal_Sup_R	0	2864	190	2190	0	0	0	0	0	0	0	730	0	0	0	0	0	7044	1516	2058	0	0	0	0	0	0	0	0	0	13202	0	0	0	202	0	100	0	2098	0	454	0	0	0	0	0	1066	0	0	0	1158	0	348	0	0	0	1158	0	942	0	0	0	356	0	5178	0	2950	0	236	0	92	0	800	0	2110	0	0	0	224	0	5432	0	0	0	2636	0	19734	0	1072	0	4054	0	0	0	0	0	0	0	0	0	0	0	0	0	0	0	0	0	0	0	0	0	0	0	0	0	0	
140516	Temporal_Pole_Sup_L	722	0	2786	0	1886	0	1394	0	430	0	6000	0	1656	0	5104	0	3788	0	3202	0	2732	0	0	0	0	0	666	0	10966	0	0	0	0	0	0	0	1074	0	1196	0	876	0	0	0	0	0	0	0	0	0	0	0	0	0	2516	0	0	0	0	0	0	0	0	0	0	0	0	0	0	0	1008	90	2614	0	0	0	0	0	0	0	4934	0	0	0	4852	0	3984	0	5782	0	0	0	0	0	0	0	0	0	0	0	0	0	0	0	0	0	0	0	0	0	0	0	0	0	0	0	
91020	Temporal_Pole_Sup_R	0	0	232	536	0	454	0	0	0	0	0	574	0	0	0	2128	0	1332	674	454	722	1536	0	0	0	0	0	964	0	4084	0	88	0	0	0	0	0	240	0	3248	0	2092	0	0	0	0	0	0	0	0	0	0	0	0	0	7028	0	0	0	0	0	0	0	0	0	0	0	0	0	0	132	996	0	1596	0	0	0	0	0	158	0	2636	0	0	0	3204	0	6058	0	4344	0	0	0	0	0	0	0	0	0	0	0	0	0	0	0	0	0	0	0	0	0	0	0	0	0	0	
416972	Temporal_Mid_L	6586	0	0	0	0	0	186	0	0	0	0	0	0	0	0	0	3172	0	430	0	0	0	0	0	0	0	0	0	6618	0	0	0	684	0	1264	0	824	0	522	0	0	0	2554	0	2782	0	2014	336	7242	0	32902	0	7884	0	6366	262	2322	0	240	0	7958	0	15182	0	14182	0	7360	0	5648	0	0	0	204	0	0	0	0	0	7444	0	21400	0	4852	0	0	0	4892	0	30520	0	530	206	0	0	0	0	600	240	930	238	0	0	0	0	0	0	0	0	0	0	572	338	0	0	0	0	
311088	Temporal_Mid_R	0	5364	0	424	0	0	0	0	0	0	0	0	0	0	0	0	0	942	100	1294	0	0	0	0	0	0	0	0	0	5138	0	0	0	530	0	390	0	2286	0	832	0	0	0	5674	0	7294	0	938	0	7916	0	11774	0	2296	0	4848	0	3090	0	3508	0	4304	0	6114	0	8172	128	7978	0	2134	0	0	0	472	0	0	0	452	0	1932	0	19734	0	3204	0	0	0	5096	0	31096	0	0	0	0	0	0	0	90	0	0	0	0	0	0	0	0	0	0	0	0	0	0	0	0	0	0	
31664	Temporal_Pole_Mid_L	0	0	0	0	0	0	0	0	0	0	0	0	0	0	0	0	0	0	0	0	0	0	0	0	0	0	0	0	148	0	0	0	0	0	0	0	0	0	272	0	0	0	0	0	0	0	0	0	0	0	0	0	0	0	1818	0	0	0	0	0	0	0	0	0	0	0	0	0	0	0	0	0	0	0	0	0	0	0	0	0	116	0	3984	0	4892	0	0	0	4602	0	0	0	0	0	0	0	0	0	0	0	0	0	0	0	0	0	0	0	0	0	0	0	0	0	0	0	
45784	Temporal_Pole_Mid_R	0	0	0	0	0	0	0	0	0	0	0	0	0	0	0	184	0	0	0	0	0	108	0	0	0	0	0	0	0	302	0	0	0	0	0	0	0	0	0	2288	0	362	0	0	0	0	0	0	0	0	0	0	0	0	0	3566	0	0	0	0	0	0	0	0	0	0	0	0	0	0	0	0	0	0	0	0	0	0	0	0	0	1072	0	6058	0	5096	0	0	0	3856	0	0	0	0	0	0	0	0	0	0	0	0	0	0	0	0	0	0	0	0	0	0	0	0	0	0	
286472	Temporal_Inf_L	3214	0	718	0	0	0	100	0	0	0	126	0	0	0	0	0	1628	0	1030	0	0	0	0	0	0	0	0	0	6946	0	0	0	0	0	344	0	7134	0	1040	0	926	0	1612	0	1080	0	224	0	720	0	6998	0	6144	0	20108	0	1032	0	138	0	3850	0	7540	0	2948	0	1634	0	930	0	0	0	666	0	0	0	336	0	4448	0	11292	0	5782	0	30520	0	4602	0	0	0	4288	0	0	0	0	0	836	0	2302	0	0	0	0	0	0	0	0	0	0	0	0	0	0	0	0	0	
262944	Temporal_Inf_R	0	5702	224	476	0	0	0	0	0	0	0	0	0	0	0	112	0	464	266	1042	0	0	0	0	0	0	0	0	0	5334	0	0	0	598	0	1504	0	7570	0	2780	0	536	0	3808	0	2718	0	1122	0	2576	0	1420	0	6184	0	21650	0	2324	0	2696	0	2432	0	812	0	1962	0	6970	0	1506	0	96	0	1118	0	0	0	1468	0	0	0	4054	0	4344	0	31096	0	3856	0	0	0	360	0	0	0	0	0	106	0	186	0	0	0	0	0	0	0	0	0	0	0	0	0	0	0	0	
492512	Cerebelum_Crus1_L	0	0	0	0	0	0	0	0	0	0	0	0	0	0	0	0	0	0	0	0	0	0	0	0	0	0	0	0	148	0	0	0	0	0	0	0	378	0	1370	0	0	0	442	0	128	0	7142	2090	0	0	1426	0	2164	0	21622	892	0	0	0	0	0	0	0	0	0	0	294	0	0	0	0	0	0	0	0	0	0	0	0	0	158	0	0	0	530	0	0	0	4288	0	0	2576	27560	2810	2592	502	28964	1034	63634	2972	14384	652	17540	3112	5094	1290	2124	0	430	1156	6210	6842	6024	3074	2280	328	
468580	Cerebelum_Crus1_R	0	0	0	0	0	0	0	0	0	0	0	0	0	0	0	0	0	0	0	0	0	0	0	0	0	0	0	0	0	0	0	0	0	0	0	348	0	1220	0	1672	0	0	558	192	0	0	1812	11250	0	0	312	0	338	252	716	12572	0	0	0	0	0	0	0	0	0	0	0	1120	0	0	0	0	0	0	0	0	0	334	0	0	0	0	0	0	206	0	0	0	0	360	2576	0	734	32826	110	3586	3284	24930	4894	56392	110	8562	340	18474	342	1510	0	182	530	3126	13660	12142	9086	2082	976	574	
295524	Cerebelum_Crus2_L	0	0	0	0	0	0	0	0	0	0	0	0	0	0	0	0	0	0	0	0	0	0	0	0	0	0	0	0	0	0	0	0	0	0	0	0	0	0	0	0	0	0	0	0	0	0	0	0	0	0	0	0	0	0	330	0	0	0	0	0	0	0	0	0	0	0	0	0	0	0	0	0	0	0	0	0	0	0	0	0	0	0	0	0	0	0	0	0	0	0	27560	734	0	8464	0	336	234	0	3392	242	37542	2540	37720	5470	6648	594	450	0	218	406	138	390	8766	4226	1362	0	
376964	Cerebelum_Crus2_R	0	0	0	0	0	0	0	0	0	0	0	0	0	0	0	0	0	0	0	0	0	0	0	0	0	0	0	0	0	0	0	0	0	0	0	0	0	0	0	214	0	0	0	0	0	0	0	658	0	0	0	0	0	0	0	306	0	0	0	0	0	0	0	0	0	0	0	0	0	0	0	0	0	0	0	0	0	0	0	0	0	0	0	0	0	0	0	0	0	0	2810	32826	8464	0	0	872	0	2182	478	8324	5456	35468	6682	46348	760	6904	170	288	186	656	246	2704	15626	7390	2198	266	
45236	Cerebelum_3_L	0	0	0	0	0	0	0	0	0	0	0	0	0	0	0	0	0	0	0	0	0	0	0	0	0	0	0	0	0	0	0	0	0	0	0	0	176	0	198	0	0	0	0	0	0	0	818	0	0	0	0	0	0	0	112	0	0	0	0	0	0	0	0	0	0	0	0	0	0	0	0	0	0	0	0	0	0	0	0	0	0	0	0	0	0	0	0	0	0	0	2592	110	0	0	0	0	6112	110	3736	140	0	0	0	0	1600	212	398	0	884	3122	1498	252	0	202	202	144	
65220	Cerebelum_3_R	0	0	0	0	0	0	0	0	0	0	0	0	0	0	0	0	0	0	0	0	0	0	0	0	0	0	0	0	0	0	0	0	0	0	0	0	0	0	0	94	0	0	0	0	0	0	0	120	0	0	0	0	0	0	0	162	0	0	0	0	0	0	0	0	0	0	0	0	0	0	0	0	0	0	0	0	0	0	0	0	0	0	0	0	0	0	0	0	0	0	502	3586	336	872	0	0	102	4662	336	5918	112	152	568	1126	298	1262	246	226	1444	5832	800	218	1466	1326	716	128	
335432	Cerebelum_4_5_L	0	0	0	0	0	0	0	0	0	0	0	0	0	0	0	0	0	0	0	0	0	0	0	0	0	0	0	0	0	0	0	0	0	0	0	0	456	0	1730	0	0	0	200	98	0	0	17104	4148	0	0	1054	0	1102	0	16030	2140	0	0	0	0	0	0	0	0	0	0	0	0	0	0	0	0	0	0	0	0	0	0	0	0	0	0	0	0	600	0	0	0	836	0	28964	3284	234	0	6112	102	0	4938	40308	4488	90	0	160	0	1948	1384	242	0	502	2552	18868	4988	108	376	798	1772	
281716	Cerebelum_4_5_R	0	0	0	0	0	0	0	0	0	0	0	0	0	0	0	0	0	0	0	0	0	0	0	0	0	0	0	0	0	0	0	0	0	0	0	630	0	3106	0	4466	0	0	716	356	0	0	3108	11730	0	0	396	0	410	132	794	10832	0	0	0	0	0	0	0	0	0	0	0	1950	0	0	0	0	0	338	0	0	0	510	0	0	0	0	0	0	240	90	0	0	0	106	1034	24930	0	2182	110	4662	4938	0	2594	33688	0	482	0	1896	154	0	0	0	228	2506	18694	1916	738	196	0	0	
486412	Cerebelum_6_L	106	0	0	0	0	0	0	0	0	0	0	0	0	0	0	0	0	0	0	0	0	0	0	0	0	0	0	0	194	0	0	0	0	0	0	0	394	0	1612	0	0	0	122	0	0	0	14482	6450	0	0	1658	0	2332	0	27534	2908	0	0	0	0	0	0	0	0	0	0	0	0	0	0	0	0	0	0	0	0	0	0	136	0	164	0	0	0	930	0	0	0	2302	0	63634	4894	3392	478	3736	336	40308	2594	0	5952	4674	102	5574	372	5224	1756	2058	0	662	2212	13178	13982	2102	1622	1898	1142	
416376	Cerebelum_6_R	0	0	0	0	0	0	0	0	0	0	0	0	0	0	0	0	0	0	0	0	0	0	0	0	0	0	0	0	0	0	0	0	0	0	0	358	0	1570	0	2406	0	0	740	178	0	0	2846	13006	0	0	354	0	382	272	858	14430	0	0	0	0	0	0	0	0	0	0	0	1168	0	0	0	0	0	0	0	0	0	366	0	0	0	0	0	0	238	0	0	0	0	186	2972	56392	242	8324	140	5918	4488	33688	5952	0	0	1506	120	4918	372	494	0	172	474	3774	18576	12764	5354	1062	674	454	
237160	Cerebelum_7b_L	0	0	0	0	0	0	0	0	0	0	0	0	0	0	0	0	0	0	0	0	0	0	0	0	0	0	0	0	0	0	0	0	0	0	0	0	0	0	0	0	0	0	0	0	0	0	0	0	0	0	0	0	0	0	230	0	0	0	0	0	0	0	0	0	0	0	0	0	0	0	0	0	0	0	0	0	0	0	0	0	0	0	0	0	0	0	0	0	0	0	14384	110	37542	5456	0	112	90	0	4674	0	0	2390	35160	3356	4654	324	526	0	0	102	0	0	5424	3518	528	0	
210256	Cerebelum_7b_R	0	0	0	0	0	0	0	0	0	0	0	0	0	0	0	0	0	0	0	0	0	0	0	0	0	0	0	0	0	0	0	0	0	0	0	0	0	0	0	112	0	0	0	0	0	0	0	132	0	0	0	0	0	0	0	0	0	0	0	0	0	0	0	0	0	0	0	0	0	0	0	0	0	0	0	0	0	0	0	0	0	0	0	0	0	0	0	0	0	0	652	8562	2540	35468	0	152	0	482	102	1506	2390	0	3510	33804	466	6038	0	140	0	108	0	236	3644	4184	900	0	
317952	Cerebelum_8_L	0	0	0	0	0	0	0	0	0	0	0	0	0	0	0	0	0	0	0	0	0	0	0	0	0	0	0	0	0	0	0	0	0	0	0	0	0	0	0	0	0	0	0	0	0	0	0	0	0	0	0	0	0	0	174	0	0	0	0	0	0	0	0	0	0	0	0	0	0	0	0	0	0	0	0	0	0	0	0	0	0	0	0	0	0	0	0	0	0	0	17540	340	37720	6682	0	568	160	0	5574	120	35160	3510	0	6666	17282	1972	3326	96	504	584	158	742	8032	8382	3504	180	
332484	Cerebelum_8_R	0	0	0	0	0	0	0	0	0	0	0	0	0	0	0	0	0	0	0	0	0	0	0	0	0	0	0	0	0	0	0	0	0	0	0	0	0	0	0	258	0	0	0	0	0	0	0	230	0	0	0	0	0	0	0	214	0	0	0	0	0	0	0	0	0	0	0	0	0	0	0	0	0	0	0	0	0	0	0	0	0	0	0	0	0	0	0	0	0	0	3112	18474	5470	46348	0	1126	0	1896	372	4918	3356	33804	6666	0	1224	12950	390	592	314	882	236	908	11454	7594	3288	166	
137188	Cerebelum_9_L	0	0	0	0	0	0	0	0	0	0	0	0	0	0	0	0	0	0	0	0	0	0	0	0	0	0	0	0	0	0	0	0	0	0	0	0	0	0	0	0	0	0	0	0	0	0	236	270	0	0	0	0	0	0	0	196	0	0	0	0	0	0	0	0	0	0	0	0	0	0	0	0	0	0	0	0	0	0	0	0	0	0	0	0	0	0	0	0	0	0	5094	342	6648	760	1600	298	1948	154	5224	372	4654	466	17282	1224	0	2114	5350	0	368	860	1024	2220	2396	3364	3136	994	
127828	Cerebelum_9_R	0	0	0	0	0	0	0	0	0	0	0	0	0	0	0	0	0	0	0	0	0	0	0	0	0	0	0	0	0	0	0	0	0	0	0	0	0	0	0	0	0	0	0	0	0	0	426	0	0	0	0	0	0	0	0	0	0	0	0	0	0	0	0	0	0	0	0	0	0	0	0	0	0	0	0	0	0	0	0	0	0	0	0	0	0	0	0	0	0	0	1290	1510	594	6904	212	1262	1384	0	1756	494	324	6038	1972	12950	2114	0	966	1516	1480	1700	1316	2918	3124	3986	5040	2638	
41464	Cerebelum_10_L	0	0	0	0	0	0	0	0	0	0	0	0	0	0	0	0	0	0	0	0	0	0	0	0	0	0	0	0	0	0	0	0	0	0	0	0	0	0	0	0	0	0	0	0	0	0	0	0	0	0	0	0	0	0	0	0	0	0	0	0	0	0	0	0	0	0	0	0	0	0	0	0	0	0	0	0	0	0	0	0	0	0	0	0	0	0	0	0	0	0	2124	0	450	170	398	246	242	0	2058	0	526	0	3326	390	5350	966	0	0	274	258	0	568	1210	1112	1064	0	
8840	Cerebelum_10_R	0	0	0	0	0	0	0	0	0	0	0	0	0	0	0	0	0	0	0	0	0	0	0	0	0	0	0	0	0	0	0	0	0	0	0	0	0	0	0	0	0	0	0	0	0	0	0	0	0	0	0	0	0	0	0	0	0	0	0	0	0	0	0	0	0	0	0	0	0	0	0	0	0	0	0	0	0	0	0	0	0	0	0	0	0	0	0	0	0	0	0	182	0	288	0	226	0	0	0	172	0	140	96	592	0	1516	0	0	104	144	0	0	402	284	274	0	
38224	Vermis_1_2	0	0	0	0	0	0	0	0	0	0	0	0	0	0	0	0	0	0	0	0	0	0	0	0	0	0	0	0	0	0	0	0	0	0	0	0	0	0	0	0	0	0	0	0	0	0	0	0	0	0	0	0	0	0	0	0	0	0	0	0	0	0	0	0	0	0	0	0	0	0	0	0	0	0	0	0	0	0	0	0	0	0	0	0	0	0	0	0	0	0	430	530	218	186	884	1444	502	228	662	474	0	0	504	314	368	1480	274	104	0	4820	1662	502	970	1162	1066	328	
91232	Vermis_3	0	0	0	0	0	0	0	0	0	0	0	0	0	0	0	0	0	0	0	0	0	0	0	0	0	0	0	0	0	0	0	0	0	0	0	0	134	0	0	0	0	0	0	0	0	0	148	150	0	0	0	0	0	0	0	90	0	0	0	0	0	0	0	0	0	0	0	0	0	0	0	0	140	0	0	0	104	0	0	0	0	0	0	0	0	0	0	0	0	0	1156	3126	406	656	3122	5832	2552	2506	2212	3774	102	108	584	882	860	1700	258	144	4820	0	4586	640	1550	1714	1172	388	
