data	data	480036	290860	1.04871e+06	843508	157464	128160	578864	297468	82340	22224	409020	279176	310896	349392	165392	150404	331564	143616	771708	774520	88912	96516	396212	366740	42028	120808	55384	55768	739640	397992	328932	454532	166280	574352	141336	131372	305380	325280	163788	257320	61324	75960	276160	445408	190968	366776	295332	428544	252824	303856	484756	312012	209604	235520	528088	722528	233464	241144	110792	147724	219588	165720	125684	184232	171556	215748	345892	452620	211280	291528	305912	402932	371828	358672	43732	26824	135740	161880	91920	31152	372212	131660	130892	50688	308832	245672	7800	23016	323444	317252	766216	543116	357996	348668	107676	132768	520068	406136	716564	647240	360336	160272	435316	333052	188424	153220	25244	22480	109692	213804	372332	386012	357588	197636	157072	78096	
data	data	Precentral_L	Precentral_R	Frontal_Sup_L	Frontal_Sup_R	Frontal_Sup_Orb_L	Frontal_Sup_Orb_R	Frontal_Mid_L	Frontal_Mid_R	Frontal_Mid_Orb_L	Frontal_Mid_Orb_R	Frontal_Inf_Oper_L	Frontal_Inf_Oper_R	Frontal_Inf_Tri_L	Frontal_Inf_Tri_R	Frontal_Inf_Orb_L	Frontal_Inf_Orb_R	Rolandic_Oper_L	Rolandic_Oper_R	Supp_Motor_Area_L	Supp_Motor_Area_R	Olfactory_L	Olfactory_R	Frontal_Sup_Medial_L	Frontal_Sup_Medial_R	Frontal_Med_Orb_L	Frontal_Med_Orb_R	Rectus_L	Rectus_R	Insula_L	Insula_R	Cingulum_Ant_L	Cingulum_Ant_R	Cingulum_Mid_L	Cingulum_Mid_R	Cingulum_Post_L	Cingulum_Post_R	Hippocampus_L	Hippocampus_R	ParaHippocampal_L	ParaHippocampal_R	Amygdala_L	Amygdala_R	Calcarine_L	Calcarine_R	Cuneus_L	Cuneus_R	Lingual_L	Lingual_R	Occipital_Sup_L	Occipital_Sup_R	Occipital_Mid_L	Occipital_Mid_R	Occipital_Inf_L	Occipital_Inf_R	Fusiform_L	Fusiform_R	Postcentral_L	Postcentral_R	Parietal_Sup_L	Parietal_Sup_R	Parietal_Inf_L	Parietal_Inf_R	SupraMarginal_L	SupraMarginal_R	Angular_L	Angular_R	Precuneus_L	Precuneus_R	Paracentral_Lobule_L	Paracentral_Lobule_R	Caudate_L	Caudate_R	Putamen_L	Putamen_R	Pallidum_L	Pallidum_R	Thalamus_L	Thalamus_R	Heschl_L	Heschl_R	Temporal_Sup_L	Temporal_Sup_R	Temporal_Pole_Sup_L	Temporal_Pole_Sup_R	Temporal_Mid_L	Temporal_Mid_R	Temporal_Pole_Mid_L	Temporal_Pole_Mid_R	Temporal_Inf_L	Temporal_Inf_R	Cerebelum_Crus1_L	Cerebelum_Crus1_R	Cerebelum_Crus2_L	Cerebelum_Crus2_R	Cerebelum_3_L	Cerebelum_3_R	Cerebelum_4_5_L	Cerebelum_4_5_R	Cerebelum_6_L	Cerebelum_6_R	Cerebelum_7b_L	Cerebelum_7b_R	Cerebelum_8_L	Cerebelum_8_R	Cerebelum_9_L	Cerebelum_9_R	Cerebelum_10_L	Cerebelum_10_R	Vermis_1_2	Vermis_3	Vermis_4_5	Vermis_6	Vermis_7	Vermis_8	Vermis_9	Vermis_10	
480036	Precentral_L	0	1310	14848	992	0	0	21276	142	0	0	25324	198	8140	610	130	476	17752	0	5486	7444	0	0	568	0	0	0	0	0	19274	190	466	344	170	5394	1592	1598	7156	564	1618	180	0	0	142	0	0	0	0	0	194	0	572	0	388	0	1286	218	25396	0	0	0	3548	0	2440	0	404	0	746	230	11356	4036	2654	374	5220	0	394	0	13648	1282	5378	0	10832	0	1268	0	2324	0	0	0	2248	0	198	0	0	0	0	0	0	0	0	0	0	0	0	0	0	0	0	0	0	0	0	0	0	0	0	0	
290860	Precentral_R	1310	0	2562	28374	0	0	178	9636	0	0	0	4630	0	346	0	0	140	2924	1578	6258	0	0	0	0	0	0	0	0	126	3000	0	184	0	1828	148	510	580	3960	0	474	0	0	0	3152	0	214	0	1384	0	108	0	406	0	942	0	1902	0	17824	0	194	0	784	0	1534	0	162	0	3404	684	6016	1100	10430	236	2354	102	892	1056	18102	0	462	0	564	0	0	0	1052	0	0	0	1624	0	0	0	0	0	0	0	0	0	0	0	0	0	0	0	0	0	0	0	0	0	0	0	0	0	0	
1.04871e+06	Frontal_Sup_L	14848	2562	0	10948	10952	114	82790	4464	3660	0	20604	2002	25128	1638	9862	1158	11110	632	85532	15066	1542	372	39456	4898	612	234	784	0	57674	930	16274	4578	1936	2610	0	0	6058	478	830	148	272	0	0	0	0	0	0	0	0	0	0	0	0	0	4254	88	3654	0	0	0	0	0	92	0	0	0	0	0	1640	332	20610	4082	25468	406	3268	0	2720	244	482	0	6864	0	3798	0	248	0	0	0	2464	0	304	0	0	0	0	0	328	0	252	0	0	0	0	0	0	0	0	0	0	0	0	0	0	0	0	0	
843508	Frontal_Sup_R	992	28374	10948	0	150	7306	1006	39366	0	0	0	23612	124	22812	0	4122	116	10970	14804	50136	0	160	11594	35532	0	4648	0	0	284	23274	7504	28132	1350	17384	154	338	584	5880	0	2442	0	160	0	140	0	0	0	346	0	0	0	0	0	0	0	2234	0	652	0	0	0	0	0	0	0	0	0	132	436	294	3474	18972	916	16662	0	954	1080	18474	0	242	0	442	0	244	0	0	0	0	0	120	0	412	0	0	0	0	0	588	0	682	0	0	0	0	0	0	0	0	0	0	0	0	0	0	0	0	
157464	Frontal_Sup_Orb_L	0	0	10952	150	0	0	834	0	9810	0	0	0	490	0	12616	0	0	0	202	0	2926	106	4550	470	3966	262	6864	0	7210	0	5816	498	386	364	0	0	0	0	0	0	746	0	0	0	0	0	0	0	0	0	0	0	0	0	0	0	0	0	0	0	0	0	0	0	0	0	0	0	0	0	1224	0	7286	0	0	0	0	0	0	0	0	0	1004	0	0	0	0	0	0	0	0	0	0	0	0	0	0	0	0	0	0	0	0	0	0	0	0	0	0	0	0	0	0	0	0	0	
128160	Frontal_Sup_Orb_R	0	0	114	7306	0	0	116	616	0	3072	0	374	0	1314	0	5506	0	0	124	360	970	2176	380	5622	224	7528	118	6244	0	2888	974	5928	0	264	0	0	0	0	0	0	0	104	0	0	0	0	0	0	0	0	0	0	0	0	0	0	0	0	0	0	0	0	0	0	0	0	0	0	0	0	1196	4592	824	5146	0	0	0	0	0	0	0	0	0	0	0	0	0	0	0	0	0	0	0	0	0	0	0	0	0	0	0	0	0	0	0	0	0	0	0	0	0	0	0	0	0	0	
578864	Frontal_Mid_L	21276	178	82790	1006	834	116	0	146	2924	0	18966	660	32412	1466	6084	1092	7670	166	26054	1194	110	0	18698	2028	0	148	0	0	35310	440	6034	2296	542	734	0	0	628	0	364	0	0	0	0	0	0	0	0	0	0	0	0	0	0	0	122	0	558	0	0	0	0	0	0	0	0	0	0	0	110	124	3656	1332	2762	184	92	0	658	0	0	0	5030	0	2352	0	0	0	0	0	86	0	0	0	0	0	0	0	0	0	0	0	0	0	0	0	0	0	0	0	0	0	0	0	0	0	0	0	
297468	Frontal_Mid_R	142	9636	4464	39366	0	616	146	0	0	538	0	11758	0	18410	0	1356	0	4826	7148	7140	0	0	1602	7540	0	124	0	0	0	5942	320	1838	104	5972	0	168	158	1868	0	654	0	0	0	88	0	0	0	272	0	0	0	0	0	0	0	886	0	818	0	0	0	0	0	0	0	0	0	0	108	0	2032	2738	0	5508	0	1282	226	1552	0	348	0	410	0	0	0	0	0	0	0	86	0	192	0	0	0	0	0	96	0	256	0	0	0	0	0	0	0	0	0	0	0	0	0	0	0	0	
82340	Frontal_Mid_Orb_L	0	0	3660	0	9810	0	2924	0	0	0	0	0	2874	0	10498	0	0	0	0	0	216	0	0	0	1298	0	4338	0	1532	0	980	0	0	0	0	0	0	0	0	0	0	0	0	0	0	0	0	0	0	0	0	0	0	0	0	0	0	0	0	0	0	0	0	0	0	0	0	0	0	0	566	0	2326	0	0	0	0	0	0	0	0	0	148	0	0	0	0	0	0	0	0	0	0	0	0	0	0	0	0	0	0	0	0	0	0	0	0	0	0	0	0	0	0	0	0	0	
22224	Frontal_Mid_Orb_R	0	0	0	0	0	3072	0	538	0	0	0	0	0	574	0	5390	0	0	0	0	0	160	0	0	0	0	0	540	0	474	0	0	0	0	0	0	0	0	0	0	0	0	0	0	0	0	0	0	0	0	0	0	0	0	0	0	0	0	0	0	0	0	0	0	0	0	0	0	0	0	0	0	0	364	0	0	0	0	0	0	0	0	0	0	0	0	0	0	0	0	0	0	0	0	0	0	0	0	0	0	0	0	0	0	0	0	0	0	0	0	0	0	0	0	0	0	
409020	Frontal_Inf_Oper_L	25324	0	20604	0	0	0	18966	0	0	0	0	0	17162	0	506	0	28578	0	11966	1080	0	0	952	0	0	0	0	0	27866	0	1094	0	0	0	438	0	1868	0	282	112	0	0	0	0	0	0	0	0	86	0	308	0	228	0	700	0	4468	0	0	0	284	0	614	0	166	0	420	0	110	0	500	0	2156	0	842	0	3750	0	2978	0	19752	0	6444	0	1820	0	0	0	1968	0	118	0	0	0	0	0	0	0	0	0	0	0	0	0	0	0	0	0	0	0	0	0	0	0	0	0	
279176	Frontal_Inf_Oper_R	198	4630	2002	23612	0	374	660	11758	0	0	0	0	0	21250	0	1146	0	6306	6556	18666	0	0	272	2776	0	430	0	0	108	17048	332	2946	0	6768	0	0	0	196	0	160	0	0	0	0	0	0	0	0	0	0	0	0	0	0	0	136	0	1640	0	0	0	0	0	0	0	0	0	0	0	0	1208	2496	152	4618	0	242	0	0	0	90	0	180	0	632	0	0	0	0	0	0	0	0	0	0	0	0	0	0	0	0	0	0	0	0	0	0	0	0	0	0	0	0	0	0	0	0	
310896	Frontal_Inf_Tri_L	8140	0	25128	124	490	0	32412	0	2874	0	17162	0	0	0	9142	0	2730	0	12034	960	106	0	4436	296	0	0	0	0	28828	0	2942	134	196	132	0	0	332	0	122	0	138	0	0	0	0	0	0	0	0	0	0	0	0	0	192	0	2074	0	0	0	0	0	0	0	0	0	0	0	0	0	166	0	1792	0	0	0	0	0	0	0	1384	0	982	0	0	0	0	0	0	0	0	0	0	0	0	0	0	0	0	0	0	0	0	0	0	0	0	0	0	0	0	0	0	0	0	0	
349392	Frontal_Inf_Tri_R	610	346	1638	22812	0	1314	1466	18410	0	574	0	21250	0	0	0	16700	0	864	7114	14712	0	0	1996	10342	0	1008	0	0	232	21944	848	8904	194	9772	0	0	0	216	0	196	0	0	0	0	0	0	0	0	0	0	0	0	0	0	0	88	0	86	0	0	0	0	0	0	0	0	0	0	0	0	1960	4230	492	4270	0	108	0	0	0	0	0	0	0	0	0	0	0	0	0	0	0	0	0	0	0	0	0	0	0	0	0	0	0	0	0	0	0	0	0	0	0	0	0	0	0	0	
165392	Frontal_Inf_Orb_L	130	0	9862	0	12616	0	6084	0	10498	0	506	0	9142	0	0	0	88	0	570	0	2950	0	228	0	216	0	2182	0	15120	0	406	0	0	0	0	0	210	0	362	0	856	0	0	0	0	0	0	0	0	0	0	0	0	0	0	0	0	0	0	0	0	0	0	0	0	0	0	0	0	0	890	0	7292	0	0	0	0	0	0	0	0	0	2488	0	0	0	0	0	0	0	0	0	0	0	0	0	0	0	0	0	0	0	0	0	0	0	0	0	0	0	0	0	0	0	0	0	
150404	Frontal_Inf_Orb_R	476	0	1158	4122	0	5506	1092	1356	0	5390	0	1146	0	16700	0	0	0	100	1210	1866	0	1620	0	2442	0	670	0	1016	136	12904	172	2652	0	714	0	0	0	294	0	638	0	404	0	0	0	0	0	0	0	0	0	0	0	0	0	102	0	0	0	0	0	0	0	0	0	0	0	0	0	0	1254	4004	222	4694	0	0	0	0	0	0	0	366	0	684	0	92	0	0	0	0	0	0	0	0	0	0	0	0	0	0	0	0	0	0	0	0	0	0	0	0	0	0	0	0	0	0	
331564	Rolandic_Oper_L	17752	140	11110	116	0	0	7670	0	0	0	28578	0	2730	0	88	0	0	0	4246	300	0	0	186	0	0	0	0	0	18856	0	200	0	0	0	394	0	1346	0	142	128	0	0	0	0	0	0	0	0	270	0	1778	0	950	0	870	0	9734	0	0	0	688	0	2432	0	392	0	596	0	1054	0	592	0	1296	0	940	0	3382	0	3924	0	27414	0	6470	0	4784	0	0	0	4066	0	168	0	0	0	0	0	0	0	0	0	0	0	0	0	0	0	0	0	0	0	0	0	0	0	0	0	
143616	Rolandic_Oper_R	0	2924	632	10970	0	0	166	4826	0	0	0	6306	0	864	0	100	0	0	792	7996	0	0	0	174	0	0	0	0	0	16886	0	326	0	340	0	0	0	168	0	0	0	0	0	88	0	86	0	0	0	0	0	0	0	0	0	116	0	4344	0	664	0	722	0	2510	0	0	0	132	0	0	360	598	0	2008	0	152	0	558	0	2440	0	2916	0	644	0	0	0	0	0	0	0	0	0	0	0	0	0	0	0	0	0	0	0	0	0	0	0	0	0	0	0	0	0	0	0	0	
771708	Supp_Motor_Area_L	5486	1578	85532	14804	202	124	26054	7148	0	0	11966	6556	12034	7114	570	1210	4246	792	0	39842	906	346	13868	3500	0	148	0	0	33914	2428	7856	3982	5918	19854	464	136	3558	696	466	184	98	0	0	0	0	0	0	0	0	0	0	0	0	0	2854	136	1526	0	0	0	0	0	0	0	0	0	190	0	16336	1364	13100	2808	10408	1014	2498	0	4240	98	212	0	1948	0	1348	0	0	0	0	0	1496	0	248	0	0	0	0	0	254	0	196	0	0	0	0	0	0	0	0	0	0	0	0	0	0	0	0	0	
774520	Supp_Motor_Area_R	7444	6258	15066	50136	0	360	1194	7140	0	0	1080	18666	960	14712	0	1866	300	7996	39842	0	194	0	1410	6336	0	326	0	0	2350	14500	3012	9970	7034	56310	1870	3166	116	2884	0	1892	0	138	0	1310	0	430	0	314	0	98	0	276	0	670	0	3756	432	1084	0	0	0	274	0	612	0	0	644	2104	18694	27886	4722	17040	1280	10140	152	1402	880	4900	0	104	148	364	0	242	0	204	0	0	0	1290	0	370	0	0	0	0	0	482	0	428	0	0	0	0	0	0	0	0	0	0	0	0	0	0	0	0	
88912	Olfactory_L	0	0	1542	0	2926	970	110	0	216	0	0	0	106	0	2950	0	0	0	906	194	0	4800	0	0	426	372	1478	1558	3670	0	2754	1668	0	0	0	0	246	0	972	0	1602	0	0	0	0	0	0	0	0	0	0	0	0	0	0	0	0	0	0	0	0	0	0	0	0	0	0	0	0	0	6494	3436	3510	650	0	0	0	0	0	0	0	0	900	0	0	0	0	0	0	0	0	0	0	0	0	0	0	0	0	0	0	0	0	0	0	0	0	0	0	0	0	0	0	0	0	0	
96516	Olfactory_R	0	0	372	160	106	2176	0	0	0	160	0	0	0	0	0	1620	0	0	346	0	4800	0	0	126	134	1858	998	3960	0	1428	2304	3836	0	0	0	0	0	326	0	714	0	1072	0	0	0	0	0	0	0	0	0	0	0	0	0	0	0	0	0	0	0	0	0	0	0	0	0	0	0	0	7078	7776	4586	1916	124	0	0	0	0	0	0	0	0	282	0	0	0	0	0	0	0	0	0	0	0	0	0	0	0	0	0	0	0	0	0	0	0	0	0	0	0	0	0	0	0	0	
396212	Frontal_Sup_Medial_L	568	0	39456	11594	4550	380	18698	1602	0	0	952	272	4436	1996	228	0	186	0	13868	1410	0	0	0	21834	2944	1782	124	0	6818	702	29198	13058	6586	11088	0	0	0	0	0	0	0	0	0	0	0	0	0	0	0	0	0	0	0	0	0	0	0	0	0	0	0	0	0	0	0	0	0	0	0	0	1052	500	1734	490	0	0	0	0	0	0	0	0	0	0	0	0	0	0	0	0	0	0	0	0	0	0	0	0	0	0	0	0	0	0	0	0	0	0	0	0	0	0	0	0	0	0	
366740	Frontal_Sup_Medial_R	0	0	4898	35532	470	5622	2028	7540	0	0	0	2776	296	10342	0	2442	0	174	3500	6336	0	126	21834	0	1076	7978	0	0	214	6950	7112	27216	1278	14096	0	0	0	208	0	186	0	0	0	0	0	0	0	0	0	0	0	0	0	0	0	96	0	0	0	0	0	0	0	0	0	0	0	0	0	0	286	5816	0	6856	0	0	0	86	0	0	0	0	0	0	0	0	0	0	0	0	0	0	0	0	0	0	0	0	0	0	0	0	0	0	0	0	0	0	0	0	0	0	0	0	0	0	
42028	Frontal_Med_Orb_L	0	0	612	0	3966	224	0	0	1298	0	0	0	0	0	216	0	0	0	0	0	426	134	2944	1076	0	1796	1848	90	108	0	4674	386	0	0	0	0	0	0	0	0	0	0	0	0	0	0	0	0	0	0	0	0	0	0	0	0	0	0	0	0	0	0	0	0	0	0	0	0	0	0	458	276	364	118	0	0	0	0	0	0	0	0	0	0	0	0	0	0	0	0	0	0	0	0	0	0	0	0	0	0	0	0	0	0	0	0	0	0	0	0	0	0	0	0	0	0	
120808	Frontal_Med_Orb_R	0	0	234	4648	262	7528	148	124	0	0	0	430	0	1008	0	670	0	0	148	326	372	1858	1782	7978	1796	0	104	4094	0	1138	2450	10164	0	234	0	0	0	0	0	0	0	0	0	0	0	0	0	0	0	0	0	0	0	0	0	0	0	0	0	0	0	0	0	0	0	0	0	0	0	0	614	6138	312	5844	0	0	0	0	0	0	0	0	0	0	0	0	0	0	0	0	0	0	0	0	0	0	0	0	0	0	0	0	0	0	0	0	0	0	0	0	0	0	0	0	0	0	
55384	Rectus_L	0	0	784	0	6864	118	0	0	4338	0	0	0	0	0	2182	0	0	0	0	0	1478	998	124	0	1848	104	0	192	464	0	2638	970	0	0	0	0	0	0	0	0	0	0	0	0	0	0	0	0	0	0	0	0	0	0	0	0	0	0	0	0	0	0	0	0	0	0	0	0	0	0	1836	884	1646	224	0	0	0	0	0	0	0	0	0	0	0	0	0	0	0	0	0	0	0	0	0	0	0	0	0	0	0	0	0	0	0	0	0	0	0	0	0	0	0	0	0	0	
55768	Rectus_R	0	0	0	0	0	6244	0	0	0	540	0	0	0	0	0	1016	0	0	0	0	1558	3960	0	0	90	4094	192	0	0	222	414	1552	0	0	0	0	0	0	0	0	0	92	0	0	0	0	0	0	0	0	0	0	0	0	0	0	0	0	0	0	0	0	0	0	0	0	0	0	0	0	1700	2900	1274	2036	0	0	0	0	0	0	0	0	0	0	0	0	0	0	0	0	0	0	0	0	0	0	0	0	0	0	0	0	0	0	0	0	0	0	0	0	0	0	0	0	0	0	
739640	Insula_L	19274	126	57674	284	7210	0	35310	0	1532	0	27866	108	28828	232	15120	136	18856	0	33914	2350	3670	0	6818	214	108	0	464	0	0	96	2886	634	416	280	548	0	14392	0	3518	120	5794	0	0	0	0	0	0	0	354	0	660	0	490	0	6746	0	4584	0	0	0	288	0	588	0	192	0	736	0	448	398	1706	122	18352	0	458	0	2786	94	8454	0	12876	0	10282	0	2488	0	0	0	6186	0	662	0	0	0	0	0	580	0	512	0	0	0	0	0	0	0	0	0	0	0	0	0	0	0	0	0	
397992	Insula_R	190	3000	930	23274	0	2888	440	5942	0	474	0	17048	0	21944	0	12904	0	16886	2428	14500	0	1428	702	6950	0	1138	0	222	96	0	596	7906	0	3624	0	0	0	4282	0	2200	0	2774	0	0	0	110	0	0	0	0	0	94	0	96	0	3254	0	1384	0	104	0	154	0	182	0	0	0	114	0	222	1170	4558	260	19206	0	0	0	862	0	2022	0	4380	0	1748	0	1422	0	0	0	2228	0	144	0	0	0	0	0	274	0	242	0	0	0	0	0	0	0	0	0	0	0	0	0	0	0	0	
328932	Cingulum_Ant_L	466	0	16274	7504	5816	974	6034	320	980	0	1094	332	2942	848	406	172	200	0	7856	3012	2754	2304	29198	7112	4674	2450	2638	414	2886	596	0	22874	6756	6974	0	0	0	0	0	0	0	0	0	0	0	0	0	0	0	0	0	0	0	0	0	0	0	0	0	0	0	0	0	0	0	0	0	0	0	0	5586	4462	5988	1332	0	0	0	238	0	0	0	0	0	0	0	0	0	0	0	0	0	0	0	0	0	0	0	0	0	0	0	0	0	0	0	0	0	0	0	0	0	0	0	0	0	0	
454532	Cingulum_Ant_R	344	184	4578	28132	498	5928	2296	1838	0	0	0	2946	134	8904	0	2652	0	326	3982	9970	1668	3836	13058	27216	386	10164	970	1552	634	7906	22874	0	4378	19556	0	0	0	264	0	238	0	0	0	0	0	0	0	0	0	0	0	0	0	0	0	124	0	0	0	0	0	0	0	0	0	0	0	0	0	194	5006	19998	2390	11196	0	0	0	946	0	0	0	0	0	0	0	0	0	0	0	0	0	0	0	0	0	0	0	0	0	0	0	0	0	0	0	0	0	0	0	0	0	0	0	0	0	0	
166280	Cingulum_Mid_L	170	0	1936	1350	386	0	542	104	0	0	0	0	196	194	0	0	0	0	5918	7034	0	0	6586	1278	0	0	0	0	416	0	6756	4378	0	13924	5218	1540	0	0	0	0	0	0	648	86	730	282	0	0	1660	126	2084	0	0	0	0	0	100	0	2836	0	806	0	0	0	442	0	9386	1760	3118	1046	0	0	0	0	0	0	0	0	0	0	0	0	0	0	104	0	0	0	0	0	0	0	0	0	0	0	0	0	0	0	0	0	0	0	0	0	0	0	0	0	0	0	0	0	0	0	
574352	Cingulum_Mid_R	5394	1828	2610	17384	364	264	734	5972	0	0	0	6768	132	9772	0	714	0	340	19854	56310	0	0	11088	14096	0	234	0	0	280	3624	6974	19556	13924	0	2832	8528	0	534	0	210	0	0	0	2786	0	2506	0	332	0	864	0	1514	0	1542	0	2504	334	5024	0	184	0	264	0	656	0	0	3260	8916	14236	27050	188	240	0	1248	0	0	562	130	0	0	0	0	0	0	0	668	0	0	0	1678	0	170	0	0	0	0	0	0	0	0	0	0	0	0	0	0	0	0	0	0	0	0	0	0	0	0	
141336	Cingulum_Post_L	1592	148	0	154	0	0	0	0	0	0	438	0	0	0	0	0	394	0	464	1870	0	0	0	0	0	0	0	0	548	0	0	0	5218	2832	0	9090	5124	3496	2756	1014	0	0	1992	102	398	0	1866	322	1372	0	1602	0	344	200	2222	1362	2988	0	118	0	298	0	246	0	252	0	9842	1970	4274	1734	0	0	0	0	0	0	0	772	148	0	414	0	0	0	284	0	0	0	158	250	0	0	0	0	0	0	0	0	0	0	0	0	0	0	0	0	0	0	0	0	0	0	0	0	0	0	
131372	Cingulum_Post_R	1598	510	0	338	0	0	0	168	0	0	0	0	0	0	0	0	0	0	136	3166	0	0	0	0	0	0	0	0	0	0	0	0	1540	8528	9090	0	3792	4680	1764	1402	0	0	0	864	0	436	640	1220	0	0	0	206	0	350	1322	2702	338	1910	0	0	0	0	0	0	0	0	2562	7814	906	5394	0	0	0	0	0	0	336	1230	122	0	0	0	0	0	0	0	0	0	0	364	0	0	0	0	0	0	0	0	0	0	0	0	0	0	0	0	0	0	0	0	258	0	0	0	0	0	
305380	Hippocampus_L	7156	580	6058	584	0	0	628	158	0	0	1868	0	332	0	210	0	1346	0	3558	116	246	0	0	0	0	0	0	0	14392	0	0	0	0	0	5124	3792	0	3166	18530	998	7412	0	1916	0	0	0	4370	466	0	0	634	0	994	0	20158	246	554	0	0	0	0	0	0	0	0	0	2956	578	92	0	276	0	14284	0	296	0	3656	1776	2038	0	3886	0	3156	0	360	0	0	0	7692	0	1388	0	0	0	496	0	1976	0	1724	0	0	0	0	0	314	0	0	0	0	154	0	0	0	0	0	0	
325280	Hippocampus_R	564	3960	478	5880	0	0	0	1868	0	0	0	196	0	216	0	294	0	168	696	2884	0	326	0	208	0	0	0	0	0	4282	0	264	0	534	3496	4680	3166	0	2016	30474	0	11294	0	770	0	0	716	4964	0	0	0	114	0	306	1416	29936	0	268	0	0	0	0	0	0	0	0	142	2884	0	564	214	510	0	12336	0	1016	298	4304	0	92	0	1442	0	1046	0	116	0	0	0	3812	240	2680	224	776	0	418	0	5138	0	5128	264	0	276	852	0	228	0	0	132	268	276	110	420	0	0	0	
163788	ParaHippocampal_L	1618	0	830	0	0	0	364	0	0	0	282	0	122	0	362	0	142	0	466	0	972	0	0	0	0	0	0	0	3518	0	0	0	0	0	2756	1764	18530	2016	0	804	5162	154	966	0	0	0	3738	384	0	0	692	0	964	0	12256	298	216	0	0	0	0	0	0	0	0	0	1330	318	0	0	280	0	5434	0	124	0	828	302	0	0	362	0	1674	0	0	0	318	0	1276	0	2158	0	0	0	676	0	3662	0	3272	0	0	0	0	0	362	0	0	0	0	142	0	0	0	0	0	0	
257320	ParaHippocampal_R	180	474	148	2442	0	0	0	654	0	0	112	160	0	196	0	638	128	0	184	1892	0	714	0	186	0	0	0	0	120	2200	0	238	0	210	1014	1402	998	30474	804	0	0	7288	0	648	0	0	232	5872	0	0	0	0	0	160	474	25476	0	130	0	0	0	0	0	0	0	0	0	1758	0	88	90	432	322	8348	128	846	170	1224	0	0	100	602	0	2016	0	0	0	1148	0	1288	312	2834	320	904	0	586	0	7992	0	6882	410	100	428	1220	0	332	0	144	212	404	260	114	592	96	110	0	
61324	Amygdala_L	0	0	272	0	746	0	0	0	0	0	0	0	138	0	856	0	0	0	98	0	1602	0	0	0	0	0	0	0	5794	0	0	0	0	0	0	0	7412	0	5162	0	0	0	0	0	0	0	0	0	0	0	0	0	0	0	1268	0	0	0	0	0	0	0	0	0	0	0	0	0	0	0	0	0	2082	0	0	0	128	0	0	0	252	0	3426	0	0	0	172	0	0	0	194	0	0	0	268	0	416	0	258	0	0	0	0	0	118	0	0	0	0	0	0	0	0	0	0	0	
75960	Amygdala_R	0	0	0	160	0	104	0	0	0	0	0	0	0	0	0	404	0	0	0	138	0	1072	0	0	0	0	0	92	0	2774	0	0	0	0	0	0	0	11294	154	7288	0	0	0	0	0	0	0	0	0	0	0	0	0	0	0	6472	0	0	0	0	0	0	0	0	0	0	0	0	0	0	0	0	188	3290	0	0	0	0	0	0	0	0	0	2756	0	0	0	624	0	144	0	0	0	0	0	100	0	312	0	250	0	0	0	158	0	0	0	0	96	110	0	0	0	0	0	0	
276160	Calcarine_L	142	0	0	0	0	0	0	0	0	0	0	0	0	0	0	0	0	0	0	0	0	0	0	0	0	0	0	0	0	0	0	0	648	0	1992	0	1916	0	966	0	0	0	0	9810	17776	7194	15622	3420	13626	3636	24772	480	7908	232	3398	180	86	0	240	0	518	0	0	0	798	0	15914	920	0	0	0	0	0	0	0	0	0	0	0	0	0	0	0	0	3218	0	0	0	2168	0	500	0	0	0	0	0	0	0	0	0	0	0	0	0	0	0	0	0	0	0	0	0	0	0	0	0	
445408	Calcarine_R	0	3152	0	140	0	0	0	88	0	0	0	0	0	0	0	0	0	88	0	1310	0	0	0	0	0	0	0	0	0	0	0	0	86	2786	102	864	0	770	0	648	0	0	9810	0	3686	29848	2838	24888	532	23136	294	16112	0	11928	0	15208	0	9020	0	1750	0	4124	0	2534	0	6082	2004	31508	112	6376	0	0	0	202	0	0	0	0	0	0	0	786	0	0	0	3610	0	0	0	5580	0	90	0	0	0	0	0	0	0	184	0	0	0	0	0	0	0	0	0	0	182	246	0	0	0	0	
190968	Cuneus_L	0	0	0	0	0	0	0	0	0	0	0	0	0	0	0	0	0	0	0	0	0	0	0	0	0	0	0	0	0	0	0	0	730	0	398	0	0	0	0	0	0	0	17776	3686	0	6652	4212	134	19232	2666	14412	0	4112	0	2786	0	0	0	440	0	196	0	0	0	264	0	10782	1418	0	0	0	0	0	0	0	0	0	0	0	0	0	0	0	0	2778	0	0	0	1940	0	870	0	0	0	0	0	0	0	0	0	0	0	0	0	0	0	0	0	0	0	0	0	0	0	0	0	
366776	Cuneus_R	0	214	0	0	0	0	0	0	0	0	0	0	0	0	0	0	0	86	0	430	0	0	0	0	0	0	0	0	0	110	0	0	282	2506	0	436	0	0	0	0	0	0	7194	29848	6652	0	778	4558	1090	36780	678	19572	372	5294	0	3404	0	1422	0	7672	0	2556	0	1828	0	4212	4568	28490	0	2970	0	0	0	0	0	0	0	0	0	158	0	442	0	0	0	4274	0	0	0	4512	0	0	0	0	0	0	0	0	0	0	0	0	0	0	0	0	0	0	0	0	0	0	0	0	0	0	
295332	Lingual_L	0	0	0	0	0	0	0	0	0	0	0	0	0	0	0	0	0	0	0	0	0	0	0	0	0	0	0	0	0	0	0	0	0	0	1866	640	4370	716	3738	232	0	0	15622	2838	4212	778	0	4714	6744	204	18624	0	12636	148	21430	1366	0	0	0	0	0	0	0	0	0	0	3704	228	0	0	0	0	98	0	0	0	252	108	94	0	0	0	0	0	0	0	0	0	236	0	9216	924	0	0	478	0	9046	1538	12728	1312	0	0	0	0	106	0	0	0	0	0	3898	2718	104	0	0	0	
428544	Lingual_R	0	1384	0	346	0	0	0	272	0	0	0	0	0	0	0	0	0	0	0	314	0	0	0	0	0	0	0	0	0	0	0	0	0	332	322	1220	466	4964	384	5872	0	0	3420	24888	134	4558	4714	0	96	3428	184	3260	838	8078	4162	31572	0	4976	0	550	0	318	0	472	0	338	118	15006	0	1796	0	0	0	942	0	0	0	540	0	0	0	230	0	0	0	552	0	0	0	2684	6148	13002	390	1006	130	660	4916	8164	9694	14872	86	298	148	248	0	176	0	0	0	370	7584	10024	2224	238	164	0	
252824	Occipital_Sup_L	194	0	0	0	0	0	0	0	0	0	86	0	0	0	0	0	270	0	0	0	0	0	0	0	0	0	0	0	354	0	0	0	1660	0	1372	0	0	0	0	0	0	0	13626	532	19232	1090	6744	96	0	180	37434	0	4804	0	1890	0	222	0	5114	0	4026	0	212	0	4550	0	17910	394	158	0	0	0	0	0	0	0	0	0	120	0	220	0	0	0	2670	0	0	0	708	0	544	0	0	0	0	0	0	0	0	0	0	0	0	0	0	0	0	0	0	0	0	0	0	0	0	0	
303856	Occipital_Sup_R	0	108	0	0	0	0	0	0	0	0	0	0	0	0	0	0	0	0	0	98	0	0	0	0	0	0	0	0	0	0	0	0	126	864	0	0	0	0	0	0	0	0	3636	23136	2666	36780	204	3428	180	0	0	24796	0	6240	0	2516	0	426	0	12408	0	1848	0	780	0	8296	842	15552	0	1562	0	0	0	0	0	0	0	0	0	0	0	132	0	0	0	2896	0	0	0	2408	0	0	0	0	0	0	0	0	0	0	0	0	0	0	0	0	0	0	0	0	0	0	0	0	0	0	
484756	Occipital_Mid_L	572	0	0	0	0	0	0	0	0	0	308	0	0	0	0	0	1778	0	0	0	0	0	0	0	0	0	0	0	660	0	0	0	2084	0	1602	0	634	0	692	0	0	0	24772	294	14412	678	18624	184	37434	0	0	0	28054	0	9200	0	536	0	12248	0	17740	0	514	0	20730	0	24390	218	556	0	0	0	0	0	0	0	0	0	538	0	924	0	0	0	13908	0	0	0	6512	0	732	0	0	0	0	0	230	0	352	0	0	0	0	0	0	0	0	0	0	0	172	96	0	0	0	0	
312012	Occipital_Mid_R	0	406	0	0	0	0	0	0	0	0	0	0	0	0	0	0	0	0	0	276	0	0	0	0	0	0	0	0	0	94	0	0	0	1514	0	206	0	114	0	0	0	0	480	16112	0	19572	0	3260	0	24796	0	0	0	17340	0	8508	0	1304	0	6888	0	2230	0	3532	0	13290	92	9490	0	1706	0	0	0	0	0	0	0	0	0	208	0	1628	0	0	0	14314	0	0	0	8646	0	0	0	0	0	0	0	0	0	0	0	0	0	0	0	0	0	0	0	0	0	0	0	0	0	0	
209604	Occipital_Inf_L	388	0	0	0	0	0	0	0	0	0	228	0	0	0	0	0	950	0	0	0	0	0	0	0	0	0	0	0	490	0	0	0	0	0	344	0	994	0	964	0	0	0	7908	0	4112	372	12636	838	4804	0	28054	0	0	0	14518	182	142	0	0	0	520	0	0	0	766	0	3178	0	306	0	0	0	0	0	0	0	0	0	1440	0	736	0	0	0	3222	0	0	0	7794	0	1632	0	0	0	0	0	1888	716	2472	0	0	0	0	0	0	0	0	0	0	0	1710	498	0	0	0	0	
235520	Occipital_Inf_R	0	942	0	0	0	0	0	0	0	0	0	0	0	0	0	0	0	0	0	670	0	0	0	0	0	0	0	0	0	96	0	0	0	1542	200	350	0	306	0	160	0	0	232	11928	0	5294	148	8078	0	6240	0	17340	0	0	106	18566	0	1586	0	450	0	1714	0	4406	0	2714	0	6628	88	1876	0	0	0	0	0	0	0	0	0	292	0	1846	0	0	0	5658	0	0	0	14314	298	364	0	326	0	0	0	0	430	796	0	0	0	0	0	0	0	0	0	0	0	1194	582	0	0	0	
528088	Fusiform_L	1286	0	4254	0	0	0	122	0	0	0	700	0	192	0	0	0	870	0	2854	0	0	0	0	0	0	0	0	0	6746	0	0	0	0	0	2222	1322	20158	1416	12256	474	1268	0	3398	0	2786	0	21430	4162	1890	0	9200	0	14518	106	0	1970	444	0	0	0	308	0	0	0	286	0	2870	236	314	0	0	0	6320	0	0	0	512	170	2226	0	5840	0	2070	0	7394	0	488	0	23564	0	29834	1562	120	0	86	0	17194	2394	32522	1920	140	0	92	0	120	0	0	0	0	0	5612	3720	86	0	0	0	
722528	Fusiform_R	218	1902	88	2234	0	0	0	886	0	0	0	136	0	88	0	102	0	116	136	3756	0	0	0	96	0	0	0	0	0	3254	0	124	0	2504	1362	2702	246	29936	298	25476	0	6472	180	15208	0	3404	1366	31572	0	2516	0	8508	182	18566	1970	0	102	1826	0	206	0	520	0	5528	0	1686	94	10736	178	3134	0	222	0	6574	0	326	0	1054	0	786	0	7290	0	3780	0	4354	0	1860	0	32528	4136	26434	772	4422	0	970	2294	16936	5476	32008	654	562	724	2264	0	724	0	218	0	390	3328	7102	2980	242	240	0	
233464	Postcentral_L	25396	0	3654	0	0	0	558	0	0	0	4468	0	2074	0	0	0	9734	0	1526	432	0	0	0	0	0	0	0	0	4584	0	0	0	100	334	2988	338	554	0	216	0	0	0	86	0	0	0	0	0	222	0	536	0	142	0	444	102	0	0	4234	0	20008	0	10604	0	1174	0	2482	0	6804	332	90	0	720	0	0	0	212	0	2152	0	5110	0	248	0	2250	0	0	0	1538	0	286	0	0	0	0	0	0	0	0	0	0	0	0	0	0	0	0	0	0	0	0	0	0	0	0	0	
241144	Postcentral_R	0	17824	0	652	0	0	0	818	0	0	0	1640	0	86	0	0	0	4344	0	1084	0	0	0	0	0	0	0	0	0	1384	0	0	0	5024	0	1910	0	268	0	130	0	0	0	9020	0	1422	0	4976	0	426	0	1304	0	1586	0	1826	0	0	0	10782	0	12002	0	8856	0	1442	0	12738	0	11732	0	556	0	658	0	0	0	0	0	188	0	1638	0	0	0	2096	0	0	0	2160	0	0	0	0	0	0	0	0	0	0	0	0	0	0	0	0	0	0	0	0	0	0	0	0	0	0	
110792	Parietal_Sup_L	0	0	0	0	0	0	0	0	0	0	0	0	0	0	0	0	0	0	0	0	0	0	0	0	0	0	0	0	0	0	0	0	2836	0	118	0	0	0	0	0	0	0	240	0	440	0	0	0	5114	0	12248	0	0	0	0	0	4234	0	0	0	12106	0	0	0	2892	0	14636	404	128	0	0	0	0	0	0	0	0	0	0	0	0	0	0	0	0	0	0	0	0	0	0	0	0	0	0	0	0	0	0	0	0	0	0	0	0	0	0	0	0	0	0	0	0	0	0	0	
147724	Parietal_Sup_R	0	194	0	0	0	0	0	0	0	0	0	0	0	0	0	0	0	664	0	0	0	0	0	0	0	0	0	0	0	104	0	0	0	184	0	0	0	0	0	0	0	0	0	1750	0	7672	0	550	0	12408	0	6888	0	450	0	206	0	10782	0	0	0	9798	0	2072	0	6866	318	10192	0	586	0	140	0	0	0	0	0	0	0	0	0	778	0	0	0	850	0	0	0	410	0	0	0	0	0	0	0	0	0	0	0	0	0	0	0	0	0	0	0	0	0	0	0	0	0	0	
219588	Parietal_Inf_L	3548	0	0	0	0	0	0	0	0	0	284	0	0	0	0	0	688	0	0	0	0	0	0	0	0	0	0	0	288	0	0	0	806	0	298	0	0	0	0	0	0	0	518	0	196	0	0	0	4026	0	17740	0	520	0	308	0	20008	0	12106	0	0	0	14140	0	21670	0	5360	0	530	0	0	0	0	0	0	0	0	0	0	0	1182	0	0	0	3900	0	0	0	1678	0	0	0	0	0	0	0	0	0	0	0	0	0	0	0	0	0	0	0	0	0	0	0	0	0	0	0	
165720	Parietal_Inf_R	0	784	0	0	0	0	0	0	0	0	0	0	0	0	0	0	0	722	0	274	0	0	0	0	0	0	0	0	0	154	0	0	0	264	0	0	0	0	0	0	0	0	0	4124	0	2556	0	318	0	1848	0	2230	0	1714	0	520	0	12002	0	9798	0	0	0	12762	0	17240	0	3802	0	344	0	168	0	0	0	0	0	0	0	0	0	1510	0	0	0	7046	0	0	0	2680	0	0	0	0	0	0	0	0	0	0	0	0	0	0	0	0	0	0	0	0	0	0	0	0	0	0	
125684	SupraMarginal_L	2440	0	92	0	0	0	0	0	0	0	614	0	0	0	0	0	2432	0	0	0	0	0	0	0	0	0	0	0	588	0	0	0	0	0	246	0	0	0	0	0	0	0	0	0	0	0	0	0	212	0	514	0	0	0	0	0	10604	0	0	0	14140	0	0	0	8678	0	228	0	316	0	0	0	0	0	0	0	0	0	500	0	8568	0	0	0	8830	0	0	0	3840	0	0	0	0	0	0	0	0	0	0	0	0	0	0	0	0	0	0	0	0	0	0	0	0	0	0	0	
184232	SupraMarginal_R	0	1534	0	0	0	0	0	0	0	0	0	0	0	0	0	0	0	2510	0	612	0	0	0	0	0	0	0	0	0	182	0	0	0	656	0	0	0	0	0	0	0	0	0	2534	0	1828	0	472	0	780	0	3532	0	4406	0	5528	0	8856	0	2072	0	12762	0	0	0	14254	0	2192	0	776	0	0	0	0	0	0	0	0	0	0	0	7316	0	0	0	10852	0	0	0	8462	0	0	0	0	0	0	0	0	0	0	0	0	0	0	0	0	0	0	0	0	0	0	0	0	0	0	
171556	Angular_L	404	0	0	0	0	0	0	0	0	0	166	0	0	0	0	0	392	0	0	0	0	0	0	0	0	0	0	0	192	0	0	0	442	0	252	0	0	0	0	0	0	0	798	0	264	0	0	0	4550	0	20730	0	766	0	286	0	1174	0	2892	0	21670	0	8678	0	0	0	4732	0	608	0	0	0	0	0	0	0	0	0	398	0	2362	0	0	0	11750	0	0	0	2272	0	0	0	0	0	0	0	0	0	0	0	0	0	0	0	0	0	0	0	0	0	0	0	0	0	0	0	
215748	Angular_R	0	162	0	0	0	0	0	0	0	0	0	0	0	0	0	0	0	0	0	0	0	0	0	0	0	0	0	0	0	0	0	0	0	0	0	0	0	0	0	0	0	0	0	6082	0	4212	0	338	0	8296	0	13290	0	2714	0	1686	0	1442	0	6866	0	17240	0	14254	0	0	0	4800	0	206	0	0	0	0	0	0	0	0	0	0	0	4292	0	0	0	17390	0	0	0	4604	0	0	0	0	0	0	0	0	0	0	0	0	0	0	0	0	0	0	0	0	0	0	0	0	0	0	
345892	Precuneus_L	746	0	0	0	0	0	0	0	0	0	420	0	0	0	0	0	596	0	190	644	0	0	0	0	0	0	0	0	736	0	0	0	9386	3260	9842	2562	2956	142	1330	0	0	0	15914	2004	10782	4568	3704	118	17910	842	24390	92	3178	0	2870	94	2482	0	14636	318	5360	0	228	0	4732	0	0	11076	2024	2350	0	0	0	0	0	0	0	0	204	0	512	0	0	0	6146	0	0	0	2952	0	650	0	0	0	0	0	0	0	0	0	0	0	0	0	0	0	0	0	0	0	0	0	0	0	0	0	
452620	Precuneus_R	230	3404	0	132	0	0	0	0	0	0	0	0	0	0	0	0	0	132	0	2104	0	0	0	0	0	0	0	0	0	114	0	0	1760	8916	1970	7814	578	2884	318	1758	0	0	920	31508	1418	28490	228	15006	394	15552	218	9490	0	6628	236	10736	0	12738	404	10192	0	3802	0	2192	0	4800	11076	0	308	14834	0	0	0	406	0	0	0	378	0	130	0	522	0	0	0	3788	0	0	0	7142	0	0	0	0	0	0	0	0	0	88	0	0	0	0	0	0	0	0	0	0	572	0	0	0	0	0	
211280	Paracentral_Lobule_L	11356	684	1640	436	0	0	110	108	0	0	110	0	0	0	0	0	1054	0	16336	18694	0	0	0	0	0	0	0	0	448	0	0	0	3118	14236	4274	906	92	0	0	0	0	0	0	112	0	0	0	0	158	0	556	0	306	88	314	178	6804	0	128	0	530	0	316	0	608	0	2024	308	0	9648	1488	0	1272	0	1206	0	4030	0	116	0	350	0	0	0	642	0	0	0	568	140	148	0	0	0	0	0	0	0	0	0	0	0	0	0	0	0	0	0	0	0	0	0	0	0	0	0	
291528	Paracentral_Lobule_R	4036	6016	332	294	0	0	124	0	0	0	0	0	0	0	0	0	0	0	1364	27886	0	0	0	0	0	0	0	0	398	222	0	194	1046	27050	1734	5394	0	564	0	88	0	0	0	6376	0	2970	0	1796	0	1562	0	1706	0	1876	0	3134	332	11732	0	586	0	344	0	776	0	206	2350	14834	9648	0	1360	2158	110	0	0	0	590	950	0	0	0	106	0	0	0	1272	0	0	0	2068	0	180	0	0	0	0	0	0	0	0	0	0	0	0	0	0	0	0	0	0	0	0	0	0	0	0	
305912	Caudate_L	2654	1100	20610	3474	1224	1196	3656	2032	566	0	500	1208	166	1960	890	1254	592	360	13100	4722	6494	7078	1052	286	458	614	1836	1700	1706	1170	5586	5006	0	188	0	0	276	214	280	90	0	0	0	0	0	0	0	0	0	0	0	0	0	0	0	0	90	0	0	0	0	0	0	0	0	0	0	0	1488	1360	0	18054	19252	2920	2672	116	10718	364	0	0	442	0	182	0	0	0	0	0	0	0	0	0	0	0	0	0	0	0	0	0	0	0	0	0	0	0	0	0	0	0	0	0	0	0	0	0	
402932	Caudate_R	374	10430	4082	18972	0	4592	1332	2738	0	0	0	2496	0	4230	0	4004	0	598	2808	17040	3436	7776	500	5816	276	6138	884	2900	122	4558	4462	19998	0	240	0	0	0	510	0	432	0	0	0	0	0	0	0	0	0	0	0	0	0	0	0	222	0	556	0	140	0	168	0	0	0	0	0	0	0	2158	18054	0	6548	22710	158	1968	86	16954	0	0	0	0	0	0	0	0	0	0	0	0	0	0	0	0	0	0	0	0	0	0	0	0	0	0	0	0	0	0	0	0	0	0	0	0	0	0	
371828	Putamen_L	5220	236	25468	916	7286	824	2762	0	2326	0	2156	152	1792	492	7292	222	1296	0	10408	1280	3510	4586	1734	0	364	312	1646	1274	18352	260	5988	2390	0	0	0	0	14284	0	5434	322	2082	188	0	0	0	0	98	0	0	0	0	0	0	0	6320	0	720	0	0	0	0	0	0	0	0	0	0	0	1272	110	19252	6548	0	1206	5930	0	2828	138	108	0	2356	0	1462	86	186	0	0	0	3076	0	386	0	0	0	0	0	488	0	366	0	0	0	0	0	124	0	0	0	0	0	0	0	0	0	0	0	
358672	Putamen_R	0	2354	406	16662	0	5146	184	5508	0	364	0	4618	0	4270	0	4694	0	2008	1014	10140	650	1916	490	6856	118	5844	224	2036	0	19206	1332	11196	0	1248	0	0	0	12336	0	8348	0	3290	0	202	0	0	0	942	0	0	0	0	0	0	0	6574	0	658	0	0	0	0	0	0	0	0	0	406	0	0	2920	22710	1206	0	0	3946	0	698	0	466	0	960	0	474	0	202	0	0	0	534	0	870	0	108	0	0	0	1550	0	1452	0	0	0	0	0	0	0	0	0	0	0	0	0	0	0	0	
43732	Pallidum_L	394	102	3268	0	0	0	92	0	0	0	842	0	0	0	0	0	940	0	2498	152	0	124	0	0	0	0	0	0	458	0	0	0	0	0	0	0	296	0	124	128	0	0	0	0	0	0	0	0	0	0	0	0	0	0	0	0	0	0	0	0	0	0	0	0	0	0	0	0	1206	0	2672	158	5930	0	0	0	1428	0	0	0	788	0	266	0	0	0	0	0	0	0	0	0	0	0	0	0	0	0	0	0	0	0	0	0	0	0	0	0	0	0	0	0	0	0	0	0	
26824	Pallidum_R	0	892	0	954	0	0	0	1282	0	0	0	242	0	108	0	0	0	152	0	1402	0	0	0	0	0	0	0	0	0	0	0	0	0	0	0	0	0	1016	0	846	0	0	0	0	0	0	0	0	0	0	0	0	0	0	0	326	0	0	0	0	0	0	0	0	0	0	0	0	0	0	116	1968	0	3946	0	0	0	162	0	0	0	0	0	0	0	0	0	0	0	0	0	0	0	0	0	0	0	0	0	0	0	0	0	0	0	0	0	0	0	0	0	0	0	0	0	0	
135740	Thalamus_L	13648	1056	2720	1080	0	0	658	226	0	0	3750	0	0	0	0	0	3382	0	4240	880	0	0	0	0	0	0	0	0	2786	0	0	0	0	562	0	336	3656	298	828	170	128	0	0	0	0	0	252	0	0	0	0	0	0	0	512	0	212	0	0	0	0	0	0	0	0	0	0	0	4030	590	10718	86	2828	0	1428	0	0	1840	768	0	3502	0	700	0	0	0	0	0	0	0	0	0	0	0	0	0	0	0	0	0	0	0	0	0	0	0	0	0	0	0	0	0	0	0	0	0	
161880	Thalamus_R	1282	18102	244	18474	0	0	0	1552	0	0	0	0	0	0	0	0	0	558	98	4900	0	0	0	86	0	0	0	0	94	862	238	946	0	130	772	1230	1776	4304	302	1224	0	0	0	0	0	0	108	540	0	0	0	0	0	0	170	1054	0	0	0	0	0	0	0	0	0	0	0	378	0	950	364	16954	138	698	0	162	1840	0	0	0	0	0	0	0	0	0	0	0	0	410	0	0	0	0	0	0	0	0	0	0	0	0	0	0	0	0	0	0	0	0	0	0	0	0	0	0	
91920	Heschl_L	5378	0	482	0	0	0	0	0	0	0	2978	0	0	0	0	0	3924	0	212	0	0	0	0	0	0	0	0	0	8454	0	0	0	0	0	148	122	2038	0	0	0	0	0	0	0	0	0	94	0	120	0	538	0	1440	0	2226	0	2152	0	0	0	0	0	500	0	398	0	204	0	116	0	0	0	108	0	0	0	768	0	0	0	4824	0	282	0	4558	0	0	0	3486	0	410	0	0	0	0	0	0	0	0	0	0	0	0	0	0	0	0	0	0	0	0	0	0	0	0	0	
31152	Heschl_R	0	462	0	242	0	0	0	348	0	0	0	90	0	0	0	0	0	2440	0	104	0	0	0	0	0	0	0	0	0	2022	0	0	0	0	0	0	0	92	0	0	0	0	0	0	0	158	0	0	0	0	0	208	0	292	0	786	0	188	0	0	0	0	0	0	0	0	0	130	0	0	0	0	0	466	0	0	0	0	0	0	0	4122	0	0	0	1524	0	0	0	1902	0	0	0	0	0	0	0	0	0	0	0	0	0	0	0	0	0	0	0	0	0	0	0	0	0	0	
372212	Temporal_Sup_L	10832	0	6864	0	0	0	5030	0	0	0	19752	0	1384	0	0	0	27414	0	1948	148	0	0	0	0	0	0	0	0	12876	0	0	0	0	0	414	0	3886	0	362	100	252	0	0	0	0	0	0	0	220	0	924	0	736	0	5840	0	5110	0	0	0	1182	0	8568	0	2362	0	512	0	350	0	442	0	2356	0	788	0	3502	0	4824	0	0	0	6858	0	29562	0	0	0	19544	0	576	0	0	0	0	0	220	0	368	0	0	0	0	0	0	0	0	0	0	0	0	0	0	0	0	0	
131660	Temporal_Sup_R	0	564	0	442	0	0	0	410	0	0	0	180	0	0	0	366	0	2916	0	364	0	0	0	0	0	0	0	0	0	4380	0	0	0	0	0	0	0	1442	0	602	0	0	0	786	0	442	0	230	0	132	0	1628	0	1846	0	7290	0	1638	0	778	0	1510	0	7316	0	4292	0	522	0	106	0	0	0	960	0	0	0	0	0	4122	0	0	0	1512	0	10410	0	0	0	8298	0	88	0	0	0	0	0	150	0	108	0	0	0	0	0	0	0	0	0	0	0	0	0	0	0	0	
130892	Temporal_Pole_Sup_L	1268	0	3798	0	1004	0	2352	0	148	0	6444	0	982	0	2488	0	6470	0	1348	0	900	0	0	0	0	0	0	0	10282	0	0	0	0	0	0	0	3156	0	1674	0	3426	0	0	0	0	0	0	0	0	0	0	0	0	0	2070	0	248	0	0	0	0	0	0	0	0	0	0	0	0	0	182	0	1462	0	266	0	700	0	282	0	6858	0	0	0	3442	0	1228	0	2968	0	0	0	0	0	0	0	0	0	0	0	0	0	0	0	0	0	0	0	0	0	0	0	0	0	0	0	
50688	Temporal_Pole_Sup_R	0	0	0	244	0	0	0	0	0	0	0	632	0	0	0	684	0	644	0	242	0	282	0	0	0	0	0	0	0	1748	0	0	0	0	0	0	0	1046	0	2016	0	2756	0	0	0	0	0	0	0	0	0	0	0	0	0	3780	0	0	0	0	0	0	0	0	0	0	0	0	0	0	0	0	86	474	0	0	0	0	0	0	0	1512	0	0	0	2182	0	3732	0	3284	0	0	0	0	0	0	0	0	0	0	0	0	0	0	0	0	0	0	0	0	0	0	0	0	0	0	
308832	Temporal_Mid_L	2324	0	248	0	0	0	0	0	0	0	1820	0	0	0	0	0	4784	0	0	0	0	0	0	0	0	0	0	0	2488	0	0	0	104	0	284	0	360	0	0	0	0	0	3218	0	2778	0	0	0	2670	0	13908	0	3222	0	7394	0	2250	0	0	0	3900	0	8830	0	11750	0	6146	0	642	0	0	0	186	0	0	0	0	0	4558	0	29562	0	3442	0	0	0	818	0	33860	0	2750	0	0	0	0	0	0	0	120	0	0	0	0	0	0	0	0	0	0	0	0	0	0	0	0	0	
245672	Temporal_Mid_R	0	1052	0	0	0	0	0	0	0	0	0	0	0	0	0	92	0	0	0	204	0	0	0	0	0	0	0	0	0	1422	0	0	0	668	0	0	0	116	0	0	0	0	0	3610	0	4274	0	552	0	2896	0	14314	0	5658	0	4354	0	2096	0	850	0	7046	0	10852	0	17390	0	3788	0	1272	0	0	0	202	0	0	0	0	0	1524	0	10410	0	2182	0	0	0	1984	0	24028	0	0	0	0	0	0	0	0	0	0	0	0	0	0	0	0	0	0	0	0	0	0	0	0	0	0	
7800	Temporal_Pole_Mid_L	0	0	0	0	0	0	0	0	0	0	0	0	0	0	0	0	0	0	0	0	0	0	0	0	0	0	0	0	0	0	0	0	0	0	0	0	0	0	318	0	172	0	0	0	0	0	0	0	0	0	0	0	0	0	488	0	0	0	0	0	0	0	0	0	0	0	0	0	0	0	0	0	0	0	0	0	0	0	0	0	0	0	1228	0	818	0	0	0	876	0	0	0	0	0	0	0	0	0	0	0	0	0	0	0	0	0	0	0	0	0	0	0	0	0	0	0	
23016	Temporal_Pole_Mid_R	0	0	0	0	0	0	0	0	0	0	0	0	0	0	0	0	0	0	0	0	0	0	0	0	0	0	0	0	0	0	0	0	0	0	0	0	0	0	0	1148	0	624	0	0	0	0	0	0	0	0	0	0	0	0	0	1860	0	0	0	0	0	0	0	0	0	0	0	0	0	0	0	0	0	0	0	0	0	0	0	0	0	0	0	3732	0	1984	0	0	0	2160	0	0	0	0	0	0	0	0	0	0	0	0	0	0	0	0	0	0	0	0	0	0	0	0	0	0	
323444	Temporal_Inf_L	2248	0	2464	0	0	0	86	0	0	0	1968	0	0	0	0	0	4066	0	1496	0	0	0	0	0	0	0	0	0	6186	0	0	0	0	0	158	0	7692	0	1276	0	0	0	2168	0	1940	0	236	0	708	0	6512	0	7794	0	23564	0	1538	0	0	0	1678	0	3840	0	2272	0	2952	0	568	0	0	0	3076	0	0	0	0	0	3486	0	19544	0	2968	0	33860	0	876	0	0	0	9514	0	1136	0	0	0	800	0	2440	0	612	0	0	0	0	0	0	0	0	0	0	0	0	0	0	0	
317252	Temporal_Inf_R	0	1624	0	120	0	0	0	86	0	0	0	0	0	0	0	0	0	0	0	1290	0	0	0	0	0	0	0	0	0	2228	0	0	0	1678	250	364	0	3812	0	1288	0	144	0	5580	0	4512	0	2684	0	2408	0	8646	0	14314	0	32528	0	2160	0	410	0	2680	0	8462	0	4604	0	7142	140	2068	0	0	0	534	0	0	0	410	0	1902	0	8298	0	3284	0	24028	0	2160	0	0	0	4744	0	1166	0	0	0	310	0	480	0	0	0	88	0	0	0	0	0	0	0	0	0	0	0	0	
766216	Cerebelum_Crus1_L	198	0	304	0	0	0	0	0	0	0	118	0	0	0	0	0	168	0	248	0	0	0	0	0	0	0	0	0	662	0	0	0	0	0	0	0	1388	240	2158	312	194	0	500	0	870	0	9216	6148	544	0	732	0	1632	298	29834	4136	286	0	0	0	0	0	0	0	0	0	650	0	148	0	0	0	386	0	0	0	0	0	410	0	576	0	0	0	2750	0	0	0	9514	0	0	11310	35202	5696	3622	2298	35576	8726	74856	15964	18004	2712	17528	5468	4826	876	332	0	2308	5390	17508	19246	13392	3278	2438	1932	
543116	Cerebelum_Crus1_R	0	0	0	412	0	0	0	192	0	0	0	0	0	0	0	0	0	0	0	370	0	0	0	0	0	0	0	0	0	144	0	0	0	170	0	0	0	2680	0	2834	0	0	0	90	0	0	924	13002	0	0	0	0	0	364	1562	26434	0	0	0	0	0	0	0	0	0	0	0	0	0	180	0	0	0	870	0	0	0	0	0	0	0	88	0	0	0	0	0	0	0	4744	11310	0	1490	32936	516	4644	6940	22106	13230	66138	518	2316	842	9946	348	298	0	234	180	3984	11080	18294	8658	328	162	0	
357996	Cerebelum_Crus2_L	0	0	0	0	0	0	0	0	0	0	0	0	0	0	0	0	0	0	0	0	0	0	0	0	0	0	0	0	0	0	0	0	0	0	0	0	0	224	0	320	0	0	0	0	0	0	0	390	0	0	0	0	0	0	120	772	0	0	0	0	0	0	0	0	0	0	0	0	0	0	0	0	0	0	0	0	0	0	0	0	0	0	0	0	0	0	0	0	1136	0	35202	1490	0	6728	896	1070	2860	2056	7720	2474	40724	3984	35358	6228	7020	1196	1168	0	472	1464	1084	2954	9102	2762	1548	476	
348668	Cerebelum_Crus2_R	0	0	0	0	0	0	0	0	0	0	0	0	0	0	0	0	0	0	0	0	0	0	0	0	0	0	0	0	0	0	0	0	0	0	0	0	0	776	0	904	0	0	0	0	0	0	0	1006	0	0	0	0	0	326	0	4422	0	0	0	0	0	0	0	0	0	0	0	0	0	0	0	0	0	108	0	0	0	0	0	0	0	0	0	0	0	0	0	0	0	1166	5696	32936	6728	0	238	2592	1282	5114	1900	15674	5720	22970	5140	31308	330	2824	0	1318	408	2332	1700	3560	11950	2526	1380	0	
107676	Cerebelum_3_L	0	0	0	0	0	0	0	0	0	0	0	0	0	0	0	0	0	0	0	0	0	0	0	0	0	0	0	0	0	0	0	0	0	0	0	0	496	0	676	0	268	0	0	0	0	0	478	130	0	0	0	0	0	0	86	0	0	0	0	0	0	0	0	0	0	0	0	0	0	0	0	0	0	0	0	0	0	0	0	0	0	0	0	0	0	0	0	0	0	0	3622	516	896	238	0	336	9818	564	6616	1612	628	0	2742	382	3338	754	0	0	2698	3782	3066	3980	2140	1306	1376	1294	
132768	Cerebelum_3_R	0	0	0	0	0	0	0	0	0	0	0	0	0	0	0	0	0	0	0	0	0	0	0	0	0	0	0	0	0	0	0	0	0	0	0	0	0	418	0	586	0	100	0	0	0	0	0	660	0	0	0	0	0	0	0	970	0	0	0	0	0	0	0	0	0	0	0	0	0	0	0	0	0	0	0	0	0	0	0	0	0	0	0	0	0	0	0	0	0	0	2298	4644	1070	2592	336	0	1194	10368	1210	9096	1120	950	1844	3612	720	2260	0	0	1058	7920	1570	1670	4026	2356	1736	0	
520068	Cerebelum_4_5_L	0	0	328	0	0	0	0	0	0	0	0	0	0	0	0	0	0	0	254	0	0	0	0	0	0	0	0	0	580	0	0	0	0	0	0	0	1976	0	3662	0	416	0	0	0	0	0	9046	4916	0	0	230	0	1888	0	17194	2294	0	0	0	0	0	0	0	0	0	0	0	0	0	0	0	0	488	0	0	0	0	0	0	0	220	0	0	0	0	0	0	0	800	0	35576	6940	2860	1282	9818	1194	0	9784	53648	11102	2948	236	7472	988	7712	806	466	0	3758	6710	25496	12408	6552	3108	2512	2366	
406136	Cerebelum_4_5_R	0	0	0	588	0	0	0	96	0	0	0	0	0	0	0	0	0	0	0	482	0	0	0	0	0	0	0	0	0	274	0	0	0	0	0	0	0	5138	0	7992	0	312	0	0	0	0	1538	8164	0	0	0	0	716	0	2394	16936	0	0	0	0	0	0	0	0	0	0	0	0	0	0	0	0	0	1550	0	0	0	0	0	0	0	150	0	0	0	0	0	0	0	310	8726	22106	2056	5114	564	10368	9784	0	9812	40100	2136	922	2512	6100	348	2290	0	614	238	6412	15720	3696	4436	1076	1122	176	
716564	Cerebelum_6_L	0	0	252	0	0	0	0	0	0	0	0	0	0	0	0	0	0	0	196	0	0	0	0	0	0	0	0	0	512	0	0	0	0	0	0	0	1724	0	3272	0	258	0	0	0	0	0	12728	9694	0	0	352	0	2472	430	32522	5476	0	0	0	0	0	0	0	0	0	0	0	0	0	0	0	0	366	0	0	0	0	0	0	0	368	0	0	0	120	0	0	0	2440	0	74856	13230	7720	1900	6616	1210	53648	9812	0	20480	5528	324	7990	1022	5732	572	1078	0	2730	5472	25134	26802	6864	2614	1874	1892	
647240	Cerebelum_6_R	0	0	0	682	0	0	0	256	0	0	0	0	0	0	0	0	0	0	0	428	0	0	0	0	0	0	0	0	0	242	0	0	0	0	0	0	0	5128	0	6882	0	250	0	184	0	0	1312	14872	0	0	0	0	0	796	1920	32008	0	0	0	0	0	0	0	0	0	0	0	88	0	0	0	0	0	1452	0	0	0	0	0	0	0	108	0	0	0	0	0	0	0	480	15964	66138	2474	15674	1612	9096	11102	40100	20480	0	1880	1234	2536	6656	494	1482	0	880	550	5728	15664	25354	9344	1162	716	212	
360336	Cerebelum_7b_L	0	0	0	0	0	0	0	0	0	0	0	0	0	0	0	0	0	0	0	0	0	0	0	0	0	0	0	0	0	0	0	0	0	0	0	0	0	264	0	410	0	0	0	0	0	0	0	86	0	0	0	0	0	0	140	654	0	0	0	0	0	0	0	0	0	0	0	0	0	0	0	0	0	0	0	0	0	0	0	0	0	0	0	0	0	0	0	0	612	0	18004	518	40724	5720	628	1120	2948	2136	5528	1880	0	3600	40842	8410	8202	3116	1626	152	1756	2458	1806	1668	10970	8272	4510	1408	
160272	Cerebelum_7b_R	0	0	0	0	0	0	0	0	0	0	0	0	0	0	0	0	0	0	0	0	0	0	0	0	0	0	0	0	0	0	0	0	0	0	0	0	0	0	0	100	0	0	0	0	0	0	0	298	0	0	0	0	0	0	0	562	0	0	0	0	0	0	0	0	0	0	0	0	0	0	0	0	0	0	0	0	0	0	0	0	0	0	0	0	0	0	0	0	0	0	2712	2316	3984	22970	0	950	236	922	324	1234	3600	0	2958	23476	228	2564	0	1000	162	730	240	718	4442	3236	174	0	
435316	Cerebelum_8_L	0	0	0	0	0	0	0	0	0	0	0	0	0	0	0	0	0	0	0	0	0	0	0	0	0	0	0	0	0	0	0	0	0	0	0	0	0	276	0	428	0	0	0	0	0	0	0	148	0	0	0	0	0	0	92	724	0	0	0	0	0	0	0	0	0	0	0	0	0	0	0	0	0	0	0	0	0	0	0	0	0	0	0	0	0	0	0	0	0	0	17528	842	35358	5140	2742	1844	7472	2512	7990	2536	40842	2958	0	8890	22062	4576	3434	168	2974	4262	3138	3986	13654	11710	6764	2608	
333052	Cerebelum_8_R	0	0	0	0	0	0	0	0	0	0	0	0	0	0	0	0	0	0	0	0	0	0	0	0	0	0	0	0	0	0	0	0	0	0	0	0	0	852	0	1220	0	158	0	0	0	0	0	248	0	0	0	0	0	0	0	2264	0	0	0	0	0	0	0	0	0	0	0	0	0	0	0	0	0	0	0	0	0	0	0	0	0	0	0	0	0	0	0	0	0	88	5468	9946	6228	31308	382	3612	988	6100	1022	6656	8410	23476	8890	0	1036	15754	0	3952	1014	3528	798	1352	10036	7570	3930	240	
188424	Cerebelum_9_L	0	0	0	0	0	0	0	0	0	0	0	0	0	0	0	0	0	0	0	0	0	0	0	0	0	0	0	0	0	0	0	0	0	0	0	0	314	0	362	0	118	0	0	0	0	0	106	0	0	0	0	0	0	0	120	0	0	0	0	0	0	0	0	0	0	0	0	0	0	0	0	0	124	0	0	0	0	0	0	0	0	0	0	0	0	0	0	0	0	0	4826	348	7020	330	3338	720	7712	348	5732	494	8202	228	22062	1036	0	3792	4518	0	1458	2006	1736	2846	3636	3936	4698	2046	
153220	Cerebelum_9_R	0	0	0	0	0	0	0	0	0	0	0	0	0	0	0	0	0	0	0	0	0	0	0	0	0	0	0	0	0	0	0	0	0	0	0	0	0	228	0	332	0	0	0	0	0	0	0	176	0	0	0	0	0	0	0	724	0	0	0	0	0	0	0	0	0	0	0	0	0	0	0	0	0	0	0	0	0	0	0	0	0	0	0	0	0	0	0	0	0	0	876	298	1196	2824	754	2260	806	2290	572	1482	3116	2564	4576	15754	3792	0	0	2128	2880	3234	702	740	4380	6634	8942	2350	
25244	Cerebelum_10_L	0	0	0	0	0	0	0	0	0	0	0	0	0	0	0	0	0	0	0	0	0	0	0	0	0	0	0	0	0	0	0	0	0	0	0	0	0	0	0	0	0	0	0	0	0	0	0	0	0	0	0	0	0	0	0	0	0	0	0	0	0	0	0	0	0	0	0	0	0	0	0	0	0	0	0	0	0	0	0	0	0	0	0	0	0	0	0	0	0	0	332	0	1168	0	0	0	466	0	1078	0	1626	0	3434	0	4518	0	0	0	0	0	0	0	0	0	0	0	
22480	Cerebelum_10_R	0	0	0	0	0	0	0	0	0	0	0	0	0	0	0	0	0	0	0	0	0	0	0	0	0	0	0	0	0	0	0	0	0	0	0	0	0	0	0	144	0	0	0	0	0	0	0	0	0	0	0	0	0	0	0	218	0	0	0	0	0	0	0	0	0	0	0	0	0	0	0	0	0	0	0	0	0	0	0	0	0	0	0	0	0	0	0	0	0	0	0	234	0	1318	0	0	0	614	0	880	152	1000	168	3952	0	2128	0	0	0	0	0	0	134	298	0	0	
109692	Vermis_1_2	0	0	0	0	0	0	0	0	0	0	0	0	0	0	0	0	0	0	0	0	0	0	0	0	0	0	0	0	0	0	0	0	0	0	0	0	0	132	0	212	0	96	0	0	0	0	0	0	0	0	0	0	0	0	0	0	0	0	0	0	0	0	0	0	0	0	0	0	0	0	0	0	0	0	0	0	0	0	0	0	0	0	0	0	0	0	0	0	0	0	2308	180	472	408	2698	1058	3758	238	2730	550	1756	162	2974	1014	1458	2880	0	0	0	9620	3250	2264	3570	3900	4462	2696	
