data	data	675080	423792	839112	763952	145608	84804	561072	256928	101300	42768	216400	199408	192976	211780	183200	119608	242676	138832	648144	717744	86124	79580	321988	357632	28432	128620	61200	60136	598272	419860	383280	454392	185540	621228	202776	215788	375968	391160	171664	246324	33348	52652	295936	421740	229532	362860	356692	234832	292004	346876	559368	249048	188196	140140	502456	450256	357460	262404	165016	116044	272544	223476	95940	207840	189516	236628	409796	470944	293620	290656	299324	317924	261388	310160	53960	21520	233444	224240	73480	36760	183648	120920	100708	62032	290784	202600	28752	15764	277472	193436	487612	325052	280544	280768	64584	78716	335736	218436	475904	341488	237400	163596	276472	273164	80364	120168	12456	6620	55440	57728	220308	205948	190624	102804	77056	28328	
data	data	Precentral_L	Precentral_R	Frontal_Sup_L	Frontal_Sup_R	Frontal_Sup_Orb_L	Frontal_Sup_Orb_R	Frontal_Mid_L	Frontal_Mid_R	Frontal_Mid_Orb_L	Frontal_Mid_Orb_R	Frontal_Inf_Oper_L	Frontal_Inf_Oper_R	Frontal_Inf_Tri_L	Frontal_Inf_Tri_R	Frontal_Inf_Orb_L	Frontal_Inf_Orb_R	Rolandic_Oper_L	Rolandic_Oper_R	Supp_Motor_Area_L	Supp_Motor_Area_R	Olfactory_L	Olfactory_R	Frontal_Sup_Medial_L	Frontal_Sup_Medial_R	Frontal_Med_Orb_L	Frontal_Med_Orb_R	Rectus_L	Rectus_R	Insula_L	Insula_R	Cingulum_Ant_L	Cingulum_Ant_R	Cingulum_Mid_L	Cingulum_Mid_R	Cingulum_Post_L	Cingulum_Post_R	Hippocampus_L	Hippocampus_R	ParaHippocampal_L	ParaHippocampal_R	Amygdala_L	Amygdala_R	Calcarine_L	Calcarine_R	Cuneus_L	Cuneus_R	Lingual_L	Lingual_R	Occipital_Sup_L	Occipital_Sup_R	Occipital_Mid_L	Occipital_Mid_R	Occipital_Inf_L	Occipital_Inf_R	Fusiform_L	Fusiform_R	Postcentral_L	Postcentral_R	Parietal_Sup_L	Parietal_Sup_R	Parietal_Inf_L	Parietal_Inf_R	SupraMarginal_L	SupraMarginal_R	Angular_L	Angular_R	Precuneus_L	Precuneus_R	Paracentral_Lobule_L	Paracentral_Lobule_R	Caudate_L	Caudate_R	Putamen_L	Putamen_R	Pallidum_L	Pallidum_R	Thalamus_L	Thalamus_R	Heschl_L	Heschl_R	Temporal_Sup_L	Temporal_Sup_R	Temporal_Pole_Sup_L	Temporal_Pole_Sup_R	Temporal_Mid_L	Temporal_Mid_R	Temporal_Pole_Mid_L	Temporal_Pole_Mid_R	Temporal_Inf_L	Temporal_Inf_R	Cerebelum_Crus1_L	Cerebelum_Crus1_R	Cerebelum_Crus2_L	Cerebelum_Crus2_R	Cerebelum_3_L	Cerebelum_3_R	Cerebelum_4_5_L	Cerebelum_4_5_R	Cerebelum_6_L	Cerebelum_6_R	Cerebelum_7b_L	Cerebelum_7b_R	Cerebelum_8_L	Cerebelum_8_R	Cerebelum_9_L	Cerebelum_9_R	Cerebelum_10_L	Cerebelum_10_R	Vermis_1_2	Vermis_3	Vermis_4_5	Vermis_6	Vermis_7	Vermis_8	Vermis_9	Vermis_10	
675080	Precentral_L	0	17096	39054	6096	0	0	36362	2118	0	0	11908	284	596	272	0	0	11086	0	24550	9430	0	0	274	0	0	0	0	0	12854	384	3778	1628	896	4842	6532	3408	4694	2900	724	638	0	0	1580	100	564	100	944	0	904	94	5412	0	664	0	1800	272	46440	666	262	0	4554	98	2216	252	700	0	2486	258	17942	4356	3058	1844	8238	418	4616	92	11792	3696	3282	0	2094	0	160	0	2176	0	0	0	744	92	0	0	0	0	0	0	170	0	0	0	0	0	0	0	0	0	0	0	0	0	0	0	0	0	0	0	
423792	Precentral_R	17096	0	5960	19910	0	0	4492	8612	0	0	272	3914	0	0	0	0	226	2004	5824	10854	0	0	188	0	0	0	0	0	2288	4142	1062	114	720	6604	2010	1544	558	6206	0	1334	0	98	98	4024	382	1318	0	272	0	380	210	822	0	1152	286	2380	7278	16274	0	90	404	370	0	900	0	408	358	2674	9468	11100	4232	7456	1494	2214	240	268	4870	17040	0	422	100	1080	0	0	124	2330	0	0	164	3182	0	0	0	0	0	0	0	0	0	0	0	0	0	0	0	0	0	0	0	0	0	0	0	0	0	0	
839112	Frontal_Sup_L	39054	5960	0	7430	6982	0	76620	2236	3612	0	9638	750	9556	1018	7914	82	8794	148	66132	11166	170	0	36156	3782	726	562	556	0	25084	1114	18260	4952	4656	3508	770	1746	2740	1622	398	276	0	0	174	0	82	0	186	0	104	0	658	0	0	0	608	0	5172	134	0	0	618	0	704	0	88	0	222	0	2522	416	7470	2828	11712	1682	4120	212	8136	2420	1282	0	924	0	2370	0	290	0	0	0	252	0	0	0	0	0	0	0	0	0	0	0	0	0	0	0	0	0	0	0	0	0	0	0	0	0	0	0	
763952	Frontal_Sup_R	6096	19910	7430	0	212	5080	2562	32996	0	1760	728	12428	84	9120	0	3542	454	8522	11828	48398	120	228	12258	40486	0	8970	0	1094	4578	17556	9372	32480	4234	26160	136	184	270	3318	0	920	0	0	0	486	0	92	0	0	0	0	110	0	0	152	128	544	1700	2580	0	0	0	0	0	0	0	0	0	402	2162	178	4802	13486	972	11272	0	2406	614	3806	0	136	0	262	0	888	84	542	0	0	0	658	0	0	0	0	0	0	0	0	0	0	0	0	0	0	0	0	0	0	0	0	0	0	0	0	0	0	
145608	Frontal_Sup_Orb_L	0	0	6982	212	0	92	384	158	11738	0	0	0	176	0	13366	0	0	0	0	98	3886	800	5290	118	3348	0	8112	334	4710	0	4920	388	0	0	0	0	0	0	0	0	0	0	0	0	0	0	0	0	0	0	0	0	0	0	0	0	0	0	0	0	0	0	0	0	0	0	0	0	0	0	2122	350	4528	274	0	0	0	0	0	0	0	0	418	0	0	0	0	0	0	0	0	0	0	0	0	0	0	0	0	0	0	0	0	0	0	0	0	0	0	0	0	0	0	0	0	0	
84804	Frontal_Sup_Orb_R	0	0	0	5080	92	0	0	800	0	3598	0	634	0	656	0	1444	0	0	0	168	392	1282	0	3720	90	8052	244	6816	0	1548	362	2092	0	0	0	0	0	96	0	0	0	0	0	0	0	0	0	0	0	0	0	0	0	0	0	0	0	0	0	0	0	0	0	0	0	0	0	0	0	0	556	2936	174	1570	0	0	0	0	0	0	0	0	0	0	0	0	0	0	0	0	0	0	0	0	0	0	0	0	0	0	0	0	0	0	0	0	0	0	0	0	0	0	0	0	0	0	
561072	Frontal_Mid_L	36362	4492	76620	2562	384	0	0	504	5496	0	9912	184	32276	210	10504	0	3734	0	20436	2572	0	0	12092	152	0	0	0	0	14154	142	8374	2724	2008	524	752	1770	2048	1586	210	270	0	0	104	0	0	0	104	0	0	0	296	0	0	0	160	0	4440	0	0	0	602	0	526	0	0	0	126	0	2366	398	910	714	3806	0	1070	0	6692	2410	770	0	352	0	1518	0	118	0	0	0	0	0	0	0	0	0	0	0	0	0	0	0	0	0	0	0	0	0	0	0	0	0	0	0	0	0	0	0	
256928	Frontal_Mid_R	2118	8612	2236	32996	158	800	504	0	0	2776	354	5188	0	13922	0	4622	264	584	3786	9912	0	0	1376	6408	0	698	0	0	2592	6160	1670	3022	334	8676	0	0	0	422	0	156	0	0	0	0	0	0	0	0	0	0	0	0	0	0	0	92	1368	360	0	0	0	0	0	0	0	0	0	0	0	0	2894	378	912	1350	86	318	0	360	0	0	0	0	0	0	0	0	0	0	0	0	0	0	0	0	0	0	0	0	0	0	0	0	0	0	0	0	0	0	0	0	0	0	0	0	0	0	
101300	Frontal_Mid_Orb_L	0	0	3612	0	11738	0	5496	0	0	0	0	0	2946	0	16318	0	0	0	0	0	850	396	332	0	310	0	2782	168	2000	0	578	156	0	0	0	0	0	0	0	0	0	0	0	0	0	0	0	0	0	0	0	0	0	0	0	0	0	0	0	0	0	0	0	0	0	0	0	0	0	0	642	158	1918	126	0	0	0	0	0	0	0	0	124	0	0	0	0	0	0	0	0	0	0	0	0	0	0	0	0	0	0	0	0	0	0	0	0	0	0	0	0	0	0	0	0	0	
42768	Frontal_Mid_Orb_R	0	0	0	1760	0	3598	0	2776	0	0	0	372	0	658	0	6758	0	0	0	0	0	82	0	680	0	382	0	150	0	2086	0	190	0	0	0	0	0	0	0	0	0	0	0	0	0	0	0	0	0	0	0	0	0	0	0	0	0	0	0	0	0	0	0	0	0	0	0	0	0	0	0	378	0	1514	0	0	0	0	0	0	0	0	0	0	0	0	0	0	0	0	0	0	0	0	0	0	0	0	0	0	0	0	0	0	0	0	0	0	0	0	0	0	0	0	0	0	
216400	Frontal_Inf_Oper_L	11908	272	9638	728	0	0	9912	354	0	0	0	138	8914	104	442	0	15822	0	5636	1474	0	0	394	0	0	0	0	0	17628	104	4376	1852	0	134	0	186	680	182	178	0	0	0	0	0	0	0	0	0	0	0	0	0	0	0	460	0	3046	0	0	0	0	0	0	0	0	0	0	0	0	0	1738	282	3684	86	172	0	256	152	368	0	1008	0	5742	0	150	0	0	0	0	0	0	0	0	0	0	0	0	0	0	0	0	0	0	0	0	0	0	0	0	0	0	0	0	0	0	0	
199408	Frontal_Inf_Oper_R	284	3914	750	12428	0	634	184	5188	0	372	138	0	0	10718	0	852	0	5382	2466	10738	0	0	162	2110	0	1070	0	0	796	14594	1432	5022	0	5270	0	0	0	296	0	110	0	0	0	0	0	0	0	0	0	0	0	0	0	0	0	0	106	2762	0	0	0	0	0	0	0	0	0	0	0	0	3324	2480	568	3890	0	132	0	228	0	134	0	108	0	1062	0	0	0	0	0	0	0	0	0	0	0	0	0	0	0	0	0	0	0	0	0	0	0	0	0	0	0	0	0	0	0	0	
192976	Frontal_Inf_Tri_L	596	0	9556	84	176	0	32276	0	2946	0	8914	0	0	0	13504	0	1362	0	1636	0	0	0	1064	0	0	0	0	0	17608	0	2384	606	1100	0	0	0	0	0	0	0	0	0	0	0	0	0	0	0	0	0	0	0	0	0	0	0	0	0	0	0	0	0	0	0	0	0	0	0	0	0	424	0	952	0	0	0	0	0	0	0	0	0	1300	0	0	0	0	0	0	0	0	0	0	0	0	0	0	0	0	0	0	0	0	0	0	0	0	0	0	0	0	0	0	0	0	0	
211780	Frontal_Inf_Tri_R	272	0	1018	9120	0	656	210	13922	0	658	104	10718	0	0	0	8912	0	696	3734	5592	0	0	266	2832	0	962	0	0	416	22398	692	7712	448	5662	0	0	0	0	0	0	0	0	0	0	0	0	0	0	0	0	0	0	0	0	0	0	116	0	0	0	0	0	0	0	0	0	0	0	0	0	2744	3784	522	1724	0	0	0	0	0	0	0	0	0	0	0	0	0	0	0	0	0	0	0	0	0	0	0	0	0	0	0	0	0	0	0	0	0	0	0	0	0	0	0	0	0	0	
183200	Frontal_Inf_Orb_L	0	0	7914	0	13366	0	10504	0	16318	0	442	0	13504	0	0	0	124	0	588	0	3004	350	696	0	78	0	2634	122	15006	0	522	122	0	0	0	0	184	0	0	0	104	0	0	0	0	0	0	0	0	0	0	0	0	0	0	0	0	0	0	0	0	0	0	0	0	0	0	0	0	0	802	170	3806	134	0	0	0	0	0	0	0	0	1106	0	0	0	0	0	0	0	0	0	0	0	0	0	0	0	0	0	0	0	0	0	0	0	0	0	0	0	0	0	0	0	0	0	
119608	Frontal_Inf_Orb_R	0	0	82	3542	0	1444	0	4622	0	6758	0	852	0	8912	0	0	0	0	364	644	0	1520	134	1042	0	430	0	1066	0	15578	122	866	132	852	0	0	0	94	0	172	0	110	0	0	0	0	0	0	0	0	0	0	0	0	0	80	0	0	0	0	0	0	0	0	0	0	0	0	0	0	0	1234	0	4790	0	0	0	0	0	0	0	1662	0	2072	0	628	0	0	0	0	0	0	0	0	0	0	0	0	0	0	0	0	0	0	0	0	0	0	0	0	0	0	0	0	0	0	
242676	Rolandic_Oper_L	11086	226	8794	454	0	0	3734	264	0	0	15822	0	1362	0	124	0	0	0	6488	708	0	0	140	0	0	0	0	0	20446	0	708	100	0	0	206	312	1250	304	494	0	0	0	464	0	0	0	346	0	0	0	3044	0	840	0	1580	0	9164	0	0	0	178	0	4004	0	196	0	332	0	0	0	708	132	994	0	106	0	332	288	4232	0	9812	0	5684	0	4042	0	0	0	1716	0	0	0	0	0	0	0	122	0	0	0	0	0	0	0	0	0	0	0	0	0	0	0	0	0	0	0	
138832	Rolandic_Oper_R	0	2004	148	8522	0	0	0	584	0	0	0	5382	0	696	0	0	0	0	214	8886	0	0	0	234	0	0	0	0	208	17552	182	216	0	1366	0	0	0	1010	0	240	0	0	0	336	0	118	0	0	0	124	0	194	0	78	0	408	0	5418	0	0	0	0	0	2228	0	0	0	134	0	176	312	400	0	4082	0	182	0	726	0	2300	0	2614	0	1206	0	424	0	0	0	512	0	0	0	0	0	0	0	0	0	0	0	0	0	0	0	0	0	0	0	0	0	0	0	0	0	0	
648144	Supp_Motor_Area_L	24550	5824	66132	11828	0	0	20436	3786	0	0	5636	2466	1636	3734	588	364	6488	214	0	37086	0	0	4940	5040	0	92	0	0	12396	1758	6190	8024	8020	24618	286	370	2320	458	258	0	0	0	114	0	0	0	116	0	82	0	526	0	0	0	534	0	3258	138	0	0	316	0	240	0	78	0	182	0	17744	1500	6258	1234	7778	582	4428	0	9874	600	718	0	568	0	1182	0	236	0	0	0	248	0	0	0	0	0	0	0	0	0	0	0	0	0	0	0	0	0	0	0	0	0	0	0	0	0	0	0	
717744	Supp_Motor_Area_R	9430	10854	11166	48398	98	168	2572	9912	0	0	1474	10738	0	5592	0	644	708	8886	37086	0	0	0	2374	8824	0	596	0	0	5682	10642	3586	11490	4934	62164	1518	1100	240	2300	0	528	0	0	130	1568	864	460	0	116	100	428	148	302	0	632	192	1350	1432	2748	0	126	0	482	0	752	0	144	740	1822	17346	23972	3780	10162	1390	6468	0	1260	2310	1702	0	252	0	250	156	918	0	176	0	0	0	490	0	0	0	0	0	0	0	0	0	0	0	0	0	0	0	0	0	0	0	0	0	0	0	0	0	0	
86124	Olfactory_L	0	0	170	120	3886	392	0	0	850	0	0	0	0	0	3004	0	0	0	0	0	0	4850	176	146	276	100	2646	1224	4220	0	2392	1836	0	0	0	0	848	0	548	0	1026	0	0	0	0	0	0	0	0	0	0	0	0	0	314	0	0	0	0	0	0	0	0	0	0	0	0	0	0	0	6490	3288	2230	1300	0	0	0	0	0	0	0	0	730	0	0	0	0	0	0	0	0	0	0	0	0	0	0	0	0	0	0	0	0	0	0	0	0	0	0	0	0	0	0	0	0	0	
79580	Olfactory_R	0	0	0	228	800	1282	0	0	396	82	0	0	0	0	350	1520	0	0	0	0	4850	0	0	278	0	694	1216	3496	80	2380	1796	2622	0	0	0	0	0	146	0	274	0	604	0	0	0	0	0	0	0	0	0	0	0	0	0	164	0	0	0	0	0	0	0	0	0	0	0	0	0	0	6250	5594	2060	2296	0	0	0	0	0	0	0	0	0	332	0	0	0	0	0	0	0	0	0	0	0	0	0	0	0	0	0	0	0	0	0	0	0	0	0	0	0	0	0	0	0	0	
321988	Frontal_Sup_Medial_L	274	188	36156	12258	5290	0	12092	1376	332	0	394	162	1064	266	696	134	140	0	4940	2374	176	0	0	19202	2174	1648	826	0	3458	436	22966	12668	6476	6598	0	0	0	0	0	0	0	0	0	0	0	0	0	0	0	0	0	0	0	0	0	0	0	0	0	0	0	0	0	0	0	0	0	0	0	0	1444	1350	2574	768	0	0	0	0	0	0	0	0	94	0	0	0	0	0	0	0	0	0	0	0	0	0	0	0	0	0	0	0	0	0	0	0	0	0	0	0	0	0	0	0	0	0	
357632	Frontal_Sup_Medial_R	0	0	3782	40486	118	3720	152	6408	0	680	0	2110	0	2832	0	1042	0	234	5040	8824	146	278	19202	0	308	11230	92	1294	132	4868	9138	28848	2060	12686	0	0	0	530	0	360	0	0	0	0	0	0	0	0	0	0	0	0	0	0	0	130	0	0	0	0	0	0	0	0	0	0	0	0	0	0	1072	6670	194	4058	0	0	0	92	0	0	0	0	0	0	0	0	0	0	0	0	0	0	0	0	0	0	0	0	0	0	0	0	0	0	0	0	0	0	0	0	0	0	0	0	0	0	
28432	Frontal_Med_Orb_L	0	0	726	0	3348	90	0	0	310	0	0	0	0	0	78	0	0	0	0	0	276	0	2174	308	0	590	2598	0	0	0	3208	246	0	0	0	0	0	0	0	0	0	0	0	0	0	0	0	0	0	0	0	0	0	0	0	0	0	0	0	0	0	0	0	0	0	0	0	0	0	0	264	0	0	0	0	0	0	0	0	0	0	0	0	0	0	0	0	0	0	0	0	0	0	0	0	0	0	0	0	0	0	0	0	0	0	0	0	0	0	0	0	0	0	0	0	0	
128620	Frontal_Med_Orb_R	0	0	562	8970	0	8052	0	698	0	382	0	1070	0	962	0	430	0	0	92	596	100	694	1648	11230	590	0	286	5758	0	1892	3116	9796	0	120	0	0	0	244	0	138	0	0	0	0	0	0	0	0	0	0	0	0	0	0	0	0	0	0	0	0	0	0	0	0	0	0	0	0	0	0	348	5198	96	1242	0	0	0	0	0	0	0	0	0	0	0	0	0	0	0	0	0	0	0	0	0	0	0	0	0	0	0	0	0	0	0	0	0	0	0	0	0	0	0	0	0	0	
61200	Rectus_L	0	0	556	0	8112	244	0	0	2782	0	0	0	0	0	2634	0	0	0	0	0	2646	1216	826	92	2598	286	0	796	542	0	2682	498	0	0	0	0	0	0	0	0	0	0	0	0	0	0	0	0	0	0	0	0	0	0	0	0	0	0	0	0	0	0	0	0	0	0	0	0	0	0	2086	538	1062	404	0	0	0	0	0	0	0	0	0	0	0	0	0	0	0	0	0	0	0	0	0	0	0	0	0	0	0	0	0	0	0	0	0	0	0	0	0	0	0	0	0	0	
60136	Rectus_R	0	0	0	1094	334	6816	0	0	168	150	0	0	0	0	122	1066	0	0	0	0	1224	3496	0	1294	0	5758	796	0	0	814	386	1440	0	0	0	0	0	0	0	0	0	0	0	0	0	0	0	0	0	0	0	0	0	0	0	0	0	0	0	0	0	0	0	0	0	0	0	0	0	0	1178	2128	384	1420	0	0	0	0	0	0	0	0	0	0	0	0	0	0	0	0	0	0	0	0	0	0	0	0	0	0	0	0	0	0	0	0	0	0	0	0	0	0	0	0	0	0	
598272	Insula_L	12854	2288	25084	4578	4710	0	14154	2592	2000	0	17628	796	17608	416	15006	0	20446	208	12396	5682	4220	80	3458	132	0	0	542	0	0	704	10480	918	1376	568	1170	1910	14042	1908	4434	448	2230	0	340	0	0	0	354	0	0	0	2384	0	772	0	9464	78	4140	128	0	0	216	0	1758	0	152	0	360	0	0	0	13496	1720	15358	1252	86	288	3422	1848	6988	0	9300	0	5728	0	5284	0	224	0	5806	0	0	0	0	0	0	0	590	0	534	0	0	0	0	0	0	0	0	0	0	0	0	0	0	0	0	0	
419860	Insula_R	384	4142	1114	17556	0	1548	142	6160	0	2086	104	14594	0	22398	0	15578	0	17552	1758	10642	0	2380	436	4868	0	1892	0	814	704	0	962	9422	304	3468	0	130	140	7476	0	3182	0	706	0	226	0	118	0	212	0	128	0	82	0	154	0	3596	204	2796	0	0	0	0	0	510	0	0	0	258	0	166	1716	5310	296	21132	0	0	130	2716	0	3390	0	5468	0	2310	0	3810	0	0	0	2474	0	0	0	0	0	0	0	86	0	0	0	0	0	0	0	0	0	0	0	0	0	0	0	0	0	0	
383280	Cingulum_Ant_L	3778	1062	18260	9372	4920	362	8374	1670	578	0	4376	1432	2384	692	522	122	708	182	6190	3586	2392	1796	22966	9138	3208	3116	2682	386	10480	962	0	22950	7036	5880	164	0	118	0	0	0	0	0	0	0	0	0	0	0	0	0	0	0	0	0	80	0	82	96	0	0	0	0	0	0	0	0	0	0	118	0	14578	5274	6524	2108	0	202	0	160	0	0	84	0	490	0	0	0	0	0	0	0	0	0	0	0	0	0	0	0	0	0	0	0	0	0	0	0	0	0	0	0	0	0	0	0	0	0	
454392	Cingulum_Ant_R	1628	114	4952	32480	388	2092	2724	3022	156	190	1852	5022	606	7712	122	866	100	216	8024	11490	1836	2622	12668	28848	246	9796	498	1440	918	9422	22950	0	5178	17810	148	0	0	590	0	396	0	0	0	0	0	0	0	0	0	0	0	0	0	0	0	152	0	0	0	0	0	0	0	0	0	0	0	0	190	0	5128	14352	1818	6148	0	0	120	166	0	0	0	0	0	0	0	0	0	0	0	0	0	0	0	0	0	0	0	0	0	0	0	0	0	0	0	0	0	0	0	0	0	0	0	0	0	0	
185540	Cingulum_Mid_L	896	720	4656	4234	0	0	2008	334	0	0	0	0	1100	448	0	132	0	0	8020	4934	0	0	6476	2060	0	0	0	0	1376	304	7036	5178	0	17632	4232	468	0	0	0	0	0	0	0	0	1590	344	0	0	1620	114	780	0	186	0	114	0	292	80	274	0	226	0	0	0	120	0	5440	1294	6612	1312	128	0	0	0	0	0	0	0	0	0	0	0	0	0	0	0	0	0	0	0	0	0	0	0	0	0	0	0	0	0	0	0	0	0	0	0	0	0	0	0	0	0	0	0	0	0	
621228	Cingulum_Mid_R	4842	6604	3508	26160	0	0	524	8676	0	0	134	5270	0	5662	0	852	0	1366	24618	62164	0	0	6598	12686	0	120	0	0	568	3468	5880	17810	17632	0	2690	5904	0	744	0	302	0	0	132	2148	882	2828	0	974	460	668	252	526	0	550	0	1422	386	8328	0	138	0	372	0	592	0	132	2322	12424	13508	31000	1410	452	154	164	0	0	2162	312	0	80	0	114	0	110	0	190	0	0	0	550	0	0	0	0	0	0	0	0	0	0	0	0	0	0	0	0	0	0	0	0	90	0	0	0	0	0	
202776	Cingulum_Post_L	6532	2010	770	136	0	0	752	0	0	0	0	0	0	0	0	0	206	0	286	1518	0	0	0	0	0	0	0	0	1170	0	164	148	4232	2690	0	11906	9134	5626	2566	2092	0	0	4916	0	2186	114	3702	128	1156	0	1508	0	424	0	1306	368	3798	142	142	0	178	0	0	0	0	0	9612	2614	6122	1868	0	0	172	0	0	0	2682	4026	520	0	190	0	0	0	782	0	0	0	460	0	0	0	0	0	0	0	334	0	0	0	0	0	0	0	0	0	0	0	0	0	0	0	0	0	0	0	
215788	Cingulum_Post_R	3408	1544	1746	184	0	0	1770	0	0	0	186	0	0	0	0	0	312	0	370	1100	0	0	0	0	0	0	0	0	1910	130	0	0	468	5904	11906	0	6324	12794	1912	4168	0	0	96	2486	184	914	1932	3336	118	0	0	0	0	92	314	3568	534	2598	0	0	0	0	0	0	0	0	3312	11502	614	3650	0	0	268	0	0	0	6786	7154	620	0	238	0	0	0	224	0	0	0	454	350	0	0	0	0	0	0	0	130	0	0	0	0	0	0	0	0	0	0	0	0	284	0	0	0	0	0	
375968	Hippocampus_L	4694	558	2740	270	0	0	2048	0	0	0	680	0	0	0	184	0	1250	0	2320	240	848	0	0	0	0	0	0	0	14042	140	118	0	0	0	9134	6324	0	5768	17626	1678	5896	0	8250	0	1976	0	9744	84	318	0	3330	0	1862	0	23752	250	1902	0	0	0	148	0	192	0	0	0	9506	746	1556	0	1252	244	6948	146	812	0	6002	4114	2576	0	3746	0	1308	0	4522	0	364	0	12200	0	156	0	0	0	0	0	2464	0	956	0	0	0	0	0	0	0	0	0	0	0	0	0	0	0	0	0	
391160	Hippocampus_R	2900	6206	1622	3318	0	96	1586	422	0	0	182	296	0	0	0	94	304	1010	458	2300	0	146	0	530	0	244	0	0	1908	7476	0	590	0	744	5626	12794	5768	0	1526	34610	0	7272	0	1240	0	0	1544	3970	0	102	0	240	0	0	292	30486	586	494	0	0	0	0	0	0	0	0	274	4822	524	984	214	410	316	16544	0	276	6152	13070	614	1608	226	2384	0	962	210	1570	0	118	450	2578	0	0	0	0	0	0	0	1610	0	342	0	0	0	0	0	0	0	0	0	0	340	0	0	0	0	0	
171664	ParaHippocampal_L	724	0	398	0	0	0	210	0	0	0	178	0	0	0	0	0	494	0	258	0	548	0	0	0	0	0	0	0	4434	0	0	0	0	0	2566	1912	17626	1526	0	516	1838	0	3114	0	1396	0	9594	154	0	0	1396	0	996	0	14136	0	868	0	0	0	0	0	246	0	0	0	3630	368	154	0	216	0	2042	0	0	0	1106	830	150	0	1096	0	1178	0	1360	0	574	0	3270	0	218	0	112	0	0	0	3168	0	1232	0	0	0	0	0	0	0	0	0	0	0	0	0	0	0	0	0	
246324	ParaHippocampal_R	638	1334	276	920	0	0	270	156	0	0	0	110	0	0	0	172	0	240	0	528	0	274	0	360	0	138	0	0	448	3182	0	396	0	302	2092	4168	1678	34610	516	0	0	7514	0	560	0	0	530	4194	0	0	0	106	0	0	124	27738	270	98	0	0	0	0	0	0	0	0	108	2700	98	426	0	292	100	9286	0	270	664	2594	292	948	94	1552	0	1938	92	1082	0	786	200	1314	0	124	0	0	0	92	0	2672	0	998	0	0	0	0	0	0	0	0	0	0	498	0	0	0	0	0	
33348	Amygdala_L	0	0	0	0	0	0	0	0	0	0	0	0	0	0	104	0	0	0	0	0	1026	0	0	0	0	0	0	0	2230	0	0	0	0	0	0	0	5896	0	1838	0	0	0	0	0	0	0	0	0	0	0	0	0	0	0	3258	0	0	0	0	0	0	0	0	0	0	0	0	0	0	0	0	0	230	0	0	0	0	0	0	0	0	0	1090	0	0	0	302	0	700	0	0	0	0	0	0	0	0	0	0	0	0	0	0	0	0	0	0	0	0	0	0	0	0	0	0	0	
52652	Amygdala_R	0	98	0	0	0	0	0	0	0	0	0	0	0	0	0	110	0	0	0	0	0	604	0	0	0	0	0	0	0	706	0	0	0	0	0	0	0	7272	0	7514	0	0	0	0	0	0	0	0	0	0	0	0	0	0	0	6258	0	0	0	0	0	0	0	0	0	0	0	0	0	0	0	92	0	1046	0	0	0	156	0	0	0	0	0	1948	0	0	0	244	0	192	0	0	0	0	0	0	0	86	0	0	0	0	0	0	0	0	0	0	0	0	0	0	0	0	0	0	
295936	Calcarine_L	1580	98	174	0	0	0	104	0	0	0	0	0	0	0	0	0	464	0	114	130	0	0	0	0	0	0	0	0	340	0	0	0	0	132	4916	96	8250	0	3114	0	0	0	0	8360	15080	6234	18398	2924	8842	2420	21086	656	6452	0	6222	468	2840	0	494	0	524	0	0	0	130	0	18044	816	536	134	0	0	0	0	0	0	0	0	88	0	292	0	0	0	3616	0	0	0	1220	0	200	0	0	0	0	0	1710	0	370	0	0	0	0	0	0	0	0	0	0	0	300	0	0	0	0	0	
421740	Calcarine_R	100	4024	0	486	0	0	0	0	0	0	0	0	0	0	0	0	0	336	0	1568	0	0	0	0	0	0	0	0	0	226	0	0	0	2148	0	2486	0	1240	0	560	0	0	8360	0	3976	26470	3434	21412	180	23972	0	12192	0	19130	0	13696	94	9830	0	858	0	3226	0	3922	0	2206	1580	26580	0	4816	0	0	0	0	0	0	0	0	0	86	0	358	0	0	0	1866	0	0	0	8052	80	0	0	0	0	0	0	0	132	696	0	0	0	0	0	0	0	0	0	0	198	294	0	0	0	0	
229532	Cuneus_L	564	382	82	0	0	0	0	0	0	0	0	0	0	0	0	0	0	0	0	864	0	0	0	0	0	0	0	0	0	0	0	0	1590	882	2186	184	1976	0	1396	0	0	0	15080	3976	0	7340	4538	186	26186	2134	14338	402	1686	276	1890	0	1606	0	2098	0	316	0	0	0	150	0	15342	2412	1800	906	0	0	0	0	0	0	0	0	0	0	0	0	0	0	860	0	0	0	330	146	0	0	0	0	0	0	662	0	0	0	0	0	0	0	0	0	0	0	0	0	0	0	0	0	0	0	
362860	Cuneus_R	100	1318	0	92	0	0	0	0	0	0	0	0	0	0	0	0	0	118	0	460	0	0	0	0	0	0	0	0	0	118	0	0	344	2828	114	914	0	0	0	0	0	0	6234	26470	7340	0	1332	3952	1076	40298	0	13178	0	1476	0	1542	96	3984	132	3580	0	7468	0	4954	0	6396	5806	32536	0	2764	0	0	0	0	0	0	0	0	0	132	0	1520	0	0	0	1352	0	0	0	1268	0	0	0	0	0	0	0	0	0	138	0	0	0	0	0	0	0	0	0	0	0	0	0	0	0	0	
356692	Lingual_L	944	0	186	0	0	0	104	0	0	0	0	0	0	0	0	0	346	0	116	0	0	0	0	0	0	0	0	0	354	0	0	0	0	0	3702	1932	9744	1544	9594	530	0	0	18398	3434	4538	1332	0	3580	3680	1504	19584	368	15348	0	22046	600	1246	0	308	0	112	0	114	0	0	0	8598	440	244	0	0	0	0	0	0	0	982	818	0	0	314	0	0	0	1406	0	0	0	916	0	6926	390	590	0	234	0	12212	372	13026	584	506	0	492	0	118	0	0	0	0	0	3074	708	0	0	0	108	
234832	Lingual_R	0	272	0	0	0	0	0	0	0	0	0	0	0	0	0	0	0	0	0	116	0	0	0	0	0	0	0	0	0	212	0	0	0	974	128	3336	84	3970	154	4194	0	0	2924	21412	186	3952	3580	0	0	7590	0	3374	0	3888	328	19030	0	1000	0	0	0	0	0	0	0	0	226	8742	0	1002	0	0	0	0	0	0	0	214	0	114	0	98	0	0	0	96	0	0	0	1042	1056	2754	0	254	504	412	1370	3900	2232	6312	0	0	0	368	0	100	0	0	0	286	3090	2540	0	0	0	0	
292004	Occipital_Sup_L	904	0	104	0	0	0	0	0	0	0	0	0	0	0	0	0	0	0	82	100	0	0	0	0	0	0	0	0	0	0	0	0	1620	460	1156	118	318	0	0	0	0	0	8842	180	26186	1076	3680	0	0	0	38972	0	3594	0	1546	0	4612	0	15316	142	7138	0	0	0	1972	0	23568	2370	1584	112	0	0	0	0	0	0	0	0	0	0	0	0	0	0	250	0	0	0	0	0	0	0	0	0	0	0	0	0	0	0	0	0	0	0	0	0	0	0	0	0	0	0	0	0	0	0	
346876	Occipital_Sup_R	94	380	0	0	0	0	0	0	0	0	0	0	0	0	0	0	0	124	0	428	0	0	0	0	0	0	0	0	0	128	0	0	114	668	0	0	0	102	0	0	0	0	2420	23972	2134	40298	1504	7590	0	0	0	28764	0	2644	0	4092	92	1624	0	6634	0	9732	0	5292	0	13362	1198	13548	0	1324	0	0	0	0	0	0	0	0	0	152	0	1350	0	0	0	2184	0	0	0	1048	0	0	0	0	0	0	0	0	0	362	0	0	0	0	0	0	0	0	0	0	0	80	0	0	0	0	
559368	Occipital_Mid_L	5412	210	658	110	0	0	296	0	0	0	0	0	0	0	0	0	3044	0	526	148	0	0	0	0	0	0	0	0	2384	0	0	0	780	252	1508	0	3330	0	1396	0	0	0	21086	0	14338	0	19584	0	38972	0	0	0	24028	0	10774	0	10130	0	19126	0	27048	0	680	0	23070	0	22426	118	2402	134	0	0	0	0	0	0	0	0	248	0	2466	0	0	0	19454	0	0	0	2858	0	0	0	0	0	0	0	562	0	126	0	0	0	0	0	0	0	0	0	0	0	0	0	0	0	0	0	
249048	Occipital_Mid_R	0	822	0	0	0	0	0	0	0	0	0	0	0	0	0	0	0	194	0	302	0	0	0	0	0	0	0	0	0	82	0	0	0	526	0	0	0	240	0	106	0	0	656	12192	402	13178	368	3374	0	28764	0	0	0	4428	0	4176	0	1524	0	4162	0	7608	0	3078	0	22192	88	2796	0	782	0	0	0	0	0	0	0	0	0	0	0	674	0	0	0	10110	0	0	0	1700	0	0	0	0	0	0	0	0	0	0	0	0	0	0	0	0	0	0	0	0	0	0	0	0	0	0	
188196	Occipital_Inf_L	664	0	0	0	0	0	0	0	0	0	0	0	0	0	0	0	840	0	0	0	0	0	0	0	0	0	0	0	772	0	0	0	186	0	424	0	1862	0	996	0	0	0	6452	0	1686	0	15348	0	3594	0	24028	0	0	0	18940	0	480	0	268	0	220	0	108	0	164	0	4952	0	0	0	0	0	0	0	0	0	0	0	102	0	600	0	0	0	3446	0	0	0	3816	0	1306	0	0	0	0	0	1080	0	1512	0	0	0	0	0	0	0	0	0	0	0	252	0	0	0	0	0	
140140	Occipital_Inf_R	0	1152	0	152	0	0	0	0	0	0	0	0	0	0	0	0	0	78	0	632	0	0	0	0	0	0	0	0	0	154	0	0	0	550	0	92	0	0	0	0	0	0	0	19130	276	1476	0	3888	0	2644	0	4428	0	0	0	10128	0	2730	0	462	0	1314	0	1748	0	196	304	7540	0	1206	0	0	0	0	0	0	0	0	0	94	0	200	0	0	0	1438	0	0	0	7498	0	98	0	0	0	0	0	0	0	180	0	0	0	0	0	0	0	0	0	0	130	152	0	0	0	0	
502456	Fusiform_L	1800	286	608	128	0	0	160	0	0	0	460	0	0	0	0	0	1580	0	534	192	314	0	0	0	0	0	0	0	9464	0	80	0	114	0	1306	314	23752	292	14136	124	3258	0	6222	0	1890	0	22046	328	1546	0	10774	0	18940	0	0	170	1570	0	162	0	172	0	366	0	102	0	5788	0	350	0	988	190	3744	86	0	0	960	252	2252	0	4302	0	2276	0	6358	0	1846	0	23788	0	18732	506	3498	0	434	0	16902	192	27092	690	1732	0	1704	0	204	0	160	0	0	0	1640	1162	210	0	0	0	
450256	Fusiform_R	272	2380	0	544	0	0	0	92	0	0	0	0	0	0	0	80	0	408	0	1350	0	164	0	130	0	0	0	0	78	3596	0	152	0	1422	368	3568	250	30486	0	27738	0	6258	468	13696	0	1542	600	19030	0	4092	0	4176	0	10128	170	0	152	1278	0	0	0	508	0	624	0	436	0	6578	0	1954	0	130	0	8874	0	170	166	1130	0	1380	0	2554	0	3774	0	4396	0	1354	0	15288	630	9890	0	408	156	728	524	8636	1382	13454	0	86	0	676	0	0	0	0	0	0	2770	1804	0	0	0	0	
357460	Postcentral_L	46440	7278	5172	1700	0	0	4440	1368	0	0	3046	106	0	116	0	0	9164	0	3258	1432	0	0	0	0	0	0	0	0	4140	204	82	0	292	386	3798	534	1902	586	868	270	0	0	2840	94	1606	96	1246	0	4612	92	10130	0	480	0	1570	152	0	562	7302	0	18104	94	8432	244	1826	0	6622	224	5198	472	450	960	914	338	298	84	570	388	1142	0	2298	0	0	0	1898	0	0	0	354	92	0	0	0	0	0	0	364	0	0	0	0	0	0	0	0	0	0	0	0	0	0	0	0	0	0	0	
262404	Postcentral_R	666	16274	134	2580	0	0	0	360	0	0	0	2762	0	0	0	0	0	5418	138	2748	0	0	0	0	0	0	0	0	128	2796	96	0	80	8328	142	2598	0	494	0	98	0	0	0	9830	0	3984	0	1000	0	1624	0	1524	0	2730	0	1278	562	0	0	4494	0	7772	0	14620	0	910	284	15246	128	13754	218	258	0	1812	0	122	0	542	0	144	0	548	0	0	0	584	0	0	0	1394	0	0	0	0	0	0	0	0	0	0	0	0	0	0	0	0	0	0	0	0	0	0	0	0	0	0	
165016	Parietal_Sup_L	262	0	0	0	0	0	0	0	0	0	0	0	0	0	0	0	0	0	0	0	0	0	0	0	0	0	0	0	0	0	0	0	274	0	142	0	0	0	0	0	0	0	494	0	2098	132	308	0	15316	0	19126	0	268	0	162	0	7302	0	0	0	15242	0	84	0	5032	0	14244	460	1562	0	0	0	0	0	0	0	0	0	0	0	0	0	0	0	0	0	0	0	0	0	0	0	0	0	0	0	0	0	0	0	0	0	0	0	0	0	0	0	0	0	0	0	0	0	0	0	
116044	Parietal_Sup_R	0	90	0	0	0	0	0	0	0	0	0	0	0	0	0	0	0	0	0	126	0	0	0	0	0	0	0	0	0	0	0	0	0	138	0	0	0	0	0	0	0	0	0	858	0	3580	0	0	142	6634	0	4162	0	462	0	0	0	4494	0	0	0	9982	0	4564	0	9566	1086	10598	0	1218	0	0	0	0	0	0	0	0	0	0	0	0	0	0	0	176	0	0	0	146	0	0	0	0	0	0	0	0	0	0	0	0	0	0	0	0	0	0	0	0	0	0	0	0	0	0	
272544	Parietal_Inf_L	4554	404	618	0	0	0	602	0	0	0	0	0	0	0	0	0	178	0	316	0	0	0	0	0	0	0	0	0	216	0	0	0	226	0	178	0	148	0	0	0	0	0	524	0	316	0	112	0	7138	0	27048	0	220	0	172	0	18104	0	15242	0	0	0	7840	0	32258	0	5838	0	730	0	0	0	0	0	0	0	0	0	94	0	700	0	0	0	8356	0	0	0	4140	0	0	0	0	0	0	0	0	0	0	0	0	0	0	0	0	0	0	0	0	0	0	0	0	0	0	0	
223476	Parietal_Inf_R	98	370	0	0	0	0	0	0	0	0	0	0	0	0	0	0	0	0	0	482	0	0	0	0	0	0	0	0	0	0	0	0	0	372	0	0	0	0	0	0	0	0	0	3226	0	7468	0	0	0	9732	0	7608	0	1314	0	508	94	7772	0	9982	0	0	0	22174	0	22578	0	9486	0	472	0	0	0	0	0	0	0	0	0	0	0	1614	0	0	0	4518	0	0	0	1870	0	0	0	0	0	0	0	0	0	0	0	0	0	0	0	0	0	0	0	0	0	0	0	0	0	0	
95940	SupraMarginal_L	2216	0	704	0	0	0	526	0	0	0	0	0	0	0	0	0	4004	0	240	0	0	0	0	0	0	0	0	0	1758	0	0	0	0	0	0	0	192	0	246	0	0	0	0	0	0	0	114	0	0	0	680	0	108	0	366	0	8432	0	84	0	7840	0	0	0	5660	0	198	0	0	0	0	0	0	0	0	0	0	0	662	0	6974	0	0	0	4058	0	0	0	2908	0	0	0	0	0	0	0	0	0	0	0	0	0	0	0	0	0	0	0	0	0	0	0	0	0	0	0	
207840	SupraMarginal_R	252	900	0	0	0	0	0	0	0	0	0	0	0	0	0	0	0	2228	0	752	0	0	0	0	0	0	0	0	0	510	0	0	0	592	0	0	0	0	0	0	0	0	0	3922	0	4954	0	0	0	5292	0	3078	0	1748	0	624	244	14620	0	4564	0	22174	0	0	0	15174	0	7294	0	674	0	0	0	0	0	0	0	0	0	142	0	4442	0	0	0	7114	0	0	0	2626	0	0	0	0	0	0	0	0	0	0	0	0	0	0	0	0	0	0	0	0	0	0	0	0	0	0	
189516	Angular_L	700	0	88	0	0	0	0	0	0	0	0	0	0	0	0	0	196	0	78	0	0	0	0	0	0	0	0	0	152	0	0	0	120	0	0	0	0	0	0	0	0	0	130	0	150	0	0	0	1972	0	23070	0	164	0	102	0	1826	0	5032	0	32258	0	5660	0	0	0	4188	0	338	0	0	0	0	0	0	0	0	0	86	0	1728	0	0	0	11038	0	0	0	5682	0	0	0	0	0	0	0	0	0	0	0	0	0	0	0	0	0	0	0	0	0	0	0	0	0	0	0	
236628	Angular_R	0	408	0	0	0	0	0	0	0	0	0	0	0	0	0	0	0	0	0	144	0	0	0	0	0	0	0	0	0	0	0	0	0	132	0	0	0	0	0	0	0	0	0	2206	0	6396	0	0	0	13362	0	22192	0	196	0	436	0	910	0	9566	0	22578	0	15174	0	0	0	5718	0	204	0	0	0	0	0	0	0	0	0	0	0	3430	0	0	0	12632	0	0	0	2630	0	0	0	0	0	0	0	0	0	0	0	0	0	0	0	0	0	0	0	0	0	0	0	0	0	0	
409796	Precuneus_L	2486	358	222	0	0	0	126	0	0	0	0	0	0	0	0	0	332	0	182	740	0	0	0	0	0	0	0	0	360	0	0	0	5440	2322	9612	3312	9506	274	3630	108	0	0	18044	1580	15342	5806	8598	226	23568	1198	22426	88	4952	304	5788	0	6622	284	14244	1086	5838	0	198	0	4188	0	0	13388	4540	1128	0	0	0	0	0	0	0	0	100	0	228	0	0	0	3300	0	0	0	1304	162	0	0	0	0	0	0	1358	0	0	0	0	0	0	0	0	0	0	0	0	0	0	0	0	0	0	0	
470944	Precuneus_R	258	2674	0	402	0	0	0	0	0	0	0	0	0	0	0	0	0	134	0	1822	0	0	0	0	0	0	0	0	0	258	0	0	1294	12424	2614	11502	746	4822	368	2700	0	0	816	26580	2412	32536	440	8742	2370	13548	118	2796	0	7540	0	6578	224	15246	460	10598	0	9486	0	7294	0	5718	13388	0	154	14272	0	0	0	0	0	0	328	392	0	242	0	1988	0	0	0	1678	0	0	0	6520	0	0	0	0	0	0	0	430	0	0	0	0	0	0	0	0	0	0	0	0	560	0	0	0	0	0	
293620	Paracentral_Lobule_L	17942	9468	2522	2162	0	0	2366	0	0	0	0	0	0	0	0	0	0	0	17744	17346	0	0	0	0	0	0	0	0	0	0	118	190	6612	13508	6122	614	1556	524	154	98	0	0	536	0	1800	0	244	0	1584	0	2402	0	0	0	350	0	5198	128	1562	0	730	0	0	0	338	0	4540	154	0	10704	1524	684	1920	0	1412	0	10382	1336	0	0	0	0	0	0	148	0	0	0	88	0	0	0	0	0	0	0	0	0	0	0	0	0	0	0	0	0	0	0	0	0	0	0	0	0	0	0	
290656	Paracentral_Lobule_R	4356	11100	416	178	0	0	398	0	0	0	0	0	0	0	0	0	0	176	1500	23972	0	0	0	0	0	0	0	0	0	166	0	0	1312	31000	1868	3650	0	984	0	426	0	0	134	4816	906	2764	0	1002	112	1324	134	782	0	1206	0	1954	472	13754	0	1218	0	472	0	674	0	204	1128	14272	10704	0	1292	200	0	0	0	0	2518	452	0	0	0	124	0	0	0	274	0	0	0	844	0	0	0	0	0	0	0	0	0	0	0	0	0	0	0	0	0	0	0	0	90	0	0	0	0	0	
299324	Caudate_L	3058	4232	7470	4802	2122	556	910	2894	642	0	1738	3324	424	2744	802	0	708	312	6258	3780	6490	6250	1444	1072	264	348	2086	1178	13496	1716	14578	5128	128	1410	0	0	1252	214	216	0	0	0	0	0	0	0	0	0	0	0	0	0	0	0	988	0	450	218	0	0	0	0	0	0	0	0	0	0	1524	1292	0	14746	12682	4202	1938	596	5284	964	0	0	234	0	306	0	0	0	0	0	192	0	0	0	0	0	0	0	0	0	0	0	0	0	0	0	0	0	0	0	0	0	0	0	0	0	0	0	
317924	Caudate_R	1844	7456	2828	13486	350	2936	714	378	158	378	282	2480	0	3784	170	1234	132	400	1234	10162	3288	5594	1350	6670	0	5198	538	2128	1720	5310	5274	14352	0	452	0	0	244	410	0	292	0	92	0	0	0	0	0	0	0	0	0	0	0	0	190	130	960	258	0	0	0	0	0	0	0	0	0	0	684	200	14746	0	3114	16280	78	2078	1618	15308	0	0	0	0	0	0	0	0	0	0	0	0	0	0	0	0	0	0	0	0	0	0	0	0	0	0	0	0	0	0	0	0	0	0	0	0	0	0	
261388	Putamen_L	8238	1494	11712	972	4528	174	3806	912	1918	0	3684	568	952	522	3806	0	994	0	7778	1390	2230	2060	2574	194	0	96	1062	384	15358	296	6524	1818	0	154	172	268	6948	316	2042	100	230	0	0	0	0	0	0	0	0	0	0	0	0	0	3744	0	914	0	0	0	0	0	0	0	0	0	0	0	1920	0	12682	3114	0	1406	5936	82	2956	286	202	0	250	0	304	0	0	0	0	0	442	0	0	0	0	0	0	0	88	0	94	0	0	0	0	0	0	0	0	0	0	0	0	0	0	0	0	0	
310160	Putamen_R	418	2214	1682	11272	274	1570	0	1350	126	1514	86	3890	0	1724	134	4790	0	4082	582	6468	1300	2296	768	4058	0	1242	404	1420	1252	21132	2108	6148	0	164	0	0	146	16544	0	9286	0	1046	0	0	0	0	0	0	0	0	0	0	0	0	86	8874	338	1812	0	0	0	0	0	0	0	0	0	0	0	0	4202	16280	1406	0	0	1722	100	5378	0	0	0	740	0	614	0	538	0	0	0	1092	0	0	0	0	0	0	0	292	0	116	0	0	0	0	0	0	0	0	0	0	0	0	0	0	0	0	
53960	Pallidum_L	4616	240	4120	0	0	0	1070	86	0	0	172	0	0	0	0	0	106	0	4428	0	0	0	0	0	0	0	0	0	86	0	0	0	0	0	0	0	812	0	0	0	0	0	0	0	0	0	0	0	0	0	0	0	0	0	0	0	298	0	0	0	0	0	0	0	0	0	0	0	1412	0	1938	78	5936	0	0	0	1582	0	0	0	0	0	0	0	0	0	0	0	0	0	0	0	0	0	0	0	0	0	0	0	0	0	0	0	0	0	0	0	0	0	0	0	0	0	0	0	
21520	Pallidum_R	92	268	212	2406	0	0	0	318	0	0	0	132	0	0	0	0	0	182	0	1260	0	0	0	0	0	0	0	0	288	0	202	0	0	0	0	0	0	276	0	270	0	0	0	0	0	0	0	0	0	0	0	0	0	0	0	170	84	122	0	0	0	0	0	0	0	0	0	0	0	0	596	2078	82	1722	0	0	0	0	0	0	0	0	0	0	0	0	0	0	0	0	0	0	0	0	0	0	0	0	0	0	0	0	0	0	0	0	0	0	0	0	0	0	0	0	0	0	
233444	Thalamus_L	11792	4870	8136	614	0	0	6692	0	0	0	256	0	0	0	0	0	332	0	9874	2310	0	0	0	0	0	0	0	0	3422	130	0	120	0	2162	2682	6786	6002	6152	1106	664	0	0	0	0	0	0	982	0	0	0	0	0	0	0	960	166	570	0	0	0	0	0	0	0	0	0	0	328	10382	2518	5284	1618	2956	100	1582	0	0	12158	482	0	352	0	0	0	568	0	0	0	1508	0	0	0	0	0	0	0	0	0	106	0	0	0	0	0	0	0	0	0	0	0	0	0	0	0	0	0	
224240	Thalamus_R	3696	17040	2420	3806	0	0	2410	360	0	0	152	228	0	0	0	0	288	726	600	1702	0	0	0	92	0	0	0	0	1848	2716	160	166	0	312	4026	7154	4114	13070	830	2594	0	156	0	0	0	0	818	214	0	0	0	0	0	0	252	1130	388	542	0	0	0	0	0	0	0	0	0	392	1336	452	964	15308	286	5378	0	0	12158	0	570	0	200	258	0	0	194	0	0	0	426	98	0	0	0	0	0	0	0	90	0	0	0	0	0	0	0	0	0	0	0	0	0	0	0	0	0	0	
73480	Heschl_L	3282	0	1282	0	0	0	770	0	0	0	368	0	0	0	0	0	4232	0	718	0	0	0	0	0	0	0	0	0	6988	0	0	0	0	0	520	620	2576	614	150	292	0	0	88	0	0	0	0	0	0	0	248	0	102	0	2252	0	1142	0	0	0	94	0	662	0	86	0	100	0	0	0	0	0	202	0	0	0	482	570	0	0	4018	0	0	0	2328	0	0	0	1954	0	0	0	0	0	0	0	0	0	0	0	0	0	0	0	0	0	0	0	0	0	0	0	0	0	0	0	
36760	Heschl_R	0	422	0	136	0	0	0	0	0	0	0	134	0	0	0	0	0	2300	0	252	0	0	0	0	0	0	0	0	0	3390	0	0	0	80	0	0	0	1608	0	948	0	0	0	86	0	132	0	114	0	152	0	0	0	94	0	1380	0	144	0	0	0	0	0	142	0	0	0	242	0	0	0	0	0	0	0	0	0	0	0	0	0	5104	0	0	0	1016	0	0	0	504	0	0	0	0	0	0	0	0	0	0	0	0	0	0	0	0	0	0	0	0	0	0	0	0	0	0	
183648	Temporal_Sup_L	2094	100	924	0	0	0	352	0	0	0	1008	0	0	0	0	0	9812	0	568	0	0	0	0	0	0	0	0	0	9300	0	84	0	0	0	190	238	3746	226	1096	94	0	0	292	0	0	0	314	0	0	0	2466	0	600	0	4302	0	2298	0	0	0	700	0	6974	0	1728	0	228	0	0	0	234	0	250	0	0	0	352	200	4018	0	0	0	2678	0	20646	0	290	0	13036	0	0	0	0	0	0	0	218	0	168	0	0	0	0	0	0	0	0	0	0	0	0	0	0	0	0	0	
120920	Temporal_Sup_R	0	1080	0	262	0	0	0	0	0	0	0	108	0	0	0	1662	0	2614	0	250	0	0	0	0	0	0	0	0	0	5468	0	0	0	114	0	0	0	2384	0	1552	0	0	0	358	0	1520	0	98	0	1350	0	674	0	200	0	2554	0	548	0	0	0	1614	0	4442	0	3430	0	1988	0	124	0	0	0	740	0	0	0	258	0	5104	0	0	0	4960	0	12708	0	296	0	2000	0	0	0	0	0	0	0	0	0	0	0	0	0	0	0	0	0	0	0	0	0	0	0	0	0	0	
100708	Temporal_Pole_Sup_L	160	0	2370	0	418	0	1518	0	124	0	5742	0	1300	0	1106	0	5684	0	1182	156	730	0	94	0	0	0	0	0	5728	0	490	0	0	0	0	0	1308	0	1178	0	1090	0	0	0	0	0	0	0	0	0	0	0	0	0	2276	0	0	0	0	0	0	0	0	0	0	0	0	0	0	0	306	0	304	0	0	0	0	0	0	0	2678	0	0	0	5096	0	4040	0	5276	0	0	0	0	0	0	0	0	0	0	0	0	0	0	0	0	0	0	0	0	0	0	0	0	0	0	0	
62032	Temporal_Pole_Sup_R	0	0	0	888	0	0	0	0	0	0	0	1062	0	0	0	2072	0	1206	0	918	0	332	0	0	0	0	0	0	0	2310	0	0	0	110	0	0	0	962	0	1938	0	1948	0	0	0	0	0	0	0	0	0	0	0	0	0	3774	0	0	0	0	0	0	0	0	0	0	0	0	0	0	0	0	0	614	0	0	0	0	0	0	0	4960	0	0	0	2992	0	2706	0	2224	0	0	0	0	0	0	0	0	0	0	0	0	0	0	0	0	0	0	0	0	0	0	0	0	0	0	
290784	Temporal_Mid_L	2176	124	290	84	0	0	118	0	0	0	150	0	0	0	0	0	4042	0	236	0	0	0	0	0	0	0	0	0	5284	0	0	0	0	0	782	224	4522	210	1360	92	0	0	3616	0	860	0	1406	0	250	0	19454	0	3446	0	6358	0	1898	0	0	0	8356	0	4058	0	11038	0	3300	0	148	0	0	0	0	0	0	0	568	194	2328	0	20646	0	5096	0	0	0	2388	0	29562	0	0	0	0	0	0	0	444	0	284	0	0	0	0	0	0	0	0	0	0	0	0	0	0	0	0	0	
202600	Temporal_Mid_R	0	2330	0	542	0	0	0	0	0	0	0	0	0	0	0	628	0	424	0	176	0	0	0	0	0	0	0	0	0	3810	0	0	0	190	0	0	0	1570	0	1082	0	0	0	1866	0	1352	0	96	0	2184	0	10110	0	1438	0	4396	0	584	0	176	0	4518	0	7114	0	12632	0	1678	0	274	0	0	0	538	0	0	0	0	0	1016	0	12708	0	2992	0	0	0	1226	0	23650	0	0	0	0	0	0	0	0	0	0	0	0	0	0	0	0	0	0	0	0	0	0	0	0	0	0	
28752	Temporal_Pole_Mid_L	0	0	0	0	0	0	0	0	0	0	0	0	0	0	0	0	0	0	0	0	0	0	0	0	0	0	0	0	224	0	0	0	0	0	0	0	364	0	574	0	302	0	0	0	0	0	0	0	0	0	0	0	0	0	1846	0	0	0	0	0	0	0	0	0	0	0	0	0	0	0	0	0	0	0	0	0	0	0	0	0	290	0	4040	0	2388	0	0	0	4348	0	0	0	0	0	0	0	0	0	0	0	0	0	0	0	0	0	0	0	0	0	0	0	0	0	0	0	
15764	Temporal_Pole_Mid_R	0	0	0	0	0	0	0	0	0	0	0	0	0	0	0	0	0	0	0	0	0	0	0	0	0	0	0	0	0	0	0	0	0	0	0	0	0	118	0	786	0	244	0	0	0	0	0	0	0	0	0	0	0	0	0	1354	0	0	0	0	0	0	0	0	0	0	0	0	0	0	0	0	0	0	0	0	0	0	0	0	0	296	0	2706	0	1226	0	0	0	1152	0	0	0	0	0	0	0	0	0	0	0	0	0	0	0	0	0	0	0	0	0	0	0	0	0	0	
277472	Temporal_Inf_L	744	164	252	0	0	0	0	0	0	0	0	0	0	0	0	0	1716	0	248	0	0	0	0	0	0	0	0	0	5806	0	0	0	0	0	460	454	12200	450	3270	200	700	0	1220	0	330	0	916	0	0	0	2858	0	3816	0	23788	0	354	0	0	0	4140	0	2908	0	5682	0	1304	0	88	0	192	0	442	0	0	0	1508	426	1954	0	13036	0	5276	0	29562	0	4348	0	0	0	2402	0	692	0	0	0	1644	0	2512	0	360	0	314	0	0	0	0	0	0	0	0	0	0	0	0	0	
193436	Temporal_Inf_R	92	3182	0	658	0	0	0	0	0	0	0	0	0	0	0	0	0	512	0	490	0	0	0	0	0	0	0	0	0	2474	0	0	0	550	0	350	0	2578	0	1314	0	192	0	8052	146	1268	0	1042	0	1048	0	1700	0	7498	0	15288	92	1394	0	146	0	1870	0	2626	0	2630	162	6520	0	844	0	0	0	1092	0	0	0	98	0	504	0	2000	0	2224	0	23650	0	1152	0	0	0	730	0	0	0	0	0	290	0	260	0	0	0	0	0	0	0	0	0	0	0	0	0	0	0	0	
487612	Cerebelum_Crus1_L	0	0	0	0	0	0	0	0	0	0	0	0	0	0	0	0	0	0	0	0	0	0	0	0	0	0	0	0	0	0	0	0	0	0	0	0	156	0	218	0	0	0	200	80	0	0	6926	1056	0	0	0	0	1306	0	18732	630	0	0	0	0	0	0	0	0	0	0	0	0	0	0	0	0	0	0	0	0	0	0	0	0	0	0	0	0	0	0	0	0	2402	0	0	4240	34100	6366	2806	922	19974	2442	50590	6310	17602	4084	18656	3008	2214	1760	156	94	830	904	6188	11904	12466	2580	1634	270	
325052	Cerebelum_Crus1_R	0	0	0	0	0	0	0	0	0	0	0	0	0	0	0	0	0	0	0	0	0	0	0	0	0	0	0	0	0	0	0	0	0	0	0	0	0	0	0	124	0	0	0	0	0	0	390	2754	0	0	0	0	0	98	506	9890	0	0	0	0	0	0	0	0	0	0	0	0	0	0	0	0	0	0	0	0	0	0	0	0	0	0	0	0	0	0	0	0	0	730	4240	0	570	28612	484	1650	2484	14572	6040	39438	420	5820	736	17870	898	1682	94	260	246	572	6570	9190	4726	366	384	110	
280544	Cerebelum_Crus2_L	0	0	0	0	0	0	0	0	0	0	0	0	0	0	0	0	0	0	0	0	0	0	0	0	0	0	0	0	0	0	0	0	0	0	0	0	0	0	112	0	0	0	0	0	0	0	590	0	0	0	0	0	0	0	3498	0	0	0	0	0	0	0	0	0	0	0	0	0	0	0	0	0	0	0	0	0	0	0	0	0	0	0	0	0	0	0	0	0	692	0	34100	570	0	5304	598	0	3188	230	8474	704	35008	4992	28844	1742	564	252	0	0	96	0	408	1348	6630	2122	206	0	
280768	Cerebelum_Crus2_R	0	0	0	0	0	0	0	0	0	0	0	0	0	0	0	0	0	0	0	0	0	0	0	0	0	0	0	0	0	0	0	0	0	0	0	0	0	0	0	0	0	0	0	0	0	0	0	254	0	0	0	0	0	0	0	408	0	0	0	0	0	0	0	0	0	0	0	0	0	0	0	0	0	0	0	0	0	0	0	0	0	0	0	0	0	0	0	0	0	0	6366	28612	5304	0	0	876	596	2290	1022	5398	3400	28720	2120	37410	134	2256	0	312	182	394	1524	1238	9054	2160	354	0	
64584	Cerebelum_3_L	0	0	0	0	0	0	0	0	0	0	0	0	0	0	0	0	0	0	0	0	0	0	0	0	0	0	0	0	0	0	0	0	0	0	0	0	0	0	0	0	0	0	0	0	0	0	234	504	0	0	0	0	0	0	434	156	0	0	0	0	0	0	0	0	0	0	0	0	0	0	0	0	0	0	0	0	0	0	0	0	0	0	0	0	0	0	0	0	0	0	2806	484	598	0	0	114	9568	660	5726	1016	496	0	894	0	868	188	0	0	1446	2098	2194	1168	248	92	144	156	
78716	Cerebelum_3_R	0	0	0	0	0	0	0	0	0	0	0	0	0	0	0	0	0	0	0	0	0	0	0	0	0	0	0	0	0	0	0	0	0	0	0	0	0	0	0	92	0	0	0	0	0	0	0	412	0	0	0	0	0	0	0	728	0	0	0	0	0	0	0	0	0	0	0	0	0	0	0	0	0	0	0	0	0	0	0	0	0	0	0	0	0	0	0	0	0	0	922	1650	0	876	114	0	698	6622	1294	5274	84	0	288	1828	318	2294	0	0	2648	3742	2682	1740	1612	1344	1716	380	
335736	Cerebelum_4_5_L	170	0	0	0	0	0	0	0	0	0	0	0	0	0	0	0	122	0	0	0	0	0	0	0	0	0	0	0	590	0	0	0	0	0	334	0	2464	0	3168	0	0	0	1710	0	662	0	12212	1370	0	0	562	0	1080	0	16902	524	364	0	0	0	0	0	0	0	0	0	1358	0	0	0	0	0	88	0	0	0	0	0	0	0	218	0	0	0	444	0	0	0	1644	0	19974	2484	3188	596	9568	698	0	4242	37826	5066	3756	0	5182	370	3160	640	560	0	1338	2120	14322	4338	752	306	634	762	
218436	Cerebelum_4_5_R	0	0	0	0	0	0	0	0	0	0	0	0	0	0	0	0	0	0	0	0	0	0	0	0	0	0	0	0	0	86	0	0	0	0	0	130	0	1610	0	2672	0	86	0	0	0	0	372	3900	0	0	0	0	0	0	192	8636	0	0	0	0	0	0	0	0	0	0	0	430	0	0	0	0	0	292	0	0	0	90	0	0	0	0	0	0	0	0	0	0	0	290	2442	14572	230	2290	660	6622	4242	0	3738	26922	358	94	644	2580	276	1154	0	200	1198	2076	15282	1882	1046	794	880	250	
475904	Cerebelum_6_L	0	0	0	0	0	0	0	0	0	0	0	0	0	0	0	0	0	0	0	0	0	0	0	0	0	0	0	0	534	0	0	0	0	0	0	0	956	0	1232	0	0	0	370	132	0	0	13026	2232	0	0	126	0	1512	0	27092	1382	0	0	0	0	0	0	0	0	0	0	0	0	0	0	0	0	94	0	0	0	106	0	0	0	168	0	0	0	284	0	0	0	2512	0	50590	6040	8474	1022	5726	1294	37826	3738	0	9660	6316	160	8078	850	3002	2292	478	96	1524	1246	11232	15968	5688	1644	2262	988	
341488	Cerebelum_6_R	0	0	0	0	0	0	0	0	0	0	0	0	0	0	0	0	0	0	0	0	0	0	0	0	0	0	0	0	0	0	0	0	0	0	0	0	0	342	0	998	0	0	0	696	0	138	584	6312	0	362	0	0	0	180	690	13454	0	0	0	0	0	0	0	0	0	0	0	0	0	0	0	0	0	116	0	0	0	0	0	0	0	0	0	0	0	0	0	0	0	260	6310	39438	704	5398	1016	5274	5066	26922	9660	0	594	384	898	4806	1020	1496	84	158	1522	1626	14234	13350	4706	816	926	204	
237400	Cerebelum_7b_L	0	0	0	0	0	0	0	0	0	0	0	0	0	0	0	0	0	0	0	0	0	0	0	0	0	0	0	0	0	0	0	0	0	0	0	0	0	0	0	0	0	0	0	0	0	0	506	0	0	0	0	0	0	0	1732	0	0	0	0	0	0	0	0	0	0	0	0	0	0	0	0	0	0	0	0	0	0	0	0	0	0	0	0	0	0	0	0	0	360	0	17602	420	35008	3400	496	84	3756	358	6316	594	0	2784	33178	1542	874	258	376	0	150	334	1058	522	4648	2344	0	0	
163596	Cerebelum_7b_R	0	0	0	0	0	0	0	0	0	0	0	0	0	0	0	0	0	0	0	0	0	0	0	0	0	0	0	0	0	0	0	0	0	0	0	0	0	0	0	0	0	0	0	0	0	0	0	0	0	0	0	0	0	0	0	86	0	0	0	0	0	0	0	0	0	0	0	0	0	0	0	0	0	0	0	0	0	0	0	0	0	0	0	0	0	0	0	0	0	0	4084	5820	4992	28720	0	0	0	94	160	384	2784	0	974	25024	0	2144	0	130	0	0	0	134	4752	1404	112	0	
276472	Cerebelum_8_L	0	0	0	0	0	0	0	0	0	0	0	0	0	0	0	0	0	0	0	0	0	0	0	0	0	0	0	0	0	0	0	0	0	0	0	0	0	0	0	0	0	0	0	0	0	0	492	0	0	0	0	0	0	0	1704	0	0	0	0	0	0	0	0	0	0	0	0	0	0	0	0	0	0	0	0	0	0	0	0	0	0	0	0	0	0	0	0	0	314	0	18656	736	28844	2120	894	288	5182	644	8078	898	33178	974	0	4010	11218	1718	1324	0	420	706	2032	1156	5402	5886	1252	110	
273164	Cerebelum_8_R	0	0	0	0	0	0	0	0	0	0	0	0	0	0	0	0	0	0	0	0	0	0	0	0	0	0	0	0	0	0	0	0	0	0	0	0	0	0	0	0	0	0	0	0	0	0	0	368	0	0	0	0	0	0	0	676	0	0	0	0	0	0	0	0	0	0	0	0	0	0	0	0	0	0	0	0	0	0	0	0	0	0	0	0	0	0	0	0	0	0	3008	17870	1742	37410	0	1828	370	2580	850	4806	1542	25024	4010	0	782	12582	0	568	636	916	1232	1700	7200	6394	2372	116	
80364	Cerebelum_9_L	0	0	0	0	0	0	0	0	0	0	0	0	0	0	0	0	0	0	0	0	0	0	0	0	0	0	0	0	0	0	0	0	0	0	0	0	0	0	0	0	0	0	0	0	0	0	118	0	0	0	0	0	0	0	204	0	0	0	0	0	0	0	0	0	0	0	0	0	0	0	0	0	0	0	0	0	0	0	0	0	0	0	0	0	0	0	0	0	0	0	2214	898	564	134	868	318	3160	276	3002	1020	874	0	11218	782	0	2114	2338	0	676	438	1668	2332	1200	1262	1740	764	
120168	Cerebelum_9_R	0	0	0	0	0	0	0	0	0	0	0	0	0	0	0	0	0	0	0	0	0	0	0	0	0	0	0	0	0	0	0	0	0	0	0	0	0	0	0	0	0	0	0	0	0	0	0	100	0	0	0	0	0	0	0	0	0	0	0	0	0	0	0	0	0	0	0	0	0	0	0	0	0	0	0	0	0	0	0	0	0	0	0	0	0	0	0	0	0	0	1760	1682	252	2256	188	2294	640	1154	2292	1496	258	2144	1718	12582	2114	0	0	948	2098	898	1452	4134	4512	5298	5952	1862	
12456	Cerebelum_10_L	0	0	0	0	0	0	0	0	0	0	0	0	0	0	0	0	0	0	0	0	0	0	0	0	0	0	0	0	0	0	0	0	0	0	0	0	0	0	0	0	0	0	0	0	0	0	0	0	0	0	0	0	0	0	160	0	0	0	0	0	0	0	0	0	0	0	0	0	0	0	0	0	0	0	0	0	0	0	0	0	0	0	0	0	0	0	0	0	0	0	156	94	0	0	0	0	560	0	478	84	376	0	1324	0	2338	0	0	0	0	0	188	320	150	0	0	0	
6620	Cerebelum_10_R	0	0	0	0	0	0	0	0	0	0	0	0	0	0	0	0	0	0	0	0	0	0	0	0	0	0	0	0	0	0	0	0	0	0	0	0	0	0	0	0	0	0	0	0	0	0	0	0	0	0	0	0	0	0	0	0	0	0	0	0	0	0	0	0	0	0	0	0	0	0	0	0	0	0	0	0	0	0	0	0	0	0	0	0	0	0	0	0	0	0	94	260	0	312	0	0	0	200	96	158	0	130	0	568	0	948	0	0	0	0	0	96	136	156	156	0	
55440	Vermis_1_2	0	0	0	0	0	0	0	0	0	0	0	0	0	0	0	0	0	0	0	0	0	0	0	0	0	0	0	0	0	0	0	0	0	0	0	0	0	0	0	0	0	0	0	0	0	0	0	0	0	0	0	0	0	0	0	0	0	0	0	0	0	0	0	0	0	0	0	0	0	0	0	0	0	0	0	0	0	0	0	0	0	0	0	0	0	0	0	0	0	0	830	246	96	182	1446	2648	1338	1198	1524	1522	150	0	420	636	676	2098	0	0	0	5018	2316	1586	834	794	1398	764	
