data	data	461392	217072	919536	648228	166332	94884	420336	183588	111020	28632	372052	206852	421312	205876	285384	94800	270908	139992	546524	617788	67084	68788	335568	262768	31508	76488	51964	58880	737212	443372	394660	578108	193096	474332	92608	101296	275028	256392	68980	179028	25972	62284	150276	321832	152892	325660	223564	313620	167308	358904	364724	284736	148180	141104	287704	417224	246964	261188	127084	62988	203188	86372	90276	98948	171852	151376	169008	452620	345880	214344	255124	394952	373380	270980	59108	22540	135216	175148	85844	13756	180488	80552	200000	60976	283932	269888	26392	28740	250232	169260	632064	594300	662304	556492	114928	73932	384576	233772	550412	502284	373076	249064	437916	412112	165128	214532	22108	21836	87024	150168	308296	267384	529688	170704	143144	35844	
data	data	Precentral_L	Precentral_R	Frontal_Sup_L	Frontal_Sup_R	Frontal_Sup_Orb_L	Frontal_Sup_Orb_R	Frontal_Mid_L	Frontal_Mid_R	Frontal_Mid_Orb_L	Frontal_Mid_Orb_R	Frontal_Inf_Oper_L	Frontal_Inf_Oper_R	Frontal_Inf_Tri_L	Frontal_Inf_Tri_R	Frontal_Inf_Orb_L	Frontal_Inf_Orb_R	Rolandic_Oper_L	Rolandic_Oper_R	Supp_Motor_Area_L	Supp_Motor_Area_R	Olfactory_L	Olfactory_R	Frontal_Sup_Medial_L	Frontal_Sup_Medial_R	Frontal_Med_Orb_L	Frontal_Med_Orb_R	Rectus_L	Rectus_R	Insula_L	Insula_R	Cingulum_Ant_L	Cingulum_Ant_R	Cingulum_Mid_L	Cingulum_Mid_R	Cingulum_Post_L	Cingulum_Post_R	Hippocampus_L	Hippocampus_R	ParaHippocampal_L	ParaHippocampal_R	Amygdala_L	Amygdala_R	Calcarine_L	Calcarine_R	Cuneus_L	Cuneus_R	Lingual_L	Lingual_R	Occipital_Sup_L	Occipital_Sup_R	Occipital_Mid_L	Occipital_Mid_R	Occipital_Inf_L	Occipital_Inf_R	Fusiform_L	Fusiform_R	Postcentral_L	Postcentral_R	Parietal_Sup_L	Parietal_Sup_R	Parietal_Inf_L	Parietal_Inf_R	SupraMarginal_L	SupraMarginal_R	Angular_L	Angular_R	Precuneus_L	Precuneus_R	Paracentral_Lobule_L	Paracentral_Lobule_R	Caudate_L	Caudate_R	Putamen_L	Putamen_R	Pallidum_L	Pallidum_R	Thalamus_L	Thalamus_R	Heschl_L	Heschl_R	Temporal_Sup_L	Temporal_Sup_R	Temporal_Pole_Sup_L	Temporal_Pole_Sup_R	Temporal_Mid_L	Temporal_Mid_R	Temporal_Pole_Mid_L	Temporal_Pole_Mid_R	Temporal_Inf_L	Temporal_Inf_R	Cerebelum_Crus1_L	Cerebelum_Crus1_R	Cerebelum_Crus2_L	Cerebelum_Crus2_R	Cerebelum_3_L	Cerebelum_3_R	Cerebelum_4_5_L	Cerebelum_4_5_R	Cerebelum_6_L	Cerebelum_6_R	Cerebelum_7b_L	Cerebelum_7b_R	Cerebelum_8_L	Cerebelum_8_R	Cerebelum_9_L	Cerebelum_9_R	Cerebelum_10_L	Cerebelum_10_R	Vermis_1_2	Vermis_3	Vermis_4_5	Vermis_6	Vermis_7	Vermis_8	Vermis_9	Vermis_10	
461392	Precentral_L	0	4852	17302	2064	0	0	17440	0	0	0	17862	0	4840	0	398	0	10620	70	12242	4322	0	0	66	0	0	0	0	0	15204	120	78	0	0	3576	0	0	7540	196	0	0	0	0	0	0	0	0	0	0	0	0	314	0	0	0	196	0	28796	686	564	0	5786	0	4000	0	340	0	0	636	28376	1192	944	3472	8950	132	3948	0	8782	3562	4930	0	2156	0	3740	0	316	0	0	0	86	0	0	0	0	0	0	0	0	0	0	0	0	0	0	0	0	0	0	0	0	0	0	0	0	0	0	0	
217072	Precentral_R	4852	0	1572	7866	0	0	168	6362	0	0	100	3254	0	0	0	0	0	1710	5100	10450	0	0	0	0	0	0	0	0	140	1380	0	0	464	1036	202	0	0	2880	0	174	0	0	0	372	0	1544	0	0	0	2190	0	214	0	76	0	356	684	13472	0	70	0	852	0	1170	0	468	0	2750	6000	4610	1092	5250	102	992	404	246	860	15848	0	194	0	322	0	0	0	502	0	0	0	186	0	0	0	0	0	0	0	0	0	0	0	0	0	0	0	0	0	0	0	0	0	0	0	0	0	0	
919536	Frontal_Sup_L	17302	1572	0	5138	13656	102	55458	80	5260	0	29068	2018	25728	100	17740	72	16542	876	47588	5192	134	0	41868	4328	558	136	176	0	44420	2474	27194	7780	8604	2492	0	0	4820	94	70	0	0	0	0	0	0	96	0	0	0	90	0	0	0	0	144	0	4984	174	0	0	604	0	1648	0	0	0	0	130	7160	0	5606	8006	21714	772	3248	140	522	1832	980	0	2582	0	10470	0	0	0	0	0	226	0	0	0	0	0	0	0	0	0	0	0	0	0	0	0	0	0	0	0	0	0	0	0	0	0	0	0	
648228	Frontal_Sup_R	2064	7866	5138	0	0	3782	256	32202	0	318	92	18654	82	18688	0	4484	0	7932	12728	54260	0	0	6890	24576	0	1330	0	302	186	23688	6386	40568	1980	22718	0	0	0	882	0	534	0	0	0	0	0	0	0	0	0	0	0	0	0	0	0	518	0	1488	0	0	0	0	0	0	0	0	0	0	1550	0	138	8492	0	10080	0	338	0	2860	0	0	0	0	0	64	0	0	0	0	0	0	0	0	0	0	0	0	0	0	0	0	0	0	0	0	0	0	0	0	0	0	0	0	0	0	0	0	
166332	Frontal_Sup_Orb_L	0	0	13656	0	0	0	5188	0	12650	0	0	0	4422	0	12902	0	0	0	0	0	1296	174	3890	106	3760	380	4892	68	4954	0	4808	254	0	0	0	0	0	0	188	0	0	0	0	0	0	0	0	0	0	0	0	0	0	0	0	0	0	0	0	0	0	0	0	0	0	0	0	0	0	0	1634	82	7728	0	0	0	0	0	0	0	0	0	134	0	0	0	0	0	0	0	0	0	0	0	0	0	0	0	0	0	0	0	0	0	0	0	0	0	0	0	0	0	0	0	0	0	
94884	Frontal_Sup_Orb_R	0	0	102	3782	0	0	0	346	0	3894	0	0	0	690	0	4260	0	0	0	0	0	444	656	4608	90	8334	0	8096	0	1496	896	4178	0	0	0	0	0	0	0	0	0	0	0	0	0	0	0	0	0	0	0	0	0	0	0	0	0	0	0	0	0	0	0	0	0	0	0	0	0	0	0	1518	0	4052	0	0	0	0	0	0	0	0	0	0	0	0	0	0	0	0	0	0	0	0	0	0	0	0	0	0	0	0	0	0	0	0	0	0	0	0	0	0	0	0	0	0	
420336	Frontal_Mid_L	17440	168	55458	256	5188	0	0	0	6032	0	17858	320	27436	0	7166	0	4136	92	7158	230	0	0	12472	330	0	0	0	0	18056	278	7994	514	4704	242	0	0	2224	0	0	0	0	0	0	0	0	0	0	0	0	0	0	0	0	0	0	0	1232	0	0	0	498	0	334	0	0	0	0	0	158	0	1604	656	6322	0	612	0	448	180	286	0	630	0	1456	0	0	0	0	0	0	0	0	0	0	0	0	0	0	0	0	0	0	0	0	0	0	0	0	0	0	0	0	0	0	0	0	0	
183588	Frontal_Mid_R	0	6362	80	32202	0	346	0	0	0	874	0	10066	0	14112	0	832	0	3538	878	5472	0	0	406	2490	0	0	0	0	0	6894	240	4218	64	2276	0	0	0	0	0	0	0	0	0	0	0	0	0	0	0	0	0	0	0	0	0	0	0	86	0	0	0	0	0	0	0	0	0	0	0	0	0	98	0	170	0	0	0	90	0	0	0	0	0	0	0	0	0	0	0	0	0	0	0	0	0	0	0	0	0	0	0	0	0	0	0	0	0	0	0	0	0	0	0	0	0	0	
111020	Frontal_Mid_Orb_L	0	0	5260	0	12650	0	6032	0	0	0	0	0	4624	0	14646	0	0	0	72	0	230	0	98	0	180	0	1980	0	4888	0	418	0	0	0	0	0	134	0	0	0	0	0	0	0	0	0	0	0	0	0	0	0	0	0	0	0	0	0	0	0	0	0	0	0	0	0	0	0	0	0	808	0	3292	0	0	0	0	0	0	0	0	0	198	0	0	0	0	0	0	0	0	0	0	0	0	0	0	0	0	0	0	0	0	0	0	0	0	0	0	0	0	0	0	0	0	0	
28632	Frontal_Mid_Orb_R	0	0	0	318	0	3894	0	874	0	0	0	0	0	1758	0	5578	0	0	0	0	0	0	0	114	0	360	0	898	0	230	0	100	0	0	0	0	0	0	0	0	0	0	0	0	0	0	0	0	0	0	0	0	0	0	0	0	0	0	0	0	0	0	0	0	0	0	0	0	0	0	0	0	0	192	0	0	0	0	0	0	0	0	0	0	0	0	0	0	0	0	0	0	0	0	0	0	0	0	0	0	0	0	0	0	0	0	0	0	0	0	0	0	0	0	0	0	
372052	Frontal_Inf_Oper_L	17862	100	29068	92	0	0	17858	0	0	0	0	0	17444	0	864	0	18372	0	9994	328	0	0	298	0	0	0	0	0	32658	66	1300	1824	90	0	0	0	2764	0	0	0	0	0	0	0	0	0	0	0	0	0	0	0	0	0	102	0	6006	0	0	0	302	0	248	0	0	0	0	0	568	0	2094	2486	5764	0	1030	0	326	270	960	0	2126	0	12586	0	0	0	0	0	176	0	0	0	0	0	0	0	0	0	0	0	0	0	0	0	0	0	0	0	0	0	0	0	0	0	0	0	
206852	Frontal_Inf_Oper_R	0	3254	2018	18654	0	0	320	10066	0	0	0	0	2080	12088	358	428	0	5562	1852	11430	0	0	218	676	0	0	0	0	2550	16004	1234	3844	172	1740	0	0	0	74	0	0	0	0	0	0	0	0	0	0	0	0	0	0	0	0	0	0	0	1342	0	0	0	0	0	0	0	0	0	0	0	0	2688	2602	258	1424	0	242	0	0	0	0	0	0	0	248	0	0	0	0	0	0	0	0	0	0	0	0	0	0	0	0	0	0	0	0	0	0	0	0	0	0	0	0	0	0	0	0	
421312	Frontal_Inf_Tri_L	4840	0	25728	82	4422	0	27436	0	4624	0	17444	2080	0	82	28686	0	1068	738	6054	520	0	0	1282	84	0	0	0	0	38290	1986	7910	3500	278	72	0	0	664	92	0	84	0	0	0	0	0	0	0	0	0	0	0	0	0	0	0	84	1334	0	0	0	0	0	0	0	0	0	0	68	290	0	11744	5466	11812	582	0	122	0	232	106	0	332	0	354	84	0	0	0	0	0	0	0	0	0	0	0	0	0	0	0	0	0	0	0	0	0	0	0	0	0	0	0	0	0	0	0	0	
205876	Frontal_Inf_Tri_R	0	0	100	18688	0	690	0	14112	0	1758	0	12088	82	0	0	6302	0	308	3854	9142	0	0	140	980	0	0	0	0	82	18880	954	8358	0	3976	0	0	0	0	0	0	0	0	0	0	0	0	0	0	0	0	0	0	0	0	0	0	0	0	0	0	0	0	0	0	0	0	0	0	0	0	102	1748	0	594	0	0	0	0	0	0	0	0	0	0	0	0	0	0	0	0	0	0	0	0	0	0	0	0	0	0	0	0	0	0	0	0	0	0	0	0	0	0	0	0	0	0	
285384	Frontal_Inf_Orb_L	398	0	17740	0	12902	0	7166	0	14646	0	864	358	28686	0	0	0	524	96	3176	416	1538	0	644	0	0	0	98	0	22344	438	2200	782	0	0	0	0	1070	0	130	0	262	0	0	0	0	0	0	0	0	0	0	0	0	0	0	0	106	0	0	0	0	0	0	0	0	0	0	66	288	0	6546	1936	14238	212	0	122	0	158	0	0	144	0	2334	0	0	0	0	0	64	0	0	0	0	0	0	0	0	0	0	0	0	0	0	0	0	0	0	0	0	0	0	0	0	0	0	0	
94800	Frontal_Inf_Orb_R	0	0	72	4484	0	4260	0	832	0	5578	0	428	0	6302	0	0	0	0	968	1502	0	340	96	1182	0	332	0	798	0	10632	574	5968	0	750	0	0	0	0	0	0	0	152	0	0	0	0	0	0	0	0	0	0	0	0	0	0	0	0	0	0	0	0	0	0	0	0	0	0	0	0	78	844	0	922	0	0	0	0	0	0	0	102	0	204	0	0	0	0	0	0	0	0	0	0	0	0	0	0	0	0	0	0	0	0	0	0	0	0	0	0	0	0	0	0	0	0	
270908	Rolandic_Oper_L	10620	0	16542	0	0	0	4136	0	0	0	18372	0	1068	0	524	0	0	0	4590	198	0	0	0	0	0	0	0	0	25430	0	0	0	0	0	0	0	3428	0	182	0	0	0	0	0	0	0	0	0	134	0	1718	0	104	0	596	0	7328	0	566	0	1390	0	1656	0	1506	0	0	0	1082	0	442	290	3852	0	868	0	530	0	4342	0	6758	0	12808	0	2994	0	0	0	1400	0	0	0	0	0	0	0	0	0	0	0	0	0	0	0	0	0	0	0	0	0	0	0	0	0	0	0	
139992	Rolandic_Oper_R	70	1710	876	7932	0	0	92	3538	0	0	0	5562	738	308	96	0	0	0	606	4108	0	0	0	0	0	0	0	0	902	19348	88	72	0	0	0	0	0	2506	0	918	0	0	0	0	0	540	0	0	0	586	0	138	0	0	0	980	0	3974	0	0	0	76	0	1894	0	140	0	740	80	160	1054	592	110	5362	0	466	0	138	0	1100	0	1232	0	290	0	716	0	0	0	158	0	0	0	0	0	0	0	0	0	0	0	0	0	0	0	0	0	0	0	0	0	0	0	0	0	0	
546524	Supp_Motor_Area_L	12242	5100	47588	12728	0	0	7158	878	72	0	9994	1852	6054	3854	3176	968	4590	606	0	30220	0	0	7276	1806	0	0	0	0	15266	4130	6066	9106	11252	18574	234	0	1364	150	0	0	0	0	0	0	0	0	0	0	0	0	0	0	0	0	0	0	2140	966	0	0	828	0	1876	0	0	0	112	100	13192	116	3288	10246	7880	642	2016	78	828	2786	218	0	794	0	2852	0	0	0	0	0	0	0	0	0	0	0	0	0	0	0	0	0	0	0	0	0	0	0	0	0	0	0	0	0	0	0	0	0	
617788	Supp_Motor_Area_R	4322	10450	5192	54260	0	0	230	5472	0	0	328	11430	520	9142	416	1502	198	4108	30220	0	0	0	1674	3814	0	0	0	0	956	12466	5126	18458	6162	47426	984	1220	160	1538	0	472	0	0	0	308	0	420	0	0	0	632	0	210	0	78	0	554	632	6372	128	374	78	0	0	136	0	134	212	5228	12822	12652	958	15452	732	6004	136	1314	406	3760	0	146	0	194	138	0	0	438	0	0	0	0	0	0	0	0	0	0	0	0	0	0	0	0	0	0	0	0	0	0	0	0	0	0	0	0	0	0	
67084	Olfactory_L	0	0	134	0	1296	0	0	0	230	0	0	0	0	0	1538	0	0	0	0	0	0	5298	0	0	480	954	2816	1352	2752	0	1994	2108	0	0	0	0	516	0	534	0	620	0	0	0	0	0	0	0	0	0	0	0	0	0	0	0	0	0	0	0	0	0	0	0	0	0	0	0	0	0	5426	2616	1906	0	0	0	0	0	0	0	0	0	972	0	0	0	0	0	0	0	0	0	0	0	0	0	0	0	0	0	0	0	0	0	0	0	0	0	0	0	0	0	0	0	0	0	
68788	Olfactory_R	0	0	0	0	174	444	0	0	0	0	0	0	0	0	0	340	0	0	0	0	5298	0	0	0	520	1418	2992	2368	0	1484	2580	3412	0	0	0	0	0	0	0	0	0	556	0	0	0	0	0	0	0	0	0	0	0	0	0	0	0	0	0	0	0	0	0	0	0	0	0	0	0	0	6864	4040	1904	0	0	0	0	0	0	0	0	0	0	0	0	0	0	0	0	0	0	0	0	0	0	0	0	0	0	0	0	0	0	0	0	0	0	0	0	0	0	0	0	0	0	0	
335568	Frontal_Sup_Medial_L	66	0	41868	6890	3890	656	12472	406	98	0	298	218	1282	140	644	96	0	0	7276	1674	0	0	0	19048	1820	624	366	0	1982	378	30604	13716	12008	7098	0	0	0	0	0	0	0	0	0	0	0	0	0	0	0	0	0	0	0	0	0	0	0	0	0	0	0	0	0	0	0	0	0	0	0	0	288	458	1126	294	0	0	0	0	0	0	0	0	0	0	0	0	0	0	0	0	0	0	0	0	0	0	0	0	0	0	0	0	0	0	0	0	0	0	0	0	0	0	0	0	0	0	
262768	Frontal_Sup_Medial_R	0	0	4328	24576	106	4608	330	2490	0	114	0	676	84	980	0	1182	0	0	1806	3814	0	0	19048	0	152	3940	0	142	100	2160	7958	30476	1094	14784	0	0	0	0	0	0	0	0	0	0	0	0	0	0	0	0	0	0	0	0	0	0	0	0	0	0	0	0	0	0	0	0	0	0	0	0	0	2004	0	4432	0	0	0	0	0	0	0	0	0	0	0	0	0	0	0	0	0	0	0	0	0	0	0	0	0	0	0	0	0	0	0	0	0	0	0	0	0	0	0	0	0	0	
31508	Frontal_Med_Orb_L	0	0	558	0	3760	90	0	0	180	0	0	0	0	0	0	0	0	0	0	0	480	520	1820	152	0	1126	1850	264	0	0	3234	500	0	0	0	0	0	0	0	0	0	0	0	0	0	0	0	0	0	0	0	0	0	0	0	0	0	0	0	0	0	0	0	0	0	0	0	0	0	0	744	124	352	0	0	0	0	0	0	0	0	0	0	0	0	0	0	0	0	0	0	0	0	0	0	0	0	0	0	0	0	0	0	0	0	0	0	0	0	0	0	0	0	0	0	0	
76488	Frontal_Med_Orb_R	0	0	136	1330	380	8334	0	0	0	360	0	0	0	0	0	332	0	0	0	0	954	1418	624	3940	1126	0	638	5710	0	370	1564	5298	0	0	0	0	0	0	0	0	0	0	0	0	0	0	0	0	0	0	0	0	0	0	0	0	0	0	0	0	0	0	0	0	0	0	0	0	0	0	918	1962	90	2760	0	0	0	0	0	0	0	0	0	0	0	0	0	0	0	0	0	0	0	0	0	0	0	0	0	0	0	0	0	0	0	0	0	0	0	0	0	0	0	0	0	0	
51964	Rectus_L	0	0	176	0	4892	0	0	0	1980	0	0	0	0	0	98	0	0	0	0	0	2816	2992	366	0	1850	638	0	712	0	0	2670	1208	0	0	0	0	0	0	0	0	0	0	0	0	0	0	0	0	0	0	0	0	0	0	0	0	0	0	0	0	0	0	0	0	0	0	0	0	0	0	3348	1234	1002	0	0	0	0	0	0	0	0	0	0	0	0	0	0	0	0	0	0	0	0	0	0	0	0	0	0	0	0	0	0	0	0	0	0	0	0	0	0	0	0	0	0	0	
58880	Rectus_R	0	0	0	302	68	8096	0	0	0	898	0	0	0	0	0	798	0	0	0	0	1352	2368	0	142	264	5710	712	0	0	686	686	2318	0	0	0	0	0	0	0	0	0	0	0	0	0	0	0	0	0	0	0	0	0	0	0	0	0	0	0	0	0	0	0	0	0	0	0	0	0	0	1322	2116	396	1206	0	0	0	0	0	0	0	0	0	0	0	0	0	0	0	0	0	0	0	0	0	0	0	0	0	0	0	0	0	0	0	0	0	0	0	0	0	0	0	0	0	0	
737212	Insula_L	15204	140	44420	186	4954	0	18056	0	4888	0	32658	2550	38290	82	22344	0	25430	902	15266	956	2752	0	1982	100	0	0	0	0	0	2430	8410	3972	586	134	0	0	18110	166	618	102	1936	0	0	0	64	66	0	0	0	70	412	0	0	0	1664	88	5376	80	492	0	944	0	488	0	640	0	0	96	2388	0	12858	6484	28024	648	1154	114	2266	454	7044	0	8406	0	17234	88	1486	0	0	0	1854	0	0	0	0	0	0	0	0	0	0	0	0	0	0	0	0	0	0	0	0	0	0	0	0	0	0	0	
443372	Insula_R	120	1380	2474	23688	0	1496	278	6894	0	230	66	16004	1986	18880	438	10632	0	19348	4130	12466	0	1484	378	2160	0	370	0	686	2430	0	2384	16702	256	3714	0	0	0	9664	0	4652	0	1800	0	70	0	824	0	0	0	940	0	664	0	0	0	6162	0	1574	0	0	0	0	0	898	0	316	0	848	130	220	2486	5562	308	20538	0	248	0	1662	0	886	0	3178	0	540	0	4244	0	0	0	2006	0	0	0	0	0	0	0	70	0	122	0	0	0	0	0	0	0	0	0	0	0	0	0	0	0	0	
394660	Cingulum_Ant_L	78	0	27194	6386	4808	896	7994	240	418	0	1300	1234	7910	954	2200	574	0	88	6066	5126	1994	2580	30604	7958	3234	1564	2670	686	8410	2384	0	25298	10352	4446	0	0	0	0	0	0	0	0	0	0	0	0	0	0	0	0	0	0	0	0	0	0	0	0	0	0	0	0	0	0	0	0	0	0	0	0	7888	8602	4130	1000	0	0	0	64	0	0	0	0	0	0	0	0	0	0	0	0	0	0	0	0	0	0	0	0	0	0	0	0	0	0	0	0	0	0	0	0	0	0	0	0	0	0	
578108	Cingulum_Ant_R	0	0	7780	40568	254	4178	514	4218	0	100	1824	3844	3500	8358	782	5968	0	72	9106	18458	2108	3412	13716	30476	500	5298	1208	2318	3972	16702	25298	0	3218	25298	0	0	0	64	0	0	0	0	0	0	0	0	0	0	0	0	0	0	0	0	0	0	0	0	0	0	0	0	0	0	0	0	0	0	0	0	7124	24740	1110	12868	0	0	0	100	0	0	0	0	0	0	0	0	0	0	0	0	0	0	0	0	0	0	0	0	0	0	0	0	0	0	0	0	0	0	0	0	0	0	0	0	0	0	
193096	Cingulum_Mid_L	0	464	8604	1980	0	0	4704	64	0	0	90	172	278	0	0	0	0	0	11252	6162	0	0	12008	1094	0	0	0	0	586	256	10352	3218	0	13330	4128	896	0	0	0	0	0	0	0	0	424	0	0	0	1044	0	636	0	0	0	0	0	146	414	186	0	0	0	0	0	0	0	4194	1068	6800	1060	0	752	108	0	0	0	0	78	0	0	0	0	0	0	0	0	0	0	0	0	0	0	0	0	0	0	0	0	0	0	0	0	0	0	0	0	0	0	0	0	0	0	0	0	0	0	
474332	Cingulum_Mid_R	3576	1036	2492	22718	0	0	242	2276	0	0	0	1740	72	3976	0	750	0	0	18574	47426	0	0	7098	14784	0	0	0	0	134	3714	4446	25298	13330	0	2308	4764	80	316	0	0	0	0	0	1124	0	1004	0	0	64	98	130	776	0	422	0	218	1382	5920	326	340	190	0	0	0	0	0	1074	9466	13174	14684	234	2076	150	190	0	0	260	1786	0	0	0	0	0	0	0	928	0	0	0	0	0	0	0	0	0	0	0	0	0	0	0	0	0	0	0	0	0	0	0	0	0	0	0	0	0	0	
92608	Cingulum_Post_L	0	202	0	0	0	0	0	0	0	0	0	0	0	0	0	0	0	0	234	984	0	0	0	0	0	0	0	0	0	0	0	0	4128	2308	0	9544	3794	2176	650	206	0	0	1836	154	904	104	430	82	270	0	724	68	118	0	0	842	656	290	236	0	0	0	0	0	0	0	5784	3018	4090	1352	0	130	0	0	0	0	226	128	0	0	0	0	0	0	168	102	0	0	0	0	0	0	0	0	0	0	0	0	0	0	0	0	0	0	0	0	0	0	0	0	366	0	0	0	0	0	
101296	Cingulum_Post_R	0	0	0	0	0	0	0	0	0	0	0	0	0	0	0	0	0	0	0	1220	0	0	0	0	0	0	0	0	0	0	0	0	896	4764	9544	0	2746	3986	1208	504	0	0	0	1406	0	1072	88	360	0	464	0	942	0	220	0	2332	712	1532	110	0	70	0	0	0	0	0	734	8200	1436	2544	0	0	76	0	0	0	1154	782	0	0	0	0	0	0	0	800	0	0	0	184	0	0	0	0	0	0	0	0	0	0	0	0	0	0	0	0	0	0	0	0	562	0	0	0	0	0	
275028	Hippocampus_L	7540	0	4820	0	0	0	2224	0	134	0	2764	0	664	0	1070	0	3428	0	1364	160	516	0	0	0	0	0	0	0	18110	0	0	0	0	80	3794	2746	0	1596	7774	88	5012	0	1264	0	354	0	1632	0	86	0	496	0	72	0	10188	0	1686	0	236	0	500	0	396	0	440	0	2112	1034	5896	78	0	74	12988	0	208	0	8542	1358	5092	0	4886	0	3732	0	1590	0	0	0	8118	0	0	0	0	0	0	0	192	0	0	0	0	0	0	0	0	0	0	0	0	74	306	0	0	0	0	0	
256392	Hippocampus_R	196	2880	94	882	0	0	0	0	0	0	0	74	92	0	0	0	0	2506	150	1538	0	0	0	0	0	0	0	0	166	9664	0	64	0	316	2176	3986	1596	0	1134	23446	0	7102	0	150	0	672	64	1982	0	736	0	176	0	0	0	26902	318	988	68	0	0	0	0	764	0	100	0	2344	550	1320	120	324	162	12646	0	1212	1540	5200	0	668	0	1806	0	2340	0	1648	0	0	0	4012	0	0	0	0	0	0	0	682	0	466	0	0	0	0	0	0	0	0	0	0	174	0	0	0	0	0	
68980	ParaHippocampal_L	0	0	70	0	188	0	0	0	0	0	0	0	0	0	130	0	182	0	0	0	534	0	0	0	0	0	0	0	618	0	0	0	0	0	650	1208	7774	1134	0	120	1024	0	630	0	0	0	4688	90	0	0	376	0	0	0	5838	0	156	0	0	0	114	0	84	0	168	0	1864	458	100	0	0	0	140	0	0	0	1568	812	206	0	120	0	374	0	178	0	186	0	716	0	298	0	122	0	0	80	878	0	486	0	0	0	0	0	0	0	0	0	0	128	0	0	0	0	0	0	
179028	ParaHippocampal_R	0	174	0	534	0	0	0	0	0	0	0	0	84	0	0	0	0	918	0	472	0	0	0	0	0	0	0	0	102	4652	0	0	0	0	206	504	88	23446	120	0	0	4446	0	180	0	176	0	5202	0	206	0	102	0	0	0	25022	126	178	0	0	0	0	0	0	0	0	0	1668	0	140	106	182	0	8290	0	928	0	1410	0	152	0	712	0	2192	0	672	0	870	0	2278	0	138	0	0	0	88	0	1842	0	528	0	0	0	0	0	0	0	0	0	0	380	0	0	0	0	0	
25972	Amygdala_L	0	0	0	0	0	0	0	0	0	0	0	0	0	0	262	0	0	0	0	0	620	0	0	0	0	0	0	0	1936	0	0	0	0	0	0	0	5012	0	1024	0	0	0	0	0	0	0	0	0	0	0	0	0	0	0	1978	0	0	0	0	0	0	0	0	0	0	0	0	0	120	0	0	0	588	0	0	0	180	0	0	0	0	0	800	0	0	0	0	0	466	0	0	0	0	0	0	0	0	0	0	0	0	0	0	0	0	0	0	0	0	0	0	0	0	0	0	0	
62284	Amygdala_R	0	0	0	0	0	0	0	0	0	0	0	0	0	0	0	152	0	0	0	0	0	556	0	0	0	0	0	0	0	1800	0	0	0	0	0	0	0	7102	0	4446	0	0	0	0	0	0	0	0	0	0	0	0	0	0	0	8210	0	0	0	0	0	0	0	0	0	0	0	0	0	0	0	74	0	1370	0	0	0	244	0	0	0	0	0	4104	0	268	0	276	0	2240	0	0	0	0	0	0	0	174	0	126	0	0	0	0	0	0	0	0	0	0	0	0	0	0	0	0	
150276	Calcarine_L	0	0	0	0	0	0	0	0	0	0	0	0	0	0	0	0	0	0	0	0	0	0	0	0	0	0	0	0	0	0	0	0	0	0	1836	0	1264	0	630	0	0	0	0	4326	10406	2572	10620	1088	8244	1100	15322	200	5630	122	2544	72	0	0	158	0	0	0	0	0	166	0	6316	174	0	0	0	0	0	0	0	0	0	0	0	0	0	0	0	0	812	0	0	0	206	0	72	0	0	0	0	0	566	0	304	70	0	0	0	0	0	0	0	0	0	0	242	76	0	0	0	0	
321832	Calcarine_R	0	372	0	0	0	0	0	0	0	0	0	0	0	0	0	0	0	0	0	308	0	0	0	0	0	0	0	0	0	70	0	0	0	1124	154	1406	0	150	0	180	0	0	4326	0	1888	22764	2948	15062	0	20904	0	19392	0	12386	0	7544	0	3700	0	2586	0	398	0	0	0	414	880	20844	192	3298	0	0	0	72	0	0	0	0	0	0	0	0	0	0	0	12484	0	0	0	1848	256	72	156	0	0	0	126	546	214	338	0	0	0	0	0	0	0	0	0	0	490	644	258	0	0	122	
152892	Cuneus_L	0	0	0	0	0	0	0	0	0	0	0	0	0	0	0	0	0	0	0	0	0	0	0	0	0	0	0	0	64	0	0	0	424	0	904	0	354	0	0	0	0	0	10406	1888	0	3946	2162	152	20448	800	16090	0	4474	122	380	0	154	0	1680	0	110	0	0	0	68	0	8884	504	648	0	0	0	0	0	0	0	0	0	0	0	0	0	0	0	1140	0	0	0	644	0	0	0	0	0	0	0	0	0	0	0	0	0	0	0	0	0	0	0	0	0	0	0	0	0	0	0	
325660	Cuneus_R	0	1544	96	0	0	0	0	0	0	0	0	0	0	0	0	0	0	540	0	420	0	0	0	0	0	0	0	0	66	824	0	0	0	1004	104	1072	0	672	0	176	0	0	2572	22764	3946	0	1224	2700	264	43440	0	14916	0	4504	0	1492	0	8094	0	2484	0	1126	0	468	0	1622	3050	29522	0	3900	0	72	76	998	0	306	0	114	0	152	0	200	0	0	0	4636	0	0	0	1156	84	0	0	0	0	0	0	0	66	94	0	0	0	0	0	0	0	0	0	0	0	162	108	0	0	0	
223564	Lingual_L	0	0	0	0	0	0	0	0	0	0	0	0	0	0	0	0	0	0	0	0	0	0	0	0	0	0	0	0	0	0	0	0	0	0	430	88	1632	64	4688	0	0	0	10620	2948	2162	1224	0	3918	1892	846	9442	204	5308	86	17102	80	0	0	0	0	0	0	0	0	0	0	3722	150	0	0	0	0	0	0	0	0	0	0	82	0	144	0	0	0	250	0	0	0	610	0	7284	504	2726	308	162	0	11892	116	14812	574	130	0	332	0	0	0	0	0	0	96	2264	2258	632	0	0	0	
313620	Lingual_R	0	0	0	0	0	0	0	0	0	0	0	0	0	0	0	0	0	0	0	0	0	0	0	0	0	0	0	0	0	0	0	0	0	0	82	360	0	1982	90	5202	0	0	1088	15062	152	2700	3918	0	0	3692	0	1734	0	3648	946	19758	0	0	0	0	0	0	0	0	0	0	0	5288	0	72	0	0	0	0	0	0	0	0	0	0	0	0	0	0	0	418	0	0	0	324	4596	8646	2796	2032	686	990	4450	10156	7796	14252	276	0	586	96	614	1154	0	0	480	838	10638	12428	4698	272	772	1042	
167308	Occipital_Sup_L	0	0	0	0	0	0	0	0	0	0	0	0	0	0	0	0	134	0	0	0	0	0	0	0	0	0	0	0	0	0	0	0	1044	64	270	0	86	0	0	0	0	0	8244	0	20448	264	1892	0	0	0	27466	0	4202	0	196	0	232	0	7838	0	168	0	0	0	360	0	8204	146	514	0	0	0	0	0	0	0	0	0	0	0	92	0	0	0	1124	0	0	0	666	0	0	0	0	0	0	0	0	0	0	0	0	0	0	0	0	0	0	0	0	0	0	0	0	0	0	0	
358904	Occipital_Sup_R	0	2190	90	0	0	0	0	0	0	0	0	0	0	0	0	0	0	586	0	632	0	0	0	0	0	0	0	0	70	940	0	0	0	98	0	464	0	736	0	206	0	0	1100	20904	800	43440	846	3692	0	0	0	25278	0	8546	0	2762	0	8484	0	5306	0	3746	0	728	0	6006	1566	27002	0	4280	64	86	90	1096	0	368	0	126	0	190	0	414	0	0	0	4632	0	0	0	1252	98	0	68	0	0	0	0	0	76	104	0	0	0	0	0	0	0	0	0	0	0	172	118	0	0	0	
364724	Occipital_Mid_L	314	0	0	0	0	0	0	0	0	0	0	0	0	0	0	0	1718	0	0	0	0	0	0	0	0	0	0	0	412	0	0	0	636	130	724	0	496	0	376	0	0	0	15322	0	16090	0	9442	0	27466	0	0	0	30890	0	6384	0	1774	0	12218	0	10654	0	178	0	15476	0	7572	0	534	126	0	0	0	0	0	0	0	0	796	0	776	0	0	0	15734	0	0	0	5670	0	0	0	0	0	0	0	218	0	236	0	0	0	0	0	0	0	0	0	0	0	0	0	0	0	0	0	
284736	Occipital_Mid_R	0	214	0	0	0	0	0	0	0	0	0	0	0	0	0	0	0	138	0	210	0	0	0	0	0	0	0	0	0	664	0	0	0	776	68	942	0	176	0	102	0	0	200	19392	0	14916	204	1734	0	25278	0	0	0	14496	0	3974	0	4876	0	2056	0	2308	0	132	0	9026	380	13426	198	2574	0	0	0	182	0	0	0	0	0	0	0	0	0	0	0	19466	0	0	0	4260	0	0	0	0	0	0	0	0	0	0	0	0	0	0	0	0	0	0	0	0	0	0	0	0	0	0	
148180	Occipital_Inf_L	0	0	0	0	0	0	0	0	0	0	0	0	0	0	0	0	104	0	0	0	0	0	0	0	0	0	0	0	0	0	0	0	0	0	118	0	72	0	0	0	0	0	5630	0	4474	0	5308	0	4202	0	30890	0	0	0	7370	0	266	0	172	0	558	0	64	0	1634	0	1768	0	0	0	0	0	0	0	0	0	0	0	0	0	104	0	0	0	5914	0	0	0	5362	0	0	0	0	0	0	0	0	0	80	0	0	0	0	0	0	0	0	0	0	0	0	0	0	0	0	0	
141104	Occipital_Inf_R	0	76	0	0	0	0	0	0	0	0	0	0	0	0	0	0	0	0	0	78	0	0	0	0	0	0	0	0	0	0	0	0	0	422	0	220	0	0	0	0	0	0	122	12386	122	4504	86	3648	0	8546	0	14496	0	0	0	7768	0	946	0	0	0	0	0	0	0	1058	0	3598	88	1038	0	0	0	0	0	0	0	0	0	0	0	0	0	0	0	6010	0	0	0	5164	0	0	0	0	0	0	0	0	0	96	0	0	0	0	0	0	0	0	0	0	0	80	0	0	0	0	
287704	Fusiform_L	196	0	144	0	0	0	0	0	0	0	102	0	0	0	0	0	596	0	0	0	0	0	0	0	0	0	0	0	1664	0	0	0	0	0	0	0	10188	0	5838	0	1978	0	2544	0	380	0	17102	946	196	0	6384	0	7370	0	0	0	64	0	168	0	658	0	124	0	1246	0	2164	0	130	0	0	0	292	0	0	0	140	0	2634	0	5156	0	1160	0	4772	0	670	0	14768	0	15790	246	1900	156	0	0	10986	0	22144	184	152	0	148	0	0	0	0	0	0	0	910	1146	316	0	0	0	
417224	Fusiform_R	0	356	0	518	0	0	0	0	0	0	0	0	84	0	0	0	0	980	0	554	0	0	0	0	0	0	0	0	88	6162	0	0	0	218	842	2332	0	26902	0	25022	0	8210	72	7544	0	1492	80	19758	0	2762	0	3974	0	7768	0	0	496	790	0	0	0	174	0	110	0	426	0	4440	588	872	100	146	0	9838	0	376	0	0	0	184	0	1064	0	6280	0	5346	0	2100	0	16316	214	11622	136	462	170	118	400	8896	570	14672	0	74	78	126	144	170	0	0	90	176	2454	1684	782	84	126	0	
246964	Postcentral_L	28796	684	4984	0	0	0	1232	0	0	0	6006	0	1334	0	106	0	7328	0	2140	632	0	0	0	0	0	0	0	0	5376	0	0	0	146	1382	656	712	1686	318	156	126	0	0	0	0	154	0	0	0	232	0	1774	0	266	0	64	496	0	388	8204	0	16812	0	8910	0	1014	0	1478	338	3324	1218	624	1658	868	0	168	0	334	1734	2486	0	4410	0	1828	0	762	0	0	0	138	0	0	0	0	0	0	0	0	0	0	0	0	0	0	0	0	0	0	0	0	0	0	0	0	0	0	0	
261188	Postcentral_R	686	13472	174	1488	0	0	0	86	0	0	0	1342	0	0	0	0	0	3974	966	6372	0	0	0	0	0	0	0	0	80	1574	0	0	414	5920	290	1532	0	988	0	178	0	0	0	3700	0	8094	0	0	0	8484	0	4876	0	946	0	790	388	0	154	3538	92	3908	0	7324	0	1064	892	20444	2738	17194	68	588	72	1182	0	298	0	726	0	96	0	338	0	0	0	2484	0	0	0	580	0	0	0	0	0	0	0	0	0	0	0	0	0	0	0	0	0	0	0	0	0	0	0	0	0	0	
127084	Parietal_Sup_L	564	0	0	0	0	0	0	0	0	0	0	0	0	0	0	0	566	0	0	128	0	0	0	0	0	0	0	0	492	0	0	0	186	326	236	110	236	68	0	0	0	0	158	0	1680	0	0	0	7838	0	12218	0	172	0	168	0	8204	154	0	0	13208	0	0	0	6348	0	8118	138	328	350	0	0	0	0	0	0	0	0	442	0	236	0	0	0	586	0	0	0	284	0	0	0	0	0	0	0	0	0	0	0	0	0	0	0	0	0	0	0	0	0	0	0	0	0	0	0	
62988	Parietal_Sup_R	0	70	0	0	0	0	0	0	0	0	0	0	0	0	0	0	0	0	0	374	0	0	0	0	0	0	0	0	0	0	0	0	0	340	0	0	0	0	0	0	0	0	0	2586	0	2484	0	0	0	5306	0	2056	0	0	0	0	0	3538	0	0	0	2032	0	64	0	2658	292	7584	0	1524	0	0	0	0	0	0	0	0	0	0	0	0	0	0	0	586	0	0	0	0	0	0	0	0	0	0	0	0	0	0	0	0	0	0	0	0	0	0	0	0	0	0	0	0	0	0	
203188	Parietal_Inf_L	5786	0	604	0	0	0	498	0	0	0	302	0	0	0	0	0	1390	0	828	78	0	0	0	0	0	0	0	0	944	0	0	0	0	190	0	70	500	0	114	0	0	0	0	0	110	0	0	0	168	0	10654	0	558	0	658	0	16812	92	13208	0	0	0	11298	0	22140	0	576	78	796	200	72	368	0	0	0	0	0	376	406	0	750	0	0	0	8048	0	0	0	2922	0	0	0	0	0	0	0	0	0	0	0	0	0	0	0	0	0	0	0	0	0	0	0	0	0	0	0	
86372	Parietal_Inf_R	0	852	0	0	0	0	0	0	0	0	0	0	0	0	0	0	0	76	0	0	0	0	0	0	0	0	0	0	0	0	0	0	0	0	0	0	0	0	0	0	0	0	0	398	0	1126	0	0	0	3746	0	2308	0	0	0	174	0	3908	0	2032	0	0	0	7524	0	14442	0	2478	0	166	0	0	0	0	0	0	0	0	0	0	0	1164	0	0	0	1964	0	0	0	828	0	0	0	0	0	0	0	0	0	0	0	0	0	0	0	0	0	0	0	0	0	0	0	0	0	0	
90276	SupraMarginal_L	4000	0	1648	0	0	0	334	0	0	0	248	0	0	0	0	0	1656	0	1876	0	0	0	0	0	0	0	0	0	488	0	0	0	0	0	0	0	396	0	84	0	0	0	0	0	0	0	0	0	0	0	178	0	64	0	124	0	8910	0	0	0	11298	0	0	0	2746	0	0	0	566	0	122	570	0	0	0	0	0	568	126	0	5676	0	0	0	2358	0	0	0	1102	0	0	0	0	0	0	0	0	0	0	0	0	0	0	0	0	0	0	0	0	0	0	0	0	0	0	0	
98948	SupraMarginal_R	0	1170	0	0	0	0	0	0	0	0	0	0	0	0	0	0	0	1894	0	136	0	0	0	0	0	0	0	0	0	898	0	0	0	0	0	0	0	764	0	0	0	0	0	0	0	468	0	0	0	728	0	132	0	0	0	110	0	7324	0	64	0	7524	0	0	0	11552	0	746	0	140	0	0	0	0	0	0	0	0	0	0	0	7194	0	0	0	6996	0	0	0	1634	0	0	0	0	0	0	0	0	0	0	0	0	0	0	0	0	0	0	0	0	0	0	0	0	0	0	
171852	Angular_L	340	0	0	0	0	0	0	0	0	0	0	0	0	0	0	0	1506	0	0	0	0	0	0	0	0	0	0	0	640	0	0	0	0	0	0	0	440	0	168	0	0	0	166	0	68	0	0	0	360	0	15476	0	1634	0	1246	0	1014	0	6348	0	22140	0	2746	0	0	0	72	0	0	0	0	0	0	0	0	0	0	0	512	0	2356	0	0	0	18452	0	0	0	10242	0	0	0	0	0	0	0	0	0	0	0	0	0	0	0	0	0	0	0	0	0	0	0	0	0	0	0	
151376	Angular_R	0	468	0	0	0	0	0	0	0	0	0	0	0	0	0	0	0	140	0	134	0	0	0	0	0	0	0	0	0	316	0	0	0	0	0	0	0	100	0	0	0	0	0	414	0	1622	0	0	0	6006	0	9026	0	1058	0	426	0	1064	0	2658	0	14442	0	11552	0	0	0	3264	0	268	0	0	0	0	0	0	0	0	0	128	0	6832	0	0	0	11460	0	0	0	4310	0	0	0	0	0	0	0	0	0	0	0	0	0	0	0	0	0	0	0	0	0	0	0	0	0	0	
169008	Precuneus_L	0	0	0	0	0	0	0	0	0	0	0	0	0	0	0	0	0	0	112	212	0	0	0	0	0	0	0	0	0	0	0	0	4194	1074	5784	734	2112	0	1864	0	0	0	6316	880	8884	3050	3722	0	8204	1566	7572	380	1768	0	2164	0	1478	892	8118	292	576	0	0	0	72	0	0	6300	3160	874	0	80	0	0	0	0	0	72	0	0	72	0	0	0	614	588	0	0	194	0	0	0	0	0	0	0	530	0	0	0	0	0	0	0	0	0	0	0	0	0	0	0	0	0	0	0	
452620	Precuneus_R	636	2750	130	0	0	0	0	0	0	0	0	0	68	0	66	0	0	740	100	5228	0	0	0	0	0	0	0	0	96	848	0	0	1068	9466	3018	8200	1034	2344	458	1668	0	0	174	20844	504	29522	150	5288	146	27002	0	13426	0	3598	0	4440	338	20444	138	7584	78	2478	0	746	0	3264	6300	0	2888	17654	88	446	110	1232	0	400	242	754	0	170	0	408	0	0	0	10226	0	0	0	1592	0	700	0	0	0	186	0	1806	0	890	0	0	0	0	0	144	0	0	0	0	1914	78	0	0	0	0	
345880	Paracentral_Lobule_L	28376	6000	7160	1550	0	0	158	0	0	0	568	0	290	0	288	0	1082	80	13192	12822	0	0	0	0	0	0	0	0	2388	130	0	0	6800	13174	4090	1436	5896	550	100	0	120	0	0	192	648	0	0	0	514	0	534	198	0	88	130	588	3324	2738	328	0	796	0	566	0	0	0	3160	2888	0	6490	1768	3632	6776	148	3562	0	21206	4118	720	0	342	0	560	0	184	274	0	0	218	0	0	0	0	0	0	0	0	0	0	0	0	0	0	0	0	0	0	0	0	0	0	0	0	0	0	0	
214344	Paracentral_Lobule_R	1192	4610	0	0	0	0	0	0	0	0	0	0	0	0	0	0	0	160	116	12652	0	0	0	0	0	0	0	0	0	220	0	0	1060	14684	1352	2544	78	1320	0	140	0	0	0	3298	0	3900	0	72	0	4280	126	2574	0	1038	0	872	1218	17194	350	1524	200	166	0	140	0	268	874	17654	6490	0	0	600	0	132	0	0	284	684	0	122	0	218	0	0	0	2482	0	0	0	284	0	0	0	0	0	0	0	0	0	0	0	0	0	0	0	0	0	0	0	0	0	0	0	0	0	0	
255124	Caudate_L	944	1092	5606	138	1634	0	1604	0	808	0	2094	2688	11744	102	6546	78	442	1054	3288	958	5426	6864	288	0	744	918	3348	1322	12858	2486	7888	7124	0	234	0	0	0	120	0	106	0	0	0	0	0	0	0	0	0	64	0	0	0	0	0	100	624	68	0	0	72	0	122	0	0	0	0	88	1768	0	0	12208	11232	604	1590	0	6228	1728	0	0	70	0	342	108	0	0	0	0	0	0	0	0	0	0	0	0	0	0	0	0	0	0	0	0	0	0	0	0	0	0	0	0	0	0	0	0	
394952	Caudate_R	3472	5250	8006	8492	82	1518	656	98	0	0	2486	2602	5466	1748	1936	844	290	592	10246	15452	2616	4040	458	2004	124	1962	1234	2116	6484	5562	8602	24740	752	2076	130	0	74	324	0	182	0	74	0	0	0	72	0	0	0	86	0	0	0	0	0	146	1658	588	0	0	368	0	570	0	0	0	80	446	3632	600	12208	0	2840	13742	342	1728	850	24338	0	0	136	0	256	0	0	0	0	0	0	0	0	0	0	0	0	0	0	0	0	0	0	0	0	0	0	0	0	0	0	0	0	0	0	0	0	0	
373380	Putamen_L	8950	102	21714	0	7728	0	6322	0	3292	0	5764	258	11812	0	14238	0	3852	110	7880	732	1906	1904	1126	0	352	90	1002	396	28024	308	4130	1110	108	150	0	76	12988	162	140	0	588	0	0	0	0	76	0	0	0	90	0	0	0	0	292	0	868	72	0	0	0	0	0	0	0	0	0	110	6776	0	11232	2840	0	180	7178	140	4238	350	160	0	810	0	3480	0	0	0	0	0	484	0	0	0	0	0	0	0	0	0	0	0	0	0	0	0	0	0	0	0	0	0	0	0	0	0	0	0	
270980	Putamen_R	132	992	772	10080	0	4052	0	170	0	192	0	1424	582	594	212	922	0	5362	642	6004	0	0	294	4432	0	2760	0	1206	648	20538	1000	12868	0	190	0	0	0	12646	0	8290	0	1370	0	72	0	998	0	0	0	1096	0	182	0	0	0	9838	0	1182	0	0	0	0	0	0	0	0	0	1232	148	132	604	13742	180	0	0	1852	0	1506	0	200	0	1046	0	0	0	984	0	0	0	1828	0	0	0	0	0	0	0	104	0	190	0	0	0	0	0	0	0	0	0	0	0	0	0	0	0	0	
59108	Pallidum_L	3948	404	3248	0	0	0	612	0	0	0	1030	0	0	0	0	0	868	0	2016	136	0	0	0	0	0	0	0	0	1154	0	0	0	0	0	0	0	208	0	0	0	0	0	0	0	0	0	0	0	0	0	0	0	0	0	0	0	168	0	0	0	0	0	0	0	0	0	0	0	3562	0	1590	342	7178	0	0	0	2040	302	0	0	0	0	748	0	0	0	0	0	0	0	0	0	0	0	0	0	0	0	0	0	0	0	0	0	0	0	0	0	0	0	0	0	0	0	0	0	
22540	Pallidum_R	0	246	140	338	0	0	0	0	0	0	0	242	122	0	122	0	0	466	78	1314	0	0	0	0	0	0	0	0	114	248	0	0	0	0	0	0	0	1212	0	928	0	0	0	0	0	306	0	0	0	368	0	0	0	0	0	376	0	298	0	0	0	0	0	0	0	0	0	400	0	0	0	1728	140	1852	0	0	0	232	0	0	0	0	0	0	0	0	0	0	0	0	0	0	0	0	0	0	0	0	0	0	0	0	0	0	0	0	0	0	0	0	0	0	0	0	0	0	
135216	Thalamus_L	8782	860	522	0	0	0	448	0	0	0	326	0	0	0	0	0	530	0	828	406	0	0	0	0	0	0	0	0	2266	0	0	0	0	260	226	1154	8542	1540	1568	0	180	0	0	0	0	0	0	0	0	0	0	0	0	0	140	0	334	0	0	0	0	0	0	0	0	0	0	242	21206	284	6228	850	4238	0	2040	0	0	2310	184	0	538	0	148	0	254	0	0	0	174	0	0	0	0	0	0	0	0	0	0	0	0	0	0	0	0	0	0	0	0	0	0	0	0	0	0	0	
175148	Thalamus_R	3562	15848	1832	2860	0	0	180	90	0	0	270	0	232	0	158	0	0	138	2786	3760	0	0	0	0	0	0	0	0	454	1662	64	100	78	1786	128	782	1358	5200	812	1410	0	244	0	0	0	114	0	0	0	126	0	0	0	0	0	0	1734	726	0	0	376	0	568	0	0	0	72	754	4118	684	1728	24338	350	1506	302	232	2310	0	0	172	148	1042	0	0	0	380	0	0	0	0	0	0	0	0	0	0	0	0	0	0	0	0	0	0	0	0	0	0	0	0	0	0	0	0	0	0	
85844	Heschl_L	4930	0	980	0	0	0	286	0	0	0	960	0	106	0	0	0	4342	0	218	0	0	0	0	0	0	0	0	0	7044	0	0	0	0	0	0	0	5092	0	206	0	0	0	0	0	0	0	82	0	0	0	796	0	0	0	2634	0	2486	0	442	0	406	0	126	0	512	0	0	0	720	0	0	0	160	0	0	0	184	0	0	0	3832	0	594	0	3640	0	0	0	2144	0	0	0	0	0	0	0	0	0	0	0	0	0	0	0	0	0	0	0	0	0	0	0	0	0	0	0	
13756	Heschl_R	0	194	0	0	0	0	0	0	0	0	0	0	0	0	0	0	0	1100	0	146	0	0	0	0	0	0	0	0	0	886	0	0	0	0	0	0	0	668	0	152	0	0	0	0	0	152	0	0	0	190	0	0	0	0	0	184	0	96	0	0	0	0	0	0	0	128	0	170	0	122	0	0	0	200	0	0	0	172	0	0	0	1736	0	0	0	452	0	0	0	130	0	0	0	0	0	0	0	0	0	0	0	0	0	0	0	0	0	0	0	0	0	0	0	0	0	0	
180488	Temporal_Sup_L	2156	0	2582	0	0	0	630	0	0	0	2126	0	332	0	144	0	6758	0	794	0	0	0	0	0	0	0	0	0	8406	0	0	0	0	0	0	0	4886	0	120	0	0	0	0	0	0	0	144	0	92	0	776	0	104	0	5156	0	4410	0	236	0	750	0	5676	0	2356	0	72	0	342	0	70	136	810	0	0	0	538	148	3832	0	0	0	3566	0	18902	0	84	0	13110	0	0	0	0	0	0	0	0	0	0	0	0	0	0	0	0	0	0	0	0	0	0	0	0	0	0	0	
80552	Temporal_Sup_R	0	322	0	0	0	0	0	0	0	0	0	0	0	0	0	102	0	1232	0	194	0	0	0	0	0	0	0	0	0	3178	0	0	0	0	0	0	0	1806	0	712	0	0	0	0	0	200	0	0	0	414	0	0	0	0	0	1064	0	338	0	0	0	1164	0	7194	0	6832	0	408	0	218	0	0	0	1046	0	0	0	1042	0	1736	0	0	0	2046	0	8572	0	0	0	456	0	0	0	0	0	0	0	0	0	0	0	0	0	0	0	0	0	0	0	0	0	0	0	0	0	0	
200000	Temporal_Pole_Sup_L	3740	0	10470	0	134	0	1456	0	198	0	12586	0	354	0	2334	0	12808	0	2852	138	972	0	0	0	0	0	0	0	17234	0	0	0	0	0	0	0	3732	0	374	0	800	0	0	0	0	0	0	0	0	0	0	0	0	0	1160	0	1828	0	0	0	0	0	0	0	0	0	0	0	560	0	342	256	3480	0	748	0	148	0	594	0	3566	0	0	0	6120	0	5182	0	5834	0	0	0	0	0	0	0	0	0	0	0	0	0	0	0	0	0	0	0	0	0	0	0	0	0	0	0	
60976	Temporal_Pole_Sup_R	0	0	0	64	0	0	0	0	0	0	0	248	84	0	0	204	0	290	0	0	0	0	0	0	0	0	0	0	88	540	0	0	0	0	0	0	0	2340	0	2192	0	4104	0	0	0	0	0	0	0	0	0	0	0	0	0	6280	0	0	0	0	0	0	0	0	0	0	0	0	0	0	108	0	0	0	0	0	0	0	0	0	0	2046	0	0	0	1788	0	4696	0	5324	0	0	0	0	0	0	0	92	0	0	0	0	0	0	0	0	0	0	0	0	0	0	0	0	0	0	
283932	Temporal_Mid_L	316	0	0	0	0	0	0	0	0	0	0	0	0	0	0	0	2994	0	0	0	0	0	0	0	0	0	0	0	1486	0	0	0	0	0	168	0	1590	0	178	0	0	0	812	0	1140	0	250	0	1124	0	15734	0	5914	0	4772	0	762	0	586	0	8048	0	2358	0	18452	0	614	0	184	0	0	0	0	0	0	0	254	0	3640	0	18902	0	6120	0	0	0	3470	0	42098	0	0	0	0	0	0	0	0	0	0	0	0	0	0	0	0	0	0	0	0	0	0	0	0	0	0	0	
269888	Temporal_Mid_R	0	502	0	0	0	0	0	0	0	0	0	0	0	0	0	0	0	716	0	438	0	0	0	0	0	0	0	0	0	4244	0	0	0	928	102	800	0	1648	0	672	0	268	0	12484	0	4636	0	418	0	4632	0	19466	0	6010	0	5346	0	2484	0	586	0	1964	0	6996	0	11460	588	10226	274	2482	0	0	0	984	0	0	0	380	0	452	0	8572	0	1788	0	0	0	1614	0	20784	0	0	0	0	0	0	0	0	0	0	0	0	0	0	0	0	0	0	0	0	0	0	0	0	0	0	
26392	Temporal_Pole_Mid_L	0	0	0	0	0	0	0	0	0	0	0	0	0	0	0	0	0	0	0	0	0	0	0	0	0	0	0	0	0	0	0	0	0	0	0	0	0	0	186	0	0	0	0	0	0	0	0	0	0	0	0	0	0	0	670	0	0	0	0	0	0	0	0	0	0	0	0	0	0	0	0	0	0	0	0	0	0	0	0	0	84	0	5182	0	3470	0	0	0	3604	0	0	0	0	0	0	0	0	0	0	0	0	0	0	0	0	0	0	0	0	0	0	0	0	0	0	0	
28740	Temporal_Pole_Mid_R	0	0	0	0	0	0	0	0	0	0	0	0	0	0	0	0	0	0	0	0	0	0	0	0	0	0	0	0	0	0	0	0	0	0	0	0	0	0	0	870	0	276	0	0	0	0	0	0	0	0	0	0	0	0	0	2100	0	0	0	0	0	0	0	0	0	0	0	0	0	0	0	0	0	0	0	0	0	0	0	0	0	0	0	4696	0	1614	0	0	0	4814	0	0	0	0	0	0	0	0	0	0	0	0	0	0	0	0	0	0	0	0	0	0	0	0	0	0	
250232	Temporal_Inf_L	86	0	226	0	0	0	0	0	0	0	176	0	0	0	64	0	1400	0	0	0	0	0	0	0	0	0	0	0	1854	0	0	0	0	0	0	0	8118	0	716	0	466	0	206	0	644	0	610	0	666	0	5670	0	5362	0	14768	0	138	0	284	0	2922	0	1102	0	10242	0	194	0	218	0	0	0	484	0	0	0	174	0	2144	0	13110	0	5834	0	42098	0	3604	0	0	0	1242	0	64	0	0	0	0	0	230	0	0	0	0	0	0	0	0	0	0	0	0	0	0	0	0	0	
169260	Temporal_Inf_R	0	186	0	0	0	0	0	0	0	0	0	0	0	0	0	0	0	158	0	0	0	0	0	0	0	0	0	0	0	2006	0	0	0	0	0	184	0	4012	0	2278	0	2240	0	1848	0	1156	0	324	0	1252	0	4260	0	5164	0	16316	0	580	0	0	0	828	0	1634	0	4310	0	1592	0	284	0	0	0	1828	0	0	0	0	0	130	0	456	0	5324	0	20784	0	4814	0	0	0	682	0	0	0	0	0	0	0	0	0	0	0	0	0	0	0	0	0	0	0	0	0	0	0	0	
632064	Cerebelum_Crus1_L	0	0	0	0	0	0	0	0	0	0	0	0	0	0	0	0	0	0	0	0	0	0	0	0	0	0	0	0	0	0	0	0	0	0	0	0	0	0	298	0	0	0	72	256	0	84	7284	4596	0	98	0	0	0	0	15790	214	0	0	0	0	0	0	0	0	0	0	0	0	0	0	0	0	0	0	0	0	0	0	0	0	0	0	0	0	0	0	0	0	1242	0	0	10640	62986	13012	1734	732	25590	820	63320	6840	17490	3466	24534	5596	3596	2308	784	0	1702	2930	7198	9460	18310	1214	1660	176	
594300	Cerebelum_Crus1_R	0	0	0	0	0	0	0	0	0	0	0	0	0	0	0	0	0	0	0	0	0	0	0	0	0	0	0	0	0	0	0	0	0	0	0	0	0	0	0	138	0	0	0	72	0	0	504	8646	0	0	0	0	0	0	246	11622	0	0	0	0	0	0	0	0	0	0	0	700	0	0	0	0	0	0	0	0	0	0	0	0	0	0	0	0	0	0	0	0	0	682	10640	0	9618	44644	2880	4258	5344	26640	6046	62932	2546	6268	4622	17554	1844	7336	72	868	2604	5238	10684	9992	21478	5350	4764	318	
662304	Cerebelum_Crus2_L	0	0	0	0	0	0	0	0	0	0	0	0	0	0	0	0	0	0	0	0	0	0	0	0	0	0	0	0	0	0	0	0	0	0	0	0	0	0	122	0	0	0	0	156	0	0	2726	2796	0	68	0	0	0	0	1900	136	0	0	0	0	0	0	0	0	0	0	0	0	0	0	0	0	0	0	0	0	0	0	0	0	0	0	0	0	0	0	0	0	64	0	62986	9618	0	27594	1316	550	12418	666	29316	5114	49596	14084	43120	13110	2070	1732	454	0	1408	2336	5306	5506	29798	3824	1168	94	
556492	Cerebelum_Crus2_R	0	0	0	0	0	0	0	0	0	0	0	0	0	0	0	0	0	0	0	0	0	0	0	0	0	0	0	0	0	0	0	0	0	0	0	0	0	0	0	0	0	0	0	0	0	0	308	2032	0	0	0	0	0	0	156	462	0	0	0	0	0	0	0	0	0	0	0	0	0	0	0	0	0	0	0	0	0	0	0	0	0	0	0	0	0	0	0	0	0	0	13012	44644	27594	0	1558	900	1974	2036	3030	12536	17264	31092	14044	42136	2652	4526	0	1192	678	1572	2684	6190	36390	5594	1826	164	
114928	Cerebelum_3_L	0	0	0	0	0	0	0	0	0	0	0	0	0	0	0	0	0	0	0	0	0	0	0	0	0	0	0	0	0	0	0	0	0	0	0	0	0	0	0	0	0	0	0	0	0	0	162	686	0	0	0	0	0	0	0	170	0	0	0	0	0	0	0	0	0	0	0	0	0	0	0	0	0	0	0	0	0	0	0	0	0	0	0	0	0	0	0	0	0	0	1734	2880	1316	1558	0	400	8358	170	5310	3478	212	118	316	1782	3552	2424	0	264	3248	4730	5338	3500	3108	706	1866	78	
73932	Cerebelum_3_R	0	0	0	0	0	0	0	0	0	0	0	0	0	0	0	0	0	0	0	0	0	0	0	0	0	0	0	0	0	0	0	0	0	0	0	0	0	0	80	88	0	0	0	0	0	0	0	990	0	0	0	0	0	0	0	118	0	0	0	0	0	0	0	0	0	0	0	186	0	0	0	0	0	0	0	0	0	0	0	0	0	0	0	0	0	0	0	0	0	0	732	4258	550	900	400	0	1166	4686	890	4774	80	0	222	278	114	3228	0	72	548	5328	3150	250	1360	1048	1470	0	
384576	Cerebelum_4_5_L	0	0	0	0	0	0	0	0	0	0	0	0	0	0	0	0	0	0	0	0	0	0	0	0	0	0	0	0	0	0	0	0	0	0	0	0	192	0	878	0	0	0	566	126	0	0	11892	4450	0	0	218	0	0	0	10986	400	0	0	0	0	0	0	0	0	0	0	530	0	0	0	0	0	0	0	0	0	0	0	0	0	0	0	0	0	0	0	0	0	0	0	25590	5344	12418	1974	8358	1166	0	1718	40818	7056	1480	112	3202	1118	4492	3878	446	102	4190	6426	17652	5584	3072	1402	3306	1146	
233772	Cerebelum_4_5_R	0	0	0	0	0	0	0	0	0	0	0	0	0	0	0	0	0	0	0	0	0	0	0	0	0	0	0	0	0	70	0	0	0	0	0	0	0	682	0	1842	0	174	0	546	0	0	116	10156	0	0	0	0	0	0	0	8896	0	0	0	0	0	0	0	0	0	0	0	1806	0	0	0	0	0	104	0	0	0	0	0	0	0	0	0	92	0	0	0	0	0	0	820	26640	666	2036	170	4686	1718	0	1202	33004	0	88	110	420	148	1964	0	0	0	1494	11748	1528	1454	782	1002	722	
550412	Cerebelum_6_L	0	0	0	0	0	0	0	0	0	0	0	0	0	0	0	0	0	0	0	0	0	0	0	0	0	0	0	0	0	0	0	0	0	0	0	0	0	0	486	0	0	0	304	214	0	66	14812	7796	0	76	236	0	80	0	22144	570	0	0	0	0	0	0	0	0	0	0	0	0	0	0	0	0	0	0	0	0	0	0	0	0	0	0	0	0	0	0	0	0	230	0	63320	6046	29316	3030	5310	890	40818	1202	0	8506	5230	130	7620	2072	5836	3298	678	302	2804	4276	12954	13938	6576	1070	2612	358	
502284	Cerebelum_6_R	0	0	0	0	0	0	0	0	0	0	0	0	0	0	0	0	0	0	0	0	0	0	0	0	0	0	0	0	0	122	0	0	0	0	0	0	0	466	0	528	0	126	70	338	0	94	574	14252	0	104	0	0	0	96	184	14672	0	0	0	0	0	0	0	0	0	0	0	890	0	0	0	0	0	190	0	0	0	0	0	0	0	0	0	0	0	0	0	0	0	0	6840	62932	5114	12536	3478	4774	7056	33004	8506	0	652	1050	1630	4410	2252	5708	70	498	3070	5820	14430	13582	13466	3168	4080	310	
373076	Cerebelum_7b_L	0	0	0	0	0	0	0	0	0	0	0	0	0	0	0	0	0	0	0	0	0	0	0	0	0	0	0	0	0	0	0	0	0	0	0	0	0	0	0	0	0	0	0	0	0	0	130	276	0	0	0	0	0	0	152	0	0	0	0	0	0	0	0	0	0	0	0	0	0	0	0	0	0	0	0	0	0	0	0	0	0	0	0	0	0	0	0	0	0	0	17490	2546	49596	17264	212	80	1480	0	5230	652	0	11528	42960	11110	1150	388	330	0	82	182	466	642	17098	5276	218	0	
249064	Cerebelum_7b_R	0	0	0	0	0	0	0	0	0	0	0	0	0	0	0	0	0	0	0	0	0	0	0	0	0	0	0	0	0	0	0	0	0	0	0	0	0	0	0	0	0	0	0	0	0	0	0	0	0	0	0	0	0	0	0	74	0	0	0	0	0	0	0	0	0	0	0	0	0	0	0	0	0	0	0	0	0	0	0	0	0	0	0	0	0	0	0	0	0	0	3466	6268	14084	31092	118	0	112	88	130	1050	11528	0	7924	29470	198	1602	0	0	0	0	108	188	13372	3590	70	0	
437916	Cerebelum_8_L	0	0	0	0	0	0	0	0	0	0	0	0	0	0	0	0	0	0	0	0	0	0	0	0	0	0	0	0	0	0	0	0	0	0	0	0	0	0	0	0	0	0	0	0	0	0	332	586	0	0	0	0	0	0	148	78	0	0	0	0	0	0	0	0	0	0	0	0	0	0	0	0	0	0	0	0	0	0	0	0	0	0	0	0	0	0	0	0	0	0	24534	4622	43120	14044	316	222	3202	110	7620	1630	42960	7924	0	14608	14128	2494	2634	110	244	508	1126	1772	17706	9380	2694	106	
412112	Cerebelum_8_R	0	0	0	0	0	0	0	0	0	0	0	0	0	0	0	0	0	0	0	0	0	0	0	0	0	0	0	0	0	0	0	0	0	0	0	0	0	0	0	0	0	0	0	0	0	0	0	96	0	0	0	0	0	0	0	126	0	0	0	0	0	0	0	0	0	0	0	0	0	0	0	0	0	0	0	0	0	0	0	0	0	0	0	0	0	0	0	0	0	0	5596	17554	13110	42136	1782	278	1118	420	2072	4410	11110	29470	14608	0	5196	15894	162	1546	188	594	1168	3236	21172	9380	3290	344	
165128	Cerebelum_9_L	0	0	0	0	0	0	0	0	0	0	0	0	0	0	0	0	0	0	0	0	0	0	0	0	0	0	0	0	0	0	0	0	0	0	0	0	0	0	0	0	0	0	0	0	0	0	0	614	0	0	0	0	0	0	0	144	0	0	0	0	0	0	0	0	0	0	0	0	0	0	0	0	0	0	0	0	0	0	0	0	0	0	0	0	0	0	0	0	0	0	3596	1844	2070	2652	3552	114	4492	148	5836	2252	1150	198	14128	5196	0	5166	4550	654	540	760	2592	6108	6164	2562	4046	1436	
214532	Cerebelum_9_R	0	0	0	0	0	0	0	0	0	0	0	0	0	0	0	0	0	0	0	0	0	0	0	0	0	0	0	0	0	0	0	0	0	0	0	0	0	0	0	0	0	0	0	0	0	0	0	1154	0	0	0	0	0	0	0	170	0	0	0	0	0	0	0	0	0	0	0	144	0	0	0	0	0	0	0	0	0	0	0	0	0	0	0	0	0	0	0	0	0	0	2308	7336	1732	4526	2424	3228	3878	1964	3298	5708	388	1602	2494	15894	5166	0	90	1316	3210	5568	5644	2852	7878	6452	9316	1526	
22108	Cerebelum_10_L	0	0	0	0	0	0	0	0	0	0	0	0	0	0	0	0	0	0	0	0	0	0	0	0	0	0	0	0	0	0	0	0	0	0	0	0	0	0	0	0	0	0	0	0	0	0	0	0	0	0	0	0	0	0	0	0	0	0	0	0	0	0	0	0	0	0	0	0	0	0	0	0	0	0	0	0	0	0	0	0	0	0	0	0	0	0	0	0	0	0	784	72	454	0	0	0	446	0	678	70	330	0	2634	162	4550	90	0	0	0	0	0	152	366	154	112	0	
21836	Cerebelum_10_R	0	0	0	0	0	0	0	0	0	0	0	0	0	0	0	0	0	0	0	0	0	0	0	0	0	0	0	0	0	0	0	0	0	0	0	0	0	0	0	0	0	0	0	0	0	0	0	0	0	0	0	0	0	0	0	0	0	0	0	0	0	0	0	0	0	0	0	0	0	0	0	0	0	0	0	0	0	0	0	0	0	0	0	0	0	0	0	0	0	0	0	868	0	1192	264	72	102	0	302	498	0	0	110	1546	654	1316	0	0	0	158	144	686	1908	804	198	96	
87024	Vermis_1_2	0	0	0	0	0	0	0	0	0	0	0	0	0	0	0	0	0	0	0	0	0	0	0	0	0	0	0	0	0	0	0	0	0	0	0	0	0	0	0	0	0	0	0	0	0	0	0	480	0	0	0	0	0	0	0	90	0	0	0	0	0	0	0	0	0	0	0	0	0	0	0	0	0	0	0	0	0	0	0	0	0	0	0	0	0	0	0	0	0	0	1702	2604	1408	678	3248	548	4190	0	2804	3070	82	0	244	188	540	3210	0	0	0	7396	4624	1300	1250	914	2712	230	
150168	Vermis_3	0	0	0	0	0	0	0	0	0	0	0	0	0	0	0	0	0	0	0	0	0	0	0	0	0	0	0	0	0	0	0	0	0	0	0	0	74	0	128	0	0	0	0	0	0	0	96	838	0	0	0	0	0	0	0	176	0	0	0	0	0	0	0	0	0	0	0	0	0	0	0	0	0	0	0	0	0	0	0	0	0	0	0	0	0	0	0	0	0	0	2930	5238	2336	1572	4730	5328	6426	1494	4276	5820	182	0	508	594	760	5568	0	158	7396	0	8018	1552	2620	2010	4014	242	
308296	Vermis_4_5	0	0	0	0	0	0	0	0	0	0	0	0	0	0	0	0	0	0	0	0	0	0	0	0	0	0	0	0	0	0	0	0	0	0	366	562	306	174	0	380	0	0	242	490	0	0	2264	10638	0	0	0	0	0	0	910	2454	0	0	0	0	0	0	0	0	0	0	0	1914	0	0	0	0	0	0	0	0	0	0	0	0	0	0	0	0	0	0	0	0	0	0	7198	10684	5306	2684	5338	3150	17652	11748	12954	14430	466	108	1126	1168	2592	5644	0	144	4624	8018	0	6604	3840	1930	4096	1944	
267384	Vermis_6	0	0	0	0	0	0	0	0	0	0	0	0	0	0	0	0	0	0	0	0	0	0	0	0	0	0	0	0	0	0	0	0	0	0	0	0	0	0	0	0	0	0	76	644	0	162	2258	12428	0	172	0	0	0	80	1146	1684	0	0	0	0	0	0	0	0	0	0	0	78	0	0	0	0	0	0	0	0	0	0	0	0	0	0	0	0	0	0	0	0	0	0	9460	9992	5506	6190	3500	250	5584	1528	13938	13582	642	188	1772	3236	6108	2852	152	686	1300	1552	6604	0	13274	1098	2554	3416	
