data	data	470488	320612	819752	734084	117704	58824	403744	193116	84616	20696	254744	127432	229020	128292	167896	69880	336944	95824	586124	599280	71844	83588	290948	333192	26664	50620	32904	44660	637844	238636	285824	423344	109780	365464	130964	144448	253684	299940	99176	159432	48460	55504	246124	306972	139732	306684	357636	311104	194244	360588	565008	317228	183760	117244	431828	389288	393076	276964	196136	154700	216076	201040	101452	146096	145588	213896	308292	401616	204812	211104	436644	361668	403320	266960	54072	15108	118520	171324	77040	17808	218892	95012	97172	45936	290388	243732	25428	18976	219068	231456	488644	549464	416908	438064	48668	108956	342156	341208	473784	559568	267176	165908	343752	393104	154784	224904	12208	28452	21320	81984	343508	238392	332712	264964	201976	76744	
data	data	Precentral_L	Precentral_R	Frontal_Sup_L	Frontal_Sup_R	Frontal_Sup_Orb_L	Frontal_Sup_Orb_R	Frontal_Mid_L	Frontal_Mid_R	Frontal_Mid_Orb_L	Frontal_Mid_Orb_R	Frontal_Inf_Oper_L	Frontal_Inf_Oper_R	Frontal_Inf_Tri_L	Frontal_Inf_Tri_R	Frontal_Inf_Orb_L	Frontal_Inf_Orb_R	Rolandic_Oper_L	Rolandic_Oper_R	Supp_Motor_Area_L	Supp_Motor_Area_R	Olfactory_L	Olfactory_R	Frontal_Sup_Medial_L	Frontal_Sup_Medial_R	Frontal_Med_Orb_L	Frontal_Med_Orb_R	Rectus_L	Rectus_R	Insula_L	Insula_R	Cingulum_Ant_L	Cingulum_Ant_R	Cingulum_Mid_L	Cingulum_Mid_R	Cingulum_Post_L	Cingulum_Post_R	Hippocampus_L	Hippocampus_R	ParaHippocampal_L	ParaHippocampal_R	Amygdala_L	Amygdala_R	Calcarine_L	Calcarine_R	Cuneus_L	Cuneus_R	Lingual_L	Lingual_R	Occipital_Sup_L	Occipital_Sup_R	Occipital_Mid_L	Occipital_Mid_R	Occipital_Inf_L	Occipital_Inf_R	Fusiform_L	Fusiform_R	Postcentral_L	Postcentral_R	Parietal_Sup_L	Parietal_Sup_R	Parietal_Inf_L	Parietal_Inf_R	SupraMarginal_L	SupraMarginal_R	Angular_L	Angular_R	Precuneus_L	Precuneus_R	Paracentral_Lobule_L	Paracentral_Lobule_R	Caudate_L	Caudate_R	Putamen_L	Putamen_R	Pallidum_L	Pallidum_R	Thalamus_L	Thalamus_R	Heschl_L	Heschl_R	Temporal_Sup_L	Temporal_Sup_R	Temporal_Pole_Sup_L	Temporal_Pole_Sup_R	Temporal_Mid_L	Temporal_Mid_R	Temporal_Pole_Mid_L	Temporal_Pole_Mid_R	Temporal_Inf_L	Temporal_Inf_R	Cerebelum_Crus1_L	Cerebelum_Crus1_R	Cerebelum_Crus2_L	Cerebelum_Crus2_R	Cerebelum_3_L	Cerebelum_3_R	Cerebelum_4_5_L	Cerebelum_4_5_R	Cerebelum_6_L	Cerebelum_6_R	Cerebelum_7b_L	Cerebelum_7b_R	Cerebelum_8_L	Cerebelum_8_R	Cerebelum_9_L	Cerebelum_9_R	Cerebelum_10_L	Cerebelum_10_R	Vermis_1_2	Vermis_3	Vermis_4_5	Vermis_6	Vermis_7	Vermis_8	Vermis_9	Vermis_10	
470488	Precentral_L	0	8086	26076	6256	0	0	11826	742	0	0	12426	252	1676	0	0	0	12004	0	14560	8222	0	0	130	176	0	0	0	0	13618	78	416	560	100	3186	1274	1018	5638	268	370	0	0	0	362	80	0	0	204	0	426	0	2784	0	226	0	272	0	30162	2252	896	0	5750	1290	794	1676	782	0	566	156	8960	2136	7480	1028	8844	146	3488	0	14960	1740	3790	0	3222	0	120	0	1088	72	0	0	534	0	0	0	0	0	0	0	0	0	0	0	0	0	0	0	0	0	0	0	0	0	0	0	0	0	0	0	
320612	Precentral_R	8086	0	2296	16254	0	0	872	5732	0	0	0	3668	0	0	0	0	216	578	1802	7344	0	0	0	0	0	0	0	0	1422	1684	0	0	1000	4116	1086	1562	758	5530	348	660	0	0	170	434	118	2804	168	110	0	3862	478	2880	0	350	84	700	1672	23262	80	490	1250	3438	0	5458	0	282	444	3478	6002	10198	3346	5198	990	2832	656	1240	674	9714	286	0	0	200	0	0	100	956	0	0	0	888	0	0	0	0	0	0	0	0	0	0	0	0	0	0	0	0	0	0	0	0	0	0	0	0	0	0	
819752	Frontal_Sup_L	26076	2296	0	7922	8784	0	61334	494	5538	0	11916	252	13354	0	11382	0	12668	0	66886	8402	0	0	45234	5508	1028	0	454	0	31540	74	17844	6574	2706	5410	0	0	1014	248	84	0	0	0	0	0	0	0	0	0	0	0	734	0	0	0	126	0	8950	514	70	0	154	274	738	448	106	0	0	0	1008	140	9098	830	21470	218	1534	0	1690	474	1264	0	3048	0	1546	0	294	0	0	0	126	0	0	0	0	0	0	0	0	0	0	0	0	0	0	0	0	0	0	0	0	0	0	0	0	0	0	0	
734084	Frontal_Sup_R	6256	16254	7922	0	0	1670	1562	26302	0	1490	1228	8792	770	8084	152	5838	4748	4048	18612	60372	76	288	7844	41748	0	1766	0	302	3418	10360	4270	30836	860	18158	870	996	840	3360	386	468	0	0	0	0	0	76	166	0	0	182	0	76	0	0	72	224	2988	2554	0	136	0	556	0	736	0	0	350	104	3130	1672	7224	19500	2108	13012	80	1086	240	7082	84	0	1340	284	240	462	0	132	0	0	0	200	0	0	0	0	0	0	0	0	0	0	0	0	0	0	0	0	0	0	0	0	0	0	0	0	0	0	
117704	Frontal_Sup_Orb_L	0	0	8784	0	0	0	1142	0	9792	0	0	0	366	0	9224	0	0	0	974	0	1194	0	2796	0	3840	0	5030	0	4018	0	3314	148	0	0	0	0	0	0	0	0	0	0	0	0	0	0	0	0	0	0	0	0	0	0	0	0	0	0	0	0	0	0	0	0	0	0	0	0	0	0	110	0	7218	0	0	0	0	0	0	0	0	0	902	0	0	0	0	0	0	0	0	0	0	0	0	0	0	0	0	0	0	0	0	0	0	0	0	0	0	0	0	0	0	0	0	0	
58824	Frontal_Sup_Orb_R	0	0	0	1670	0	0	0	882	0	3390	0	0	0	228	0	2310	0	0	0	0	786	1300	0	836	0	5046	0	5838	0	396	0	1252	0	0	0	0	0	0	0	0	0	0	0	0	0	0	0	0	0	0	0	0	0	0	0	0	0	0	0	0	0	0	0	0	0	0	0	0	0	0	786	2198	470	2024	0	0	0	0	0	0	0	0	0	0	0	0	0	0	0	0	0	0	0	0	0	0	0	0	0	0	0	0	0	0	0	0	0	0	0	0	0	0	0	0	0	0	
403744	Frontal_Mid_L	11826	872	61334	1562	1142	0	0	154	2628	0	5976	0	28250	0	9076	0	6074	0	13664	1046	0	0	16374	1064	0	0	0	0	22348	0	1994	504	1028	972	0	0	728	132	0	0	0	0	0	0	0	0	0	0	0	0	204	0	0	0	102	0	2576	0	0	0	154	0	378	0	0	0	0	0	0	0	1332	184	3298	0	1010	0	374	212	1140	0	1388	0	422	0	222	0	0	0	128	0	0	0	0	0	0	0	0	0	0	0	0	0	0	0	0	0	0	0	0	0	0	0	0	0	0	0	
193116	Frontal_Mid_R	742	5732	494	26302	0	882	154	0	0	1494	0	5148	0	12584	0	6086	1004	544	1362	3886	0	0	382	3632	0	0	0	0	1340	3584	238	3426	0	1316	0	0	0	320	0	0	0	0	0	0	0	0	0	0	0	0	188	0	0	0	0	0	756	432	0	0	166	0	0	134	0	0	0	0	72	0	4394	3702	844	3690	312	218	260	266	206	0	266	0	0	0	0	0	0	0	0	0	0	0	0	0	0	0	0	0	0	0	0	0	0	0	0	0	0	0	0	0	0	0	0	0	0	0	
84616	Frontal_Mid_Orb_L	0	0	5538	0	9792	0	2628	0	0	0	0	0	2220	0	15662	0	0	0	0	0	122	0	0	0	158	0	662	0	2394	0	0	0	0	0	0	0	0	0	0	0	0	0	0	0	0	0	0	0	0	0	0	0	0	0	0	0	0	0	0	0	0	0	0	0	0	0	0	0	0	0	0	0	2340	0	0	0	0	0	0	0	0	0	792	0	0	0	0	0	0	0	0	0	0	0	0	0	0	0	0	0	0	0	0	0	0	0	0	0	0	0	0	0	0	0	0	0	
20696	Frontal_Mid_Orb_R	0	0	0	1490	0	3390	0	1494	0	0	0	0	0	798	0	2750	0	0	0	0	0	0	0	426	0	0	0	0	0	0	0	0	0	0	0	0	0	0	0	0	0	0	0	0	0	0	0	0	0	0	0	0	0	0	0	0	0	0	0	0	0	0	0	0	0	0	0	0	0	0	0	0	0	0	0	0	0	0	0	0	0	0	0	0	0	0	0	0	0	0	0	0	0	0	0	0	0	0	0	0	0	0	0	0	0	0	0	0	0	0	0	0	0	0	0	0	
254744	Frontal_Inf_Oper_L	12426	0	11916	1228	0	0	5976	0	0	0	0	0	14138	0	968	0	9718	0	8280	714	0	0	2594	1746	0	0	0	0	26270	0	5672	3472	94	78	0	0	550	0	0	0	0	0	0	0	0	0	0	0	0	0	1144	0	0	0	0	0	4632	0	0	0	152	0	1114	0	98	0	0	0	96	0	2406	82	3478	0	0	0	1090	0	1676	0	2328	0	2904	0	332	0	0	0	0	0	0	0	0	0	0	0	0	0	0	0	0	0	0	0	0	0	0	0	0	0	0	0	0	0	0	0	
127432	Frontal_Inf_Oper_R	252	3668	252	8792	0	0	0	5148	0	0	0	0	0	8392	0	0	650	3736	1766	7918	0	0	0	294	0	0	0	0	498	8174	0	1572	0	794	0	0	0	286	0	98	0	0	0	0	0	0	0	0	0	0	0	0	0	0	0	0	226	1640	0	0	0	76	0	98	0	0	0	0	0	0	2448	2792	166	2428	0	408	0	324	0	0	174	0	0	646	0	0	0	0	0	0	0	0	0	0	0	0	0	0	0	0	0	0	0	0	0	0	0	0	0	0	0	0	0	0	0	0	
229020	Frontal_Inf_Tri_L	1676	0	13354	770	366	0	28250	0	2220	0	14138	0	0	0	13370	0	512	0	2304	180	0	0	3050	1406	0	0	0	0	21434	0	3850	2604	134	132	0	0	0	0	0	0	0	0	0	0	0	0	0	0	0	0	0	0	0	0	0	0	900	0	0	0	0	0	0	0	0	0	0	0	0	0	1052	0	2404	0	0	0	0	0	0	0	0	0	404	0	0	0	0	0	0	0	0	0	0	0	0	0	0	0	0	0	0	0	0	0	0	0	0	0	0	0	0	0	0	0	0	0	
128292	Frontal_Inf_Tri_R	0	0	0	8084	0	228	0	12584	0	798	0	8392	0	0	0	6730	268	194	1050	2514	0	0	0	2978	0	0	0	0	198	9644	210	3922	0	692	0	0	0	84	0	0	0	0	0	0	0	0	0	0	0	0	0	0	0	0	0	0	110	0	0	0	0	0	0	0	0	0	0	0	0	0	1962	1286	0	1980	0	0	0	0	0	0	92	0	0	146	0	0	0	0	0	0	0	0	0	0	0	0	0	0	0	0	0	0	0	0	0	0	0	0	0	0	0	0	0	0	0	0	
167896	Frontal_Inf_Orb_L	0	0	11382	152	9224	0	9076	0	15662	0	968	0	13370	0	0	0	0	0	718	162	1810	0	0	0	0	0	240	0	11232	0	0	72	0	0	0	0	486	0	408	0	398	0	0	0	0	0	0	0	0	0	0	0	0	0	96	0	0	0	0	0	0	0	0	0	0	0	0	0	0	0	258	0	5532	0	0	0	0	0	0	0	0	0	2702	0	0	0	0	0	0	0	0	0	0	0	0	0	0	0	0	0	0	0	0	0	0	0	0	0	0	0	0	0	0	0	0	0	
69880	Frontal_Inf_Orb_R	0	0	0	5838	0	2310	0	6086	0	2750	0	0	0	6730	0	0	0	0	0	112	0	1108	0	1070	0	0	0	678	0	5428	0	514	0	94	0	0	0	0	0	0	0	0	0	0	0	0	0	0	0	0	0	0	0	0	0	0	0	0	0	0	0	0	0	0	0	0	0	0	0	0	102	344	0	1598	0	0	0	0	0	0	0	0	0	178	0	0	0	0	0	0	0	0	0	0	0	0	0	0	0	0	0	0	0	0	0	0	0	0	0	0	0	0	0	0	0	0	
336944	Rolandic_Oper_L	12004	216	12668	4748	0	0	6074	1004	0	0	9718	650	512	268	0	0	0	428	11636	4904	0	0	72	664	0	0	0	0	28628	720	638	1146	0	1020	88	0	842	0	148	0	0	0	514	0	0	0	0	0	0	0	1706	0	190	0	242	0	17756	0	0	0	1426	0	5420	0	322	0	202	0	254	150	12440	2666	2358	706	248	0	330	0	2392	0	14412	0	3160	0	2200	0	0	0	582	0	0	0	0	0	0	0	0	0	0	0	0	0	0	0	0	0	0	0	0	0	0	0	0	0	0	0	
95824	Rolandic_Oper_R	0	578	0	4048	0	0	0	544	0	0	0	3736	0	194	0	0	428	0	422	4280	0	0	0	0	0	0	0	0	170	10536	0	0	0	460	0	0	0	1840	0	562	0	0	0	258	0	0	0	0	0	168	0	260	0	0	0	434	196	3508	0	0	0	0	0	2454	0	450	0	412	0	70	586	1484	0	4118	0	396	0	420	0	846	80	2338	0	668	0	638	0	0	0	330	0	0	0	0	0	0	0	0	0	0	0	0	0	0	0	0	0	0	0	0	0	0	0	0	0	0	
586124	Supp_Motor_Area_L	14560	1802	66886	18612	974	0	13664	1362	0	0	8280	1766	2304	1050	718	0	11636	422	0	31842	0	0	7922	4390	96	0	0	0	16282	1152	9994	7362	4300	15596	184	0	342	94	0	0	0	0	0	0	0	0	0	0	0	0	494	0	0	0	104	0	8936	230	0	0	100	0	252	72	98	0	0	0	7874	1266	9176	2780	12068	932	0	0	244	0	448	0	3046	0	1110	0	152	0	0	0	88	0	0	0	0	0	0	0	0	0	0	0	0	0	0	0	0	0	0	0	0	0	0	0	0	0	0	0	
599280	Supp_Motor_Area_R	8222	7344	8402	60372	0	0	1046	3886	0	0	714	7918	180	2514	162	112	4904	4280	31842	0	0	0	2188	9696	0	0	0	0	2566	5936	1926	10886	4096	39718	558	2850	0	452	0	200	0	0	0	0	0	0	0	0	0	0	0	0	0	0	0	156	3640	3092	0	0	0	104	0	370	0	0	0	352	11030	23248	6204	16844	2186	4650	176	410	76	1774	114	0	1316	182	192	484	0	0	0	0	0	70	0	0	0	0	0	0	0	0	0	0	0	0	0	0	0	0	0	0	0	0	0	0	0	0	0	0	
71844	Olfactory_L	0	0	0	76	1194	786	0	0	122	0	0	0	0	0	1810	0	0	0	0	0	0	4548	0	70	198	298	1518	1040	2590	0	2314	2242	0	0	0	0	984	0	1044	0	1196	0	0	0	0	0	0	0	0	0	0	0	0	0	478	0	0	0	0	0	0	0	0	0	0	0	0	0	0	0	5770	2402	3552	712	0	0	0	0	0	0	0	0	978	0	0	0	0	0	0	0	0	0	0	0	0	0	0	0	0	0	0	0	0	0	0	0	0	0	0	0	0	0	0	0	0	0	
83588	Olfactory_R	0	0	0	288	0	1300	0	0	0	0	0	0	0	0	0	1108	0	0	0	0	4548	0	0	86	0	616	684	1958	0	2338	1150	3132	0	0	0	0	0	0	0	414	0	438	0	0	0	0	0	0	0	0	0	0	0	0	0	0	0	0	0	0	0	0	0	0	0	0	0	0	0	0	8316	6098	5788	3038	390	0	0	0	0	0	0	0	0	104	0	0	0	0	0	0	0	0	0	0	0	0	0	0	0	0	0	0	0	0	0	0	0	0	0	0	0	0	0	0	0	0	
290948	Frontal_Sup_Medial_L	130	0	45234	7844	2796	0	16374	382	0	0	2594	0	3050	0	0	0	72	0	7922	2188	0	0	0	14498	1108	112	434	0	3808	0	15944	7940	2230	6030	0	0	0	0	0	0	0	0	0	0	0	0	0	0	0	0	0	0	0	0	0	0	88	0	0	0	0	0	0	0	0	0	0	0	0	0	1332	0	3364	0	0	0	0	0	0	0	0	0	0	0	0	0	0	0	0	0	0	0	0	0	0	0	0	0	0	0	0	0	0	0	0	0	0	0	0	0	0	0	0	0	0	0	
333192	Frontal_Sup_Medial_R	176	0	5508	41748	0	836	1064	3632	0	426	1746	294	1406	2978	0	1070	664	0	4390	9696	70	86	14498	0	0	1870	0	182	1556	3008	8292	30856	142	10906	0	0	0	214	0	112	0	0	0	0	0	0	0	0	0	0	0	0	0	0	0	0	106	0	0	0	0	0	0	0	0	0	0	0	0	0	2808	8390	1586	4832	0	0	150	1048	0	0	250	0	0	0	0	0	0	0	0	0	0	0	0	0	0	0	0	0	0	0	0	0	0	0	0	0	0	0	0	0	0	0	0	0	0	0	
26664	Frontal_Med_Orb_L	0	0	1028	0	3840	0	0	0	158	0	0	0	0	0	0	0	0	0	96	0	198	0	1108	0	0	780	2066	226	0	0	2706	0	0	0	0	0	0	0	0	0	0	0	0	0	0	0	0	0	0	0	0	0	0	0	0	0	0	0	0	0	0	0	0	0	0	0	0	0	0	0	406	0	720	0	0	0	0	0	0	0	0	0	0	0	0	0	0	0	0	0	0	0	0	0	0	0	0	0	0	0	0	0	0	0	0	0	0	0	0	0	0	0	0	0	0	0	
50620	Frontal_Med_Orb_R	0	0	0	1766	0	5046	0	0	0	0	0	0	0	0	0	0	0	0	0	0	298	616	112	1870	780	0	108	6224	0	0	696	3128	0	0	0	0	0	0	0	0	0	0	0	0	0	0	0	0	0	0	0	0	0	0	0	0	0	0	0	0	0	0	0	0	0	0	0	0	0	0	270	2102	200	2094	0	0	0	0	0	0	0	0	0	0	0	0	0	0	0	0	0	0	0	0	0	0	0	0	0	0	0	0	0	0	0	0	0	0	0	0	0	0	0	0	0	0	
32904	Rectus_L	0	0	454	0	5030	0	0	0	662	0	0	0	0	0	240	0	0	0	0	0	1518	684	434	0	2066	108	0	198	0	0	1858	686	0	0	0	0	0	0	0	0	0	0	0	0	0	0	0	0	0	0	0	0	0	0	0	0	0	0	0	0	0	0	0	0	0	0	0	0	0	0	970	158	1286	100	0	0	0	0	0	0	0	0	0	0	0	0	0	0	0	0	0	0	0	0	0	0	0	0	0	0	0	0	0	0	0	0	0	0	0	0	0	0	0	0	0	0	
44660	Rectus_R	0	0	0	302	0	5838	0	0	0	0	0	0	0	0	0	678	0	0	0	0	1040	1958	0	182	226	6224	198	0	0	472	186	1936	0	0	0	0	0	0	0	0	0	0	0	0	0	0	0	0	0	0	0	0	0	0	0	0	0	0	0	0	0	0	0	0	0	0	0	0	0	0	1048	876	628	538	0	0	0	0	0	0	0	0	0	0	0	0	0	0	0	0	0	0	0	0	0	0	0	0	0	0	0	0	0	0	0	0	0	0	0	0	0	0	0	0	0	0	
637844	Insula_L	13618	1422	31540	3418	4018	0	22348	1340	2394	0	26270	498	21434	198	11232	0	28628	170	16282	2566	2590	0	3808	1556	0	0	0	0	0	336	5886	3136	438	478	338	0	13386	0	1574	0	3194	0	970	0	70	0	76	0	0	0	3332	0	460	0	3326	0	6414	152	0	0	304	84	1494	130	208	0	370	0	288	200	11786	1694	23204	396	414	0	5050	178	9084	0	11698	0	6566	0	2814	0	0	0	4064	0	0	0	0	0	0	0	0	0	0	0	0	0	0	0	0	0	0	0	0	0	0	0	0	0	0	0	
238636	Insula_R	78	1684	74	10360	0	396	0	3584	0	0	0	8174	0	9644	0	5428	720	10536	1152	5936	0	2338	0	3008	0	0	0	472	336	0	430	3928	0	640	418	564	360	7658	120	3502	0	2122	0	78	0	86	0	126	0	96	0	108	0	0	0	1968	314	1824	0	0	0	0	0	72	0	0	226	276	0	94	1556	2584	0	17568	0	0	0	1382	0	1338	152	2352	0	2382	0	360	0	0	0	714	0	0	0	0	0	0	0	0	0	0	0	0	0	0	0	0	0	0	0	0	0	0	0	0	0	0	
285824	Cingulum_Ant_L	416	0	17844	4270	3314	0	1994	238	0	0	5672	0	3850	210	0	0	638	0	9994	1926	2314	1150	15944	8292	2706	696	1858	186	5886	430	0	21212	2880	2142	0	0	0	82	0	0	0	0	0	0	0	0	0	0	0	0	0	0	0	0	0	0	98	0	0	0	0	0	0	0	0	0	0	0	0	0	9974	2962	11760	1518	0	0	0	76	0	0	190	0	190	0	0	0	0	0	0	0	0	0	0	0	0	0	0	0	0	0	0	0	0	0	0	0	0	0	0	0	0	0	0	0	0	0	
423344	Cingulum_Ant_R	560	0	6574	30836	148	1252	504	3426	0	0	3472	1572	2604	3922	72	514	1146	0	7362	10886	2242	3132	7940	30856	0	3128	686	1936	3136	3928	21212	0	864	12912	0	0	0	412	0	164	0	0	0	0	0	0	0	0	0	0	0	0	0	0	0	78	462	252	0	0	0	0	0	0	0	0	0	0	0	0	9490	16684	5838	9516	0	84	146	1300	0	0	318	0	106	0	0	0	0	0	0	0	0	0	0	0	0	0	0	0	0	0	0	0	0	0	0	0	0	0	0	0	0	0	0	0	0	0	
109780	Cingulum_Mid_L	100	1000	2706	860	0	0	1028	0	0	0	94	0	134	0	0	0	0	0	4300	4096	0	0	2230	142	0	0	0	0	438	0	2880	864	0	8446	3510	1624	0	190	0	90	0	0	400	694	978	138	0	168	424	96	1704	0	0	0	0	0	1202	216	524	0	0	0	0	0	156	0	4198	2452	2504	3998	0	160	0	0	0	0	0	146	0	0	0	0	0	0	0	0	0	0	0	0	0	0	0	0	0	0	0	0	0	0	0	0	0	0	0	0	0	0	0	0	0	0	0	0	0	0	
365464	Cingulum_Mid_R	3186	4116	5410	18158	0	0	972	1316	0	0	78	794	132	692	0	94	1020	460	15596	39718	0	0	6030	10906	0	0	0	0	478	640	2142	12912	8446	0	1762	6070	0	514	0	384	0	0	0	1652	0	0	0	170	0	0	0	0	0	0	0	342	892	3182	0	0	0	82	0	288	0	0	572	3812	7914	17698	1076	1064	572	474	0	0	0	134	92	0	406	0	0	0	0	0	0	0	0	284	0	0	0	0	0	0	0	0	0	0	0	0	0	0	0	0	0	0	0	0	0	0	0	0	0	0	
130964	Cingulum_Post_L	1274	1086	0	870	0	0	0	0	0	0	0	0	0	0	0	0	88	0	184	558	0	0	0	0	0	0	0	0	338	418	0	0	3510	1762	0	9278	5528	3674	2292	0	0	0	2610	0	712	0	2542	0	182	0	1662	0	274	172	3772	154	1776	90	332	0	0	0	0	0	0	0	6542	236	3444	1514	70	0	0	150	0	0	168	5188	312	0	80	0	0	0	564	260	0	0	1644	172	0	0	0	0	0	0	0	0	0	0	0	0	0	0	0	0	0	0	0	0	0	0	0	0	0	0	
144448	Cingulum_Post_R	1018	1562	0	996	0	0	0	0	0	0	0	0	0	0	0	0	0	0	0	2850	0	0	0	0	0	0	0	0	0	564	0	0	1624	6070	9278	0	1460	7778	776	1352	0	0	114	2316	0	576	484	2402	0	432	312	342	0	222	250	1556	230	1652	116	128	0	252	0	112	0	158	702	10352	958	5994	0	258	0	110	0	0	0	4620	0	0	0	0	0	0	122	252	0	0	0	1542	0	0	0	0	0	0	0	0	0	0	0	0	0	0	0	0	0	0	0	0	332	0	0	0	0	0	
253684	Hippocampus_L	5638	758	1014	840	0	0	728	0	0	0	550	0	0	0	486	0	842	0	342	0	984	0	0	0	0	0	0	0	13386	360	0	0	0	0	5528	1460	0	2576	14436	156	8456	354	2336	0	0	0	6180	0	0	0	320	0	134	0	17198	328	816	68	0	0	0	0	108	0	0	0	3520	102	0	0	818	0	4348	176	90	0	5472	4030	2192	0	2740	0	1762	0	1910	196	84	0	12748	114	0	0	0	0	0	0	158	0	0	0	0	0	0	0	0	0	0	0	0	0	0	0	0	0	0	0	
299940	Hippocampus_R	268	5530	248	3360	0	0	132	320	0	0	0	286	0	84	0	0	0	1840	94	452	0	0	0	214	0	0	0	0	0	7658	82	412	190	514	3674	7778	2576	0	1246	22386	0	10204	0	4024	0	466	634	4812	0	462	0	488	0	404	214	23846	0	1776	0	112	0	168	0	1170	0	112	914	8634	0	1084	98	358	0	9600	0	286	0	6994	0	906	0	1454	0	2030	0	308	0	816	0	7196	0	76	0	0	0	94	0	270	0	0	0	0	0	0	0	0	0	0	0	184	432	0	0	0	0	0	
99176	ParaHippocampal_L	370	348	84	386	0	0	0	0	0	0	0	0	0	0	408	0	148	0	0	0	1044	0	0	0	0	0	0	0	1574	120	0	0	0	0	2292	776	14436	1246	0	156	2772	380	1068	0	0	0	5356	78	0	0	262	0	546	0	7616	310	74	0	0	0	0	0	0	0	0	0	1388	0	0	0	0	0	958	96	0	0	528	1680	0	0	574	0	750	0	110	0	126	0	1196	0	0	0	0	0	72	0	192	0	0	0	0	0	0	0	0	0	0	0	0	68	0	0	0	0	0	0	
159432	ParaHippocampal_R	0	660	0	468	0	0	0	0	0	0	0	98	0	0	0	0	0	562	0	200	0	414	0	112	0	0	0	0	0	3502	0	164	90	384	0	1352	156	22386	156	0	0	3570	0	3256	0	130	0	2730	0	132	0	198	0	370	0	16918	0	556	0	0	0	100	0	178	0	70	114	5154	0	640	0	174	0	4434	0	258	0	632	0	428	0	744	0	1360	0	180	0	774	0	4536	0	120	0	0	0	74	0	716	0	116	0	0	0	0	0	0	0	0	0	260	90	0	0	0	0	0	
48460	Amygdala_L	0	0	0	0	0	0	0	0	0	0	0	0	0	0	398	0	0	0	0	0	1196	0	0	0	0	0	0	0	3194	0	0	0	0	0	0	0	8456	0	2772	0	0	0	0	0	0	0	0	0	0	0	0	0	0	0	4166	0	0	0	0	0	0	0	0	0	0	0	0	0	0	0	0	0	976	0	0	0	72	0	0	0	0	0	1454	0	238	0	78	0	1230	0	0	0	0	0	0	0	0	0	0	0	0	0	0	0	0	0	0	0	0	0	0	0	0	0	0	0	
55504	Amygdala_R	0	0	0	0	0	0	0	0	0	0	0	0	0	0	0	0	0	0	0	0	0	438	0	0	0	0	0	0	0	2122	0	0	0	0	0	0	354	10204	380	3570	0	0	0	0	0	0	0	0	0	0	0	0	0	0	0	5468	0	0	0	0	0	0	0	0	0	0	0	0	0	0	0	0	0	1450	0	0	0	0	0	0	0	0	0	1774	0	0	0	900	0	1092	0	0	0	0	0	0	0	0	0	0	0	0	0	0	0	0	0	0	0	0	0	0	0	0	0	0	
246124	Calcarine_L	362	170	0	0	0	0	0	0	0	0	0	0	0	0	0	0	514	0	0	0	0	0	0	0	0	0	0	0	970	0	0	0	400	0	2610	114	2336	0	1068	0	0	0	0	7140	11980	4184	11474	2534	11128	2188	29054	106	5452	220	4998	622	1054	0	2158	0	228	0	70	0	252	0	13948	560	1436	104	0	0	0	0	0	0	0	0	334	0	0	0	0	0	2922	0	0	0	372	0	0	0	0	0	0	0	0	0	0	0	0	0	0	0	0	0	0	0	0	0	0	0	0	0	0	0	
306972	Calcarine_R	80	434	0	0	0	0	0	0	0	0	0	0	0	0	0	0	0	258	0	0	0	0	0	0	0	0	0	0	0	78	0	0	694	1652	0	2316	0	4024	0	3256	0	0	7140	0	3984	21108	1354	18348	206	19684	0	7152	0	8178	0	12614	0	1716	0	1756	0	996	0	78	0	1010	1182	24260	0	3260	0	74	0	0	0	0	0	310	0	0	0	80	0	0	0	1906	0	0	0	4122	0	0	0	0	0	0	0	0	0	0	0	0	0	0	0	0	0	0	0	0	0	176	0	0	0	0	
139732	Cuneus_L	0	118	0	0	0	0	0	0	0	0	0	0	0	0	0	0	0	0	0	0	0	0	0	0	0	0	0	0	70	0	0	0	978	0	712	0	0	0	0	0	0	0	11980	3984	0	6460	694	154	14152	2174	9532	606	952	98	410	0	354	0	3764	102	132	0	0	0	166	0	7446	3066	854	0	0	0	0	0	0	0	0	0	0	0	0	0	0	0	778	130	0	0	0	0	0	0	0	0	0	0	0	0	0	0	0	0	0	0	0	0	0	0	0	0	0	0	0	0	0	0	
306684	Cuneus_R	0	2804	0	76	0	0	0	0	0	0	0	0	0	0	0	0	0	0	0	0	0	0	0	0	0	0	0	0	0	86	0	0	138	0	0	576	0	466	0	130	0	0	4184	21108	6460	0	460	3412	394	41522	112	21204	0	2108	0	938	0	5250	98	6814	0	582	0	332	0	1360	2096	25580	0	542	0	0	0	412	0	0	0	214	0	0	0	0	0	0	0	3324	0	0	0	560	0	0	0	0	0	0	0	0	0	0	0	0	0	0	0	0	0	0	0	0	0	0	0	0	0	0	
357636	Lingual_L	204	168	0	166	0	0	0	0	0	0	0	0	0	0	0	0	0	0	0	0	0	0	0	0	0	0	0	0	76	0	0	0	0	0	2542	484	6180	634	5356	0	0	0	11474	1354	694	460	0	3496	3702	462	16890	0	15182	0	28152	850	406	0	956	0	0	0	0	0	0	0	8274	396	222	0	0	0	88	0	0	0	494	1024	0	0	0	0	0	0	1208	0	0	0	762	0	12192	1978	1976	422	144	358	11750	1338	18144	3240	0	0	0	222	0	300	0	0	0	126	6640	4336	2464	298	318	216	
311104	Lingual_R	0	110	0	0	0	0	0	0	0	0	0	0	0	0	0	0	0	0	0	0	0	0	0	0	0	0	0	0	0	126	0	0	168	170	0	2402	0	4812	78	2730	0	0	2534	18348	154	3412	3496	0	74	5902	118	2220	142	6506	1520	23022	0	400	0	340	0	336	0	0	0	298	350	10582	0	588	0	0	0	0	0	0	0	984	0	0	0	68	0	0	0	554	0	0	0	1582	4490	7302	700	470	626	504	2044	5498	7694	10286	112	0	208	446	510	440	0	76	0	234	6352	9678	2342	610	538	266	
194244	Occipital_Sup_L	426	0	0	0	0	0	0	0	0	0	0	0	0	0	0	0	0	0	0	0	0	0	0	0	0	0	0	0	0	0	0	0	424	0	182	0	0	0	0	0	0	0	11128	206	14152	394	3702	74	0	116	29200	70	3868	0	1670	0	1028	0	15630	0	530	0	0	0	114	0	10824	1078	614	0	0	0	0	0	0	0	0	0	0	0	0	0	0	0	1404	0	0	0	116	0	72	0	0	0	0	0	0	0	100	0	0	0	0	0	0	0	0	0	0	0	0	0	0	0	0	0	
360588	Occipital_Sup_R	0	3862	0	182	0	0	0	0	0	0	0	0	0	0	0	0	0	168	0	0	0	0	0	0	0	0	0	0	0	96	0	0	96	0	0	432	0	462	0	132	0	0	2188	19684	2174	41522	462	5902	116	0	0	36392	0	5442	0	3612	0	6972	74	9882	0	1712	0	622	0	5852	1510	21792	0	396	0	0	0	444	0	0	0	172	0	0	0	74	0	0	0	6690	0	0	0	1102	0	0	0	0	0	0	0	0	0	0	0	0	0	0	0	0	0	0	0	0	0	76	0	0	0	0	
565008	Occipital_Mid_L	2784	478	734	0	0	0	204	188	0	0	1144	0	0	0	0	0	1706	0	494	0	0	0	0	0	0	0	0	0	3332	0	0	0	1704	0	1662	312	320	0	262	0	0	0	29054	0	9532	112	16890	118	29200	0	0	0	26430	0	13548	0	9424	72	25936	0	14162	0	804	0	21038	0	24928	356	6260	108	374	0	474	0	90	0	92	0	1120	0	2214	0	0	0	24468	0	0	0	7580	0	434	238	140	0	0	0	0	0	834	314	0	0	0	0	0	0	0	0	0	0	78	404	354	0	0	0	
317228	Occipital_Mid_R	0	2880	0	76	0	0	0	0	0	0	0	0	0	0	0	0	0	260	0	0	0	0	0	0	0	0	0	0	0	108	0	0	0	0	0	342	0	488	0	198	0	0	106	7152	606	21204	0	2220	70	36392	0	0	0	7596	0	1876	0	6182	0	11474	0	5998	0	658	0	18306	1346	16212	0	238	0	0	0	416	0	0	0	156	0	0	0	374	0	0	0	13744	0	0	0	1936	0	0	0	0	0	0	0	0	0	0	0	0	0	0	0	0	0	0	0	0	0	0	0	0	0	0	
183760	Occipital_Inf_L	226	0	0	0	0	0	0	0	0	0	0	0	0	0	0	0	190	0	0	0	0	0	0	0	0	0	0	0	460	0	0	0	0	0	274	0	134	0	546	0	0	0	5452	0	952	0	15182	142	3868	0	26430	0	0	0	16990	0	588	0	1750	0	136	0	0	0	262	0	5888	232	372	0	0	0	0	0	0	0	0	0	318	0	82	0	0	0	3552	0	0	0	3342	0	834	260	216	0	0	0	164	0	1434	370	0	0	0	0	0	0	0	0	0	0	162	556	516	0	0	0	
117244	Occipital_Inf_R	0	350	0	0	0	0	0	0	0	0	0	0	0	0	0	0	0	0	0	0	0	0	0	0	0	0	0	0	0	0	0	0	0	0	172	222	0	404	0	370	0	0	220	8178	98	2108	0	6506	0	5442	0	7596	0	0	0	9340	0	702	0	334	0	312	0	0	0	346	262	2570	0	108	0	0	0	0	0	0	0	272	0	0	0	142	0	0	0	4774	0	0	0	7314	0	166	0	0	0	0	0	0	0	188	0	0	0	0	0	0	0	0	0	0	0	126	0	0	0	0	
431828	Fusiform_L	272	84	126	72	0	0	102	0	0	0	0	0	0	0	96	0	242	0	104	0	478	0	0	0	0	0	0	0	3326	0	0	0	0	0	3772	250	17198	214	7616	0	4166	0	4998	0	410	0	28152	1520	1670	0	13548	0	16990	0	0	96	454	0	1128	0	0	0	0	0	84	0	7712	224	246	0	0	0	1060	0	0	0	806	334	462	0	1204	0	2046	0	3030	0	1176	0	14214	0	20166	780	3366	382	158	310	12420	742	24590	1388	760	0	1248	200	78	326	0	0	0	0	4092	2720	1658	336	354	158	
389288	Fusiform_R	0	700	0	224	0	0	0	0	0	0	0	0	0	0	0	0	0	434	0	156	0	0	0	0	0	0	0	0	0	1968	0	78	0	342	154	1556	328	23846	310	16918	0	5468	622	12614	0	938	850	23022	0	3612	0	1876	0	9340	96	0	0	1098	0	306	0	322	0	136	0	326	282	9698	0	660	0	98	0	2200	0	138	0	464	0	770	0	1520	0	2470	0	2752	0	1682	0	19196	440	12912	88	1158	0	274	326	7172	1138	14052	0	400	0	210	0	86	0	0	0	0	3182	2424	938	138	136	0	
393076	Postcentral_L	30162	1672	8950	2988	0	0	2576	756	0	0	4632	226	900	110	0	0	17756	196	8936	3640	0	0	88	106	0	0	0	0	6414	314	98	462	1202	892	1776	230	816	0	74	0	0	0	1054	0	354	0	406	0	1028	0	9424	0	588	0	454	0	0	344	6304	0	25396	222	12392	248	2522	0	5014	0	11804	148	5578	1168	2492	270	1180	0	510	0	1722	0	6168	0	0	0	2610	0	0	0	1166	0	0	0	0	0	0	0	0	0	0	0	0	0	0	0	0	0	0	0	0	0	0	0	0	0	0	0	
276964	Postcentral_R	2252	23262	514	2554	0	0	0	432	0	0	0	1640	0	0	0	0	0	3508	230	3092	0	0	0	0	0	0	0	0	152	1824	0	252	216	3182	90	1652	68	1776	0	556	0	0	0	1716	0	5250	0	400	0	6972	72	6182	0	702	0	1098	344	0	0	6242	214	11888	0	17304	0	2230	170	8682	506	5844	532	1510	146	1404	0	324	70	1212	0	68	0	1012	0	0	0	5566	0	0	0	3570	0	0	0	0	0	0	0	0	0	0	0	0	0	0	0	0	0	0	0	0	0	0	0	0	0	0	
196136	Parietal_Sup_L	896	80	70	0	0	0	0	0	0	0	0	0	0	0	0	0	0	0	0	0	0	0	0	0	0	0	0	0	0	0	0	0	524	0	332	116	0	0	0	0	0	0	2158	0	3764	98	956	0	15630	74	25936	0	1750	0	1128	0	6304	0	0	0	9706	0	114	0	3526	0	17508	1208	2016	0	0	0	0	0	0	0	0	0	0	0	354	0	0	0	2662	0	0	0	1158	0	0	0	0	0	0	0	0	0	0	0	0	0	0	0	0	0	0	0	0	0	0	0	0	0	0	0	
154700	Parietal_Sup_R	0	490	0	136	0	0	0	0	0	0	0	0	0	0	0	0	0	0	0	0	0	0	0	0	0	0	0	0	0	0	0	0	0	0	0	128	0	112	0	0	0	0	0	1756	102	6814	0	340	0	9882	0	11474	0	334	0	306	0	6242	0	0	0	11364	0	0	0	13552	376	9010	0	328	0	0	0	0	0	0	0	0	0	0	0	0	0	0	0	3896	0	0	0	708	0	0	0	0	0	0	0	0	0	0	0	0	0	0	0	0	0	0	0	0	0	0	0	0	0	0	
216076	Parietal_Inf_L	5750	1250	154	0	0	0	154	166	0	0	152	0	0	0	0	0	1426	0	100	0	0	0	0	0	0	0	0	0	304	0	0	0	0	0	0	0	0	0	0	0	0	0	228	0	132	0	0	0	530	0	14162	0	136	0	0	0	25396	214	9706	0	0	116	11228	152	21374	0	1288	0	1978	0	78	0	116	0	0	0	0	0	0	0	2742	0	0	0	8428	0	0	0	578	0	0	0	0	0	0	0	0	0	0	0	0	0	0	0	0	0	0	0	0	0	0	0	0	0	0	0	
201040	Parietal_Inf_R	1290	3438	274	556	0	0	0	0	0	0	0	76	0	0	0	0	0	0	0	104	0	0	0	0	0	0	0	0	84	0	0	0	0	82	0	252	0	168	0	100	0	0	0	996	0	582	0	336	0	1712	0	5998	0	312	0	322	222	11888	0	11364	116	0	0	14602	0	27242	0	1396	118	190	112	0	0	138	0	74	0	0	0	0	0	1088	0	0	0	11170	0	0	0	4118	0	0	0	0	0	0	0	0	0	0	0	0	0	0	0	0	0	0	0	0	0	0	0	0	0	0	
101452	SupraMarginal_L	794	0	738	0	0	0	378	0	0	0	1114	0	0	0	0	0	5420	0	252	0	0	0	0	0	0	0	0	0	1494	0	0	0	0	0	0	0	108	0	0	0	0	0	70	0	0	0	0	0	0	0	804	0	0	0	0	0	12392	0	114	0	11228	0	0	0	2896	0	92	0	264	0	154	0	214	0	0	0	202	0	458	0	7574	0	0	0	3338	0	0	0	628	0	0	0	0	0	0	0	0	0	0	0	0	0	0	0	0	0	0	0	0	0	0	0	0	0	0	0	
146096	SupraMarginal_R	1676	5458	448	736	0	0	0	134	0	0	0	98	0	0	0	0	0	2454	72	370	0	0	0	0	0	0	0	0	130	72	0	0	0	288	0	112	0	1170	0	178	0	0	0	78	0	332	0	0	0	622	0	658	0	0	0	136	248	17304	0	0	152	14602	0	0	0	9204	0	332	410	0	176	0	76	148	0	74	0	104	0	0	0	5856	0	0	0	5110	0	0	0	4030	0	0	0	0	0	0	0	0	0	0	0	0	0	0	0	0	0	0	0	0	0	0	0	0	0	0	
145588	Angular_L	782	0	106	0	0	0	0	0	0	0	98	0	0	0	0	0	322	0	98	0	0	0	0	0	0	0	0	0	208	0	0	0	156	0	0	0	0	0	0	0	0	0	252	0	166	0	0	0	114	0	21038	0	262	0	84	0	2522	0	3526	0	21374	0	2896	0	0	0	746	0	1372	0	76	0	86	0	0	0	0	0	0	0	2422	0	0	0	13070	0	0	0	1018	0	0	0	0	0	0	0	0	0	0	0	0	0	0	0	0	0	0	0	0	0	0	0	0	0	0	0	
213896	Angular_R	0	282	0	0	0	0	0	0	0	0	0	0	0	0	0	0	0	450	0	0	0	0	0	0	0	0	0	0	0	0	0	0	0	0	0	158	0	112	0	70	0	0	0	1010	0	1360	0	298	0	5852	0	18306	0	346	0	326	0	2230	0	13552	0	27242	0	9204	0	0	0	1484	0	100	0	0	0	0	0	0	0	70	0	0	0	3786	0	0	0	16636	0	0	0	4074	0	0	0	0	0	0	0	0	0	0	0	0	0	0	0	0	0	0	0	0	0	0	0	0	0	0	
308292	Precuneus_L	566	444	0	350	0	0	0	0	0	0	0	0	0	0	0	0	202	0	0	0	0	0	0	0	0	0	0	0	370	226	0	0	4198	572	6542	702	3520	914	1388	114	0	0	13948	1182	7446	2096	8274	350	10824	1510	24928	1346	5888	262	7712	282	5014	170	17508	376	1288	0	92	0	746	0	0	7824	5820	926	0	0	0	116	0	0	214	756	168	0	278	0	0	0	3692	168	0	0	2478	356	0	0	0	0	0	0	0	0	0	0	0	0	0	0	0	0	0	0	0	0	0	0	0	0	0	0	
401616	Precuneus_R	156	3478	0	104	0	0	0	0	0	0	0	0	0	0	0	0	0	412	0	352	0	0	0	0	0	0	0	0	0	276	0	0	2452	3812	236	10352	102	8634	0	5154	0	0	560	24260	3066	25580	396	10582	1078	21792	356	16212	232	2570	224	9698	0	8682	1208	9010	0	1396	0	332	0	1484	7824	0	270	7634	0	382	0	260	0	0	0	1732	0	0	0	170	0	0	0	2228	0	0	0	5534	0	0	0	0	0	0	0	68	0	0	0	0	0	0	0	0	0	0	0	0	468	0	0	0	0	0	
204812	Paracentral_Lobule_L	8960	6002	1008	3130	0	0	0	72	0	0	96	0	0	0	0	0	254	0	7874	11030	0	0	0	0	0	0	0	0	288	0	0	0	2504	7914	3444	958	0	0	0	0	0	0	1436	0	854	0	222	0	614	0	6260	0	372	0	246	0	11804	506	2016	0	1978	118	264	410	1372	0	5820	270	0	6444	820	486	212	0	0	0	816	380	248	0	954	0	0	0	2626	0	0	0	1324	0	0	0	0	0	0	0	0	0	0	0	0	0	0	0	0	0	0	0	0	0	0	0	0	0	0	0	
211104	Paracentral_Lobule_R	2136	10198	140	1672	0	0	0	0	0	0	0	0	0	0	0	0	150	70	1266	23248	0	0	0	0	0	0	0	0	200	94	0	0	3998	17698	1514	5994	0	1084	0	640	0	0	104	3260	0	542	0	588	0	396	108	238	0	108	0	660	148	5844	0	328	0	190	0	0	0	100	926	7634	6444	0	202	3818	200	0	0	158	0	2578	94	0	0	0	0	0	78	136	0	0	0	568	0	0	0	0	0	0	0	0	0	0	0	0	0	0	0	0	0	0	0	0	0	0	0	0	0	0	
436644	Caudate_L	7480	3346	9098	7224	110	786	1332	4394	0	0	2406	2448	1052	1962	258	102	12440	586	9176	6204	5770	8316	1332	2808	406	270	970	1048	11786	1556	9974	9490	0	1076	70	0	818	98	0	0	0	0	0	0	0	0	0	0	0	0	374	0	0	0	0	0	5578	532	0	0	78	112	154	176	76	0	0	0	820	202	0	17622	35300	5752	5998	94	13554	638	272	0	3600	0	594	0	472	0	0	0	132	0	0	0	0	0	0	0	0	0	0	0	0	0	0	0	0	0	0	0	0	0	0	0	0	0	0	0	
361668	Caudate_R	1028	5198	830	19500	0	2198	184	3702	0	0	82	2792	0	1286	0	344	2666	1484	2780	16844	2402	6098	0	8390	0	2102	158	876	1694	2584	2962	16684	160	1064	0	258	0	358	0	174	0	0	0	74	0	0	0	0	0	0	0	0	0	0	0	98	1168	1510	0	0	0	0	0	0	0	0	0	382	486	3818	17622	0	6604	19320	886	1230	288	19236	0	0	890	0	110	230	0	0	0	0	0	0	0	0	0	0	0	0	0	0	0	0	0	0	0	0	0	0	0	0	0	0	0	0	0	0	0	0	
403320	Putamen_L	8844	990	21470	2108	7218	470	3298	844	2340	0	3478	166	2404	0	5532	0	2358	0	12068	2186	3552	5788	3364	1586	720	200	1286	628	23204	0	11760	5838	0	572	0	0	4348	0	958	0	976	0	0	0	0	0	88	0	0	0	474	0	0	0	1060	0	2492	146	0	0	116	0	214	76	86	0	0	0	212	200	35300	6604	0	2544	7886	0	796	70	268	0	380	0	1068	0	504	0	0	0	522	0	0	0	0	0	0	0	0	0	0	0	0	0	0	0	0	0	0	0	0	0	0	0	0	0	0	0	
266960	Putamen_R	146	2832	218	13012	0	2024	0	3690	0	0	0	2428	0	1980	0	1598	706	4118	932	4650	712	3038	0	4832	0	2094	100	538	396	17568	1518	9516	0	474	150	110	176	9600	96	4434	0	1450	0	0	0	412	0	0	0	444	0	416	0	0	0	2200	270	1404	0	0	0	138	0	148	0	0	116	260	0	0	5752	19320	2544	0	422	1076	0	1702	0	0	160	784	0	680	0	0	0	0	0	96	0	0	0	0	0	0	0	0	0	0	0	0	0	0	0	0	0	0	0	0	0	0	0	0	0	0	
54072	Pallidum_L	3488	656	1534	80	0	0	1010	312	0	0	0	0	0	0	0	0	248	0	0	176	0	390	0	0	0	0	0	0	414	0	0	0	0	0	0	0	90	0	0	0	0	0	0	0	0	0	0	0	0	0	90	0	0	0	0	0	1180	0	0	0	0	0	0	0	0	0	0	0	0	0	5998	886	7886	422	0	0	2176	0	0	0	0	0	0	0	0	0	0	0	0	0	0	0	0	0	0	0	0	0	0	0	0	0	0	0	0	0	0	0	0	0	0	0	0	0	0	0	
15108	Pallidum_R	0	1240	0	1086	0	0	0	218	0	0	0	408	0	0	0	0	0	396	0	410	0	0	0	0	0	0	0	0	0	0	0	84	0	0	0	0	0	286	0	258	0	0	0	0	0	0	0	0	0	0	0	0	0	0	0	138	0	324	0	0	0	74	0	74	0	0	0	0	0	158	94	1230	0	1076	0	0	0	0	0	0	0	0	0	0	0	0	0	0	0	0	0	0	0	0	0	0	0	0	0	0	0	0	0	0	0	0	0	0	0	0	0	0	0	0	0	0	
118520	Thalamus_L	14960	674	1690	240	0	0	374	260	0	0	1090	0	0	0	0	0	330	0	244	76	0	0	0	150	0	0	0	0	5050	0	0	146	0	0	168	0	5472	0	528	0	72	0	0	0	0	0	494	0	0	0	92	0	0	0	806	0	510	70	0	0	0	0	202	0	0	0	214	0	816	0	13554	288	796	0	2176	0	0	2336	2074	0	644	0	0	0	734	0	0	0	1930	0	0	0	0	0	0	0	0	0	0	0	0	0	0	0	0	0	0	0	0	0	0	0	0	0	0	0	
171324	Thalamus_R	1740	9714	474	7082	0	0	212	266	0	0	0	324	0	0	0	0	0	420	0	1774	0	0	0	1048	0	0	0	0	178	1382	76	1300	146	134	5188	4620	4030	6994	1680	632	0	0	0	310	0	214	1024	984	0	172	0	156	0	272	334	464	0	1212	0	0	0	0	0	104	0	70	756	1732	380	2578	638	19236	70	1702	0	0	2336	0	308	0	0	100	0	0	104	306	0	0	168	350	0	0	0	0	0	0	0	0	0	0	0	0	0	0	0	0	0	0	0	0	168	0	0	0	0	0	
77040	Heschl_L	3790	286	1264	84	0	0	1140	206	0	0	1676	0	0	0	0	0	2392	0	448	114	0	0	0	0	0	0	0	0	9084	0	0	0	0	92	312	0	2192	0	0	0	0	0	334	0	0	0	0	0	0	0	1120	0	318	0	462	0	1722	0	0	0	0	0	458	0	0	0	168	0	248	94	272	0	268	0	0	0	2074	308	0	0	2426	0	0	0	3336	86	0	0	1746	0	0	0	0	0	0	0	0	0	0	0	0	0	0	0	0	0	0	0	0	0	0	0	0	0	0	0	
17808	Heschl_R	0	0	0	0	0	0	0	0	0	0	0	0	0	0	0	0	0	846	0	0	0	0	0	0	0	0	0	0	0	1338	0	0	0	0	0	0	0	906	0	428	0	0	0	0	0	0	0	0	0	0	0	0	0	0	0	770	0	68	0	0	0	0	0	0	0	0	0	0	0	0	0	0	0	0	0	0	0	0	0	0	0	2614	0	0	0	700	0	0	0	1234	0	0	0	0	0	0	0	0	0	0	0	0	0	0	0	0	0	0	0	0	0	0	0	0	0	0	
218892	Temporal_Sup_L	3222	0	3048	1340	0	0	1388	266	0	0	2328	174	0	92	0	0	14412	80	3046	1316	0	0	0	250	0	0	0	0	11698	152	190	318	0	406	80	0	2740	0	574	0	0	0	0	0	0	0	0	0	0	0	2214	0	82	0	1204	0	6168	0	354	0	2742	0	7574	0	2422	0	278	0	954	0	3600	890	380	160	0	0	644	0	2426	0	0	0	2980	0	18846	0	0	0	8408	0	0	0	0	0	0	0	0	0	0	0	0	0	0	0	0	0	0	0	0	0	0	0	0	0	0	0	
95012	Temporal_Sup_R	0	200	0	284	0	0	0	0	0	0	0	0	0	0	0	0	0	2338	0	182	0	0	0	0	0	0	0	0	0	2352	0	0	0	0	0	0	0	1454	0	744	0	0	0	80	0	0	0	68	0	74	0	374	0	142	0	1520	0	1012	0	0	0	1088	0	5856	0	3786	0	170	0	0	0	0	0	784	0	0	0	100	0	2614	0	0	0	1758	0	11862	0	338	0	8326	0	0	0	0	0	0	0	0	0	0	0	0	0	0	0	0	0	0	0	0	0	0	0	0	0	0	
97172	Temporal_Pole_Sup_L	120	0	1546	240	902	0	422	0	792	0	2904	0	404	0	2702	0	3160	0	1110	192	978	0	0	0	0	0	0	0	6566	0	190	106	0	0	0	0	1762	0	750	0	1454	0	0	0	0	0	0	0	0	0	0	0	0	0	2046	0	0	0	0	0	0	0	0	0	0	0	0	0	0	0	594	110	1068	0	0	0	0	0	0	0	2980	0	0	0	5946	0	3368	0	6174	0	0	0	0	0	0	0	0	0	0	0	0	0	0	0	0	0	0	0	0	0	0	0	0	0	0	0	
45936	Temporal_Pole_Sup_R	0	0	0	462	0	0	0	0	0	0	0	646	0	146	0	178	0	668	0	484	0	104	0	0	0	0	0	0	0	2382	0	0	0	0	0	0	0	2030	0	1360	0	1774	0	0	0	0	0	0	0	0	0	0	0	0	0	2470	0	0	0	0	0	0	0	0	0	0	0	0	0	0	0	230	0	680	0	0	0	0	0	0	0	1758	0	0	0	2072	0	2544	0	2980	0	0	0	0	0	0	0	0	0	0	0	0	0	0	0	0	0	0	0	0	0	0	0	0	0	0	
290388	Temporal_Mid_L	1088	100	294	0	0	0	222	0	0	0	332	0	0	0	0	0	2200	0	152	0	0	0	0	0	0	0	0	0	2814	0	0	0	0	0	564	122	1910	0	110	0	238	0	2922	0	778	0	1208	0	1404	0	24468	0	3552	0	3030	0	2610	0	2662	0	8428	0	3338	0	13070	0	3692	0	2626	78	472	0	504	0	0	0	734	104	3336	0	18846	0	5946	0	0	0	3556	0	27684	0	0	0	0	0	0	0	0	0	0	0	0	0	0	0	0	0	0	0	0	0	0	0	0	0	0	0	
243732	Temporal_Mid_R	72	956	0	132	0	0	0	0	0	0	0	0	0	0	0	0	0	638	0	0	0	0	0	0	0	0	0	0	0	360	0	0	0	0	260	252	196	308	0	180	0	0	0	1906	130	3324	0	554	0	6690	0	13744	0	4774	0	2752	0	5566	0	3896	0	11170	0	5110	0	16636	168	2228	0	136	0	0	0	0	0	0	0	306	86	700	0	11862	0	2072	0	0	0	564	0	24138	0	0	0	0	0	0	0	0	0	0	0	0	0	0	0	0	0	0	0	0	0	0	0	0	0	0	
25428	Temporal_Pole_Mid_L	0	0	0	0	0	0	0	0	0	0	0	0	0	0	0	0	0	0	0	0	0	0	0	0	0	0	0	0	0	0	0	0	0	0	0	0	84	0	126	0	78	0	0	0	0	0	0	0	0	0	0	0	0	0	1176	0	0	0	0	0	0	0	0	0	0	0	0	0	0	0	0	0	0	0	0	0	0	0	0	0	0	0	3368	0	3556	0	0	0	4326	0	0	0	0	0	0	0	0	0	0	0	0	0	0	0	0	0	0	0	0	0	0	0	0	0	0	0	
18976	Temporal_Pole_Mid_R	0	0	0	0	0	0	0	0	0	0	0	0	0	0	0	0	0	0	0	0	0	0	0	0	0	0	0	0	0	0	0	0	0	0	0	0	0	816	0	774	0	900	0	0	0	0	0	0	0	0	0	0	0	0	0	1682	0	0	0	0	0	0	0	0	0	0	0	0	0	0	0	0	0	0	0	0	0	0	0	0	0	338	0	2544	0	564	0	0	0	1870	0	0	0	0	0	0	0	0	0	0	0	0	0	0	0	0	0	0	0	0	0	0	0	0	0	0	
219068	Temporal_Inf_L	534	0	126	0	0	0	128	0	0	0	0	0	0	0	0	0	582	0	88	0	0	0	0	0	0	0	0	0	4064	0	0	0	0	0	1644	0	12748	0	1196	0	1230	0	372	0	0	0	762	0	116	0	7580	0	3342	0	14214	0	1166	0	1158	0	578	0	628	0	1018	0	2478	0	1324	0	132	0	522	0	0	0	1930	168	1746	0	8408	0	6174	0	27684	0	4326	0	0	0	688	0	328	0	0	0	240	0	112	0	0	0	0	0	0	0	0	0	0	0	0	0	0	0	0	0	
231456	Temporal_Inf_R	0	888	0	200	0	0	0	0	0	0	0	0	0	0	0	0	0	330	0	70	0	0	0	0	0	0	0	0	0	714	0	0	0	284	172	1542	114	7196	0	4536	0	1092	0	4122	0	560	0	1582	0	1102	0	1936	0	7314	0	19196	0	3570	0	708	0	4118	0	4030	0	4074	356	5534	0	568	0	0	0	96	0	0	0	350	0	1234	0	8326	0	2980	0	24138	0	1870	0	0	0	734	0	0	0	0	0	0	0	92	0	0	0	0	0	0	0	0	0	0	0	0	0	0	0	0	
488644	Cerebelum_Crus1_L	0	0	0	0	0	0	0	0	0	0	0	0	0	0	0	0	0	0	0	0	0	0	0	0	0	0	0	0	0	0	0	0	0	0	0	0	0	0	0	0	0	0	0	0	0	0	12192	4490	72	0	434	0	834	0	20166	440	0	0	0	0	0	0	0	0	0	0	0	0	0	0	0	0	0	0	0	0	0	0	0	0	0	0	0	0	0	0	0	0	688	0	0	2206	48436	1612	2966	690	29202	1524	55920	3398	11212	136	15000	724	4414	830	310	0	90	460	8400	8178	6122	1500	1296	380	
549464	Cerebelum_Crus1_R	0	0	0	0	0	0	0	0	0	0	0	0	0	0	0	0	0	0	0	0	0	0	0	0	0	0	0	0	0	0	0	0	0	0	0	0	0	76	0	120	0	0	0	0	0	0	1978	7302	0	0	238	0	260	166	780	12912	0	0	0	0	0	0	0	0	0	0	0	0	0	0	0	0	0	0	0	0	0	0	0	0	0	0	0	0	0	0	0	0	0	734	2206	0	2048	47228	534	5080	2970	30064	4078	56666	508	6466	1510	22132	850	6910	0	2656	180	2814	17378	11384	14640	4160	6140	1564	
416908	Cerebelum_Crus2_L	0	0	0	0	0	0	0	0	0	0	0	0	0	0	0	0	0	0	0	0	0	0	0	0	0	0	0	0	0	0	0	0	0	0	0	0	0	0	0	0	0	0	0	0	0	0	1976	700	0	0	140	0	216	0	3366	88	0	0	0	0	0	0	0	0	0	0	0	0	0	0	0	0	0	0	0	0	0	0	0	0	0	0	0	0	0	0	0	0	328	0	48436	2048	0	6298	2216	138	8622	350	14068	1436	35650	3400	35796	5814	10214	586	344	0	0	172	990	2890	11820	8102	1614	636	
438064	Cerebelum_Crus2_R	0	0	0	0	0	0	0	0	0	0	0	0	0	0	0	0	0	0	0	0	0	0	0	0	0	0	0	0	0	0	0	0	0	0	0	0	0	0	0	0	0	0	0	0	0	0	422	470	0	0	0	0	0	0	382	1158	0	0	0	0	0	0	0	0	0	0	0	0	0	0	0	0	0	0	0	0	0	0	0	0	0	0	0	0	0	0	0	0	0	0	1612	47228	6298	0	228	2756	860	8922	1180	17538	3974	23824	3682	37158	688	10922	0	1966	360	1798	4572	4430	16858	9262	7924	2560	
48668	Cerebelum_3_L	0	0	0	0	0	0	0	0	0	0	0	0	0	0	0	0	0	0	0	0	0	0	0	0	0	0	0	0	0	0	0	0	0	0	0	0	0	0	72	0	0	0	0	0	0	0	144	626	0	0	0	0	0	0	158	0	0	0	0	0	0	0	0	0	0	0	0	0	0	0	0	0	0	0	0	0	0	0	0	0	0	0	0	0	0	0	0	0	0	0	2966	534	2216	228	0	0	4694	188	3130	884	0	0	1638	0	2400	0	0	0	720	960	662	1204	506	192	212	0	
108956	Cerebelum_3_R	0	0	0	0	0	0	0	0	0	0	0	0	0	0	0	0	0	0	0	0	0	0	0	0	0	0	0	0	0	0	0	0	0	0	0	0	0	94	0	74	0	0	0	0	0	0	358	504	0	0	0	0	0	0	310	274	0	0	0	0	0	0	0	0	0	0	0	0	0	0	0	0	0	0	0	0	0	0	0	0	0	0	0	0	0	0	0	0	0	0	690	5080	138	2756	0	0	1390	7542	1098	8200	112	868	0	2106	0	3476	0	148	822	5924	3056	1160	2496	2532	2946	324	
342156	Cerebelum_4_5_L	0	0	0	0	0	0	0	0	0	0	0	0	0	0	0	0	0	0	0	0	0	0	0	0	0	0	0	0	0	0	0	0	0	0	0	0	158	0	192	0	0	0	0	0	0	0	11750	2044	0	0	0	0	164	0	12420	326	0	0	0	0	0	0	0	0	0	0	0	0	0	0	0	0	0	0	0	0	0	0	0	0	0	0	0	0	0	0	0	0	240	0	29202	2970	8622	860	4694	1390	0	4726	39256	6350	1392	0	5478	1214	4200	1582	218	232	484	1430	18678	3030	2656	2122	2038	960	
341208	Cerebelum_4_5_R	0	0	0	0	0	0	0	0	0	0	0	0	0	0	0	0	0	0	0	0	0	0	0	0	0	0	0	0	0	0	0	0	0	0	0	0	0	270	0	716	0	0	0	0	0	0	1338	5498	0	0	0	0	0	0	742	7172	0	0	0	0	0	0	0	0	0	0	0	68	0	0	0	0	0	0	0	0	0	0	0	0	0	0	0	0	0	0	0	0	0	0	1524	30064	350	8922	188	7542	4726	0	3130	41116	274	1966	0	5384	172	3862	0	1302	98	4312	24442	3120	5062	2824	3808	612	
473784	Cerebelum_6_L	0	0	0	0	0	0	0	0	0	0	0	0	0	0	0	0	0	0	0	0	0	0	0	0	0	0	0	0	0	0	0	0	0	0	0	0	0	0	0	0	0	0	0	0	0	0	18144	7694	100	0	834	0	1434	0	24590	1138	0	0	0	0	0	0	0	0	0	0	0	0	0	0	0	0	0	0	0	0	0	0	0	0	0	0	0	0	0	0	0	0	112	0	55920	4078	14068	1180	3130	1098	39256	3130	0	8154	3940	0	5298	734	2756	1218	0	116	296	750	15508	14020	4726	1490	1414	566	
559568	Cerebelum_6_R	0	0	0	0	0	0	0	0	0	0	0	0	0	0	0	0	0	0	0	0	0	0	0	0	0	0	0	0	0	0	0	0	0	0	0	0	0	0	0	116	0	0	0	0	0	0	3240	10286	0	0	314	0	370	188	1388	14052	0	0	0	0	0	0	0	0	0	0	0	0	0	0	0	0	0	0	0	0	0	0	0	0	0	0	0	0	0	0	0	0	0	92	3398	56666	1436	17538	884	8200	6350	41116	8154	0	500	3380	536	9600	952	7524	0	2230	666	4632	25976	16632	14878	7036	7666	3788	
267176	Cerebelum_7b_L	0	0	0	0	0	0	0	0	0	0	0	0	0	0	0	0	0	0	0	0	0	0	0	0	0	0	0	0	0	0	0	0	0	0	0	0	0	0	0	0	0	0	0	0	0	0	0	112	0	0	0	0	0	0	760	0	0	0	0	0	0	0	0	0	0	0	0	0	0	0	0	0	0	0	0	0	0	0	0	0	0	0	0	0	0	0	0	0	0	0	11212	508	35650	3974	0	112	1392	274	3940	500	0	3366	37998	6892	10532	532	610	0	0	146	780	370	4752	8236	654	286	
165908	Cerebelum_7b_R	0	0	0	0	0	0	0	0	0	0	0	0	0	0	0	0	0	0	0	0	0	0	0	0	0	0	0	0	0	0	0	0	0	0	0	0	0	0	0	0	0	0	0	0	0	0	0	0	0	0	0	0	0	0	0	400	0	0	0	0	0	0	0	0	0	0	0	0	0	0	0	0	0	0	0	0	0	0	0	0	0	0	0	0	0	0	0	0	0	0	136	6466	3400	23824	0	868	0	1966	0	3380	3366	0	2226	24704	0	4286	0	162	0	630	510	84	2196	4242	108	0	
343752	Cerebelum_8_L	0	0	0	0	0	0	0	0	0	0	0	0	0	0	0	0	0	0	0	0	0	0	0	0	0	0	0	0	0	0	0	0	0	0	0	0	0	0	0	0	0	0	0	0	0	0	0	208	0	0	0	0	0	0	1248	0	0	0	0	0	0	0	0	0	0	0	0	0	0	0	0	0	0	0	0	0	0	0	0	0	0	0	0	0	0	0	0	0	0	0	15000	1510	35796	3682	1638	0	5478	0	5298	536	37998	2226	0	7790	24570	2422	1822	0	0	0	100	734	6266	12472	4376	706	
393104	Cerebelum_8_R	0	0	0	0	0	0	0	0	0	0	0	0	0	0	0	0	0	0	0	0	0	0	0	0	0	0	0	0	0	0	0	0	0	0	0	0	0	0	0	0	0	0	0	0	0	0	222	446	0	0	0	0	0	0	200	210	0	0	0	0	0	0	0	0	0	0	0	0	0	0	0	0	0	0	0	0	0	0	0	0	0	0	0	0	0	0	0	0	0	0	724	22132	5814	37158	0	2106	1214	5384	734	9600	6892	24704	7790	0	730	23500	0	2916	348	1430	3504	1316	9964	15588	9322	2604	
154784	Cerebelum_9_L	0	0	0	0	0	0	0	0	0	0	0	0	0	0	0	0	0	0	0	0	0	0	0	0	0	0	0	0	0	0	0	0	0	0	0	0	0	0	0	0	0	0	0	0	0	0	0	510	0	0	0	0	0	0	78	0	0	0	0	0	0	0	0	0	0	0	0	0	0	0	0	0	0	0	0	0	0	0	0	0	0	0	0	0	0	0	0	0	0	0	4414	850	10214	688	2400	0	4200	172	2756	952	10532	0	24570	730	0	1268	2800	0	0	0	224	1500	2656	2968	2252	658	
224904	Cerebelum_9_R	0	0	0	0	0	0	0	0	0	0	0	0	0	0	0	0	0	0	0	0	0	0	0	0	0	0	0	0	0	0	0	0	0	0	0	0	0	0	0	0	0	0	0	0	0	0	300	440	0	0	0	0	0	0	326	86	0	0	0	0	0	0	0	0	0	0	0	0	0	0	0	0	0	0	0	0	0	0	0	0	0	0	0	0	0	0	0	0	0	0	830	6910	586	10922	0	3476	1582	3862	1218	7524	532	4286	2422	23500	1268	0	0	1234	872	2400	3200	2224	6840	9206	12626	3780	
12208	Cerebelum_10_L	0	0	0	0	0	0	0	0	0	0	0	0	0	0	0	0	0	0	0	0	0	0	0	0	0	0	0	0	0	0	0	0	0	0	0	0	0	0	0	0	0	0	0	0	0	0	0	0	0	0	0	0	0	0	0	0	0	0	0	0	0	0	0	0	0	0	0	0	0	0	0	0	0	0	0	0	0	0	0	0	0	0	0	0	0	0	0	0	0	0	310	0	344	0	0	0	218	0	0	0	610	0	1822	0	2800	0	0	0	0	0	0	0	0	0	0	0	
28452	Cerebelum_10_R	0	0	0	0	0	0	0	0	0	0	0	0	0	0	0	0	0	0	0	0	0	0	0	0	0	0	0	0	0	0	0	0	0	0	0	0	0	0	0	0	0	0	0	0	0	0	0	76	0	0	0	0	0	0	0	0	0	0	0	0	0	0	0	0	0	0	0	0	0	0	0	0	0	0	0	0	0	0	0	0	0	0	0	0	0	0	0	0	0	0	0	2656	0	1966	0	148	232	1302	116	2230	0	162	0	2916	0	1234	0	0	0	106	1082	0	0	0	0	0	
21320	Vermis_1_2	0	0	0	0	0	0	0	0	0	0	0	0	0	0	0	0	0	0	0	0	0	0	0	0	0	0	0	0	0	0	0	0	0	0	0	0	0	0	0	0	0	0	0	0	0	0	0	0	0	0	0	0	0	0	0	0	0	0	0	0	0	0	0	0	0	0	0	0	0	0	0	0	0	0	0	0	0	0	0	0	0	0	0	0	0	0	0	0	0	0	90	180	0	360	720	822	484	98	296	666	0	0	0	348	0	872	0	0	0	2946	528	172	550	664	694	170	
81984	Vermis_3	0	0	0	0	0	0	0	0	0	0	0	0	0	0	0	0	0	0	0	0	0	0	0	0	0	0	0	0	0	0	0	0	0	0	0	0	0	184	68	260	0	0	0	0	0	0	126	234	0	0	0	0	0	0	0	0	0	0	0	0	0	0	0	0	0	0	0	0	0	0	0	0	0	0	0	0	0	0	0	0	0	0	0	0	0	0	0	0	0	0	460	2814	172	1798	960	5924	1430	4312	750	4632	146	630	0	1430	0	2400	0	106	2946	0	2870	828	1670	1666	1952	224	
343508	Vermis_4_5	0	0	0	0	0	0	0	0	0	0	0	0	0	0	0	0	0	0	0	0	0	0	0	0	0	0	0	0	0	0	0	0	0	0	0	332	0	432	0	90	0	0	0	0	0	0	6640	6352	0	0	78	0	162	0	4092	3182	0	0	0	0	0	0	0	0	0	0	0	468	0	0	0	0	0	0	0	0	0	168	0	0	0	0	0	0	0	0	0	0	0	0	8400	17378	990	4572	662	3056	18678	24442	15508	25976	780	510	100	3504	224	3200	0	1082	528	2870	0	5228	4544	2672	3458	1396	
