data	data	389456	224224	1.02399e+06	730632	80492	111296	640220	208080	45884	27580	465224	155036	270264	209456	132468	89120	455704	115764	717688	815728	63364	67828	287600	262428	23896	90236	37620	45896	869288	337812	195612	399820	130028	455856	176972	191368	247780	266196	94260	173584	42516	65172	273144	414236	210748	393500	329156	346356	199216	344228	466124	379796	159044	85100	429956	455192	270560	113904	105108	119688	274328	108536	184660	116372	162660	116188	351612	534720	230948	178920	383724	277800	288776	254852	46360	24828	135708	164020	80116	41760	475888	140008	285888	75336	428312	274288	37576	27048	345360	250520	394192	362304	295804	253340	33976	62896	275228	206360	465588	436988	210964	121016	224220	228988	66728	76104	16372	4588	28816	73824	230600	255204	232368	94628	77764	14584	
data	data	Precentral_L	Precentral_R	Frontal_Sup_L	Frontal_Sup_R	Frontal_Sup_Orb_L	Frontal_Sup_Orb_R	Frontal_Mid_L	Frontal_Mid_R	Frontal_Mid_Orb_L	Frontal_Mid_Orb_R	Frontal_Inf_Oper_L	Frontal_Inf_Oper_R	Frontal_Inf_Tri_L	Frontal_Inf_Tri_R	Frontal_Inf_Orb_L	Frontal_Inf_Orb_R	Rolandic_Oper_L	Rolandic_Oper_R	Supp_Motor_Area_L	Supp_Motor_Area_R	Olfactory_L	Olfactory_R	Frontal_Sup_Medial_L	Frontal_Sup_Medial_R	Frontal_Med_Orb_L	Frontal_Med_Orb_R	Rectus_L	Rectus_R	Insula_L	Insula_R	Cingulum_Ant_L	Cingulum_Ant_R	Cingulum_Mid_L	Cingulum_Mid_R	Cingulum_Post_L	Cingulum_Post_R	Hippocampus_L	Hippocampus_R	ParaHippocampal_L	ParaHippocampal_R	Amygdala_L	Amygdala_R	Calcarine_L	Calcarine_R	Cuneus_L	Cuneus_R	Lingual_L	Lingual_R	Occipital_Sup_L	Occipital_Sup_R	Occipital_Mid_L	Occipital_Mid_R	Occipital_Inf_L	Occipital_Inf_R	Fusiform_L	Fusiform_R	Postcentral_L	Postcentral_R	Parietal_Sup_L	Parietal_Sup_R	Parietal_Inf_L	Parietal_Inf_R	SupraMarginal_L	SupraMarginal_R	Angular_L	Angular_R	Precuneus_L	Precuneus_R	Paracentral_Lobule_L	Paracentral_Lobule_R	Caudate_L	Caudate_R	Putamen_L	Putamen_R	Pallidum_L	Pallidum_R	Thalamus_L	Thalamus_R	Heschl_L	Heschl_R	Temporal_Sup_L	Temporal_Sup_R	Temporal_Pole_Sup_L	Temporal_Pole_Sup_R	Temporal_Mid_L	Temporal_Mid_R	Temporal_Pole_Mid_L	Temporal_Pole_Mid_R	Temporal_Inf_L	Temporal_Inf_R	Cerebelum_Crus1_L	Cerebelum_Crus1_R	Cerebelum_Crus2_L	Cerebelum_Crus2_R	Cerebelum_3_L	Cerebelum_3_R	Cerebelum_4_5_L	Cerebelum_4_5_R	Cerebelum_6_L	Cerebelum_6_R	Cerebelum_7b_L	Cerebelum_7b_R	Cerebelum_8_L	Cerebelum_8_R	Cerebelum_9_L	Cerebelum_9_R	Cerebelum_10_L	Cerebelum_10_R	Vermis_1_2	Vermis_3	Vermis_4_5	Vermis_6	Vermis_7	Vermis_8	Vermis_9	Vermis_10	
389456	Precentral_L	0	1376	25548	2602	0	0	16186	1742	0	0	8728	0	742	0	0	0	10056	468	10966	5686	0	0	98	0	0	0	0	0	8986	120	0	428	144	1174	1248	212	5888	0	170	0	0	0	96	0	0	0	82	0	0	0	1216	0	166	0	838	0	31560	120	0	0	6686	0	3778	0	330	0	136	0	18142	1240	2792	744	3860	0	614	0	8446	362	3942	162	2978	110	218	0	2166	0	0	0	1376	0	0	0	0	0	0	0	0	0	0	0	0	0	0	0	0	0	0	0	0	0	0	0	0	0	0	0	
224224	Precentral_R	1376	0	2696	17434	0	0	558	5794	0	0	148	10332	0	528	0	0	188	2198	4606	6008	0	0	0	0	0	0	0	0	1088	4650	0	0	0	332	376	314	896	4588	102	440	0	0	0	942	0	914	0	210	0	496	0	214	0	0	0	572	1016	8582	0	0	0	576	0	902	0	0	0	2410	1262	1718	2182	3974	1432	2184	984	388	1248	11778	122	130	242	390	0	0	0	1006	0	0	104	1482	0	0	0	0	0	0	0	0	0	0	0	0	0	0	0	0	0	0	0	0	0	0	0	0	0	0	
1.02399e+06	Frontal_Sup_L	25548	2696	0	12022	4112	0	74220	3292	1610	0	30478	654	23370	544	7456	0	26866	92	74884	16188	0	0	37540	902	546	0	228	0	50768	484	11406	2794	1958	5738	0	0	4596	206	128	0	0	0	0	0	0	0	0	0	0	0	0	0	0	0	434	0	7700	238	0	0	522	0	800	108	0	0	0	0	2454	0	10446	524	17084	662	3464	386	4668	326	1422	0	19442	0	16034	0	1514	0	0	0	2314	126	0	0	0	0	0	0	0	0	0	0	0	0	0	0	0	0	0	0	0	0	0	0	0	0	0	0	
730632	Frontal_Sup_R	2602	17434	12022	0	0	6414	4592	21822	0	388	424	5840	78	11672	128	4500	518	1744	14528	68288	0	0	7232	32272	0	3406	0	112	7512	13902	3088	28040	408	15648	828	644	2144	3804	262	1038	0	0	0	494	0	0	0	586	0	0	0	0	0	0	96	1430	574	1758	0	0	160	376	0	550	0	0	0	262	1108	0	11136	15532	3208	9044	574	406	1158	12718	122	294	1366	1142	228	462	962	2036	0	0	1576	2624	0	0	0	0	0	0	0	0	0	0	0	0	0	0	0	0	0	0	0	0	0	0	0	0	0	0	
80492	Frontal_Sup_Orb_L	0	0	4112	0	0	0	1816	0	7886	0	0	0	1010	0	7602	0	0	0	240	0	978	0	1622	0	2216	126	4918	132	1602	0	1366	0	0	0	0	0	258	0	0	0	0	0	0	0	0	0	0	0	0	0	0	0	0	0	110	0	0	0	0	0	0	0	0	0	0	0	0	0	0	0	1134	0	3038	0	0	0	0	0	0	0	0	0	80	0	0	0	0	0	0	0	0	0	0	0	0	0	0	0	0	0	0	0	0	0	0	0	0	0	0	0	0	0	0	0	0	0	
111296	Frontal_Sup_Orb_R	0	0	0	6414	0	0	0	992	0	5612	0	0	0	1790	0	5010	0	0	84	426	0	1522	0	5130	0	7114	126	4806	0	3512	0	3912	0	278	0	0	0	0	0	0	0	0	0	0	0	0	0	0	0	0	0	0	0	0	0	0	0	0	0	0	0	0	0	0	0	0	0	0	0	0	0	4536	0	4384	0	0	0	0	0	0	0	0	0	0	0	0	0	0	0	0	0	0	0	0	0	0	0	0	0	0	0	0	0	0	0	0	0	0	0	0	0	0	0	0	0	0	
640220	Frontal_Mid_L	16186	558	74220	4592	1816	0	0	2720	2074	0	27840	0	35500	0	6916	0	19644	0	21682	5568	0	0	15782	0	0	0	0	0	33356	0	3162	822	414	2574	0	0	1172	0	0	0	0	0	0	0	0	0	0	0	0	0	0	0	0	0	0	0	1510	0	0	0	348	0	102	0	0	0	0	0	412	0	2204	168	3736	0	1278	164	2156	0	522	0	16174	0	14738	0	0	0	0	0	0	0	0	0	0	0	0	0	0	0	0	0	0	0	0	0	0	0	0	0	0	0	0	0	0	0	0	0	
208080	Frontal_Mid_R	1742	5794	3292	21822	0	992	2720	0	0	658	686	4898	0	13410	1090	1668	824	0	2512	4948	0	0	1348	4518	0	0	0	0	5842	1678	508	2516	0	2374	0	0	454	0	0	0	0	0	0	0	0	0	0	0	0	0	0	0	0	0	0	0	394	598	0	0	140	220	0	334	0	0	0	0	0	0	11028	320	1596	510	316	118	250	236	142	0	714	92	190	0	90	164	0	0	136	158	0	0	0	0	0	0	0	0	0	0	0	0	0	0	0	0	0	0	0	0	0	0	0	0	0	0	
45884	Frontal_Mid_Orb_L	0	0	1610	0	7886	0	2074	0	0	0	0	0	1118	0	8594	0	0	0	0	0	0	0	0	0	110	0	494	0	558	0	0	0	0	0	0	0	0	0	0	0	0	0	0	0	0	0	0	0	0	0	0	0	0	0	0	0	0	0	0	0	0	0	0	0	0	0	0	0	0	0	118	0	380	0	0	0	0	0	0	0	0	0	0	0	0	0	0	0	0	0	0	0	0	0	0	0	0	0	0	0	0	0	0	0	0	0	0	0	0	0	0	0	0	0	0	0	
27580	Frontal_Mid_Orb_R	0	0	0	388	0	5612	0	658	0	0	0	0	0	134	0	5120	0	0	0	0	0	98	0	0	0	412	0	508	0	108	0	0	0	0	0	0	0	0	0	0	0	0	0	0	0	0	0	0	0	0	0	0	0	0	0	0	0	0	0	0	0	0	0	0	0	0	0	0	0	0	0	590	0	162	0	0	0	0	0	0	0	0	0	0	0	0	0	0	0	0	0	0	0	0	0	0	0	0	0	0	0	0	0	0	0	0	0	0	0	0	0	0	0	0	0	0	
465224	Frontal_Inf_Oper_L	8728	148	30478	424	0	0	27840	686	0	0	0	0	16664	0	796	0	30856	0	17052	318	0	0	5064	0	0	0	0	0	38426	108	2280	332	0	108	0	0	0	0	0	0	0	0	0	0	0	0	0	0	0	0	0	0	0	0	0	0	2242	446	0	0	142	186	0	406	0	0	0	0	0	0	3200	92	1124	100	80	0	0	0	446	0	24158	0	19682	0	0	0	0	0	0	0	0	0	0	0	0	0	0	0	0	0	0	0	0	0	0	0	0	0	0	0	0	0	0	0	0	0	
155036	Frontal_Inf_Oper_R	0	10332	654	5840	0	0	0	4898	0	0	0	0	0	6764	88	96	0	6278	530	6108	0	0	212	316	0	0	0	0	1586	12000	148	1052	0	962	0	0	378	0	0	0	0	0	0	0	0	0	0	0	0	92	0	532	0	0	86	0	0	2088	0	0	0	0	0	1698	0	200	0	652	0	284	2752	1348	872	2652	0	198	0	492	0	204	144	1362	0	716	88	1214	0	0	152	1450	0	0	0	0	0	0	0	0	0	0	0	0	0	0	0	0	0	0	0	0	0	0	0	0	0	0	
270264	Frontal_Inf_Tri_L	742	0	23370	78	1010	0	35500	0	1118	0	16664	0	0	0	9808	0	2958	0	6610	82	0	0	2256	0	0	0	0	0	25908	0	3064	82	0	0	0	0	0	0	0	0	0	0	0	0	0	0	0	0	0	0	0	0	0	0	0	0	0	0	0	0	0	0	0	0	0	0	0	0	0	0	450	0	930	0	0	0	0	0	0	0	2398	0	2104	0	0	0	0	0	0	0	0	0	0	0	0	0	0	0	0	0	0	0	0	0	0	0	0	0	0	0	0	0	0	0	0	0	
209456	Frontal_Inf_Tri_R	0	528	544	11672	0	1790	0	13410	0	134	0	6764	0	0	0	6584	0	116	3626	9366	0	0	482	6624	0	368	0	0	586	15544	440	11884	0	6926	0	0	0	0	0	0	0	0	0	0	0	0	0	0	0	0	0	112	0	0	0	0	0	154	0	0	0	0	0	0	0	0	0	130	0	0	1362	1188	206	3142	0	234	0	0	0	0	0	150	0	0	0	340	0	0	0	322	0	0	0	0	0	0	0	0	0	0	0	0	0	0	0	0	0	0	0	0	0	0	0	0	0	0	
132468	Frontal_Inf_Orb_L	0	0	7456	128	7602	0	6916	1090	8594	0	796	88	9808	0	0	0	238	0	1270	0	1554	0	274	0	144	0	998	0	9876	0	226	0	0	0	0	0	960	0	150	0	978	0	0	0	0	0	0	0	0	0	0	0	0	0	120	0	0	0	0	0	0	0	0	0	0	0	0	0	0	0	2312	0	3976	0	0	0	0	0	0	0	276	0	404	0	0	0	0	0	0	0	0	0	0	0	0	0	0	0	0	0	0	0	0	0	0	0	0	0	0	0	0	0	0	0	0	0	
89120	Frontal_Inf_Orb_R	0	0	0	4500	0	5010	0	1668	0	5120	0	96	0	6584	0	0	0	0	102	632	0	434	136	3062	0	458	0	610	0	8486	78	3838	0	566	0	0	0	0	0	0	0	0	0	0	0	0	0	0	0	0	0	0	0	0	0	0	0	0	0	0	0	0	0	0	0	0	0	0	0	0	0	1080	0	1992	0	0	0	0	0	0	0	0	0	108	0	0	0	0	0	0	0	0	0	0	0	0	0	0	0	0	0	0	0	0	0	0	0	0	0	0	0	0	0	0	0	0	
455704	Rolandic_Oper_L	10056	188	26866	518	0	0	19644	824	0	0	30856	0	2958	0	238	0	0	0	15260	458	0	0	4730	0	0	0	0	0	40218	0	206	114	136	104	78	0	170	0	0	0	0	0	0	0	0	0	0	0	0	0	444	0	0	0	130	0	8576	454	0	0	328	190	2072	412	0	0	254	0	702	82	3292	90	1214	96	0	92	108	0	4500	0	29400	0	18962	0	1714	0	0	0	1118	0	0	0	0	0	0	0	0	0	0	0	0	0	0	0	0	0	0	0	0	0	0	0	0	0	0	0	
115764	Rolandic_Oper_R	468	2198	92	1744	0	0	0	0	0	0	0	6278	0	116	0	0	0	0	0	1690	0	0	0	0	0	0	0	0	122	14684	0	148	0	0	0	0	0	714	0	272	0	0	0	0	0	0	0	0	0	0	0	406	0	0	0	252	386	2138	0	0	0	0	0	1756	0	0	0	144	0	0	892	4054	162	6670	0	692	658	0	0	3890	0	5778	0	704	0	92	0	0	0	682	0	0	0	0	0	0	0	0	0	0	0	0	0	0	0	0	0	0	0	0	0	0	0	0	0	0	
717688	Supp_Motor_Area_L	10966	4606	74884	14528	240	84	21682	2512	0	0	17052	530	6610	3626	1270	102	15260	0	0	41230	0	0	3910	3450	0	0	0	0	23276	894	5414	5596	6592	21402	330	214	2026	766	88	0	0	0	0	0	0	0	0	0	0	0	96	0	0	0	302	0	5732	0	0	0	538	0	456	0	0	0	0	0	21918	0	3326	714	6370	352	2040	148	7906	468	650	0	8968	0	5820	0	1628	0	0	0	2272	0	0	0	0	0	0	0	0	0	0	0	0	0	0	0	0	0	0	0	0	0	0	0	0	0	0	0	
815728	Supp_Motor_Area_R	5686	6008	16188	68288	0	426	5568	4948	0	0	318	6108	82	9366	0	632	458	1690	41230	0	0	0	1612	8736	0	644	0	0	6660	9262	1542	17954	4550	47900	3430	6094	1684	1146	0	836	0	0	0	4346	0	3372	0	554	0	2594	992	2004	0	0	174	1396	838	2404	0	98	158	312	0	372	82	0	712	9606	15076	27012	10272	15528	3256	4916	734	302	1692	8578	0	174	1284	328	148	462	3042	1548	0	0	2944	1508	0	0	0	0	0	0	0	0	0	0	0	0	0	0	0	0	0	0	0	0	0	0	0	0	0	0	
63364	Olfactory_L	0	0	0	0	978	0	0	0	0	0	0	0	0	0	1554	0	0	0	0	0	0	3466	0	0	582	422	1296	210	3570	0	2664	1794	0	0	0	0	1756	0	810	0	1942	0	0	0	0	0	0	0	0	0	0	0	0	0	384	0	0	0	0	0	0	0	0	0	0	0	0	0	0	0	5604	1962	2050	0	0	0	0	0	0	0	222	0	276	0	0	0	0	0	140	0	0	0	0	0	0	0	0	0	0	0	0	0	0	0	0	0	0	0	0	0	0	0	0	0	0	0	
67828	Olfactory_R	0	0	0	0	0	1522	0	0	0	98	0	0	0	0	0	434	0	0	0	0	3466	0	0	0	118	1898	484	3548	80	3084	2020	3510	0	0	0	0	0	0	0	0	0	296	0	0	0	0	0	0	0	0	0	0	0	0	0	0	0	0	0	0	0	0	0	0	0	0	0	0	0	0	5068	4618	2772	898	0	0	0	0	0	0	0	0	0	0	0	0	0	0	0	0	0	0	0	0	0	0	0	0	0	0	0	0	0	0	0	0	0	0	0	0	0	0	0	0	0	0	
287600	Frontal_Sup_Medial_L	98	0	37540	7232	1622	0	15782	1348	0	0	5064	212	2256	482	274	136	4730	0	3910	1612	0	0	0	12590	982	288	146	0	9676	232	9332	6772	1994	5086	0	0	0	0	0	0	0	0	0	0	0	0	0	0	0	0	0	0	0	0	0	0	0	0	0	0	0	0	0	0	0	0	0	0	0	0	2418	92	2388	120	0	0	0	0	0	0	4698	0	4688	0	0	0	0	0	0	0	0	0	0	0	0	0	0	0	0	0	0	0	0	0	0	0	0	0	0	0	0	0	0	0	0	0	
262428	Frontal_Sup_Medial_R	0	0	902	32272	0	5130	0	4518	0	0	0	316	0	6624	0	3062	0	0	3450	8736	0	0	12590	0	82	4420	0	162	0	5564	2220	23540	186	9932	0	0	0	0	0	0	0	0	0	0	0	0	0	0	0	0	0	0	0	0	0	0	0	0	0	0	0	0	0	0	0	0	0	0	0	0	0	2708	0	4800	0	0	0	0	0	0	0	0	0	0	0	0	0	0	0	0	0	0	0	0	0	0	0	0	0	0	0	0	0	0	0	0	0	0	0	0	0	0	0	0	0	0	
23896	Frontal_Med_Orb_L	0	0	546	0	2216	0	0	0	110	0	0	0	0	0	144	0	0	0	0	0	582	118	982	82	0	672	1942	264	0	0	2588	224	0	0	0	0	0	0	0	0	0	0	0	0	0	0	0	0	0	0	0	0	0	0	0	0	0	0	0	0	0	0	0	0	0	0	0	0	0	0	1072	108	298	0	0	0	0	0	0	0	0	0	0	0	0	0	0	0	0	0	0	0	0	0	0	0	0	0	0	0	0	0	0	0	0	0	0	0	0	0	0	0	0	0	0	0	
90236	Frontal_Med_Orb_R	0	0	0	3406	126	7114	0	0	0	412	0	0	0	368	0	458	0	0	0	644	422	1898	288	4420	672	0	394	5048	0	688	1214	6832	0	0	0	0	0	0	0	0	0	0	0	0	0	0	0	0	0	0	0	0	0	0	0	0	0	0	0	0	0	0	0	0	0	0	0	0	0	0	232	6216	0	4266	0	0	0	0	0	0	0	0	0	0	0	0	0	0	0	0	0	0	0	0	0	0	0	0	0	0	0	0	0	0	0	0	0	0	0	0	0	0	0	0	0	0	
37620	Rectus_L	0	0	228	0	4918	126	0	0	494	0	0	0	0	0	998	0	0	0	0	0	1296	484	146	0	1942	394	0	494	184	0	2312	682	0	0	0	0	0	0	0	0	0	0	0	0	0	0	0	0	0	0	0	0	0	0	0	0	0	0	0	0	0	0	0	0	0	0	0	0	0	0	2398	222	1492	0	0	0	0	0	0	0	0	0	0	0	0	0	0	0	0	0	0	0	0	0	0	0	0	0	0	0	0	0	0	0	0	0	0	0	0	0	0	0	0	0	0	0	
45896	Rectus_R	0	0	0	112	132	4806	0	0	0	508	0	0	0	0	0	610	0	0	0	0	210	3548	0	162	264	5048	494	0	0	1902	232	1474	0	0	0	0	0	0	0	0	0	92	0	0	0	0	0	0	0	0	0	0	0	0	0	0	0	0	0	0	0	0	0	0	0	0	0	0	0	0	150	2236	76	892	0	0	0	0	0	0	0	0	0	0	0	0	0	0	0	0	0	0	0	0	0	0	0	0	0	0	0	0	0	0	0	0	0	0	0	0	0	0	0	0	0	0	
869288	Insula_L	8986	1088	50768	7512	1602	0	33356	5842	558	0	38426	1586	25908	586	9876	0	40218	122	23276	6660	3570	80	9676	0	0	0	184	0	0	568	5078	1156	158	1142	250	234	9520	154	544	0	1670	0	202	0	0	0	0	0	0	0	482	0	0	0	2474	0	7060	854	0	0	480	382	260	772	0	0	212	0	1410	144	24292	1028	18532	948	136	778	1402	404	10346	0	33674	208	20322	0	7306	270	548	0	9098	266	0	0	0	0	0	0	0	0	0	0	0	0	0	0	0	0	0	0	0	0	0	0	0	0	0	0	
337812	Insula_R	120	4650	484	13902	0	3512	0	1678	0	108	108	12000	0	15544	0	8486	0	14684	894	9262	0	3084	232	5564	0	688	0	1902	568	0	468	10730	0	3148	0	110	174	2140	0	774	0	1280	0	0	0	0	0	0	0	0	0	0	0	0	0	718	0	190	0	0	0	0	0	350	0	0	0	86	0	0	2626	3484	678	23352	0	196	0	598	0	4470	100	9334	0	2794	0	3166	0	0	0	470	0	0	0	0	0	0	0	0	0	0	0	0	0	0	0	0	0	0	0	0	0	0	0	0	0	0	
195612	Cingulum_Ant_L	0	0	11406	3088	1366	0	3162	508	0	0	2280	148	3064	440	226	78	206	0	5414	1542	2664	2020	9332	2220	2588	1214	2312	232	5078	468	0	12104	3426	1472	0	0	0	0	0	0	0	0	0	0	0	0	0	0	0	0	0	0	0	0	0	0	0	0	0	0	0	0	0	0	0	0	0	0	0	0	7758	3684	6596	1300	0	0	0	0	0	0	216	0	194	0	0	0	0	0	0	0	0	0	0	0	0	0	0	0	0	0	0	0	0	0	0	0	0	0	0	0	0	0	0	0	0	0	
399820	Cingulum_Ant_R	428	0	2794	28040	0	3912	822	2516	0	0	332	1052	82	11884	0	3838	114	148	5596	17954	1794	3510	6772	23540	224	6832	682	1474	1156	10730	12104	0	1438	21298	0	0	0	148	0	0	0	0	0	0	0	0	0	0	0	0	0	0	0	0	0	0	0	0	0	0	0	0	0	0	0	0	0	0	0	0	4100	12366	2354	9676	0	0	0	0	0	0	80	0	120	0	0	0	0	0	0	0	0	0	0	0	0	0	0	0	0	0	0	0	0	0	0	0	0	0	0	0	0	0	0	0	0	0	
130028	Cingulum_Mid_L	144	0	1958	408	0	0	414	0	0	0	0	0	0	0	0	0	136	0	6592	4550	0	0	1994	186	0	0	0	0	158	0	3426	1438	0	16686	4138	1656	0	0	0	0	0	0	472	0	1440	588	118	0	1360	266	2706	242	0	0	0	0	0	0	840	0	408	0	0	0	0	0	5546	2302	3396	924	0	0	0	0	0	0	0	0	0	0	0	0	0	0	522	0	0	0	0	0	0	0	0	0	0	0	0	0	0	0	0	0	0	0	0	0	0	0	0	0	0	0	0	0	0	0	
455856	Cingulum_Mid_R	1174	332	5738	15648	0	278	2574	2374	0	0	108	962	0	6926	0	566	104	0	21402	47900	0	0	5086	9932	0	0	0	0	1142	3148	1472	21298	16686	0	4040	6594	0	98	0	0	0	0	0	2186	86	6552	0	0	166	4688	286	1850	0	0	0	0	0	1160	0	304	0	116	0	150	0	0	3702	13872	6130	7440	798	966	114	670	0	0	0	0	0	0	0	0	0	0	186	240	0	0	100	584	0	0	0	0	0	0	0	0	0	0	0	0	0	0	0	0	0	0	0	0	0	0	0	0	0	0	
176972	Cingulum_Post_L	1248	376	0	828	0	0	0	0	0	0	0	0	0	0	0	0	78	0	330	3430	0	0	0	0	0	0	0	0	250	0	0	0	4138	4040	0	13384	4298	4648	2692	476	0	0	4808	544	2236	1028	3134	78	1370	108	2766	104	178	0	742	1432	182	0	104	0	94	0	0	0	792	0	11262	3490	3730	2474	0	0	0	0	0	0	82	3516	78	0	0	0	0	0	2390	0	0	0	1084	464	0	0	0	0	0	0	0	0	0	0	0	0	0	0	0	0	0	0	0	0	0	0	0	0	0	0	
191368	Cingulum_Post_R	212	314	0	644	0	0	0	0	0	0	0	0	0	0	0	0	0	0	214	6094	0	0	0	0	0	0	0	0	234	110	0	0	1656	6594	13384	0	2376	6994	1544	2008	0	0	402	7826	338	3560	830	1910	78	1222	216	546	0	0	356	2992	128	700	0	292	0	0	0	162	0	0	4298	16060	598	4778	0	0	0	0	0	0	0	2920	92	0	0	0	0	0	180	576	0	0	300	1470	0	0	0	0	0	0	0	0	0	0	0	0	0	0	0	0	0	0	0	0	476	0	0	0	0	0	
247780	Hippocampus_L	5888	896	4596	2144	258	0	1172	454	0	0	0	378	0	0	960	0	170	0	2026	1684	1756	0	0	0	0	0	0	0	9520	174	0	0	0	0	4298	2376	0	2144	10284	266	7672	0	1444	80	92	0	3368	0	0	0	148	0	92	0	8634	768	626	0	0	0	0	0	0	0	0	0	2126	178	1808	0	4322	302	9156	0	368	90	7414	3118	1676	0	2270	0	702	0	3426	0	868	0	11416	282	0	0	0	0	0	0	0	0	0	0	0	0	0	0	0	0	0	0	0	0	0	0	0	0	0	0	
266196	Hippocampus_R	0	4588	206	3804	0	0	0	0	0	0	0	0	0	0	0	0	0	714	766	1146	0	0	0	0	0	0	0	0	154	2140	0	148	0	98	4648	6994	2144	0	1464	23030	0	10298	280	2460	0	0	1070	4086	0	0	0	166	0	0	0	21658	0	0	0	0	0	0	0	0	0	0	758	4426	170	180	778	628	190	9036	0	842	140	6046	0	176	0	1102	0	2604	0	4128	0	100	0	8136	0	0	0	0	0	150	0	876	0	0	0	0	0	0	0	0	0	0	0	0	570	0	0	0	0	0	
94260	ParaHippocampal_L	170	102	128	262	0	0	0	0	0	0	0	0	0	0	150	0	0	0	88	0	810	0	0	0	0	0	0	0	544	0	0	0	0	0	2692	1544	10284	1464	0	220	2592	0	1998	0	0	0	5002	224	0	0	1078	0	140	0	6474	500	0	0	0	0	0	0	0	0	0	0	2202	120	132	0	0	0	194	0	0	0	1600	1714	0	0	78	0	428	0	624	0	358	0	2794	158	0	0	0	0	150	0	0	0	0	0	0	0	0	0	0	0	0	0	0	112	0	0	0	0	0	0	
173584	ParaHippocampal_R	0	440	0	1038	0	0	0	0	0	0	0	0	0	0	0	0	0	272	0	836	0	0	0	0	0	0	0	0	0	774	0	0	0	0	476	2008	266	23030	220	0	0	8808	82	2572	0	0	278	5210	0	0	0	164	0	86	0	20028	0	0	0	0	0	0	0	0	0	0	204	3080	0	228	256	150	0	4158	0	510	0	820	0	0	0	216	0	3146	0	736	0	1156	0	3018	0	0	0	0	0	266	0	1608	0	0	0	0	0	0	0	0	0	0	0	0	652	0	0	0	0	0	
42516	Amygdala_L	0	0	0	0	0	0	0	0	0	0	0	0	0	0	978	0	0	0	0	0	1942	0	0	0	0	0	0	0	1670	0	0	0	0	0	0	0	7672	0	2592	0	0	0	0	0	0	0	0	0	0	0	0	0	0	0	3246	0	0	0	0	0	0	0	0	0	0	0	0	0	0	0	138	0	276	0	0	0	0	0	0	0	146	0	462	0	698	0	460	0	978	0	0	0	0	0	0	0	0	0	0	0	0	0	0	0	0	0	0	0	0	0	0	0	0	0	0	0	
65172	Amygdala_R	0	0	0	0	0	0	0	0	0	0	0	0	0	0	0	0	0	0	0	0	0	296	0	0	0	0	0	92	0	1280	0	0	0	0	0	0	0	10298	0	8808	0	0	0	0	0	0	0	0	0	0	0	0	0	0	0	5170	0	0	0	0	0	0	0	0	0	0	0	0	0	0	0	0	0	1934	0	0	0	0	0	0	0	128	0	3354	0	362	0	246	0	446	0	0	0	0	0	0	0	172	0	0	0	0	0	0	0	0	0	0	0	0	0	0	0	0	0	0	
273144	Calcarine_L	96	0	0	0	0	0	0	0	0	0	0	0	0	0	0	0	0	0	0	0	0	0	0	0	0	0	0	0	202	0	0	0	472	0	4808	402	1444	280	1998	82	0	0	0	8824	17248	5700	16862	3172	10504	1460	19428	378	3296	756	5846	220	330	0	78	0	0	0	0	0	0	0	22730	1078	1702	0	0	0	0	0	0	0	0	122	152	0	0	0	0	0	5152	0	0	0	1370	0	0	0	0	0	0	0	108	0	184	88	0	0	0	0	0	0	0	0	0	0	0	0	0	0	0	0	
414236	Calcarine_R	0	942	0	494	0	0	0	0	0	0	0	0	0	0	0	0	0	0	0	4346	0	0	0	0	0	0	0	0	0	0	0	0	0	2186	544	7826	80	2460	0	2572	0	0	8824	0	6742	29354	952	29106	276	19442	204	14574	112	7062	0	12454	0	1220	0	0	0	96	0	164	0	0	710	34856	134	4354	0	0	0	0	0	0	0	156	0	0	0	0	0	0	0	8558	0	0	0	4320	140	96	0	0	0	0	0	160	162	212	0	0	0	0	0	0	0	0	0	0	1034	194	0	0	0	0	
210748	Cuneus_L	0	0	0	0	0	0	0	0	0	0	0	0	0	0	0	0	0	0	0	0	0	0	0	0	0	0	0	0	0	0	0	0	1440	86	2236	338	92	0	0	0	0	0	17248	6742	0	9466	3686	342	22046	2072	11032	278	552	112	864	94	0	0	2934	0	206	0	0	0	0	0	18406	1890	1154	0	0	0	0	0	0	0	0	0	0	0	0	0	0	0	1890	0	0	0	168	0	0	0	0	0	0	0	0	0	0	0	0	0	0	0	0	0	0	0	0	0	0	0	0	0	0	0	
393500	Cuneus_R	0	914	0	0	0	0	0	0	0	0	0	0	0	0	0	0	0	0	0	3372	0	0	0	0	0	0	0	0	0	0	0	0	588	6552	1028	3560	0	0	0	0	0	0	5700	29354	9466	0	352	3854	482	45686	306	23332	0	2662	0	1380	0	2026	0	5024	0	182	0	192	0	176	7034	36748	100	4028	0	0	0	0	0	0	0	0	0	0	0	0	0	0	0	1702	0	0	0	950	0	0	0	0	0	0	0	0	0	0	0	0	0	0	0	0	0	0	0	0	0	0	0	0	0	0	
329156	Lingual_L	82	0	0	0	0	0	0	0	0	0	0	0	0	0	0	0	0	0	0	0	0	0	0	0	0	0	0	0	0	0	0	0	118	0	3134	830	3368	1070	5002	278	0	0	16862	952	3686	352	0	3884	9900	372	21578	282	9964	114	21082	1658	0	0	0	0	0	0	0	0	0	0	9516	364	150	0	0	0	0	0	0	0	132	988	0	0	0	0	0	0	956	0	0	0	1340	140	3240	1466	346	0	472	104	9680	698	14376	3556	268	0	230	0	296	214	0	0	174	322	2956	6812	1098	0	116	0	
346356	Lingual_R	0	210	0	586	0	0	0	0	0	0	0	0	0	0	0	0	0	0	0	554	0	0	0	0	0	0	0	0	0	0	0	0	0	0	78	1910	0	4086	224	5210	0	0	3172	29106	342	3854	3884	0	0	6656	352	7596	738	6964	2070	23060	0	0	0	0	0	0	0	94	0	0	0	14258	0	298	0	0	0	0	0	0	0	222	0	0	0	0	0	0	0	1858	0	0	0	1994	3608	3236	306	0	194	280	2270	6176	6880	10554	172	0	168	0	410	0	0	0	82	250	7238	10286	1692	0	0	0	
199216	Occipital_Sup_L	0	0	0	0	0	0	0	0	0	0	0	0	0	0	0	0	0	0	0	0	0	0	0	0	0	0	0	0	0	0	0	0	1360	166	1370	78	0	0	0	0	0	0	10504	276	22046	482	9900	0	0	0	26878	0	768	0	1118	0	0	0	7436	0	678	0	0	0	92	0	15676	474	88	0	0	0	0	0	0	0	0	0	0	0	0	0	0	0	218	0	0	0	0	0	0	0	0	0	0	0	0	0	0	0	0	0	0	0	0	0	0	0	0	0	0	0	0	0	0	0	
344228	Occipital_Sup_R	0	496	0	0	0	0	0	0	0	0	0	92	0	0	0	0	0	0	0	2594	0	0	0	0	0	0	0	0	0	0	0	0	266	4688	108	1222	0	0	0	0	0	0	1460	19442	2072	45686	372	6656	0	0	118	35486	106	3688	0	2014	0	1322	0	7808	0	714	0	326	0	2698	2122	24508	0	3094	0	0	0	0	0	0	0	0	0	0	0	0	0	0	0	1338	0	0	0	1216	128	0	0	0	0	0	0	0	132	0	0	0	0	0	0	0	0	0	0	0	0	142	0	0	0	0	
466124	Occipital_Mid_L	1216	0	0	0	0	0	0	0	0	0	0	0	0	0	0	0	444	0	96	992	0	0	0	0	0	0	0	0	482	0	0	0	2706	286	2766	216	148	0	1078	0	0	0	19428	204	11032	306	21578	352	26878	118	0	112	22802	0	16112	0	5134	0	11704	0	14020	0	1020	0	15666	0	16430	368	3704	870	0	0	0	0	0	0	80	0	246	0	198	0	0	0	24810	0	0	0	6452	0	686	0	0	0	0	0	220	0	1078	260	0	0	0	0	0	0	0	0	0	0	176	588	0	0	0	0	
379796	Occipital_Mid_R	0	214	0	0	0	0	0	0	0	0	0	532	0	112	0	0	0	406	0	2004	0	0	0	0	0	0	0	0	0	0	0	0	242	1850	104	546	0	166	0	164	0	0	378	14574	278	23332	282	7596	0	35486	112	0	110	6036	0	3518	0	398	0	9182	0	8690	0	2858	0	17726	1612	18070	0	2080	0	0	0	0	0	0	0	0	0	0	0	1710	0	0	0	21468	0	0	0	7636	136	0	0	0	0	0	0	0	140	0	0	0	0	0	0	0	0	0	0	0	0	150	0	0	0	0	
159044	Occipital_Inf_L	166	0	0	0	0	0	0	0	0	0	0	0	0	0	0	0	0	0	0	0	0	0	0	0	0	0	0	0	0	0	0	0	0	0	178	0	92	0	140	0	0	0	3296	112	552	0	9964	738	768	106	22802	110	0	0	16962	0	0	0	0	0	0	0	0	0	0	0	954	0	204	0	0	0	0	0	0	0	0	0	0	0	0	0	0	0	4038	0	0	0	6344	0	1020	92	0	0	0	0	1604	268	4292	576	0	0	0	0	0	0	0	0	0	0	1488	2656	0	0	0	0	
85100	Occipital_Inf_R	0	0	0	0	0	0	0	0	0	0	0	0	0	0	0	0	0	0	0	0	0	0	0	0	0	0	0	0	0	0	0	0	0	0	0	0	0	0	0	86	0	0	756	7062	112	2662	114	6964	0	3688	0	6036	0	0	0	8954	0	0	0	0	0	0	0	0	0	0	0	1230	0	0	0	0	0	0	0	0	0	0	0	0	0	0	0	0	0	1320	0	0	0	2556	0	206	0	0	0	0	0	0	120	414	0	0	0	0	0	0	0	0	0	0	0	270	0	0	0	0	
429956	Fusiform_L	838	0	434	96	110	0	0	0	0	0	0	86	0	0	120	0	130	0	302	174	384	0	0	0	0	0	0	0	2474	0	0	0	0	0	742	356	8634	0	6474	0	3246	0	5846	0	864	0	21082	2070	1118	0	16112	0	16962	0	0	674	108	0	0	0	0	0	0	0	122	0	2956	0	644	76	426	0	770	0	0	0	444	0	624	0	856	0	2176	0	7862	0	2624	0	16784	0	18146	968	736	0	126	238	17990	1474	34502	2584	0	0	196	0	248	120	124	0	110	484	4634	5798	604	0	96	0	
455192	Fusiform_R	0	572	0	1430	0	0	0	0	0	0	0	0	0	0	0	0	0	252	0	1396	0	0	0	0	0	0	0	0	0	718	0	0	0	0	1432	2992	768	21658	500	20028	0	5170	220	12454	94	1380	1658	23060	0	2014	0	3518	0	8954	674	0	0	0	0	0	0	0	0	0	0	0	260	6684	0	756	122	0	0	3574	0	238	0	1644	0	0	0	1402	0	7236	0	5976	0	1818	0	17144	1470	14046	248	0	0	1322	1272	12238	3044	23564	0	0	0	0	126	88	0	0	178	532	4276	5934	1462	0	0	0	
270560	Postcentral_L	31560	1016	7700	574	0	0	1510	394	0	0	2242	0	0	0	0	0	8576	386	5732	838	0	0	0	0	0	0	0	0	7060	0	0	0	0	0	182	128	626	0	0	0	0	0	330	0	0	0	0	0	0	0	5134	0	0	0	108	0	0	142	5934	0	20348	0	12248	0	3102	0	1152	0	4068	0	2272	796	446	98	226	0	1828	120	3334	136	2226	90	0	0	1462	0	0	0	1156	0	0	0	0	0	0	0	0	0	0	0	0	0	0	0	0	0	0	0	0	0	0	0	0	0	0	0	
113904	Postcentral_R	120	8582	238	1758	0	0	0	598	0	0	446	2088	0	154	0	0	454	2138	0	2404	0	0	0	0	0	0	0	0	854	190	0	0	0	1160	0	700	0	0	0	0	0	0	0	1220	0	2026	0	0	0	1322	0	398	0	0	0	0	142	0	0	4918	0	3206	0	7502	0	430	1060	5528	0	3810	1244	0	458	0	0	0	0	0	0	0	438	492	0	0	0	410	0	0	0	464	0	0	0	0	0	0	0	0	0	0	0	0	0	0	0	0	0	0	0	0	0	0	0	0	0	0	
105108	Parietal_Sup_L	0	0	0	0	0	0	0	0	0	0	0	0	0	0	0	0	0	0	0	0	0	0	0	0	0	0	0	0	0	0	0	0	840	0	104	0	0	0	0	0	0	0	78	0	2934	0	0	0	7436	0	11704	0	0	0	0	0	5934	0	0	0	10688	0	0	0	1782	0	10780	0	274	0	0	0	0	0	0	0	0	0	0	0	0	0	0	0	0	0	0	0	0	0	0	0	0	0	0	0	0	0	0	0	0	0	0	0	0	0	0	0	0	0	0	0	0	0	0	0	
119688	Parietal_Sup_R	0	0	0	0	0	0	0	0	0	0	0	0	0	0	0	0	0	0	0	98	0	0	0	0	0	0	0	0	0	0	0	0	0	304	0	292	0	0	0	0	0	0	0	0	0	5024	0	0	0	7808	0	9182	0	0	0	0	0	4918	0	0	0	7086	0	2644	0	4986	2762	12780	0	644	0	0	0	0	0	0	0	0	0	0	0	0	0	0	0	632	0	0	0	684	0	0	0	0	0	0	0	0	0	0	0	0	0	0	0	0	0	0	0	0	0	0	0	0	0	0	
274328	Parietal_Inf_L	6686	0	522	160	0	0	348	140	0	0	142	0	0	0	0	0	328	0	538	158	0	0	0	0	0	0	0	0	480	0	0	0	408	0	94	0	0	0	0	0	0	0	0	0	206	0	0	0	678	0	14020	0	0	0	0	0	20348	0	10688	0	0	0	26654	0	29496	0	1360	0	984	0	294	0	0	0	0	0	96	0	262	0	4060	0	0	0	13212	0	0	0	4802	0	0	0	0	0	0	0	0	0	0	0	0	0	0	0	0	0	0	0	0	0	0	0	0	0	0	0	
108536	Parietal_Inf_R	0	576	0	376	0	0	0	220	0	0	186	0	0	0	0	0	190	0	0	312	0	0	0	0	0	0	0	0	382	0	0	0	0	116	0	0	0	0	0	0	0	0	0	96	0	182	0	0	0	714	0	8690	0	0	0	0	0	3206	0	7086	0	0	0	10702	0	14266	0	1812	0	478	524	0	158	0	0	0	0	0	0	0	186	490	0	0	0	1732	0	0	0	1588	0	0	0	0	0	0	0	0	0	0	0	0	0	0	0	0	0	0	0	0	0	0	0	0	0	0	
184660	SupraMarginal_L	3778	0	800	0	0	0	102	0	0	0	0	0	0	0	0	0	2072	0	456	0	0	0	0	0	0	0	0	0	260	0	0	0	0	0	0	0	0	0	0	0	0	0	0	0	0	0	0	0	0	0	1020	0	0	0	0	0	12248	0	0	0	26654	0	0	0	11852	0	80	0	2142	0	122	0	0	0	0	0	0	0	242	0	8388	0	0	0	16168	0	0	0	5946	0	0	0	0	0	0	0	0	0	0	0	0	0	0	0	0	0	0	0	0	0	0	0	0	0	0	0	
116372	SupraMarginal_R	0	902	108	550	0	0	0	334	0	0	406	1698	0	0	0	0	412	1756	0	372	0	0	0	0	0	0	0	0	772	350	0	0	0	150	0	162	0	0	0	0	0	0	0	164	0	192	0	94	0	326	0	2858	0	0	0	0	0	7502	0	2644	0	10702	0	0	0	6902	0	1404	0	292	1076	0	322	0	0	0	0	0	0	176	396	5442	0	0	0	3842	0	0	0	5880	0	0	0	0	0	0	0	0	0	0	0	0	0	0	0	0	0	0	0	0	0	0	0	0	0	0	
162660	Angular_L	330	0	0	0	0	0	0	0	0	0	0	0	0	0	0	0	0	0	0	82	0	0	0	0	0	0	0	0	0	0	0	0	0	0	792	0	0	0	0	0	0	0	0	0	0	0	0	0	92	0	15666	0	0	0	122	0	3102	0	1782	0	29496	0	11852	0	0	0	302	0	542	0	0	0	0	0	0	0	0	0	0	0	1622	0	0	0	12578	0	0	0	2970	0	0	0	0	0	0	0	0	0	0	0	0	0	0	0	0	0	0	0	0	0	0	0	0	0	0	0	
116188	Angular_R	0	0	0	0	0	0	0	0	0	0	0	200	0	0	0	0	0	0	0	0	0	0	0	0	0	0	0	0	0	0	0	0	0	0	0	0	0	0	0	0	0	0	0	0	0	176	0	0	0	2698	0	17726	0	0	0	0	0	430	0	4986	0	14266	0	6902	0	0	0	602	0	198	0	0	0	0	0	0	0	0	0	0	0	3532	0	0	0	5218	0	0	0	1160	0	0	0	0	0	0	0	0	0	0	0	0	0	0	0	0	0	0	0	0	0	0	0	0	0	0	
351612	Precuneus_L	136	0	0	0	0	0	0	0	0	0	0	0	0	0	0	0	254	0	0	712	0	0	0	0	0	0	0	0	212	0	0	0	5546	3702	11262	4298	2126	758	2202	204	0	0	22730	710	18406	7034	9516	0	15676	2122	16430	1612	954	0	2956	260	1152	1060	10780	2762	1360	0	80	0	302	0	0	18538	2816	850	0	0	0	0	0	0	108	296	178	0	0	0	0	0	4136	0	0	0	1488	82	0	0	0	0	0	0	0	0	0	0	0	0	0	0	0	0	0	0	0	0	0	0	0	0	0	0	
534720	Precuneus_R	0	2410	0	262	0	0	0	0	0	0	0	652	0	130	0	0	0	144	0	9606	0	0	0	0	0	0	0	0	0	86	0	0	2302	13872	3490	16060	178	4426	120	3080	0	0	1078	34856	1890	36748	364	14258	474	24508	368	18070	0	1230	0	6684	0	5528	0	12780	0	1812	0	1404	0	602	18538	0	684	11862	82	0	0	0	0	0	0	176	0	0	0	168	0	0	0	7814	0	0	0	6566	0	0	0	0	0	0	0	378	0	0	0	0	0	0	0	0	0	0	0	0	1620	0	0	0	0	0	
230948	Paracentral_Lobule_L	18142	1262	2454	1108	0	0	412	0	0	0	0	0	0	0	0	0	702	0	21918	15076	0	0	0	0	0	0	0	0	1410	0	0	0	3396	6130	3730	598	1808	170	132	0	0	0	1702	134	1154	100	150	0	88	0	3704	0	204	0	644	0	4068	0	274	0	984	0	2142	0	542	0	2816	684	0	3084	280	148	210	0	0	0	7698	446	404	0	468	0	0	0	3562	0	0	0	1336	0	0	0	0	0	0	0	0	0	0	0	0	0	0	0	0	0	0	0	0	0	0	0	0	0	0	0	
178920	Paracentral_Lobule_R	1240	1718	0	0	0	0	0	0	0	0	0	284	0	0	0	0	82	0	0	27012	0	0	0	0	0	0	0	0	144	0	0	0	924	7440	2474	4778	0	180	0	228	0	0	0	4354	0	4028	0	298	0	3094	870	2080	0	0	76	756	0	3810	0	644	0	478	0	292	0	198	850	11862	3084	0	0	0	0	0	0	0	0	0	0	110	88	150	0	0	1894	1444	0	0	1226	1270	0	0	0	0	0	0	0	0	0	0	0	0	0	0	0	0	0	0	0	0	0	0	0	0	0	0	
383724	Caudate_L	2792	2182	10446	11136	1134	0	2204	11028	118	0	3200	2752	450	1362	2312	0	3292	892	3326	10272	5604	5068	2418	0	1072	232	2398	150	24292	2626	7758	4100	0	798	0	0	4322	778	0	256	138	0	0	0	0	0	0	0	0	0	0	0	0	0	426	122	2272	1244	0	0	294	524	122	1076	0	0	0	82	280	0	0	8422	21222	4430	2122	1284	5696	754	444	220	4162	456	668	0	1422	510	0	0	2216	484	0	0	0	0	0	0	0	0	0	0	0	0	0	0	0	0	0	0	0	0	0	0	0	0	0	0	
277800	Caudate_R	744	3974	524	15532	0	4536	168	320	0	590	92	1348	0	1188	0	1080	90	4054	714	15528	1962	4618	92	2708	108	6216	222	2236	1028	3484	3684	12366	0	966	0	0	302	628	0	150	0	0	0	0	0	0	0	0	0	0	0	0	0	0	0	0	796	0	0	0	0	0	0	0	0	0	0	0	148	0	8422	0	3396	12334	332	1506	1370	16334	138	1016	96	1544	0	0	78	0	0	0	138	0	0	0	0	0	0	0	0	0	0	0	0	0	0	0	0	0	0	0	0	0	0	0	0	0	0	0	
288776	Putamen_L	3860	1432	17084	3208	3038	0	3736	1596	380	0	1124	872	930	206	3976	0	1214	162	6370	3256	2050	2772	2388	0	298	0	1492	76	18532	678	6596	2354	0	114	0	0	9156	190	194	0	276	0	0	0	0	0	0	0	0	0	0	0	0	0	770	0	446	458	0	0	0	158	0	322	0	0	0	0	210	0	21222	3396	0	922	7692	420	2290	102	464	0	1014	76	180	0	1050	0	0	0	3586	0	0	0	0	0	0	0	0	0	0	0	0	0	0	0	0	0	0	0	0	0	0	0	0	0	0	0	
254852	Putamen_R	0	2184	662	9044	0	4384	0	510	0	162	100	2652	0	3142	0	1992	96	6670	352	4916	0	898	120	4800	0	4266	0	892	948	23352	1300	9676	0	670	0	0	0	9036	0	4158	0	1934	0	0	0	0	0	0	0	0	0	0	0	0	0	3574	98	0	0	0	0	0	0	0	0	0	0	0	0	0	4430	12334	922	0	118	2730	0	1308	0	796	120	1350	0	216	0	230	0	0	0	144	0	0	0	0	0	0	0	140	0	0	0	0	0	0	0	0	0	0	0	0	0	0	0	0	0	0	
46360	Pallidum_L	614	984	3464	574	0	0	1278	316	0	0	80	0	0	0	0	0	0	0	2040	734	0	0	0	0	0	0	0	0	136	0	0	0	0	0	0	0	368	0	0	0	0	0	0	0	0	0	0	0	0	0	0	0	0	0	0	0	226	0	0	0	0	0	0	0	0	0	0	0	0	0	2122	332	7692	118	0	76	2026	0	0	0	0	0	0	0	0	0	0	0	0	0	0	0	0	0	0	0	0	0	0	0	0	0	0	0	0	0	0	0	0	0	0	0	0	0	0	0	
24828	Pallidum_R	0	388	386	406	0	0	164	118	0	0	0	198	0	234	0	0	92	692	148	302	0	0	0	0	0	0	0	0	778	196	0	0	0	0	0	0	90	842	0	510	0	0	0	0	0	0	0	0	0	0	0	0	0	0	0	238	0	0	0	0	0	0	0	0	0	0	0	0	0	0	1284	1506	420	2730	76	0	0	194	0	122	130	170	0	0	0	0	0	0	0	0	0	0	0	0	0	0	0	0	0	0	0	0	0	0	0	0	0	0	0	0	0	0	0	0	0	0	
135708	Thalamus_L	8446	1248	4668	1158	0	0	2156	250	0	0	0	0	0	0	0	0	108	658	7906	1692	0	0	0	0	0	0	0	0	1402	0	0	0	0	0	82	0	7414	140	1600	0	0	0	0	0	0	0	132	0	0	0	80	0	0	0	444	0	1828	0	0	0	96	0	0	0	0	0	108	0	7698	0	5696	1370	2290	0	2026	0	0	3018	694	312	174	250	0	0	1188	0	0	0	1522	0	0	0	0	0	0	0	0	0	0	0	0	0	0	0	0	0	0	0	0	0	0	0	0	0	0	0	
164020	Thalamus_R	362	11778	326	12718	0	0	0	236	0	0	0	492	0	0	0	0	0	0	468	8578	0	0	0	0	0	0	0	0	404	598	0	0	0	0	3516	2920	3118	6046	1714	820	0	0	122	156	0	0	988	222	0	0	0	0	0	0	0	1644	120	0	0	0	0	0	0	0	0	0	296	176	446	0	754	16334	102	1308	0	194	3018	0	182	0	0	228	0	0	0	624	0	0	0	1002	0	0	0	0	0	0	0	0	0	0	0	0	0	0	0	0	0	0	0	0	0	0	0	0	0	0	
80116	Heschl_L	3942	122	1422	122	0	0	522	142	0	0	446	0	0	0	0	0	4500	0	650	0	0	0	0	0	0	0	0	0	10346	0	0	0	0	0	78	92	1676	0	0	0	0	0	152	0	0	0	0	0	0	0	246	0	0	0	624	0	3334	0	0	0	262	0	242	0	0	0	178	0	404	0	444	138	464	0	0	0	694	182	0	0	3354	0	0	0	3042	0	0	0	2238	0	0	0	0	0	0	0	0	0	0	0	0	0	0	0	0	0	0	0	0	0	0	0	0	0	0	0	
41760	Heschl_R	162	130	0	294	0	0	0	0	0	0	0	204	0	0	0	0	0	3890	0	174	0	0	0	0	0	0	0	0	0	4470	0	0	0	0	0	0	0	176	0	0	0	0	0	0	0	0	0	0	0	0	0	0	0	0	0	0	136	0	0	0	0	0	0	176	0	0	0	0	0	110	220	1016	0	796	0	122	312	0	0	0	0	7722	0	0	0	618	0	0	0	152	0	0	0	0	0	0	0	0	0	0	0	0	0	0	0	0	0	0	0	0	0	0	0	0	0	0	
475888	Temporal_Sup_L	2978	242	19442	1366	0	0	16174	714	0	0	24158	144	2398	0	276	0	29400	0	8968	1284	222	0	4698	0	0	0	0	0	33674	100	216	80	0	0	0	0	2270	0	78	0	146	0	0	0	0	0	0	0	0	0	198	0	0	0	856	0	2226	438	0	0	4060	186	8388	396	1622	0	0	0	468	88	4162	96	1014	120	0	130	174	0	3354	0	0	0	21584	0	25286	0	132	0	13938	0	0	0	0	0	0	0	0	0	0	0	0	0	0	0	0	0	0	0	0	0	0	0	0	0	0	0	
140008	Temporal_Sup_R	110	390	0	1142	0	0	0	92	0	0	0	1362	0	150	0	0	0	5778	0	328	0	0	0	0	0	0	0	0	208	9334	0	0	0	0	0	0	0	1102	0	216	0	128	0	0	0	0	0	0	0	0	0	1710	0	0	0	1402	90	492	0	0	0	490	0	5442	0	3532	0	168	0	150	456	1544	76	1350	0	170	250	228	0	7722	0	0	0	3632	0	16126	0	398	0	4236	0	0	0	0	0	0	0	0	0	0	0	0	0	0	0	0	0	0	0	0	0	0	0	0	0	0	
285888	Temporal_Pole_Sup_L	218	0	16034	228	80	0	14738	190	0	0	19682	0	2104	0	404	0	18962	0	5820	148	276	0	4688	0	0	0	0	0	20322	0	194	120	0	0	0	0	702	0	428	0	462	0	0	0	0	0	0	0	0	0	0	0	0	0	2176	0	0	0	0	0	0	0	0	0	0	0	0	0	0	0	668	0	180	0	0	0	0	0	0	0	21584	0	0	0	5268	0	2680	0	4588	0	0	0	0	0	0	0	0	0	0	0	0	0	0	0	0	0	0	0	0	0	0	0	0	0	0	0	
75336	Temporal_Pole_Sup_R	0	0	0	462	0	0	0	0	0	0	0	716	0	0	0	108	0	704	0	462	0	0	0	0	0	0	0	0	0	2794	0	0	0	0	0	0	0	2604	0	3146	0	3354	0	0	0	0	0	0	0	0	0	0	0	0	0	7236	0	0	0	0	0	0	0	0	0	0	0	0	0	0	0	0	0	216	0	0	0	0	0	0	0	3632	0	0	0	3558	0	5034	0	3642	0	0	0	0	0	0	0	0	0	0	0	0	0	0	0	0	0	0	0	0	0	0	0	0	0	0	
428312	Temporal_Mid_L	2166	0	1514	962	0	0	0	90	0	0	0	88	0	0	0	0	1714	0	1628	3042	0	0	0	0	0	0	0	0	7306	0	0	0	522	186	2390	180	3426	0	624	0	698	0	5152	0	1890	0	956	0	218	0	24810	0	4038	0	7862	0	1462	0	0	0	13212	0	16168	0	12578	0	4136	0	3562	1894	1422	78	1050	0	0	0	1188	0	3042	0	25286	0	5268	0	0	0	5632	0	46640	0	76	0	0	0	0	0	0	0	0	0	0	0	0	0	0	0	0	0	0	0	0	0	0	0	0	0	
274288	Temporal_Mid_R	0	1006	0	2036	0	0	0	164	0	0	0	1214	0	340	0	0	0	92	0	1548	0	0	0	0	0	0	0	0	270	3166	0	0	0	240	0	576	0	4128	0	736	0	362	0	8558	0	1702	0	1858	0	1338	0	21468	0	1320	0	5976	0	410	0	632	0	1732	0	3842	0	5218	0	7814	0	1444	510	0	0	230	0	0	0	624	0	618	0	16126	0	3558	0	0	0	1866	0	34296	0	0	0	0	0	0	0	0	0	0	0	0	0	0	0	0	0	0	0	0	126	0	0	0	0	0	
37576	Temporal_Pole_Mid_L	0	0	0	0	0	0	0	0	0	0	0	0	0	0	0	0	0	0	0	0	0	0	0	0	0	0	0	0	548	0	0	0	0	0	0	0	868	0	358	0	460	0	0	0	0	0	0	0	0	0	0	0	0	0	2624	0	0	0	0	0	0	0	0	0	0	0	0	0	0	0	0	0	0	0	0	0	0	0	0	0	132	0	2680	0	5632	0	0	0	5486	0	0	0	0	0	0	0	0	0	0	0	0	0	0	0	0	0	0	0	0	0	0	0	0	0	0	0	
27048	Temporal_Pole_Mid_R	0	0	0	0	0	0	0	0	0	0	0	0	0	0	0	0	0	0	0	0	0	0	0	0	0	0	0	0	0	0	0	0	0	0	0	0	0	100	0	1156	0	246	0	0	0	0	0	0	0	0	0	0	0	0	0	1818	0	0	0	0	0	0	0	0	0	0	0	0	0	0	0	0	0	0	0	0	0	0	0	0	0	398	0	5034	0	1866	0	0	0	2906	0	0	0	0	0	0	0	0	0	0	0	0	0	0	0	0	0	0	0	0	0	0	0	0	0	0	
345360	Temporal_Inf_L	1376	104	2314	1576	0	0	0	136	0	0	0	152	0	0	0	0	1118	0	2272	2944	140	0	0	0	0	0	0	0	9098	0	0	0	0	100	1084	300	11416	0	2794	0	978	0	1370	0	168	0	1340	0	0	0	6452	0	6344	0	16784	0	1156	0	0	0	4802	0	5946	0	2970	0	1488	0	1336	1226	2216	138	3586	0	0	0	1522	0	2238	0	13938	0	4588	0	46640	0	5486	0	0	0	2798	0	0	0	0	0	0	0	246	0	0	0	0	0	0	0	0	0	0	0	0	0	0	0	0	0	
250520	Temporal_Inf_R	0	1482	126	2624	0	0	0	158	0	0	0	1450	0	322	0	0	0	682	0	1508	0	0	0	0	0	0	0	0	266	470	0	0	0	584	464	1470	282	8136	158	3018	0	446	0	4320	0	950	140	1994	0	1216	0	7636	0	2556	0	17144	0	464	0	684	0	1588	0	5880	0	1160	82	6566	0	1270	484	0	0	144	0	0	0	1002	0	152	0	4236	0	3642	0	34296	0	2906	0	0	0	806	0	0	0	0	0	0	0	204	0	0	0	0	0	0	0	0	0	0	92	0	0	0	0	0	
394192	Cerebelum_Crus1_L	0	0	0	0	0	0	0	0	0	0	0	0	0	0	0	0	0	0	0	0	0	0	0	0	0	0	0	0	0	0	0	0	0	0	0	0	0	0	0	0	0	0	0	140	0	0	3240	3608	0	128	686	136	1020	0	18146	1470	0	0	0	0	0	0	0	0	0	0	0	0	0	0	0	0	0	0	0	0	0	0	0	0	0	0	0	0	76	0	0	0	2798	0	0	8760	29702	4078	168	260	9170	1304	40980	11206	10014	1360	16138	3020	1476	1062	296	0	104	588	1984	9570	11742	1128	1538	0	
362304	Cerebelum_Crus1_R	0	0	0	0	0	0	0	0	0	0	0	0	0	0	0	0	0	0	0	0	0	0	0	0	0	0	0	0	0	0	0	0	0	0	0	0	0	0	0	0	0	0	0	96	0	0	1466	3236	0	0	0	0	92	206	968	14046	0	0	0	0	0	0	0	0	0	0	0	0	0	0	0	0	0	0	0	0	0	0	0	0	0	0	0	0	0	0	0	0	0	806	8760	0	6744	27320	0	2272	776	11892	4594	46760	2444	1356	2126	17308	230	1140	0	0	266	682	2104	7714	11732	2118	1780	118	
295804	Cerebelum_Crus2_L	0	0	0	0	0	0	0	0	0	0	0	0	0	0	0	0	0	0	0	0	0	0	0	0	0	0	0	0	0	0	0	0	0	0	0	0	0	0	0	0	0	0	0	0	0	0	346	306	0	0	0	0	0	0	736	248	0	0	0	0	0	0	0	0	0	0	0	0	0	0	0	0	0	0	0	0	0	0	0	0	0	0	0	0	0	0	0	0	0	0	29702	6744	0	12502	0	0	88	0	3144	5302	28908	6958	24178	7214	1282	264	218	0	0	0	0	1224	15322	2926	290	0	
253340	Cerebelum_Crus2_R	0	0	0	0	0	0	0	0	0	0	0	0	0	0	0	0	0	0	0	0	0	0	0	0	0	0	0	0	0	0	0	0	0	0	0	0	0	0	0	0	0	0	0	0	0	0	0	0	0	0	0	0	0	0	0	0	0	0	0	0	0	0	0	0	0	0	0	0	0	0	0	0	0	0	0	0	0	0	0	0	0	0	0	0	0	0	0	0	0	0	4078	27320	12502	0	0	0	0	0	214	4666	8008	19030	4852	29264	0	814	0	0	0	0	0	674	11916	2730	602	0	
33976	Cerebelum_3_L	0	0	0	0	0	0	0	0	0	0	0	0	0	0	0	0	0	0	0	0	0	0	0	0	0	0	0	0	0	0	0	0	0	0	0	0	0	0	150	0	0	0	0	0	0	0	472	194	0	0	0	0	0	0	126	0	0	0	0	0	0	0	0	0	0	0	0	0	0	0	0	0	0	0	0	0	0	0	0	0	0	0	0	0	0	0	0	0	0	0	168	0	0	0	0	224	5316	268	2494	212	0	0	0	0	402	488	0	0	1528	2376	1796	500	0	0	274	0	
62896	Cerebelum_3_R	0	0	0	0	0	0	0	0	0	0	0	0	0	0	0	0	0	0	0	0	0	0	0	0	0	0	0	0	0	0	0	0	0	0	0	0	0	150	0	266	0	0	0	0	0	0	104	280	0	0	0	0	0	0	238	1322	0	0	0	0	0	0	0	0	0	0	0	0	0	0	0	0	0	0	0	0	0	0	0	0	0	0	0	0	0	0	0	0	0	0	260	2272	0	0	224	0	1838	5980	1674	6256	0	0	0	0	132	1214	0	80	218	3936	2964	1100	0	0	864	76	
275228	Cerebelum_4_5_L	0	0	0	0	0	0	0	0	0	0	0	0	0	0	0	0	0	0	0	0	0	0	0	0	0	0	0	0	0	0	0	0	0	0	0	0	0	0	0	0	0	0	108	0	0	0	9680	2270	0	0	220	0	1604	0	17990	1272	0	0	0	0	0	0	0	0	0	0	0	0	0	0	0	0	0	0	0	0	0	0	0	0	0	0	0	0	0	0	0	0	0	0	9170	776	88	0	5316	1838	0	5878	36168	5200	926	0	1346	0	4142	1816	1098	0	1980	4646	18106	3924	0	0	1296	756	
206360	Cerebelum_4_5_R	0	0	0	0	0	0	0	0	0	0	0	0	0	0	0	0	0	0	0	0	0	0	0	0	0	0	0	0	0	0	0	0	0	0	0	0	0	876	0	1608	0	172	0	160	0	0	698	6176	0	0	0	0	268	0	1474	12238	0	0	0	0	0	0	0	0	0	0	0	378	0	0	0	0	0	140	0	0	0	0	0	0	0	0	0	0	0	0	0	0	0	0	1304	11892	0	0	268	5980	5878	0	5492	27240	166	0	180	0	600	598	88	0	700	2754	12140	2710	0	0	106	896	
465588	Cerebelum_6_L	0	0	0	0	0	0	0	0	0	0	0	0	0	0	0	0	0	0	0	0	0	0	0	0	0	0	0	0	0	0	0	0	0	0	0	0	0	0	0	0	0	0	184	162	0	0	14376	6880	0	132	1078	140	4292	120	34502	3044	0	0	0	0	0	0	0	0	0	0	0	0	0	0	0	0	0	0	0	0	0	0	0	0	0	0	0	0	0	0	0	0	246	0	40980	4594	3144	214	2494	1674	36168	5492	0	12024	2924	0	3854	434	3670	2748	874	98	1424	3536	15456	18562	3374	598	2850	452	
436988	Cerebelum_6_R	0	0	0	0	0	0	0	0	0	0	0	0	0	0	0	0	0	0	0	0	0	0	0	0	0	0	0	0	0	0	0	0	0	0	0	0	0	0	0	0	0	0	88	212	0	0	3556	10554	0	0	260	0	576	414	2584	23564	0	0	0	0	0	0	0	0	0	0	0	0	0	0	0	0	0	0	0	0	0	0	0	0	0	0	0	0	0	0	0	0	0	204	11206	46760	5302	4666	212	6256	5200	27240	12024	0	1698	714	1656	2510	668	1424	0	326	644	3346	10926	16956	11604	2348	2292	504	
210964	Cerebelum_7b_L	0	0	0	0	0	0	0	0	0	0	0	0	0	0	0	0	0	0	0	0	0	0	0	0	0	0	0	0	0	0	0	0	0	0	0	0	0	0	0	0	0	0	0	0	0	0	268	172	0	0	0	0	0	0	0	0	0	0	0	0	0	0	0	0	0	0	0	0	0	0	0	0	0	0	0	0	0	0	0	0	0	0	0	0	0	0	0	0	0	0	10014	2444	28908	8008	0	0	926	166	2924	1698	0	5168	22094	6754	1376	246	324	0	0	0	676	402	8482	4330	102	0	
121016	Cerebelum_7b_R	0	0	0	0	0	0	0	0	0	0	0	0	0	0	0	0	0	0	0	0	0	0	0	0	0	0	0	0	0	0	0	0	0	0	0	0	0	0	0	0	0	0	0	0	0	0	0	0	0	0	0	0	0	0	0	0	0	0	0	0	0	0	0	0	0	0	0	0	0	0	0	0	0	0	0	0	0	0	0	0	0	0	0	0	0	0	0	0	0	0	1360	1356	6958	19030	0	0	0	0	0	714	5168	0	2756	14846	0	126	0	0	0	0	0	246	5424	2396	128	0	
224220	Cerebelum_8_L	0	0	0	0	0	0	0	0	0	0	0	0	0	0	0	0	0	0	0	0	0	0	0	0	0	0	0	0	0	0	0	0	0	0	0	0	0	0	0	0	0	0	0	0	0	0	230	168	0	0	0	0	0	0	196	0	0	0	0	0	0	0	0	0	0	0	0	0	0	0	0	0	0	0	0	0	0	0	0	0	0	0	0	0	0	0	0	0	0	0	16138	2126	24178	4852	0	0	1346	180	3854	1656	22094	2756	0	6520	7442	864	1390	0	0	0	692	618	6560	6496	1754	0	
228988	Cerebelum_8_R	0	0	0	0	0	0	0	0	0	0	0	0	0	0	0	0	0	0	0	0	0	0	0	0	0	0	0	0	0	0	0	0	0	0	0	0	0	0	0	0	0	0	0	0	0	0	0	0	0	0	0	0	0	0	0	0	0	0	0	0	0	0	0	0	0	0	0	0	0	0	0	0	0	0	0	0	0	0	0	0	0	0	0	0	0	0	0	0	0	0	3020	17308	7214	29264	0	0	0	0	434	2510	6754	14846	6520	0	96	7198	0	358	0	0	0	1770	8200	6966	2036	0	
66728	Cerebelum_9_L	0	0	0	0	0	0	0	0	0	0	0	0	0	0	0	0	0	0	0	0	0	0	0	0	0	0	0	0	0	0	0	0	0	0	0	0	0	0	0	0	0	0	0	0	0	0	296	410	0	0	0	0	0	0	248	126	0	0	0	0	0	0	0	0	0	0	0	0	0	0	0	0	0	0	0	0	0	0	0	0	0	0	0	0	0	0	0	0	0	0	1476	230	1282	0	402	132	4142	600	3670	668	1376	0	7442	96	0	740	3178	0	94	228	2982	1100	394	664	1168	220	
76104	Cerebelum_9_R	0	0	0	0	0	0	0	0	0	0	0	0	0	0	0	0	0	0	0	0	0	0	0	0	0	0	0	0	0	0	0	0	0	0	0	0	0	0	0	0	0	0	0	0	0	0	214	0	0	0	0	0	0	0	120	88	0	0	0	0	0	0	0	0	0	0	0	0	0	0	0	0	0	0	0	0	0	0	0	0	0	0	0	0	0	0	0	0	0	0	1062	1140	264	814	488	1214	1816	598	2748	1424	246	126	864	7198	740	0	0	1056	656	1964	2414	3518	826	1648	3960	846	
16372	Cerebelum_10_L	0	0	0	0	0	0	0	0	0	0	0	0	0	0	0	0	0	0	0	0	0	0	0	0	0	0	0	0	0	0	0	0	0	0	0	0	0	0	0	0	0	0	0	0	0	0	0	0	0	0	0	0	0	0	124	0	0	0	0	0	0	0	0	0	0	0	0	0	0	0	0	0	0	0	0	0	0	0	0	0	0	0	0	0	0	0	0	0	0	0	296	0	218	0	0	0	1098	88	874	0	324	0	1390	0	3178	0	0	0	0	0	596	0	0	0	0	0	
4588	Cerebelum_10_R	0	0	0	0	0	0	0	0	0	0	0	0	0	0	0	0	0	0	0	0	0	0	0	0	0	0	0	0	0	0	0	0	0	0	0	0	0	0	0	0	0	0	0	0	0	0	0	0	0	0	0	0	0	0	0	0	0	0	0	0	0	0	0	0	0	0	0	0	0	0	0	0	0	0	0	0	0	0	0	0	0	0	0	0	0	0	0	0	0	0	0	0	0	0	0	80	0	0	98	326	0	0	0	358	0	1056	0	0	0	104	0	126	0	0	146	0	
28816	Vermis_1_2	0	0	0	0	0	0	0	0	0	0	0	0	0	0	0	0	0	0	0	0	0	0	0	0	0	0	0	0	0	0	0	0	0	0	0	0	0	0	0	0	0	0	0	0	0	0	174	82	0	0	0	0	0	0	110	178	0	0	0	0	0	0	0	0	0	0	0	0	0	0	0	0	0	0	0	0	0	0	0	0	0	0	0	0	0	0	0	0	0	0	104	266	0	0	1528	218	1980	700	1424	644	0	0	0	0	94	656	0	0	0	3504	2096	420	0	0	114	116	
73824	Vermis_3	0	0	0	0	0	0	0	0	0	0	0	0	0	0	0	0	0	0	0	0	0	0	0	0	0	0	0	0	0	0	0	0	0	0	0	0	0	0	112	0	0	0	0	0	0	0	322	250	0	0	0	0	0	0	484	532	0	0	0	0	0	0	0	0	0	0	0	0	0	0	0	0	0	0	0	0	0	0	0	0	0	0	0	0	0	0	0	0	0	0	588	682	0	0	2376	3936	4646	2754	3536	3346	0	0	0	0	228	1964	0	104	3504	0	4608	1662	0	0	1076	202	
230600	Vermis_4_5	0	0	0	0	0	0	0	0	0	0	0	0	0	0	0	0	0	0	0	0	0	0	0	0	0	0	0	0	0	0	0	0	0	0	0	476	0	570	0	652	0	0	0	1034	0	0	2956	7238	0	0	176	0	1488	0	4634	4276	0	0	0	0	0	0	0	0	0	0	0	1620	0	0	0	0	0	0	0	0	0	0	0	0	0	0	0	0	0	126	0	0	0	92	1984	2104	0	0	1796	2964	18106	12140	15456	10926	676	0	692	0	2982	2414	596	0	2096	4608	0	6884	0	0	1672	1866	
255204	Vermis_6	0	0	0	0	0	0	0	0	0	0	0	0	0	0	0	0	0	0	0	0	0	0	0	0	0	0	0	0	0	0	0	0	0	0	0	0	0	0	0	0	0	0	0	194	0	0	6812	10286	0	142	588	150	2656	270	5798	5934	0	0	0	0	0	0	0	0	0	0	0	0	0	0	0	0	0	0	0	0	0	0	0	0	0	0	0	0	0	0	0	0	0	0	9570	7714	1224	674	500	1100	3924	2710	18562	16956	402	246	618	1770	1100	3518	0	126	420	1662	6884	0	6596	2382	5382	732	
