data	data	507316	329744	713028	889716	195832	152892	548560	168808	107964	23100	306220	268008	376624	172088	159296	77912	291304	100108	427480	773664	82384	98296	273056	267640	29640	106652	97800	72644	504120	335440	246568	360952	128988	495324	139832	144480	176852	196548	47500	86560	32404	43412	274536	298712	199616	349912	190944	200964	256292	330884	545008	227988	133252	117584	199124	282060	379248	331140	142964	65772	293928	61268	144284	149636	196384	169956	275412	445152	257892	235056	281816	309152	189740	235920	46668	8276	82076	113628	127768	42660	182260	144560	86940	35872	384132	241008	21756	11576	229988	161448	396720	325920	368956	227492	15444	45232	238140	166248	366664	313540	299984	144324	386496	248468	197264	108784	29928	5864	19988	33956	214528	174284	191924	137832	78260	20528	
data	data	Precentral_L	Precentral_R	Frontal_Sup_L	Frontal_Sup_R	Frontal_Sup_Orb_L	Frontal_Sup_Orb_R	Frontal_Mid_L	Frontal_Mid_R	Frontal_Mid_Orb_L	Frontal_Mid_Orb_R	Frontal_Inf_Oper_L	Frontal_Inf_Oper_R	Frontal_Inf_Tri_L	Frontal_Inf_Tri_R	Frontal_Inf_Orb_L	Frontal_Inf_Orb_R	Rolandic_Oper_L	Rolandic_Oper_R	Supp_Motor_Area_L	Supp_Motor_Area_R	Olfactory_L	Olfactory_R	Frontal_Sup_Medial_L	Frontal_Sup_Medial_R	Frontal_Med_Orb_L	Frontal_Med_Orb_R	Rectus_L	Rectus_R	Insula_L	Insula_R	Cingulum_Ant_L	Cingulum_Ant_R	Cingulum_Mid_L	Cingulum_Mid_R	Cingulum_Post_L	Cingulum_Post_R	Hippocampus_L	Hippocampus_R	ParaHippocampal_L	ParaHippocampal_R	Amygdala_L	Amygdala_R	Calcarine_L	Calcarine_R	Cuneus_L	Cuneus_R	Lingual_L	Lingual_R	Occipital_Sup_L	Occipital_Sup_R	Occipital_Mid_L	Occipital_Mid_R	Occipital_Inf_L	Occipital_Inf_R	Fusiform_L	Fusiform_R	Postcentral_L	Postcentral_R	Parietal_Sup_L	Parietal_Sup_R	Parietal_Inf_L	Parietal_Inf_R	SupraMarginal_L	SupraMarginal_R	Angular_L	Angular_R	Precuneus_L	Precuneus_R	Paracentral_Lobule_L	Paracentral_Lobule_R	Caudate_L	Caudate_R	Putamen_L	Putamen_R	Pallidum_L	Pallidum_R	Thalamus_L	Thalamus_R	Heschl_L	Heschl_R	Temporal_Sup_L	Temporal_Sup_R	Temporal_Pole_Sup_L	Temporal_Pole_Sup_R	Temporal_Mid_L	Temporal_Mid_R	Temporal_Pole_Mid_L	Temporal_Pole_Mid_R	Temporal_Inf_L	Temporal_Inf_R	Cerebelum_Crus1_L	Cerebelum_Crus1_R	Cerebelum_Crus2_L	Cerebelum_Crus2_R	Cerebelum_3_L	Cerebelum_3_R	Cerebelum_4_5_L	Cerebelum_4_5_R	Cerebelum_6_L	Cerebelum_6_R	Cerebelum_7b_L	Cerebelum_7b_R	Cerebelum_8_L	Cerebelum_8_R	Cerebelum_9_L	Cerebelum_9_R	Cerebelum_10_L	Cerebelum_10_R	Vermis_1_2	Vermis_3	Vermis_4_5	Vermis_6	Vermis_7	Vermis_8	Vermis_9	Vermis_10	
507316	Precentral_L	0	9764	11150	10350	0	0	23256	2606	0	0	11174	1972	1806	0	0	0	14506	146	11394	11576	0	0	0	0	0	0	0	0	10036	100	0	0	758	6340	6712	3620	2572	252	588	0	0	0	1058	0	754	0	144	0	876	0	7532	0	374	0	362	0	32224	306	656	0	8338	0	5686	0	2338	0	1262	0	26902	2200	2276	614	4270	150	2034	0	1600	358	3932	0	2294	0	0	0	3484	0	0	0	856	100	0	0	0	0	0	0	0	0	0	0	0	0	0	0	0	0	0	0	0	0	0	0	0	0	0	0	
329744	Precentral_R	9764	0	1296	29352	0	0	1036	3966	0	0	0	3918	0	0	0	0	0	3026	5402	11952	0	0	0	0	0	0	0	0	96	5344	0	0	106	9500	3722	5322	88	1230	0	0	0	0	0	2342	0	2816	0	0	0	1214	226	988	0	518	0	338	182	18180	0	126	106	832	0	6336	0	818	108	5684	11970	6396	786	1894	90	672	138	0	608	2644	0	136	0	680	0	0	164	1464	0	0	0	1296	0	0	0	0	0	0	0	0	0	0	0	0	0	0	0	0	0	0	0	0	0	0	0	0	0	0	
713028	Frontal_Sup_L	11150	1296	0	17726	12686	0	62990	1370	4162	0	13696	1032	25418	436	9022	0	5966	140	42276	27752	208	100	31824	170	216	0	454	0	17480	450	10614	644	5894	3474	76	0	3524	528	490	0	0	0	0	0	0	0	0	0	0	0	72	0	0	0	360	0	6340	142	0	0	876	0	382	0	248	0	0	72	1540	110	7868	1378	11336	438	624	0	8656	616	930	0	414	0	324	0	204	0	0	0	320	0	0	0	0	0	0	0	0	0	0	0	0	0	0	0	0	0	0	0	0	0	0	0	0	0	0	0	
889716	Frontal_Sup_R	10350	29352	17726	0	0	9046	3032	18454	0	106	3098	11856	1072	10576	0	2418	3714	7096	22710	71736	0	250	9824	36330	0	3750	0	140	2298	14946	2576	31798	856	21502	1202	1270	0	3864	0	554	0	0	0	622	0	276	0	0	0	312	0	632	0	252	0	1410	1486	3656	0	0	0	374	0	1500	0	228	0	478	10462	996	6988	27396	1418	16222	154	1004	636	13024	0	142	280	134	170	0	0	506	0	0	0	598	0	0	0	0	0	0	0	0	0	0	0	0	0	0	0	0	0	0	0	0	0	0	0	0	0	0	
195832	Frontal_Sup_Orb_L	0	0	12686	0	0	0	3598	0	13408	0	128	0	2648	0	11340	0	0	0	0	0	4702	1596	6888	0	4818	138	10328	248	9080	0	7314	214	0	0	0	0	0	0	0	0	0	0	0	0	0	0	0	0	0	0	0	0	0	0	0	0	0	0	0	0	0	0	0	0	0	0	0	0	0	0	2956	0	5568	0	0	0	0	0	0	0	0	0	258	0	0	0	0	0	0	0	0	0	0	0	0	0	0	0	0	0	0	0	0	0	0	0	0	0	0	0	0	0	0	0	0	0	
152892	Frontal_Sup_Orb_R	0	0	0	9046	0	0	0	620	0	2220	0	1098	0	1500	0	6854	0	0	0	554	210	4746	1500	9388	0	10600	0	8644	0	3764	214	5922	0	0	0	0	0	0	0	0	0	0	0	0	0	0	0	0	0	0	0	0	0	0	0	0	0	0	0	0	0	0	0	0	0	0	0	0	0	0	1034	3370	174	4900	0	0	0	0	0	0	0	0	0	88	0	0	0	0	0	0	0	0	0	0	0	0	0	0	0	0	0	0	0	0	0	0	0	0	0	0	0	0	0	0	0	0	
548560	Frontal_Mid_L	23256	1036	62990	3032	3598	0	0	2472	4164	0	15242	1624	38526	74	8648	0	12094	82	1926	5394	0	0	9432	0	0	0	0	0	18736	150	7424	110	3782	320	120	0	3436	436	588	0	0	0	86	0	0	0	0	0	0	0	798	0	136	0	384	0	14034	140	0	0	3596	0	484	100	348	0	78	72	248	108	5320	236	9006	0	3478	0	1880	426	1460	0	1060	0	114	0	934	0	0	0	1062	0	0	0	0	0	0	0	0	0	0	0	0	0	0	0	0	0	0	0	0	0	0	0	0	0	0	0	
168808	Frontal_Mid_R	2606	3966	1370	18454	0	620	2472	0	0	392	5276	11506	658	7494	116	922	4212	618	1148	866	0	0	110	2142	0	0	0	0	1854	1962	222	1318	0	546	0	0	210	1658	84	82	0	0	0	0	0	0	0	0	0	0	0	0	0	0	0	0	758	1040	0	0	0	72	0	828	0	0	0	0	0	0	3500	596	222	1026	0	116	144	2250	74	0	286	0	608	0	0	0	0	0	0	0	0	0	0	0	0	0	0	0	0	0	0	0	0	0	0	0	0	0	0	0	0	0	0	0	0	0	
107964	Frontal_Mid_Orb_L	0	0	4162	0	13408	0	4164	0	0	0	0	0	4614	0	12950	0	0	0	0	0	1494	798	76	0	1182	76	4342	150	1822	0	1924	80	0	0	0	0	0	0	0	0	0	0	0	0	0	0	0	0	0	0	0	0	0	0	0	0	0	0	0	0	0	0	0	0	0	0	0	0	0	0	1230	0	1510	0	0	0	0	0	0	0	0	0	0	0	0	0	0	0	0	0	0	0	0	0	0	0	0	0	0	0	0	0	0	0	0	0	0	0	0	0	0	0	0	0	0	0	
23100	Frontal_Mid_Orb_R	0	0	0	106	0	2220	0	392	0	0	0	0	0	580	0	6252	0	0	0	0	0	210	0	0	0	500	0	592	0	548	0	0	0	0	0	0	0	0	0	0	0	0	0	0	0	0	0	0	0	0	0	0	0	0	0	0	0	0	0	0	0	0	0	0	0	0	0	0	0	0	0	0	0	150	0	0	0	0	0	0	0	0	0	0	0	0	0	0	0	0	0	0	0	0	0	0	0	0	0	0	0	0	0	0	0	0	0	0	0	0	0	0	0	0	0	0	
306220	Frontal_Inf_Oper_L	11174	0	13696	3098	128	0	15242	5276	0	0	0	7378	25684	1108	442	0	13648	612	5734	4944	0	0	1140	0	0	0	72	0	18570	1498	3432	342	606	0	0	0	278	0	0	0	0	0	0	0	0	0	0	0	0	0	0	0	0	0	0	0	5074	0	0	0	112	0	348	0	0	0	0	0	0	0	5364	144	1874	0	494	0	204	0	188	0	1430	0	3616	0	0	0	0	0	160	0	0	0	0	0	0	0	0	0	0	0	0	0	0	0	0	0	0	0	0	0	0	0	0	0	0	0	
268008	Frontal_Inf_Oper_R	1972	3918	1032	11856	0	1098	1624	11506	0	0	7378	0	1848	13018	128	106	3708	5340	596	7528	0	0	82	1848	0	450	0	0	3546	22236	1176	4590	0	406	0	0	0	394	0	0	0	0	0	0	0	0	0	0	0	0	0	0	0	0	0	82	516	1562	0	0	0	0	0	0	0	0	0	0	0	0	8262	8422	340	4944	238	0	74	758	0	0	274	0	1148	0	0	0	0	0	0	0	0	0	0	0	0	0	0	0	0	0	0	0	0	0	0	0	0	0	0	0	0	0	0	0	0	0	
376624	Frontal_Inf_Tri_L	1806	0	25418	1072	2648	0	38526	658	4614	0	25684	1848	0	592	11876	0	2654	366	6044	1840	218	158	5570	0	0	0	300	0	34970	824	9372	340	3212	0	0	0	294	0	0	0	0	0	0	0	0	0	0	0	0	0	0	0	0	0	120	0	1142	0	0	0	0	0	0	0	0	0	0	0	0	0	2186	168	2472	0	216	0	0	0	0	0	184	0	738	0	0	0	0	0	182	0	0	0	0	0	0	0	0	0	0	0	0	0	0	0	0	0	0	0	0	0	0	0	0	0	0	0	
172088	Frontal_Inf_Tri_R	0	0	436	10576	0	1500	74	7494	0	580	1108	13018	592	0	0	6380	162	86	258	2874	0	0	178	3982	0	664	0	0	954	14356	1202	8406	0	268	0	0	0	0	0	0	0	0	0	0	0	0	0	0	0	0	0	0	0	0	0	0	0	0	0	0	0	0	0	0	0	0	0	0	0	0	3406	4990	150	2060	0	0	0	0	0	0	0	0	290	0	0	0	0	0	0	0	0	0	0	0	0	0	0	0	0	0	0	0	0	0	0	0	0	0	0	0	0	0	0	0	0	0	
159296	Frontal_Inf_Orb_L	0	0	9022	0	11340	0	8648	116	12950	0	442	128	11876	0	0	0	536	0	0	0	2662	416	528	0	228	86	2966	152	9556	0	880	0	124	0	0	0	0	0	0	0	0	0	0	0	0	0	0	0	0	0	0	0	0	0	0	0	0	0	0	0	0	0	0	0	0	0	0	0	0	0	1570	0	1146	0	0	0	0	0	0	0	1546	0	2224	0	506	0	0	0	0	0	0	0	0	0	0	0	0	0	0	0	0	0	0	0	0	0	0	0	0	0	0	0	0	0	0	0	
77912	Frontal_Inf_Orb_R	0	0	0	2418	0	6854	0	922	0	6252	0	106	0	6380	0	0	0	0	0	92	132	2590	0	758	0	1484	0	2034	0	5466	0	428	0	0	0	0	0	0	0	202	0	0	0	0	0	0	0	0	0	0	0	0	0	0	0	0	0	0	0	0	0	0	0	0	0	0	0	0	0	0	294	696	0	778	0	0	0	0	0	0	0	158	0	776	0	0	0	136	0	0	0	0	0	0	0	0	0	0	0	0	0	0	0	0	0	0	0	0	0	0	0	0	0	0	0	0	
291304	Rolandic_Oper_L	14506	0	5966	3714	0	0	12094	4212	0	0	13648	3708	2654	162	536	0	0	0	872	3352	0	0	0	0	0	0	0	0	19536	184	444	0	0	0	0	0	818	104	80	0	0	0	0	0	0	0	0	0	0	0	642	0	326	0	480	0	19140	0	0	0	1348	0	4686	0	370	0	0	0	0	0	6420	116	3094	206	650	0	846	148	3490	0	9318	0	3182	0	2424	0	0	0	2176	0	0	0	0	0	0	0	0	0	0	0	0	0	0	0	0	0	0	0	0	0	0	0	0	0	0	0	
100108	Rolandic_Oper_R	146	3026	140	7096	0	0	82	618	0	0	612	5340	366	86	0	0	0	0	0	3802	0	0	0	0	0	0	0	0	362	12676	0	172	0	0	0	0	0	1302	0	100	0	0	0	0	0	0	0	0	0	0	0	0	0	0	0	526	0	3218	0	0	0	0	0	1154	0	0	0	0	0	0	602	1312	118	2456	106	0	0	0	0	2180	0	2210	0	0	0	90	0	0	0	156	0	0	0	0	0	0	0	0	0	0	0	0	0	0	0	0	0	0	0	0	0	0	0	0	0	0	
427480	Supp_Motor_Area_L	11394	5402	42276	22710	0	0	1926	1148	0	0	5734	596	6044	258	0	0	872	0	0	45236	0	0	5960	1476	0	0	0	0	1798	282	2478	3288	5352	19352	394	94	340	162	0	0	0	0	0	0	116	0	0	0	712	0	1780	0	0	0	0	0	1114	140	630	0	970	0	74	0	394	0	464	88	11196	542	2082	2216	760	498	78	0	4530	204	0	0	88	0	96	0	120	0	0	0	80	196	0	0	0	0	0	0	0	0	0	0	0	0	0	0	0	0	0	0	0	0	0	0	0	0	0	0	
773664	Supp_Motor_Area_R	11576	11952	27752	71736	0	554	5394	866	0	0	4944	7528	1840	2874	0	92	3352	3802	45236	0	0	0	1420	5788	0	146	0	0	1426	8542	2306	14270	3020	47312	3820	7026	0	2260	0	438	0	0	0	488	0	2070	0	0	0	2002	224	244	0	226	0	1366	1842	3736	0	192	0	102	0	292	0	434	390	4060	10538	13172	6110	24330	1316	8780	0	140	0	5794	0	86	180	130	0	0	162	720	0	0	0	434	0	0	0	0	0	0	0	0	0	0	0	0	0	0	0	0	0	0	0	0	0	0	0	0	0	0	
82384	Olfactory_L	0	0	208	0	4702	210	0	0	1494	0	0	0	218	0	2662	132	0	0	0	0	0	5272	0	0	756	394	8196	1252	2100	0	3486	1932	0	0	0	0	156	0	442	0	546	0	0	0	0	0	0	0	0	0	0	0	0	0	0	0	0	0	0	0	0	0	0	0	0	0	0	0	0	0	5378	1242	160	0	0	76	0	0	0	0	0	0	178	0	0	0	0	0	0	0	0	0	0	0	0	0	0	0	0	0	0	0	0	0	0	0	0	0	0	0	0	0	0	0	0	0	
98296	Olfactory_R	0	0	100	250	1596	4746	0	0	798	210	0	0	158	0	416	2590	0	0	0	0	5272	0	0	160	122	2580	4308	6996	276	1572	2208	1936	0	0	0	0	0	0	0	210	0	112	0	0	0	0	0	0	0	0	0	0	0	0	0	0	0	0	0	0	0	0	0	0	0	0	0	0	0	0	6076	4076	332	1844	0	104	0	0	0	0	0	0	0	100	0	0	0	0	0	0	0	0	0	0	0	0	0	0	0	0	0	0	0	0	0	0	0	0	0	0	0	0	0	0	0	0	
273056	Frontal_Sup_Medial_L	0	0	31824	9824	6888	1500	9432	110	76	0	1140	82	5570	178	528	0	0	0	5960	1420	0	0	0	16032	1240	2258	140	0	3284	116	13426	10682	6012	7974	0	0	0	0	0	0	0	0	0	0	0	0	0	0	0	0	0	0	0	0	0	0	0	0	0	0	0	0	0	0	0	0	0	0	0	0	106	0	726	0	0	0	0	0	0	0	0	0	0	0	0	0	0	0	0	0	0	0	0	0	0	0	0	0	0	0	0	0	0	0	0	0	0	0	0	0	0	0	0	0	0	0	
267640	Frontal_Sup_Medial_R	0	0	170	36330	0	9388	0	2142	0	0	0	1848	0	3982	0	758	0	0	1476	5788	0	160	16032	0	0	7074	0	120	0	3826	1362	24112	0	12400	0	0	0	0	0	0	0	0	0	0	0	0	0	0	0	0	0	0	0	0	0	0	0	0	0	0	0	0	0	0	0	0	0	0	0	0	0	3072	0	3780	0	0	0	0	0	0	0	0	0	0	0	0	0	0	0	0	0	0	0	0	0	0	0	0	0	0	0	0	0	0	0	0	0	0	0	0	0	0	0	0	0	0	
29640	Frontal_Med_Orb_L	0	0	216	0	4818	0	0	0	1182	0	0	0	0	0	228	0	0	0	0	0	756	122	1240	0	0	262	1632	202	72	0	3044	304	0	0	0	0	0	0	0	0	0	0	0	0	0	0	0	0	0	0	0	0	0	0	0	0	0	0	0	0	0	0	0	0	0	0	0	0	0	0	742	0	0	0	0	0	0	0	0	0	0	0	0	0	0	0	0	0	0	0	0	0	0	0	0	0	0	0	0	0	0	0	0	0	0	0	0	0	0	0	0	0	0	0	0	0	
106652	Frontal_Med_Orb_R	0	0	0	3750	138	10600	0	0	76	500	0	450	0	664	86	1484	0	0	0	146	394	2580	2258	7074	262	0	234	6306	0	1982	562	6558	0	0	0	0	0	0	0	0	0	0	0	0	0	0	0	0	0	0	0	0	0	0	0	0	0	0	0	0	0	0	0	0	0	0	0	0	0	0	704	2292	0	4226	0	0	0	0	0	0	0	0	0	0	0	0	0	0	0	0	0	0	0	0	0	0	0	0	0	0	0	0	0	0	0	0	0	0	0	0	0	0	0	0	0	0	
97800	Rectus_L	0	0	454	0	10328	0	0	0	4342	0	72	0	300	0	2966	0	0	0	0	0	8196	4308	140	0	1632	234	0	766	1318	0	4696	1856	0	0	0	0	0	0	0	0	0	0	0	0	0	0	0	0	0	0	0	0	0	0	0	0	0	0	0	0	0	0	0	0	0	0	0	0	0	0	4986	1230	1076	0	0	0	0	0	0	0	0	0	0	0	0	0	0	0	0	0	0	0	0	0	0	0	0	0	0	0	0	0	0	0	0	0	0	0	0	0	0	0	0	0	0	0	
72644	Rectus_R	0	0	0	140	248	8644	0	0	150	592	0	0	0	0	152	2034	0	0	0	0	1252	6996	0	120	202	6306	766	0	74	916	318	1532	0	0	0	0	0	0	0	0	0	0	0	0	0	0	0	0	0	0	0	0	0	0	0	0	0	0	0	0	0	0	0	0	0	0	0	0	0	0	1974	2096	162	1648	0	0	0	0	0	0	0	0	0	0	0	0	0	0	0	0	0	0	0	0	0	0	0	0	0	0	0	0	0	0	0	0	0	0	0	0	0	0	0	0	0	0	
504120	Insula_L	10036	96	17480	2298	9080	0	18736	1854	1822	0	18570	3546	34970	954	9556	0	19536	362	1798	1426	2100	276	3284	0	72	0	1318	74	0	1028	10702	374	1726	0	0	0	5824	264	442	0	1124	0	96	0	0	0	0	0	0	0	586	0	138	0	1832	0	9172	0	0	0	2826	0	6698	0	120	0	0	0	0	0	6678	260	10414	230	152	0	2516	308	7404	0	10174	0	5194	0	4006	0	0	0	2528	0	0	0	0	0	0	0	0	0	0	0	0	0	0	0	0	0	0	0	0	0	0	0	0	0	0	0	
335440	Insula_R	100	5344	450	14946	0	3764	150	1962	0	548	1498	22236	824	14356	0	5466	184	12676	282	8542	0	1572	116	3826	0	1982	0	916	1028	0	1012	7530	0	392	0	0	0	3694	0	1012	0	716	0	0	0	0	0	0	0	0	0	0	0	88	0	2612	0	2378	0	0	0	0	0	448	0	0	0	0	0	0	2946	8942	250	14948	126	0	0	810	0	4312	0	7886	116	1912	0	1128	0	130	0	1392	0	0	0	0	0	0	0	172	0	0	0	0	0	0	0	0	0	0	0	0	0	0	0	0	0	0	
246568	Cingulum_Ant_L	0	0	10614	2576	7314	214	7424	222	1924	0	3432	1176	9372	1202	880	0	444	0	2478	2306	3486	2208	13426	1362	3044	562	4696	318	10702	1012	0	10558	8152	1664	120	0	0	0	0	0	0	0	0	0	0	0	0	0	0	0	0	0	0	0	0	0	0	0	0	0	0	0	0	0	0	0	0	0	0	0	3980	2094	3748	268	0	0	0	0	0	0	0	0	306	0	0	0	0	0	0	0	0	0	0	0	0	0	0	0	0	0	0	0	0	0	0	0	0	0	0	0	0	0	0	0	0	0	
360952	Cingulum_Ant_R	0	0	644	31798	214	5922	110	1318	80	0	342	4590	340	8406	0	428	0	172	3288	14270	1932	1936	10682	24112	304	6558	1856	1532	374	7530	10558	0	1894	17142	0	0	0	0	0	0	0	0	0	0	0	0	0	0	0	0	0	0	0	0	0	0	0	0	0	0	0	0	0	0	0	0	0	0	0	0	2766	12000	292	7004	82	0	0	0	0	0	0	0	0	0	0	0	0	0	0	0	0	0	0	0	0	0	0	0	0	0	0	0	0	0	0	0	0	0	0	0	0	0	0	0	0	0	
128988	Cingulum_Mid_L	758	106	5894	856	0	0	3782	0	0	0	606	0	3212	0	124	0	0	0	5352	3020	0	0	6012	0	0	0	0	0	1726	0	8152	1894	0	6116	2638	368	0	0	0	0	0	0	0	0	372	0	0	0	1776	0	2566	0	0	0	0	0	0	0	816	0	234	0	0	0	116	0	3448	630	2548	1288	84	0	0	0	0	0	0	0	0	0	0	0	0	0	0	0	0	0	0	0	0	0	0	0	0	0	0	0	0	0	0	0	0	0	0	0	0	0	0	0	0	0	0	0	0	0	
495324	Cingulum_Mid_R	6340	9500	3474	21502	0	0	320	546	0	0	0	406	0	268	0	0	0	0	19352	47312	0	0	7974	12400	0	0	0	0	0	392	1664	17142	6116	0	4024	7270	0	0	0	0	0	0	0	1066	0	7120	0	0	0	5440	222	212	0	222	0	106	100	8574	0	1920	0	256	0	776	0	2006	1658	16948	9232	19400	0	764	0	0	0	0	0	438	0	0	0	650	0	0	154	3580	0	0	0	816	0	0	0	0	0	0	0	0	0	0	0	0	0	0	0	0	0	0	0	0	0	0	0	0	0	0	
139832	Cingulum_Post_L	6712	3722	76	1202	0	0	120	0	0	0	0	0	0	0	0	0	0	0	394	3820	0	0	0	0	0	0	0	0	0	0	120	0	2638	4024	0	13424	4312	2470	950	130	0	0	1778	318	1070	74	468	308	290	0	1930	0	0	0	0	0	168	82	0	0	0	0	0	0	0	0	4904	3306	6670	1706	0	0	0	0	0	0	0	0	0	0	0	0	0	0	2288	0	0	0	158	0	0	0	0	0	0	0	0	0	0	0	0	0	0	0	0	0	0	0	0	0	284	0	0	0	0	0	
144480	Cingulum_Post_R	3620	5322	0	1270	0	0	0	0	0	0	0	0	0	0	0	0	0	0	94	7026	0	0	0	0	0	0	0	0	0	0	0	0	368	7270	13424	0	4266	3650	1148	364	0	0	88	2140	0	396	0	1434	0	0	242	0	0	644	0	138	76	762	0	0	0	0	0	0	0	0	990	8404	3564	3758	0	0	0	0	0	0	112	172	0	0	0	0	0	0	278	0	0	0	0	830	0	0	0	0	0	0	0	0	0	0	0	0	0	0	0	0	0	0	0	0	390	0	0	0	0	0	
176852	Hippocampus_L	2572	88	3524	0	0	0	3436	210	0	0	278	0	294	0	0	0	818	0	340	0	156	0	0	0	0	0	0	0	5824	0	0	0	0	0	4312	4266	0	4764	7198	376	6658	0	824	0	0	0	1014	278	0	0	298	0	688	0	8622	0	874	0	0	74	364	0	622	0	0	0	1668	1380	0	124	344	0	6120	0	1720	0	3732	1338	2592	0	982	0	316	0	286	0	0	0	8796	0	0	0	0	0	0	0	0	0	0	0	0	0	0	0	0	0	0	0	0	0	256	0	0	0	0	0	
196548	Hippocampus_R	252	1230	528	3864	0	0	436	1658	0	0	0	394	0	0	0	0	104	1302	162	2260	0	0	0	0	0	0	0	0	264	3694	0	0	0	0	2470	3650	4764	0	1444	14384	0	6740	0	358	0	0	0	1078	0	0	0	0	0	280	0	21208	0	246	0	104	0	0	0	0	0	0	246	2224	0	206	112	138	0	8508	0	118	438	5310	450	516	0	1222	0	464	0	380	0	0	0	4306	0	0	0	0	0	0	0	620	0	0	0	0	0	0	0	0	0	0	0	0	142	0	0	0	0	0	
47500	ParaHippocampal_L	588	0	490	0	0	0	588	84	0	0	0	0	0	0	0	0	80	0	0	0	442	0	0	0	0	0	0	0	442	0	0	0	0	0	950	1148	7198	1444	0	124	1834	0	284	0	0	0	986	76	0	0	196	0	374	0	2548	0	144	0	0	0	88	0	0	0	0	0	344	130	0	0	72	0	924	0	0	0	540	408	240	0	0	0	106	0	590	0	0	0	0	0	0	0	0	0	110	0	84	0	0	0	0	0	0	0	0	0	0	0	0	94	0	0	0	0	0	0	
86560	ParaHippocampal_R	0	0	0	554	0	0	0	82	0	0	0	0	0	0	0	202	0	100	0	438	0	210	0	0	0	0	0	0	0	1012	0	0	0	0	130	364	376	14384	124	0	0	3852	0	138	0	0	0	1204	0	0	0	0	0	94	0	12378	0	0	0	0	0	0	0	0	0	0	0	348	0	0	0	0	0	2900	0	88	0	912	0	266	0	474	0	688	0	134	0	454	0	170	0	0	0	0	0	0	0	1072	0	132	0	0	0	0	0	0	0	0	0	0	0	0	0	0	0	0	
32404	Amygdala_L	0	0	0	0	0	0	0	0	0	0	0	0	0	0	0	0	0	0	0	0	546	0	0	0	0	0	0	0	1124	0	0	0	0	0	0	0	6658	0	1834	0	0	0	0	0	0	0	0	0	0	0	0	0	0	0	3638	0	0	0	0	0	0	0	0	0	0	0	0	0	0	0	0	0	132	0	0	0	0	0	0	0	0	0	248	0	0	0	0	0	2022	0	0	0	0	0	0	0	0	0	0	0	0	0	0	0	0	0	0	0	0	0	0	0	0	0	0	0	
43412	Amygdala_R	0	0	0	0	0	0	0	0	0	0	0	0	0	0	0	0	0	0	0	0	0	112	0	0	0	0	0	0	0	716	0	0	0	0	0	0	0	6740	0	3852	0	0	0	0	0	0	0	0	0	0	0	0	0	0	0	6250	0	0	0	0	0	0	0	0	0	0	0	0	0	0	0	0	0	956	0	0	0	0	0	0	0	0	0	1538	0	0	0	178	0	1364	0	0	0	0	0	0	0	0	0	0	0	0	0	0	0	0	0	0	0	0	0	0	0	0	0	0	
274536	Calcarine_L	1058	0	0	0	0	0	86	0	0	0	0	0	0	0	0	0	0	0	0	0	0	0	0	0	0	0	0	0	96	0	0	0	0	0	1778	88	824	0	284	0	0	0	0	7016	18562	3184	15794	2738	13124	1660	38626	298	7668	74	2052	196	628	0	0	0	194	0	0	0	0	0	14408	196	1900	0	0	0	0	0	0	0	0	0	216	0	0	0	0	0	1796	0	0	0	330	0	238	108	0	0	0	0	536	140	466	148	0	0	94	0	0	0	0	0	0	0	664	0	0	0	0	0	
298712	Calcarine_R	0	2342	0	622	0	0	0	0	0	0	0	0	0	0	0	0	0	0	0	488	0	0	0	0	0	0	0	0	0	0	0	0	0	1066	318	2140	0	358	0	138	0	0	7016	0	4154	22600	578	18776	288	19116	254	16898	0	11734	0	11700	0	952	0	0	0	0	0	114	0	1034	398	19330	0	386	0	0	0	0	0	0	0	74	0	0	0	222	0	0	0	3894	0	0	0	1950	0	416	0	0	0	0	0	0	0	0	0	0	0	0	0	0	0	0	0	0	0	0	0	0	0	0	
199616	Cuneus_L	754	0	0	0	0	0	0	0	0	0	0	0	0	0	0	0	0	0	116	0	0	0	0	0	0	0	0	0	0	0	0	0	372	0	1070	0	0	0	0	0	0	0	18562	4154	0	6260	1594	0	21942	2018	21608	248	1436	0	146	0	490	0	2096	0	154	0	0	0	82	0	12926	470	1842	0	0	0	0	0	0	0	0	0	0	0	0	0	0	0	1352	0	0	0	116	0	0	0	0	0	0	0	0	0	0	0	0	0	0	0	0	0	0	0	0	0	0	0	0	0	0	0	
349912	Cuneus_R	0	2816	0	276	0	0	0	0	0	0	0	0	0	0	0	0	0	0	0	2070	0	0	0	0	0	0	0	0	0	0	0	0	0	7120	74	396	0	0	0	0	0	0	3184	22600	6260	0	0	2254	0	39526	0	11936	0	946	0	2000	0	12790	0	3400	0	224	0	996	0	4868	2680	32392	0	7990	0	0	0	0	0	0	0	0	0	0	0	1116	0	0	0	6434	0	0	0	608	0	0	0	0	0	0	0	0	0	0	0	0	0	0	0	0	0	0	0	0	0	0	0	0	0	0	
190944	Lingual_L	144	0	0	0	0	0	0	0	0	0	0	0	0	0	0	0	0	0	0	0	0	0	0	0	0	0	0	0	0	0	0	0	0	0	468	0	1014	0	986	0	0	0	15794	578	1594	0	0	1548	4168	0	17944	0	8838	0	8522	0	72	0	0	0	0	0	0	0	0	0	3448	0	130	0	0	0	0	0	0	0	0	0	0	0	0	0	0	0	110	0	0	0	0	0	3392	522	212	0	0	84	6746	192	9236	748	100	0	390	72	424	176	98	0	0	220	3764	2730	684	0	96	228	
200964	Lingual_R	0	0	0	0	0	0	0	0	0	0	0	0	0	0	0	0	0	0	0	0	0	0	0	0	0	0	0	0	0	0	0	0	0	0	308	1434	278	1078	76	1204	0	0	2738	18776	0	2254	1548	0	0	4482	0	4544	0	4354	222	12188	0	0	0	0	0	0	0	0	0	0	146	5030	0	0	0	0	0	0	0	0	0	0	0	0	0	0	0	0	0	80	0	0	0	206	2084	2918	312	0	0	100	2060	3398	5396	7354	240	0	356	162	1766	146	898	0	0	0	3236	7382	1422	130	176	0	
256292	Occipital_Sup_L	876	0	0	0	0	0	0	0	0	0	0	0	0	0	0	0	0	0	712	0	0	0	0	0	0	0	0	0	0	0	0	0	1776	0	290	0	0	0	0	0	0	0	13124	288	21942	0	4168	0	0	0	39914	0	2250	0	164	0	754	0	13178	0	5324	0	0	0	2946	0	19018	0	1098	0	0	0	0	0	0	0	0	0	0	0	0	0	0	0	324	0	0	0	0	0	0	0	0	0	0	0	0	0	0	0	0	0	0	0	0	0	0	0	0	0	0	0	0	0	0	0	
330884	Occipital_Sup_R	0	1214	0	312	0	0	0	0	0	0	0	0	0	0	0	0	0	0	0	2002	0	0	0	0	0	0	0	0	0	0	0	0	0	5440	0	0	0	0	0	0	0	0	1660	19116	2018	39526	0	4482	0	0	0	22452	0	1238	0	3124	0	10878	0	1880	0	496	0	1330	0	11042	298	20800	0	7126	0	0	0	0	0	0	0	0	0	0	0	1484	0	0	0	6726	0	0	0	798	0	0	0	0	0	0	0	0	0	0	0	0	0	0	0	0	0	0	0	0	0	0	0	0	0	0	
545008	Occipital_Mid_L	7532	226	72	0	0	0	798	0	0	0	0	0	0	0	0	0	642	0	1780	224	0	0	0	0	0	0	0	0	586	0	0	0	2566	222	1930	242	298	0	196	0	0	0	38626	254	21608	0	17944	0	39914	0	0	0	16604	0	3368	0	5318	0	13044	0	10236	0	296	0	18090	0	27734	0	6318	104	0	0	0	0	0	0	0	0	3160	0	304	0	0	0	26714	0	0	0	5370	0	184	0	0	0	0	0	0	0	0	0	0	0	0	0	0	0	0	0	0	0	0	0	0	0	0	0	
227988	Occipital_Mid_R	0	988	0	632	0	0	0	0	0	0	0	0	0	0	0	0	0	0	0	244	0	0	0	0	0	0	0	0	0	0	0	0	0	212	0	0	0	0	0	0	0	0	298	16898	248	11936	0	4544	0	22452	0	0	0	10892	0	4876	0	3478	0	118	0	132	0	428	0	11850	0	8084	0	176	0	0	0	0	0	0	0	0	0	0	0	828	0	0	0	12348	0	0	0	2332	0	0	0	0	0	0	0	0	0	0	0	0	0	0	0	0	0	0	0	0	0	0	0	0	0	0	
133252	Occipital_Inf_L	374	0	0	0	0	0	136	0	0	0	0	0	0	0	0	0	326	0	0	0	0	0	0	0	0	0	0	0	138	0	0	0	0	0	0	0	688	0	374	0	0	0	7668	0	1436	0	8838	0	2250	0	16604	0	0	0	7782	0	1046	0	0	0	1412	0	256	0	1604	0	1096	0	290	0	0	0	0	0	0	0	0	0	778	0	250	0	0	0	4858	0	0	0	7672	0	324	0	0	0	0	0	144	0	282	0	0	0	0	0	0	0	0	0	0	0	0	0	0	0	0	0	
117584	Occipital_Inf_R	0	518	0	252	0	0	0	0	0	0	0	0	0	0	0	0	0	0	0	226	0	0	0	0	0	0	0	0	0	88	0	0	0	222	0	644	0	280	0	94	0	0	74	11734	0	946	0	4354	0	1238	0	10892	0	0	0	10100	0	168	0	0	0	188	0	378	0	514	0	5260	0	0	0	0	0	0	0	0	0	0	0	830	0	586	0	0	0	1978	0	0	0	6092	0	1136	0	0	0	0	0	0	0	0	0	0	0	0	0	0	0	0	0	0	0	0	0	0	0	0	
199124	Fusiform_L	362	0	360	0	0	0	384	0	0	0	0	0	120	0	0	0	480	0	0	0	0	0	0	0	0	0	0	0	1832	0	0	0	0	0	0	0	8622	0	2548	0	3638	0	2052	0	146	0	8522	222	164	0	3368	0	7782	0	0	0	464	0	0	0	186	0	0	0	0	0	792	0	0	0	0	0	1000	0	0	0	0	0	1164	0	228	0	76	0	1140	0	104	0	6546	0	15272	0	1422	0	136	0	7418	0	19252	0	1202	0	1346	0	424	0	0	0	0	0	788	0	0	0	0	0	
282060	Fusiform_R	0	338	0	1410	0	0	0	0	0	0	0	82	0	0	0	0	0	526	0	1366	0	0	0	0	0	0	0	0	0	2612	0	0	0	106	0	138	0	21208	0	12378	0	6250	196	11700	0	2000	0	12188	0	3124	0	4876	0	10100	0	0	0	486	0	0	0	98	0	260	0	174	0	2908	0	0	0	0	0	4920	0	0	0	396	0	1324	0	3042	0	1574	0	2678	0	442	0	14204	216	4586	0	0	0	126	0	4352	206	5902	0	0	0	0	0	0	0	0	0	84	1092	1018	344	0	0	0	
379248	Postcentral_L	32224	182	6340	1486	0	0	14034	758	0	0	5074	516	1142	0	0	0	19140	0	1114	1842	0	0	0	0	0	0	0	0	9172	0	0	0	0	100	168	76	874	0	144	0	0	0	628	0	490	0	72	0	754	0	5318	0	1046	0	464	0	0	0	7936	0	31484	0	11916	0	7342	0	2016	0	6272	0	2658	0	1942	74	834	0	738	0	1494	0	3182	0	0	0	4374	0	0	0	4204	0	0	0	0	0	0	0	0	0	0	0	0	0	0	0	0	0	0	0	0	0	0	0	0	0	0	0	
331140	Postcentral_R	306	18180	142	3656	0	0	140	1040	0	0	0	1562	0	0	0	0	0	3218	140	3736	0	0	0	0	0	0	0	0	0	2378	0	0	0	8574	82	762	0	246	0	0	0	0	0	952	0	12790	0	0	0	10878	0	3478	0	168	0	486	0	0	0	5998	0	6366	0	19112	0	6978	844	24886	110	17672	136	220	0	162	0	0	0	0	0	304	0	2670	0	0	0	5120	0	0	0	2078	0	0	0	0	0	0	0	0	0	0	0	0	0	0	0	0	0	0	0	0	0	0	0	0	0	0	
142964	Parietal_Sup_L	656	0	0	0	0	0	0	0	0	0	0	0	0	0	0	0	0	0	630	0	0	0	0	0	0	0	0	0	0	0	0	0	816	0	0	0	0	0	0	0	0	0	0	0	2096	0	0	0	13178	0	13044	0	0	0	0	0	7936	0	0	0	14008	0	0	0	2866	0	14366	0	1774	0	0	0	0	0	0	0	0	0	0	0	0	0	0	0	112	0	0	0	0	0	0	0	0	0	0	0	0	0	0	0	0	0	0	0	0	0	0	0	0	0	0	0	0	0	0	0	
65772	Parietal_Sup_R	0	126	0	0	0	0	0	0	0	0	0	0	0	0	0	0	0	0	0	192	0	0	0	0	0	0	0	0	0	0	0	0	0	1920	0	0	74	104	0	0	0	0	0	0	0	3400	0	0	0	1880	0	118	0	0	0	0	0	5998	0	0	0	1878	0	234	0	1696	1134	10494	0	3388	0	0	0	0	0	0	0	90	0	0	0	0	0	0	0	160	0	0	0	0	0	0	0	0	0	0	0	0	0	0	0	0	0	0	0	0	0	0	0	0	0	0	0	0	0	0	
293928	Parietal_Inf_L	8338	106	876	0	0	0	3596	0	0	0	112	0	0	0	0	0	1348	0	970	0	0	0	0	0	0	0	0	0	2826	0	0	0	234	0	0	0	364	0	88	0	0	0	194	0	154	0	0	0	5324	0	10236	0	1412	0	186	0	31484	0	14008	0	0	0	16006	0	22848	0	3454	0	3280	0	118	0	0	0	0	0	0	0	1868	0	664	0	0	0	12062	0	0	0	4808	0	0	0	0	0	0	0	0	0	0	0	0	0	0	0	0	0	0	0	0	0	0	0	0	0	0	0	
61268	Parietal_Inf_R	0	832	0	374	0	0	0	72	0	0	0	0	0	0	0	0	0	0	0	102	0	0	0	0	0	0	0	0	0	0	0	0	0	256	0	0	0	0	0	0	0	0	0	0	0	224	0	0	0	496	0	132	0	188	0	98	0	6366	0	1878	0	0	0	9404	0	7382	0	646	0	266	0	0	0	0	0	0	0	0	0	0	0	356	0	0	0	790	0	0	0	772	0	0	0	0	0	0	0	0	0	0	0	0	0	0	0	0	0	0	0	0	0	0	0	0	0	0	
144284	SupraMarginal_L	5686	0	382	0	0	0	484	0	0	0	348	0	0	0	0	0	4686	0	74	0	0	0	0	0	0	0	0	0	6698	0	0	0	0	0	0	0	622	0	0	0	0	0	0	0	0	0	0	0	0	0	296	0	256	0	0	0	11916	0	0	0	16006	0	0	0	5948	0	0	0	0	0	74	0	0	0	0	0	80	0	2676	0	7484	0	0	0	7358	0	0	0	1068	0	0	0	0	0	0	0	0	0	0	0	0	0	0	0	0	0	0	0	0	0	0	0	0	0	0	0	
149636	SupraMarginal_R	0	6336	0	1500	0	0	100	828	0	0	0	0	0	0	0	0	0	1154	0	292	0	0	0	0	0	0	0	0	0	448	0	0	0	776	0	0	0	0	0	0	0	0	0	114	0	996	0	0	0	1330	0	428	0	378	0	260	0	19112	0	234	0	9404	0	0	0	10588	0	1858	0	976	0	0	0	0	0	0	0	0	0	1046	0	6490	0	0	0	7186	0	0	0	2984	0	0	0	0	0	0	0	0	0	0	0	0	0	0	0	0	0	0	0	0	0	0	0	0	0	0	
196384	Angular_L	2338	0	248	0	0	0	348	0	0	0	0	0	0	0	0	0	370	0	394	0	0	0	0	0	0	0	0	0	120	0	0	0	116	0	0	0	0	0	0	0	0	0	0	0	82	0	0	0	2946	0	18090	0	1604	0	0	0	7342	0	2866	0	22848	0	5948	0	0	0	1694	0	2140	0	0	0	0	0	0	0	0	0	2070	0	1494	0	0	0	20814	0	0	0	4320	0	0	0	0	0	0	0	0	0	0	0	0	0	0	0	0	0	0	0	0	0	0	0	0	0	0	0	
169956	Angular_R	0	818	0	228	0	0	0	0	0	0	0	0	0	0	0	0	0	0	0	434	0	0	0	0	0	0	0	0	0	0	0	0	0	2006	0	0	0	0	0	0	0	0	0	1034	0	4868	0	0	0	11042	0	11850	0	514	0	174	0	6978	0	1696	0	7382	0	10588	0	0	0	6226	0	2588	0	0	0	0	0	0	0	0	0	0	0	4138	0	0	0	10592	0	0	0	1822	0	0	0	0	0	0	0	0	0	0	0	0	0	0	0	0	0	0	0	0	0	0	0	0	0	0	
275412	Precuneus_L	1262	108	0	0	0	0	78	0	0	0	0	0	0	0	0	0	0	0	464	390	0	0	0	0	0	0	0	0	0	0	0	0	3448	1658	4904	990	1668	246	344	0	0	0	14408	398	12926	2680	3448	146	19018	298	27734	0	1096	0	792	0	2016	844	14366	1134	3454	0	0	0	1694	0	0	8830	3376	1254	0	0	0	0	0	0	0	0	104	0	0	0	0	0	1938	0	0	0	192	0	0	0	0	0	0	0	0	0	0	0	0	0	0	0	0	0	0	0	0	0	0	0	0	0	0	0	
445152	Precuneus_R	0	5684	72	478	0	0	72	0	0	0	0	0	0	0	0	0	0	0	88	4060	0	0	0	0	0	0	0	0	0	0	0	0	630	16948	3306	8404	1380	2224	130	348	0	0	196	19330	470	32392	0	5030	0	20800	0	8084	0	5260	0	2908	0	24886	0	10494	0	646	0	1858	0	6226	8830	0	0	18532	0	0	0	0	0	0	0	284	0	0	0	1546	0	0	98	7648	0	0	0	2304	0	542	0	0	0	0	0	0	0	0	0	0	0	0	0	0	0	0	0	0	388	0	0	0	0	0	
257892	Paracentral_Lobule_L	26902	11970	1540	10462	0	0	248	0	0	0	0	0	0	0	0	0	0	0	11196	10538	0	0	0	0	0	0	0	0	0	0	0	0	2548	9232	6670	3564	0	0	0	0	0	0	1900	0	1842	0	130	0	1098	0	6318	0	290	0	0	0	6272	110	1774	0	3280	0	0	0	2140	0	3376	0	0	2778	0	528	0	0	0	0	0	370	106	0	0	0	0	0	1344	0	0	0	316	104	0	0	0	0	0	0	0	0	0	0	0	0	0	0	0	0	0	0	0	0	0	0	0	0	0	0	
235056	Paracentral_Lobule_R	2200	6396	110	996	0	0	108	0	0	0	0	0	0	0	0	0	0	0	542	13172	0	0	0	0	0	0	0	0	0	0	0	0	1288	19400	1706	3758	124	206	0	0	0	0	0	386	0	7990	0	0	0	7126	104	176	0	0	0	0	0	17672	0	3388	0	266	0	976	0	2588	1254	18532	2778	0	78	308	0	0	0	0	0	218	0	0	0	622	0	0	0	2686	0	0	0	374	0	0	0	0	0	0	0	0	0	0	0	0	0	0	0	0	0	0	0	0	0	0	0	0	0	0	
281816	Caudate_L	2276	786	7868	6988	2956	1034	5320	3500	1230	0	5364	8262	2186	3406	1570	294	6420	602	2082	6110	5378	6076	106	0	742	704	4986	1974	6678	2946	3980	2766	84	0	0	0	344	112	72	0	0	0	0	0	0	0	0	0	0	0	0	0	0	0	0	0	2658	136	0	0	118	0	74	0	0	0	0	0	0	78	0	9394	10366	2682	2968	114	4666	326	0	0	718	0	1408	0	0	0	0	0	0	0	0	0	0	0	0	0	0	0	0	0	0	0	0	0	0	0	0	0	0	0	0	0	0	0	0	0	
309152	Caudate_R	614	1894	1378	27396	0	3370	236	596	0	0	144	8422	168	4990	0	696	116	1312	2216	24330	1242	4076	0	3072	0	2292	1230	2096	260	8942	2094	12000	0	764	0	0	0	138	0	0	0	0	0	0	0	0	0	0	0	0	0	0	0	0	0	0	0	220	0	0	0	0	0	0	0	0	0	0	528	308	9394	0	1878	12860	202	878	452	11688	0	0	0	0	0	0	0	0	0	0	0	84	0	0	0	0	0	0	0	0	0	0	0	0	0	0	0	0	0	0	0	0	0	0	0	0	0	0	
189740	Putamen_L	4270	90	11336	1418	5568	174	9006	222	1510	0	1874	340	2472	150	1146	0	3094	118	760	1316	160	332	726	0	0	0	1076	162	10414	250	3748	292	0	0	0	0	6120	0	924	0	132	0	0	0	0	0	0	0	0	0	0	0	0	0	1000	0	1942	0	0	0	0	0	0	0	0	0	0	0	0	0	10366	1878	0	902	5956	0	2276	0	110	0	222	0	234	0	0	0	0	0	784	0	0	0	0	0	0	0	0	0	0	0	0	0	0	0	0	0	0	0	0	0	0	0	0	0	0	0	
235920	Putamen_R	150	672	438	16222	0	4900	0	1026	0	150	0	4944	0	2060	0	778	206	2456	498	8780	0	1844	0	3780	0	4226	0	1648	230	14948	268	7004	0	0	0	0	0	8508	0	2900	0	956	0	0	0	0	0	0	0	0	0	0	0	0	0	4920	74	162	0	0	0	0	0	0	0	0	0	0	0	0	2682	12860	902	0	0	1336	0	4256	0	0	0	0	0	0	0	134	0	0	0	680	0	0	0	0	0	0	0	362	0	0	0	0	0	0	0	0	0	0	0	0	0	0	0	0	0	0	
46668	Pallidum_L	2034	138	624	154	0	0	3478	0	0	0	494	238	216	0	0	0	650	106	78	0	0	0	0	0	0	0	0	0	152	126	0	82	0	0	0	0	1720	0	0	0	0	0	0	0	0	0	0	0	0	0	0	0	0	0	0	0	834	0	0	0	0	0	0	0	0	0	0	0	0	0	2968	202	5956	0	0	76	3008	0	0	0	0	0	0	0	0	0	0	0	0	0	0	0	0	0	0	0	0	0	0	0	0	0	0	0	0	0	0	0	0	0	0	0	0	0	0	0	
8276	Pallidum_R	0	0	0	1004	0	0	0	116	0	0	0	0	0	0	0	0	0	0	0	140	76	104	0	0	0	0	0	0	0	0	0	0	0	0	0	0	0	118	0	88	0	0	0	0	0	0	0	0	0	0	0	0	0	0	0	0	0	0	0	0	0	0	0	0	0	0	0	0	0	0	114	878	0	1336	76	0	0	88	0	0	0	0	0	0	0	0	0	0	0	0	0	0	0	0	0	0	0	0	0	0	0	0	0	0	0	0	0	0	0	0	0	0	0	0	0	0	
82076	Thalamus_L	1600	608	8656	636	0	0	1880	144	0	0	204	74	0	0	0	0	846	0	4530	0	0	0	0	0	0	0	0	0	2516	0	0	0	0	0	0	112	3732	438	540	0	0	0	0	0	0	0	0	0	0	0	0	0	0	0	0	0	738	0	0	0	0	0	80	0	0	0	0	0	0	0	4666	452	2276	0	3008	0	0	2612	498	0	192	0	0	0	0	0	0	0	0	0	0	0	0	0	0	0	0	0	0	0	0	0	0	0	0	0	0	0	0	0	0	0	0	0	0	0	
113628	Thalamus_R	358	2644	616	13024	0	0	426	2250	0	0	0	758	0	0	0	0	148	0	204	5794	0	0	0	0	0	0	0	0	308	810	0	0	0	438	0	172	1338	5310	408	912	0	0	0	74	0	0	0	0	0	0	0	0	0	0	0	396	0	0	0	90	0	0	0	0	0	0	0	284	370	218	326	11688	0	4256	0	88	2612	0	380	0	0	0	0	0	0	0	0	0	0	114	0	0	0	0	0	0	0	0	0	0	0	0	0	0	0	0	0	0	0	0	0	0	0	0	0	0	
127768	Heschl_L	3932	0	930	0	0	0	1460	74	0	0	188	0	0	0	0	0	3490	0	0	0	0	0	0	0	0	0	0	0	7404	0	0	0	0	0	0	0	2592	450	240	0	0	0	216	0	0	0	0	0	0	0	3160	0	778	0	1164	0	1494	0	0	0	1868	0	2676	0	2070	0	104	0	106	0	0	0	110	0	0	0	498	380	0	0	7870	0	0	0	16298	0	0	0	4332	0	0	0	0	0	0	0	0	0	0	0	0	0	0	0	0	0	0	0	0	0	0	0	0	0	0	0	
42660	Heschl_R	0	136	0	142	0	0	0	0	0	0	0	0	0	0	0	0	0	2180	0	86	0	0	0	0	0	0	0	0	0	4312	0	0	0	0	0	0	0	516	0	266	0	0	0	0	0	0	0	0	0	0	0	0	0	830	0	1324	0	304	0	0	0	0	0	1046	0	0	0	0	0	0	0	0	0	0	0	0	0	0	0	0	0	7460	0	0	0	1274	0	0	0	1362	0	92	0	0	0	0	0	0	0	0	0	0	0	0	0	0	0	0	0	0	0	0	0	0	0	0	
182260	Temporal_Sup_L	2294	0	414	280	0	0	1060	286	0	0	1430	274	184	0	1546	0	9318	0	88	180	0	0	0	0	0	0	0	0	10174	0	0	0	0	0	0	0	982	0	0	0	0	0	0	0	0	0	0	0	0	0	304	0	250	0	228	0	3182	0	0	0	664	0	7484	0	1494	0	0	0	0	0	718	0	222	0	0	0	192	0	7870	0	0	0	5658	0	24832	0	0	0	9522	0	0	0	0	0	0	0	0	0	0	0	0	0	0	0	0	0	0	0	0	0	0	0	0	0	0	0	
144560	Temporal_Sup_R	0	680	0	134	0	0	0	0	0	0	0	0	0	0	0	158	0	2210	0	130	0	0	0	0	0	0	0	0	0	7886	0	0	0	650	0	0	0	1222	0	474	0	0	0	222	0	1116	0	0	0	1484	0	828	0	586	0	3042	0	2670	0	0	0	356	0	6490	0	4138	0	1546	0	622	0	0	0	0	0	0	0	0	0	7460	0	0	0	3098	0	17612	0	516	0	6878	0	72	0	0	0	0	0	0	0	0	0	0	0	0	0	0	0	0	0	0	0	0	0	0	0	0	
86940	Temporal_Pole_Sup_L	0	0	324	170	258	0	114	608	0	0	3616	1148	738	290	2224	0	3182	0	96	0	178	0	0	0	0	0	0	0	5194	116	306	0	0	0	0	0	316	0	106	0	248	0	0	0	0	0	0	0	0	0	0	0	0	0	76	0	0	0	0	0	0	0	0	0	0	0	0	0	0	0	1408	0	234	0	0	0	0	0	0	0	5658	0	0	0	8810	0	3660	0	4392	0	0	0	0	0	0	0	0	0	0	0	0	0	0	0	0	0	0	0	0	0	0	0	0	0	0	0	
35872	Temporal_Pole_Sup_R	0	0	0	0	0	88	0	0	0	0	0	0	0	0	0	776	0	0	0	0	0	100	0	0	0	0	0	0	0	1912	0	0	0	0	0	0	0	464	0	688	0	1538	0	0	0	0	0	0	0	0	0	0	0	0	0	1574	0	0	0	0	0	0	0	0	0	0	0	0	0	0	0	0	0	0	0	0	0	0	0	0	0	3098	0	0	0	3240	0	2470	0	1988	0	0	0	0	0	0	0	0	0	0	0	0	0	0	0	0	0	0	0	0	0	0	0	0	0	0	
384132	Temporal_Mid_L	3484	164	204	0	0	0	934	0	0	0	0	0	0	0	506	0	2424	0	120	162	0	0	0	0	0	0	0	0	4006	0	0	0	0	154	2288	278	286	0	590	0	0	0	1796	0	1352	0	110	0	324	0	26714	0	4858	0	1140	0	4374	0	112	0	12062	0	7358	0	20814	0	1938	98	1344	0	0	0	0	0	0	0	0	0	16298	0	24832	0	8810	0	0	0	4348	0	37784	0	0	0	0	0	0	0	0	0	0	0	0	0	0	0	0	0	0	0	0	0	0	0	0	0	0	0	
241008	Temporal_Mid_R	0	1464	0	506	0	0	0	0	0	0	0	0	0	0	0	0	0	90	0	720	0	0	0	0	0	0	0	0	0	1128	0	0	0	3580	0	0	0	380	0	134	0	0	0	3894	0	6434	0	80	0	6726	0	12348	0	1978	0	2678	0	5120	0	160	0	790	0	7186	0	10592	0	7648	0	2686	0	0	0	134	0	0	0	0	0	1274	0	17612	0	3240	0	0	0	1134	0	20788	0	0	0	0	0	0	0	0	0	0	0	0	0	0	0	0	0	0	0	0	0	0	0	0	0	0	
21756	Temporal_Pole_Mid_L	0	0	0	0	0	0	0	0	0	0	0	0	0	0	0	0	0	0	0	0	0	0	0	0	0	0	0	0	0	0	0	0	0	0	0	0	0	0	0	0	0	0	0	0	0	0	0	0	0	0	0	0	0	0	104	0	0	0	0	0	0	0	0	0	0	0	0	0	0	0	0	0	0	0	0	0	0	0	0	0	0	0	3660	0	4348	0	0	0	2766	0	0	0	0	0	0	0	0	0	0	0	0	0	0	0	0	0	0	0	0	0	0	0	0	0	0	0	
11576	Temporal_Pole_Mid_R	0	0	0	0	0	0	0	0	0	0	0	0	0	0	0	136	0	0	0	0	0	0	0	0	0	0	0	0	0	130	0	0	0	0	0	0	0	0	0	454	0	178	0	0	0	0	0	0	0	0	0	0	0	0	0	442	0	0	0	0	0	0	0	0	0	0	0	0	0	0	0	0	0	0	0	0	0	0	0	0	0	516	0	2470	0	1134	0	0	0	328	0	0	0	0	0	0	0	0	0	0	0	0	0	0	0	0	0	0	0	0	0	0	0	0	0	0	
229988	Temporal_Inf_L	856	0	320	0	0	0	1062	0	0	0	160	0	182	0	0	0	2176	0	80	0	0	0	0	0	0	0	0	0	2528	0	0	0	0	0	158	0	8796	0	0	0	2022	0	330	0	116	0	0	0	0	0	5370	0	7672	0	6546	0	4204	0	0	0	4808	0	1068	0	4320	0	192	0	316	0	0	0	784	0	0	0	0	0	4332	0	9522	0	4392	0	37784	0	2766	0	0	0	1224	0	632	0	0	0	0	0	0	0	198	0	78	0	0	0	0	0	0	0	0	0	0	0	0	0	
161448	Temporal_Inf_R	100	1296	0	598	0	0	0	0	0	0	0	0	0	0	0	0	0	156	196	434	0	0	0	0	0	0	0	0	0	1392	0	0	0	816	0	830	0	4306	0	170	0	1364	0	1950	0	608	0	206	0	798	0	2332	0	6092	0	14204	0	2078	0	0	0	772	0	2984	0	1822	0	2304	104	374	0	84	0	680	0	0	0	114	0	1362	0	6878	0	1988	0	20788	0	328	0	0	0	216	0	0	0	0	0	0	0	0	0	0	0	0	0	0	0	0	0	0	0	0	0	0	0	0	
396720	Cerebelum_Crus1_L	0	0	0	0	0	0	0	0	0	0	0	0	0	0	0	0	0	0	0	0	0	0	0	0	0	0	0	0	0	0	0	0	0	0	0	0	0	0	0	0	0	0	238	0	0	0	3392	2084	0	0	184	0	324	0	15272	216	0	0	0	0	0	0	0	0	0	0	0	0	0	0	0	0	0	0	0	0	0	0	0	0	0	0	0	0	0	0	0	0	1224	0	0	3200	34974	1128	396	270	14500	532	44684	3880	18850	472	27188	392	8258	318	324	0	0	0	3398	4428	6322	968	944	0	
325920	Cerebelum_Crus1_R	0	0	0	0	0	0	0	0	0	0	0	0	0	0	0	0	0	0	0	0	0	0	0	0	0	0	0	0	0	0	0	0	0	0	0	0	0	0	0	0	0	0	108	416	0	0	522	2918	0	0	0	0	0	1136	0	4586	0	0	0	0	0	0	0	0	0	0	0	542	0	0	0	0	0	0	0	0	0	0	0	92	0	72	0	0	0	0	0	0	0	216	3200	0	1202	23196	120	2668	2224	16402	2248	39844	744	4326	1096	20738	882	3740	198	324	276	918	8694	6200	8240	2742	2130	0	
368956	Cerebelum_Crus2_L	0	0	0	0	0	0	0	0	0	0	0	0	0	0	0	0	0	0	0	0	0	0	0	0	0	0	0	0	0	0	0	0	0	0	0	0	0	0	0	0	0	0	0	0	0	0	212	312	0	0	0	0	0	0	1422	0	0	0	0	0	0	0	0	0	0	0	0	0	0	0	0	0	0	0	0	0	0	0	0	0	0	0	0	0	0	0	0	0	632	0	34974	1202	0	10208	0	0	1230	90	5342	538	44296	8770	41320	5386	12036	250	0	0	0	0	406	400	11022	4168	262	0	
227492	Cerebelum_Crus2_R	0	0	0	0	0	0	0	0	0	0	0	0	0	0	0	0	0	0	0	0	0	0	0	0	0	0	0	0	0	0	0	0	0	0	0	0	0	0	0	0	0	0	0	0	0	0	0	0	0	0	0	0	0	0	0	0	0	0	0	0	0	0	0	0	0	0	0	0	0	0	0	0	0	0	0	0	0	0	0	0	0	0	0	0	0	0	0	0	0	0	1128	23196	10208	0	0	0	0	194	90	3054	5144	18532	4290	24762	1030	2444	0	0	0	0	84	298	12798	4838	1656	0	
15444	Cerebelum_3_L	0	0	0	0	0	0	0	0	0	0	0	0	0	0	0	0	0	0	0	0	0	0	0	0	0	0	0	0	0	0	0	0	0	0	0	0	0	0	110	0	0	0	0	0	0	0	0	0	0	0	0	0	0	0	136	0	0	0	0	0	0	0	0	0	0	0	0	0	0	0	0	0	0	0	0	0	0	0	0	0	0	0	0	0	0	0	0	0	0	0	396	120	0	0	0	0	3248	116	1176	126	0	0	170	0	74	0	0	0	634	680	736	0	0	0	0	0	
45232	Cerebelum_3_R	0	0	0	0	0	0	0	0	0	0	0	0	0	0	0	0	0	0	0	0	0	0	0	0	0	0	0	0	0	0	0	0	0	0	0	0	0	0	0	0	0	0	0	0	0	0	84	100	0	0	0	0	0	0	0	126	0	0	0	0	0	0	0	0	0	0	0	0	0	0	0	0	0	0	0	0	0	0	0	0	0	0	0	0	0	0	0	0	0	0	270	2668	0	0	0	0	976	5518	304	5900	0	0	170	0	182	168	0	0	782	2572	2796	0	0	0	0	0	
238140	Cerebelum_4_5_L	0	0	0	0	0	0	0	0	0	0	0	0	0	0	0	0	0	0	0	0	0	0	0	0	0	0	0	0	0	0	0	0	0	0	0	0	0	0	84	0	0	0	536	0	0	0	6746	2060	0	0	0	0	144	0	7418	0	0	0	0	0	0	0	0	0	0	0	0	0	0	0	0	0	0	0	0	0	0	0	0	0	0	0	0	0	0	0	0	0	0	0	14500	2224	1230	0	3248	976	0	1818	30706	3454	1916	0	5596	250	5730	1264	1556	0	1288	1698	16276	5302	0	276	1376	1398	
166248	Cerebelum_4_5_R	0	0	0	0	0	0	0	0	0	0	0	0	0	0	0	0	0	0	0	0	0	0	0	0	0	0	0	0	0	172	0	0	0	0	0	0	0	620	0	1072	0	0	140	0	0	0	192	3398	0	0	0	0	0	0	0	4352	0	0	0	0	0	0	0	0	0	0	0	0	0	0	0	0	0	362	0	0	0	0	0	0	0	0	0	0	0	0	0	0	0	0	532	16402	90	194	116	5518	1818	0	912	27660	80	0	366	1264	620	772	224	0	246	1270	10856	3568	140	92	76	0	
366664	Cerebelum_6_L	0	0	0	0	0	0	0	0	0	0	0	0	0	0	0	0	0	0	0	0	0	0	0	0	0	0	0	0	0	0	0	0	0	0	0	0	0	0	0	0	0	0	466	0	0	0	9236	5396	0	0	0	0	282	0	19252	206	0	0	0	0	0	0	0	0	0	0	0	0	0	0	0	0	0	0	0	0	0	0	0	0	0	0	0	0	0	0	0	0	0	0	44684	2248	5342	90	1176	304	30706	912	0	5246	5962	0	12280	154	7556	1568	2534	86	156	172	10212	10452	2992	1698	1820	144	
313540	Cerebelum_6_R	0	0	0	0	0	0	0	0	0	0	0	0	0	0	0	0	0	0	0	0	0	0	0	0	0	0	0	0	0	0	0	0	0	0	0	0	0	0	0	132	0	0	148	0	0	0	748	7354	0	0	0	0	0	0	0	5902	0	0	0	0	0	0	0	0	0	0	0	0	0	0	0	0	0	0	0	0	0	0	0	0	0	0	0	0	0	0	0	0	0	0	3880	39844	538	3054	126	5900	3454	27660	5246	0	436	810	978	7616	2274	3556	1018	396	408	1548	12654	10884	6510	2034	1578	84	
299984	Cerebelum_7b_L	0	0	0	0	0	0	0	0	0	0	0	0	0	0	0	0	0	0	0	0	0	0	0	0	0	0	0	0	0	0	0	0	0	0	0	0	0	0	0	0	0	0	0	0	0	0	100	240	0	0	0	0	0	0	1202	0	0	0	0	0	0	0	0	0	0	0	0	0	0	0	0	0	0	0	0	0	0	0	0	0	0	0	0	0	0	0	0	0	198	0	18850	744	44296	5144	0	0	1916	80	5962	436	0	5320	40264	4378	9016	158	290	0	0	0	488	234	6134	4542	0	0	
144324	Cerebelum_7b_R	0	0	0	0	0	0	0	0	0	0	0	0	0	0	0	0	0	0	0	0	0	0	0	0	0	0	0	0	0	0	0	0	0	0	0	0	0	0	0	0	0	0	0	0	0	0	0	0	0	0	0	0	0	0	0	0	0	0	0	0	0	0	0	0	0	0	0	0	0	0	0	0	0	0	0	0	0	0	0	0	0	0	0	0	0	0	0	0	0	0	472	4326	8770	18532	0	0	0	0	0	810	5320	0	4366	16914	680	830	0	0	0	0	0	0	6474	4668	0	0	
386496	Cerebelum_8_L	0	0	0	0	0	0	0	0	0	0	0	0	0	0	0	0	0	0	0	0	0	0	0	0	0	0	0	0	0	0	0	0	0	0	0	0	0	0	0	0	0	0	94	0	0	0	390	356	0	0	0	0	0	0	1346	0	0	0	0	0	0	0	0	0	0	0	0	0	0	0	0	0	0	0	0	0	0	0	0	0	0	0	0	0	0	0	0	0	78	0	27188	1096	41320	4290	170	170	5596	366	12280	978	40264	4366	0	6486	25558	1140	1046	0	0	0	2548	822	5672	8182	1338	108	
248468	Cerebelum_8_R	0	0	0	0	0	0	0	0	0	0	0	0	0	0	0	0	0	0	0	0	0	0	0	0	0	0	0	0	0	0	0	0	0	0	0	0	0	0	0	0	0	0	0	0	0	0	72	162	0	0	0	0	0	0	0	0	0	0	0	0	0	0	0	0	0	0	0	0	0	0	0	0	0	0	0	0	0	0	0	0	0	0	0	0	0	0	0	0	0	0	392	20738	5386	24762	0	0	250	1264	154	7616	4378	16914	6486	0	1778	13734	0	286	0	0	962	406	8030	8512	1856	96	
197264	Cerebelum_9_L	0	0	0	0	0	0	0	0	0	0	0	0	0	0	0	0	0	0	0	0	0	0	0	0	0	0	0	0	0	0	0	0	0	0	0	0	0	0	0	0	0	0	0	0	0	0	424	1766	0	0	0	0	0	0	424	0	0	0	0	0	0	0	0	0	0	0	0	0	0	0	0	0	0	0	0	0	0	0	0	0	0	0	0	0	0	0	0	0	0	0	8258	882	12036	1030	74	182	5730	620	7556	2274	9016	680	25558	1778	0	1346	3494	0	0	0	4088	4190	1774	3216	1690	546	
108784	Cerebelum_9_R	0	0	0	0	0	0	0	0	0	0	0	0	0	0	0	0	0	0	0	0	0	0	0	0	0	0	0	0	0	0	0	0	0	0	0	0	0	0	0	0	0	0	0	0	0	0	176	146	0	0	0	0	0	0	0	0	0	0	0	0	0	0	0	0	0	0	0	0	0	0	0	0	0	0	0	0	0	0	0	0	0	0	0	0	0	0	0	0	0	0	318	3740	250	2444	0	168	1264	772	1568	3556	158	830	1140	13734	1346	0	236	980	284	340	2440	4092	2408	4724	5560	1718	
29928	Cerebelum_10_L	0	0	0	0	0	0	0	0	0	0	0	0	0	0	0	0	0	0	0	0	0	0	0	0	0	0	0	0	0	0	0	0	0	0	0	0	0	0	0	0	0	0	0	0	0	0	98	898	0	0	0	0	0	0	0	0	0	0	0	0	0	0	0	0	0	0	0	0	0	0	0	0	0	0	0	0	0	0	0	0	0	0	0	0	0	0	0	0	0	0	324	198	0	0	0	0	1556	224	2534	1018	290	0	1046	0	3494	236	0	0	0	0	1012	1626	0	178	232	0	
5864	Cerebelum_10_R	0	0	0	0	0	0	0	0	0	0	0	0	0	0	0	0	0	0	0	0	0	0	0	0	0	0	0	0	0	0	0	0	0	0	0	0	0	0	0	0	0	0	0	0	0	0	0	0	0	0	0	0	0	0	0	0	0	0	0	0	0	0	0	0	0	0	0	0	0	0	0	0	0	0	0	0	0	0	0	0	0	0	0	0	0	0	0	0	0	0	0	324	0	0	0	0	0	0	86	396	0	0	0	286	0	980	0	0	0	0	0	168	130	324	238	0	
19988	Vermis_1_2	0	0	0	0	0	0	0	0	0	0	0	0	0	0	0	0	0	0	0	0	0	0	0	0	0	0	0	0	0	0	0	0	0	0	0	0	0	0	0	0	0	0	0	0	0	0	0	0	0	0	0	0	0	0	0	0	0	0	0	0	0	0	0	0	0	0	0	0	0	0	0	0	0	0	0	0	0	0	0	0	0	0	0	0	0	0	0	0	0	0	0	276	0	0	634	782	1288	246	156	408	0	0	0	0	0	284	0	0	0	3896	1888	136	0	0	0	0	
33956	Vermis_3	0	0	0	0	0	0	0	0	0	0	0	0	0	0	0	0	0	0	0	0	0	0	0	0	0	0	0	0	0	0	0	0	0	0	0	0	0	0	94	0	0	0	0	0	0	0	220	0	0	0	0	0	0	0	0	84	0	0	0	0	0	0	0	0	0	0	0	0	0	0	0	0	0	0	0	0	0	0	0	0	0	0	0	0	0	0	0	0	0	0	0	918	0	0	680	2572	1698	1270	172	1548	0	0	0	0	0	340	0	0	3896	0	3230	178	0	0	78	0	
214528	Vermis_4_5	0	0	0	0	0	0	0	0	0	0	0	0	0	0	0	0	0	0	0	0	0	0	0	0	0	0	0	0	0	0	0	0	0	0	284	390	256	142	0	0	0	0	664	0	0	0	3764	3236	0	0	0	0	0	0	788	1092	0	0	0	0	0	0	0	0	0	0	0	388	0	0	0	0	0	0	0	0	0	0	0	0	0	0	0	0	0	0	0	0	0	0	3398	8694	406	84	736	2796	16276	10856	10212	12654	488	0	2548	962	4088	2440	1012	0	1888	3230	0	9078	80	500	1874	1960	
174284	Vermis_6	0	0	0	0	0	0	0	0	0	0	0	0	0	0	0	0	0	0	0	0	0	0	0	0	0	0	0	0	0	0	0	0	0	0	0	0	0	0	0	0	0	0	0	0	0	0	2730	7382	0	0	0	0	0	0	0	1018	0	0	0	0	0	0	0	0	0	0	0	0	0	0	0	0	0	0	0	0	0	0	0	0	0	0	0	0	0	0	0	0	0	0	4428	6200	400	298	0	0	5302	3568	10452	10884	234	0	822	406	4190	4092	1626	168	136	178	9078	0	4024	2986	4438	2102	
191924	Vermis_7	0	0	0	0	0	0	0	0	0	0	0	0	0	0	0	0	0	0	0	0	0	0	0	0	0	0	0	0	0	0	0	0	0	0	0	0	0	0	0	0	0	0	0	0	0	0	684	1422	0	0	0	0	0	0	0	344	0	0	0	0	0	0	0	0	0	0	0	0	0	0	0	0	0	0	0	0	0	0	0	0	0	0	0	0	0	0	0	0	0	0	6322	8240	11022	12798	0	0	0	140	2992	6510	6134	6474	5672	8030	1774	2408	0	130	0	0	80	4024	0	7152	3610	0	
137832	Vermis_8	0	0	0	0	0	0	0	0	0	0	0	0	0	0	0	0	0	0	0	0	0	0	0	0	0	0	0	0	0	0	0	0	0	0	0	0	0	0	0	0	0	0	0	0	0	0	0	130	0	0	0	0	0	0	0	0	0	0	0	0	0	0	0	0	0	0	0	0	0	0	0	0	0	0	0	0	0	0	0	0	0	0	0	0	0	0	0	0	0	0	968	2742	4168	4838	0	0	276	92	1698	2034	4542	4668	8182	8512	3216	4724	178	324	0	0	500	2986	7152	0	6604	382	
