data	data	428600	310732	929300	743492	126116	83744	437180	283052	77524	41872	199528	232728	348740	145708	263800	109912	169644	147564	723312	781980	120588	119548	310588	236180	22088	69724	82796	112848	531832	326468	241204	384700	172428	593904	76408	117976	160852	240732	45736	118116	34372	39908	185520	295376	137240	267244	269252	275732	153328	282092	335156	279564	103876	119604	315084	426156	230108	241172	75988	91084	199736	147748	108456	130152	145584	166768	254804	331184	191072	237144	198908	473484	255140	405448	57020	30684	84584	83736	45092	18820	164092	58540	66740	31388	248620	208132	10820	9440	207348	226668	514596	480836	224532	282984	49120	67716	342948	267520	538960	482412	189728	97840	293740	383280	138672	192884	7220	5636	27916	58520	277600	283200	216052	132484	118448	37088	
data	data	Precentral_L	Precentral_R	Frontal_Sup_L	Frontal_Sup_R	Frontal_Sup_Orb_L	Frontal_Sup_Orb_R	Frontal_Mid_L	Frontal_Mid_R	Frontal_Mid_Orb_L	Frontal_Mid_Orb_R	Frontal_Inf_Oper_L	Frontal_Inf_Oper_R	Frontal_Inf_Tri_L	Frontal_Inf_Tri_R	Frontal_Inf_Orb_L	Frontal_Inf_Orb_R	Rolandic_Oper_L	Rolandic_Oper_R	Supp_Motor_Area_L	Supp_Motor_Area_R	Olfactory_L	Olfactory_R	Frontal_Sup_Medial_L	Frontal_Sup_Medial_R	Frontal_Med_Orb_L	Frontal_Med_Orb_R	Rectus_L	Rectus_R	Insula_L	Insula_R	Cingulum_Ant_L	Cingulum_Ant_R	Cingulum_Mid_L	Cingulum_Mid_R	Cingulum_Post_L	Cingulum_Post_R	Hippocampus_L	Hippocampus_R	ParaHippocampal_L	ParaHippocampal_R	Amygdala_L	Amygdala_R	Calcarine_L	Calcarine_R	Cuneus_L	Cuneus_R	Lingual_L	Lingual_R	Occipital_Sup_L	Occipital_Sup_R	Occipital_Mid_L	Occipital_Mid_R	Occipital_Inf_L	Occipital_Inf_R	Fusiform_L	Fusiform_R	Postcentral_L	Postcentral_R	Parietal_Sup_L	Parietal_Sup_R	Parietal_Inf_L	Parietal_Inf_R	SupraMarginal_L	SupraMarginal_R	Angular_L	Angular_R	Precuneus_L	Precuneus_R	Paracentral_Lobule_L	Paracentral_Lobule_R	Caudate_L	Caudate_R	Putamen_L	Putamen_R	Pallidum_L	Pallidum_R	Thalamus_L	Thalamus_R	Heschl_L	Heschl_R	Temporal_Sup_L	Temporal_Sup_R	Temporal_Pole_Sup_L	Temporal_Pole_Sup_R	Temporal_Mid_L	Temporal_Mid_R	Temporal_Pole_Mid_L	Temporal_Pole_Mid_R	Temporal_Inf_L	Temporal_Inf_R	Cerebelum_Crus1_L	Cerebelum_Crus1_R	Cerebelum_Crus2_L	Cerebelum_Crus2_R	Cerebelum_3_L	Cerebelum_3_R	Cerebelum_4_5_L	Cerebelum_4_5_R	Cerebelum_6_L	Cerebelum_6_R	Cerebelum_7b_L	Cerebelum_7b_R	Cerebelum_8_L	Cerebelum_8_R	Cerebelum_9_L	Cerebelum_9_R	Cerebelum_10_L	Cerebelum_10_R	Vermis_1_2	Vermis_3	Vermis_4_5	Vermis_6	Vermis_7	Vermis_8	Vermis_9	Vermis_10	
428600	Precentral_L	0	1724	24010	5048	0	0	23082	604	0	0	12666	0	2256	0	0	0	7270	166	14720	8130	0	0	0	0	0	0	0	0	7978	0	0	0	1082	4872	676	364	5624	280	344	0	0	0	0	0	594	0	0	0	702	0	1394	0	326	0	528	0	34686	570	292	0	3008	0	2168	0	1722	0	1770	0	10770	1416	7616	1114	7312	174	2754	0	7258	202	3008	0	1026	0	286	0	1492	0	0	0	1216	0	0	0	0	0	0	0	0	0	0	0	0	0	0	0	0	0	0	0	0	0	0	0	0	0	0	0	
310732	Precentral_R	1724	0	3752	6664	0	0	218	13294	0	0	654	5986	0	0	0	0	320	3634	3998	4270	0	0	0	0	0	0	0	0	532	3194	0	0	276	7466	376	3070	0	5254	0	810	0	0	0	160	0	460	0	0	0	728	0	242	0	200	0	1390	924	37376	0	852	0	2106	0	2644	0	696	448	3300	684	19626	3144	3310	1462	3304	424	852	0	2476	0	0	0	302	0	0	0	906	0	0	0	1858	0	0	0	0	0	0	0	0	0	0	0	0	0	0	0	0	0	0	0	0	0	0	0	0	0	0	
929300	Frontal_Sup_L	24010	3752	0	13876	6756	0	74832	6034	3988	0	18856	178	28028	0	15180	0	6986	0	94116	20818	440	228	38892	1814	124	0	984	132	36212	184	11658	3292	5426	9516	0	0	712	96	0	0	162	0	0	0	0	0	0	0	0	0	0	0	0	0	0	0	2644	368	0	0	154	0	128	0	0	0	0	98	756	96	1734	4500	14738	1044	4222	272	1954	0	0	0	1786	0	2874	0	0	0	0	0	0	0	0	0	0	0	0	0	0	0	0	0	0	0	0	0	0	0	0	0	0	0	0	0	0	0	0	0	
743492	Frontal_Sup_R	5048	6664	13876	0	0	3432	1674	33608	0	610	336	9718	950	7116	586	2646	250	4536	14940	59284	292	760	11594	34354	0	3870	0	4026	4838	12998	3924	29218	1096	28150	0	0	1212	3838	0	550	0	0	0	0	0	0	0	0	0	0	0	0	0	0	500	558	1858	574	0	206	150	116	154	118	0	0	0	292	562	250	1910	27524	3908	16310	536	2360	514	5528	0	0	676	0	0	280	112	0	0	0	548	208	0	0	0	0	0	0	0	0	0	0	0	0	0	0	0	0	0	0	0	0	0	0	0	0	0	0	
126116	Frontal_Sup_Orb_L	0	0	6756	0	0	326	1172	0	7790	0	188	0	1240	0	11012	0	0	0	400	0	2884	1068	3208	0	2960	0	6996	760	4528	0	6116	0	0	0	0	0	0	0	0	0	492	0	0	0	0	0	0	0	0	0	0	0	0	0	0	0	0	0	0	0	0	0	0	0	0	0	0	0	0	0	1248	312	2986	0	0	0	0	0	0	0	0	0	616	0	0	0	0	0	0	0	0	0	0	0	0	0	0	0	0	0	0	0	0	0	0	0	0	0	0	0	0	0	0	0	0	0	
83744	Frontal_Sup_Orb_R	0	0	0	3432	326	0	0	320	0	2262	0	0	0	0	352	3778	0	0	258	406	2108	3292	0	950	0	4732	976	9988	0	702	414	1432	0	0	0	0	0	0	0	0	0	0	0	0	0	0	0	0	0	0	0	0	0	0	0	0	0	0	0	0	0	0	0	0	0	0	0	0	0	0	2046	2078	518	1502	0	0	0	0	0	0	0	0	0	0	0	0	0	0	0	0	0	0	0	0	0	0	0	0	0	0	0	0	0	0	0	0	0	0	0	0	0	0	0	0	0	0	
437180	Frontal_Mid_L	23082	218	74832	1674	1172	0	0	782	4796	0	8884	104	30034	0	14532	0	152	0	21788	1028	266	0	13414	312	0	0	0	0	11360	0	776	130	1736	396	0	0	196	0	0	0	178	0	0	0	0	0	0	0	0	0	0	0	0	0	0	0	498	0	0	0	0	0	0	0	0	0	0	0	0	0	2268	688	1380	110	162	0	1258	0	0	0	0	0	384	0	0	0	0	0	0	0	0	0	0	0	0	0	0	0	0	0	0	0	0	0	0	0	0	0	0	0	0	0	0	0	0	0	
283052	Frontal_Mid_R	604	13294	6034	33608	0	320	782	0	0	968	688	12898	2884	11978	1398	3298	154	1898	5648	8490	0	0	1162	2700	0	0	0	0	3482	6760	172	3198	108	2372	0	0	0	720	0	0	0	0	0	0	0	0	0	0	0	0	0	0	0	0	0	0	380	1602	0	0	0	0	0	0	0	0	0	0	0	0	1102	6670	230	5450	0	474	0	0	0	0	0	0	0	0	0	0	0	0	0	0	0	0	0	0	0	0	0	0	0	0	0	0	0	0	0	0	0	0	0	0	0	0	0	0	0	0	
77524	Frontal_Mid_Orb_L	0	0	3988	0	7790	0	4796	0	0	0	0	0	3162	0	13930	0	0	0	0	0	230	184	0	0	268	0	1020	144	2328	0	0	0	0	0	0	0	0	0	0	0	0	0	0	0	0	0	0	0	0	0	0	0	0	0	0	0	0	0	0	0	0	0	0	0	0	0	0	0	0	0	216	0	526	0	0	0	0	0	0	0	0	0	180	0	0	0	0	0	0	0	0	0	0	0	0	0	0	0	0	0	0	0	0	0	0	0	0	0	0	0	0	0	0	0	0	0	
41872	Frontal_Mid_Orb_R	0	0	0	610	0	2262	0	968	0	0	0	240	0	320	0	5874	0	190	686	1242	0	0	0	0	0	0	0	504	0	546	0	378	0	214	0	0	0	0	0	0	0	0	0	0	0	0	0	0	0	0	0	0	0	0	0	0	0	0	0	0	0	0	0	0	0	0	0	0	0	0	0	2842	0	3964	0	0	0	0	0	0	0	0	0	96	0	0	0	0	0	0	0	0	0	0	0	0	0	0	0	0	0	0	0	0	0	0	0	0	0	0	0	0	0	0	0	0	
199528	Frontal_Inf_Oper_L	12666	654	18856	336	188	0	8884	688	0	0	0	0	10138	0	0	0	7278	0	15446	190	0	0	850	0	0	0	0	0	10074	0	452	140	150	0	0	0	0	0	0	0	0	0	0	0	0	0	0	0	0	0	0	0	0	0	0	0	5308	0	0	0	268	0	180	0	0	0	0	0	0	0	1490	98	808	0	266	0	188	0	0	0	1582	0	2586	0	0	0	0	0	0	0	0	0	0	0	0	0	0	0	0	0	0	0	0	0	0	0	0	0	0	0	0	0	0	0	0	0	
232728	Frontal_Inf_Oper_R	0	5986	178	9718	0	0	104	12898	0	240	0	0	4172	11542	3234	1364	0	8338	398	11206	0	0	126	234	0	0	0	0	4168	19524	0	1490	0	1150	0	0	0	1882	0	0	0	0	0	0	0	0	0	0	0	0	0	0	0	0	0	0	0	2042	0	0	0	0	0	0	0	0	0	0	0	0	0	6186	0	9130	0	0	0	0	0	0	0	234	0	820	0	0	0	0	0	0	0	0	0	0	0	0	0	0	0	0	0	0	0	0	0	0	0	0	0	0	0	0	0	0	0	0	
348740	Frontal_Inf_Tri_L	2256	0	28028	950	1240	0	30034	2884	3162	0	10138	4172	0	1000	25374	132	0	0	10908	696	0	0	5646	0	0	0	0	0	35022	470	3256	1082	412	416	0	0	0	156	0	0	0	0	0	0	0	0	0	0	0	0	0	0	0	0	0	0	104	0	0	0	0	0	0	0	0	0	0	0	0	0	1270	1816	2984	286	0	0	136	0	0	0	0	0	340	0	0	0	0	0	0	0	0	0	0	0	0	0	0	0	0	0	0	0	0	0	0	0	0	0	0	0	0	0	0	0	0	0	
145708	Frontal_Inf_Tri_R	0	0	0	7116	0	0	0	11978	0	320	0	11542	1000	0	372	3934	0	194	146	5162	0	0	0	176	0	0	0	0	980	15602	0	1096	0	1866	0	0	0	260	0	0	0	0	0	0	0	0	0	0	0	0	0	0	0	0	0	0	0	0	0	0	0	0	0	0	0	0	0	0	0	0	104	4032	0	6974	0	0	0	0	0	0	0	0	0	0	0	0	0	0	0	0	0	0	0	0	0	0	0	0	0	0	0	0	0	0	0	0	0	0	0	0	0	0	0	0	0	0	
263800	Frontal_Inf_Orb_L	0	0	15180	586	11012	352	14532	1398	13930	0	0	3234	25374	372	0	134	0	0	1552	408	3102	1162	1452	0	0	0	2520	788	18818	292	1186	402	0	268	0	0	0	144	182	0	208	0	0	0	0	0	0	0	0	0	0	0	0	0	0	0	0	0	0	0	0	0	0	0	0	0	0	0	0	0	2244	1710	6846	260	0	0	128	0	0	0	0	0	2124	0	0	0	0	0	0	0	0	0	0	0	0	0	0	0	0	0	0	0	0	0	0	0	0	0	0	0	0	0	0	0	0	0	
109912	Frontal_Inf_Orb_R	0	0	0	2646	0	3778	0	3298	0	5874	0	1364	132	3934	134	0	0	196	1050	2958	1046	1808	0	0	0	0	430	2680	126	6774	194	406	0	362	0	0	0	0	0	144	0	0	0	0	0	0	0	0	0	0	0	0	0	0	0	0	0	0	0	0	0	0	0	0	0	0	0	0	0	0	1076	6254	434	7720	0	0	0	0	0	0	0	0	0	138	0	0	0	0	0	0	0	0	0	0	0	0	0	0	0	0	0	0	0	0	0	0	0	0	0	0	0	0	0	0	0	0	
169644	Rolandic_Oper_L	7270	320	6986	250	0	0	152	154	0	0	7278	0	0	0	0	0	0	0	6410	0	0	0	0	0	0	0	0	0	14612	0	0	0	492	0	0	0	386	0	0	0	0	0	0	0	0	0	0	0	0	0	1192	0	252	0	356	0	7886	0	278	0	2630	0	4290	0	1408	0	1294	0	166	0	1882	0	1734	0	1284	0	472	0	3336	0	7110	0	1850	0	1472	0	0	0	1620	0	0	0	0	0	0	0	0	0	0	0	0	0	0	0	0	0	0	0	0	0	0	0	0	0	0	0	
147564	Rolandic_Oper_R	166	3634	0	4536	0	0	0	1898	0	190	0	8338	0	194	0	196	0	0	1078	7050	0	0	108	176	0	0	0	0	0	16150	0	636	0	424	0	0	0	3168	0	96	0	0	0	0	0	0	0	0	0	0	0	0	0	0	0	558	96	3742	0	0	0	0	0	1954	0	0	0	0	0	0	138	3510	0	10324	0	530	0	0	0	1084	0	2542	0	904	0	0	0	0	0	362	0	0	0	0	0	0	0	0	0	0	0	0	0	0	0	0	0	0	0	0	0	0	0	0	0	0	
723312	Supp_Motor_Area_L	14720	3998	94116	14940	400	258	21788	5648	0	686	15446	398	10908	146	1552	1050	6410	1078	0	45262	0	0	10186	2322	0	0	0	0	17238	2292	3624	5448	9340	23120	244	0	216	448	0	134	0	0	0	0	0	0	0	0	0	0	0	0	0	0	0	116	1114	356	0	0	0	0	0	0	0	0	118	100	13196	2108	1060	8032	8772	6318	2416	510	624	0	0	0	1544	0	1856	0	0	0	0	0	0	0	0	0	0	0	0	0	0	0	0	0	0	0	0	0	0	0	0	0	0	0	0	0	0	0	0	0	
781980	Supp_Motor_Area_R	8130	4270	20818	59284	0	406	1028	8490	0	1242	190	11206	696	5162	408	2958	0	7050	45262	0	0	0	1204	5852	0	0	0	0	1440	16238	1626	14948	8776	62050	132	1282	154	2652	0	498	0	0	0	384	0	186	0	0	0	0	0	0	0	0	0	656	1052	3444	0	324	0	212	0	100	0	112	176	1588	20066	21082	206	25616	294	16184	176	1380	658	2762	0	0	0	156	0	122	0	0	0	0	0	602	0	0	0	0	0	0	0	0	0	0	0	0	0	0	0	0	0	0	0	0	0	0	0	0	0	0	
120588	Olfactory_L	0	0	440	292	2884	2108	266	0	230	0	0	0	0	0	3102	1046	0	0	0	0	0	9610	0	196	150	730	5558	4274	3222	0	4256	3430	0	0	0	0	0	0	562	0	794	0	0	0	0	0	0	0	0	0	0	0	0	0	0	0	0	0	0	0	0	0	0	0	0	0	0	0	0	0	9394	3648	3084	0	0	0	0	0	0	0	0	0	1018	0	0	0	0	0	0	0	0	0	0	0	0	0	0	0	0	0	0	0	0	0	0	0	0	0	0	0	0	0	0	0	0	0	
119548	Olfactory_R	0	0	228	760	1068	3292	0	0	184	0	0	0	0	0	1162	1808	0	0	0	0	9610	0	0	470	0	1708	4540	6622	0	1510	3814	4768	0	0	0	0	0	0	0	384	0	534	0	0	0	0	0	0	0	0	0	0	0	0	0	0	0	0	0	0	0	0	0	0	0	0	0	0	0	0	9552	4820	2672	268	0	0	0	0	0	0	0	0	0	0	0	0	0	0	0	0	0	0	0	0	0	0	0	0	0	0	0	0	0	0	0	0	0	0	0	0	0	0	0	0	0	0	
310588	Frontal_Sup_Medial_L	0	0	38892	11594	3208	0	13414	1162	0	0	850	126	5646	0	1452	0	0	108	10186	1204	0	0	0	14860	1096	544	256	0	6610	214	18234	9616	5446	6414	0	0	0	0	0	0	0	0	0	0	0	0	0	0	0	0	0	0	0	0	0	0	0	0	0	0	0	0	0	0	0	0	0	0	0	0	344	1232	1820	582	0	0	0	0	0	0	0	0	184	0	0	0	0	0	0	0	0	0	0	0	0	0	0	0	0	0	0	0	0	0	0	0	0	0	0	0	0	0	0	0	0	0	
236180	Frontal_Sup_Medial_R	0	0	1814	34354	0	950	312	2700	0	0	0	234	0	176	0	0	0	176	2322	5852	196	470	14860	0	0	3826	0	1618	0	368	4882	19272	252	10380	0	0	0	0	0	0	0	0	0	0	0	0	0	0	0	0	0	0	0	0	0	0	0	0	0	0	0	0	0	0	0	0	0	0	0	0	196	6696	0	5894	0	290	0	0	0	0	0	0	0	0	0	0	0	0	0	0	0	0	0	0	0	0	0	0	0	0	0	0	0	0	0	0	0	0	0	0	0	0	0	0	0	0	
22088	Frontal_Med_Orb_L	0	0	124	0	2960	0	0	0	268	0	0	0	0	0	0	0	0	0	0	0	150	0	1096	0	0	664	2130	176	0	0	2770	462	0	0	0	0	0	0	0	0	0	0	0	0	0	0	0	0	0	0	0	0	0	0	0	0	0	0	0	0	0	0	0	0	0	0	0	0	0	0	136	108	0	0	0	0	0	0	0	0	0	0	0	0	0	0	0	0	0	0	0	0	0	0	0	0	0	0	0	0	0	0	0	0	0	0	0	0	0	0	0	0	0	0	0	0	
69724	Frontal_Med_Orb_R	0	0	0	3870	0	4732	0	0	0	0	0	0	0	0	0	0	0	0	0	0	730	1708	544	3826	664	0	648	7776	0	0	1788	6386	0	0	0	0	0	0	0	0	0	0	0	0	0	0	0	0	0	0	0	0	0	0	0	0	0	0	0	0	0	0	0	0	0	0	0	0	0	0	428	1316	0	446	0	0	0	0	0	0	0	0	0	0	0	0	0	0	0	0	0	0	0	0	0	0	0	0	0	0	0	0	0	0	0	0	0	0	0	0	0	0	0	0	0	0	
82796	Rectus_L	0	0	984	0	6996	976	0	0	1020	0	0	0	0	0	2520	430	0	0	0	0	5558	4540	256	0	2130	648	0	2384	280	0	4698	1816	0	0	0	0	0	0	0	0	0	0	0	0	0	0	0	0	0	0	0	0	0	0	0	0	0	0	0	0	0	0	0	0	0	0	0	0	0	0	4388	750	1024	0	0	0	0	0	0	0	0	0	0	0	0	0	0	0	0	0	0	0	0	0	0	0	0	0	0	0	0	0	0	0	0	0	0	0	0	0	0	0	0	0	0	0	
112848	Rectus_R	0	0	132	4026	760	9988	0	0	144	504	0	0	0	0	788	2680	0	0	0	0	4274	6622	0	1618	176	7776	2384	0	0	778	944	4638	0	0	0	0	0	0	0	0	0	0	0	0	0	0	0	0	0	0	0	0	0	0	0	0	0	0	0	0	0	0	0	0	0	0	0	0	0	0	3786	2752	682	972	0	0	0	0	0	0	0	0	0	0	0	0	0	0	0	0	0	0	0	0	0	0	0	0	0	0	0	0	0	0	0	0	0	0	0	0	0	0	0	0	0	0	
531832	Insula_L	7978	532	36212	4838	4528	0	11360	3482	2328	0	10074	4168	35022	980	18818	126	14612	0	17238	1440	3222	0	6610	0	0	0	280	0	0	916	4586	1614	936	924	0	130	9144	806	868	176	2450	0	0	0	0	0	0	0	0	0	964	0	0	0	3710	156	2994	126	244	0	1238	0	946	0	712	0	1204	0	290	0	3992	2146	15716	1758	0	0	2230	0	4258	0	6220	0	5870	0	684	0	0	0	4060	0	0	0	0	0	0	0	0	0	0	0	0	0	0	0	0	0	0	0	0	0	0	0	0	0	0	0	
326468	Insula_R	0	3194	184	12998	0	702	0	6760	0	546	0	19524	470	15602	292	6774	0	16150	2292	16238	0	1510	214	368	0	0	0	778	916	0	0	1730	0	2534	0	0	0	3192	0	544	0	1020	0	0	0	0	0	0	0	0	0	0	0	0	0	632	0	2716	0	0	0	0	0	256	0	0	0	0	0	0	158	11310	0	30140	0	0	0	0	0	886	0	1042	0	1134	0	196	0	0	0	232	0	0	0	0	0	0	0	0	0	0	0	0	0	0	0	0	0	0	0	0	0	0	0	0	0	0	
241204	Cingulum_Ant_L	0	0	11658	3924	6116	414	776	172	0	0	452	0	3256	0	1186	194	0	0	3624	1626	4256	3814	18234	4882	2770	1788	4698	944	4586	0	0	17780	4850	3276	1124	0	0	0	0	0	0	0	0	0	0	0	0	0	0	0	0	0	0	0	0	0	0	0	0	0	0	0	0	0	0	0	0	0	0	0	3946	4568	4476	1212	0	0	0	0	0	0	0	0	0	0	0	0	0	0	0	0	0	0	0	0	0	0	0	0	0	0	0	0	0	0	0	0	0	0	0	0	0	0	0	0	0	0	
384700	Cingulum_Ant_R	0	0	3292	29218	0	1432	130	3198	0	378	140	1490	1082	1096	402	406	0	636	5448	14948	3430	4768	9616	19272	462	6386	1816	4638	1614	1730	17780	0	2016	21180	0	0	0	0	0	0	0	0	0	0	0	0	0	0	0	0	0	0	0	0	0	0	0	0	0	0	0	0	0	0	0	0	0	0	0	0	3206	17558	1594	11128	0	618	0	0	0	0	0	0	0	242	0	0	0	0	0	0	0	0	0	0	0	0	0	0	0	0	0	0	0	0	0	0	0	0	0	0	0	0	0	0	0	0	
172428	Cingulum_Mid_L	1082	276	5426	1096	0	0	1736	108	0	0	150	0	412	0	0	0	492	0	9340	8776	0	0	5446	252	0	0	0	0	936	0	4850	2016	0	12476	4654	658	0	0	0	0	0	0	394	0	418	0	0	0	296	0	2214	0	504	0	0	0	1630	0	282	0	352	0	0	0	466	0	7502	1100	5242	964	182	152	286	0	0	0	1836	0	0	0	0	0	0	0	1992	0	0	0	220	0	0	0	0	0	0	0	0	0	0	0	0	0	0	0	0	0	0	0	0	0	0	0	0	0	0	0	
593904	Cingulum_Mid_R	4872	7466	9516	28150	0	0	396	2372	0	214	0	1150	416	1866	268	362	0	424	23120	62050	0	0	6414	10380	0	0	0	0	924	2534	3276	21180	12476	0	1744	8358	0	288	0	0	0	0	0	1488	0	2996	0	148	0	4560	0	1570	0	526	0	136	478	7624	0	210	0	756	0	526	0	826	4494	14632	13746	19168	0	6414	0	2718	0	364	0	0	0	0	0	152	0	112	0	1940	0	0	0	1152	0	0	0	0	0	0	0	0	0	0	0	0	0	0	0	0	0	0	0	0	0	0	0	0	0	0	
76408	Cingulum_Post_L	676	376	0	0	0	0	0	0	0	0	0	0	0	0	0	0	0	0	244	132	0	0	0	0	0	0	0	0	0	0	1124	0	4654	1744	0	6404	3528	2290	302	0	0	0	748	0	1350	636	534	0	1068	374	214	358	0	0	114	0	352	380	0	0	0	0	0	0	0	0	3944	1418	3298	462	0	0	160	0	0	0	886	206	0	0	0	0	0	0	228	0	0	0	0	0	0	0	0	0	0	0	0	0	0	0	0	0	0	0	0	0	0	0	0	0	0	0	0	0	0	0	
117976	Cingulum_Post_R	364	3070	0	0	0	0	0	0	0	0	0	0	0	0	0	0	0	0	0	1282	0	0	0	0	0	0	0	0	130	0	0	0	658	8358	6404	0	3124	3886	0	0	0	0	0	1938	0	1496	0	462	0	1140	0	208	0	456	138	252	0	3222	0	106	0	1068	0	348	0	932	504	9276	720	4260	0	0	340	0	0	0	2034	492	0	0	0	114	0	0	0	336	0	0	120	1750	0	0	0	0	0	0	0	0	0	0	0	0	0	0	0	0	0	0	0	0	0	0	0	0	0	0	
160852	Hippocampus_L	5624	0	712	1212	0	0	196	0	0	0	0	0	0	0	0	0	386	0	216	154	0	0	0	0	0	0	0	0	9144	0	0	0	0	0	3528	3124	0	2866	5880	0	6312	0	678	0	0	0	848	134	0	0	0	0	0	0	9756	0	458	0	0	0	234	0	118	0	214	0	1440	412	898	0	0	0	6290	0	518	0	4846	438	1800	0	2110	0	672	0	518	0	0	0	8474	0	98	0	0	0	0	0	0	0	0	0	0	0	0	0	0	0	0	0	0	118	0	0	0	0	0	0	
240732	Hippocampus_R	280	5254	96	3838	0	0	0	720	0	0	0	1882	156	260	144	0	0	3168	448	2652	0	0	0	0	0	0	0	0	806	3192	0	0	0	288	2290	3886	2866	0	108	20394	0	7802	0	272	0	0	0	1926	0	0	0	0	0	382	128	23376	0	674	0	0	0	0	0	860	0	0	0	2198	0	696	0	1092	284	11812	0	0	1590	3456	0	346	0	294	0	348	0	914	0	0	112	8528	0	0	0	0	0	0	0	292	0	0	0	0	0	0	0	0	0	0	0	160	96	0	0	0	0	0	
45736	ParaHippocampal_L	344	0	0	0	0	0	0	0	0	0	0	0	0	0	182	0	0	0	0	0	562	0	0	0	0	0	0	0	868	0	0	0	0	0	302	0	5880	108	0	0	1780	0	392	0	0	0	2454	126	0	0	342	0	304	0	4018	0	0	0	0	0	0	0	0	0	0	0	788	0	0	0	0	0	682	0	248	0	130	0	0	0	142	0	548	0	238	0	120	0	526	0	502	0	0	0	0	0	670	0	612	0	0	0	0	0	0	0	0	0	0	0	0	0	0	0	0	0	
118116	ParaHippocampal_R	0	810	0	550	0	0	0	0	0	0	0	0	0	0	0	144	0	96	134	498	0	384	0	0	0	0	0	0	176	544	0	0	0	0	0	0	0	20394	0	0	0	5064	0	148	0	0	0	2176	0	0	0	0	0	144	0	17056	0	0	0	0	0	0	0	0	0	0	0	528	0	0	0	442	0	4392	0	0	0	1246	0	0	0	0	0	600	0	150	0	0	0	3004	0	0	0	0	0	0	0	378	0	0	0	0	0	0	0	0	0	0	0	0	0	0	0	0	0	0	
34372	Amygdala_L	0	0	162	0	492	0	178	0	0	0	0	0	0	0	208	0	0	0	0	0	794	0	0	0	0	0	0	0	2450	0	0	0	0	0	0	0	6312	0	1780	0	0	0	0	0	0	0	0	0	0	0	0	0	0	0	2610	0	0	0	0	0	0	0	0	0	0	0	0	0	0	0	0	0	340	0	0	0	0	0	0	0	0	0	650	0	0	0	0	0	1210	0	0	0	0	0	0	0	0	0	0	0	0	0	0	0	0	0	0	0	0	0	0	0	0	0	0	0	
39908	Amygdala_R	0	0	0	0	0	0	0	0	0	0	0	0	0	0	0	0	0	0	0	0	0	534	0	0	0	0	0	0	0	1020	0	0	0	0	0	0	0	7802	0	5064	0	0	0	0	0	0	0	0	0	0	0	0	0	0	0	4248	0	0	0	0	0	0	0	0	0	0	0	0	0	0	0	0	0	134	0	0	0	0	0	0	0	0	0	1054	0	0	0	0	0	98	0	0	0	0	0	0	0	0	0	0	0	0	0	0	0	0	0	0	0	0	0	0	0	0	0	0	
185520	Calcarine_L	0	0	0	0	0	0	0	0	0	0	0	0	0	0	0	0	0	0	0	0	0	0	0	0	0	0	0	0	0	0	0	0	394	0	748	0	678	0	392	0	0	0	0	8268	11622	6622	13582	1966	8864	2496	15780	384	4192	0	1892	0	286	0	0	0	0	0	0	0	158	0	11334	0	352	0	0	0	0	0	0	0	0	0	0	0	0	0	0	0	2030	0	0	0	354	0	124	242	0	0	0	0	0	0	0	0	0	0	0	0	0	0	0	0	0	0	0	0	0	0	0	0	
295376	Calcarine_R	0	160	0	0	0	0	0	0	0	0	0	0	0	0	0	0	0	0	0	384	0	0	0	0	0	0	0	0	0	0	0	0	0	1488	0	1938	0	272	0	148	0	0	8268	0	2740	25642	1382	15050	0	19398	0	17512	0	9296	0	7852	0	152	0	0	0	0	0	0	0	980	372	19402	0	606	0	0	0	0	0	0	0	0	0	0	0	0	0	0	0	5298	0	0	0	7814	0	134	0	0	0	0	162	292	168	200	0	0	0	0	0	0	0	0	0	0	356	222	0	0	0	0	
137240	Cuneus_L	594	0	0	0	0	0	0	0	0	0	0	0	0	0	0	0	0	0	0	0	0	0	0	0	0	0	0	0	0	0	0	0	418	0	1350	0	0	0	0	0	0	0	11622	2740	0	3794	1252	0	18670	1262	9704	250	760	0	0	0	2078	0	1986	0	0	0	0	0	170	0	9666	104	336	0	0	0	0	0	0	0	0	0	0	0	0	0	0	0	1864	0	0	0	0	0	0	0	0	0	0	0	0	0	0	0	0	0	0	0	0	0	0	0	0	0	0	0	0	0	0	0	
267244	Cuneus_R	0	460	0	0	0	0	0	0	0	0	0	0	0	0	0	0	0	0	0	186	0	0	0	0	0	0	0	0	0	0	0	0	0	2996	636	1496	0	0	0	0	0	0	6622	25642	3794	0	0	1444	0	35156	0	19584	0	2284	0	752	0	494	0	1452	0	220	0	0	0	1714	2958	19848	0	904	0	0	0	0	0	0	0	0	0	0	0	0	0	0	0	2858	0	0	0	2122	0	0	0	0	0	0	0	0	0	0	0	0	0	0	0	0	0	0	0	0	0	0	0	0	0	0	
269252	Lingual_L	0	0	0	0	0	0	0	0	0	0	0	0	0	0	0	0	0	0	0	0	0	0	0	0	0	0	0	0	0	0	0	0	0	0	534	0	848	0	2454	0	0	0	13582	1382	1252	0	0	5428	3382	0	16542	0	9730	124	20442	1498	0	0	0	0	0	0	0	0	0	0	5862	0	0	0	0	0	0	0	0	0	0	0	0	0	0	0	0	0	826	0	0	0	254	0	7990	1998	300	0	0	0	10700	3132	13960	3112	166	0	318	130	0	0	0	0	0	0	5162	3316	202	0	0	0	
275732	Lingual_R	0	0	0	0	0	0	0	0	0	0	0	0	0	0	0	0	0	0	0	0	0	0	0	0	0	0	0	0	0	0	0	0	0	148	0	462	134	1926	126	2176	0	0	1966	15050	0	1444	5428	0	0	2224	110	1878	0	4870	1922	20608	0	0	0	0	0	0	0	0	0	0	0	6162	0	0	0	0	0	0	0	0	0	240	0	0	0	0	0	0	0	312	0	0	0	1548	4618	5296	566	274	274	108	6090	8802	8604	10202	138	0	286	104	450	316	0	0	0	366	10988	10270	764	0	332	284	
153328	Occipital_Sup_L	702	0	0	0	0	0	0	0	0	0	0	0	0	0	0	0	0	0	0	0	0	0	0	0	0	0	0	0	0	0	0	0	296	0	1068	0	0	0	0	0	0	0	8864	0	18670	0	3382	0	0	0	23120	0	740	0	936	0	1370	0	4428	0	316	0	0	0	1476	0	9086	130	162	0	0	0	0	0	0	0	0	0	0	0	0	0	0	0	1918	0	0	0	0	0	0	0	0	0	0	0	0	0	0	0	0	0	0	0	0	0	0	0	0	0	0	0	0	0	0	0	
282092	Occipital_Sup_R	0	728	0	0	0	0	0	0	0	0	0	0	0	0	0	0	0	0	0	0	0	0	0	0	0	0	0	0	0	0	0	0	0	4560	374	1140	0	0	0	0	0	0	2496	19398	1262	35156	0	2224	0	0	0	27156	0	2976	0	982	0	840	0	4072	0	768	0	240	0	4904	3452	20706	0	1022	0	0	0	0	0	0	0	0	0	0	0	0	0	0	0	4138	0	0	0	2452	0	0	0	0	0	0	0	0	0	0	0	0	0	0	0	0	0	0	0	0	0	0	0	0	0	0	
335156	Occipital_Mid_L	1394	0	0	0	0	0	0	0	0	0	0	0	0	0	0	0	1192	0	0	0	0	0	0	0	0	0	0	0	964	0	0	0	2214	0	214	0	0	0	342	0	0	0	15780	0	9704	0	16542	110	23120	0	0	0	18668	0	5768	0	810	0	5316	0	8786	0	790	0	16582	0	12174	112	1004	0	0	0	0	0	0	0	0	0	462	0	876	0	0	0	20792	0	0	0	3216	0	252	0	0	0	0	0	0	0	244	0	0	0	0	0	0	0	0	0	0	0	0	150	0	0	0	0	
279564	Occipital_Mid_R	0	242	0	0	0	0	0	0	0	0	0	0	0	0	0	0	0	0	0	0	0	0	0	0	0	0	0	0	0	0	0	0	0	1570	358	208	0	0	0	0	0	0	384	17512	250	19584	0	1878	0	27156	0	0	0	7080	0	1810	0	246	0	4760	0	5300	0	0	0	18080	1732	12176	0	372	0	0	0	0	0	0	0	0	0	0	0	0	0	0	0	15074	0	0	0	4010	0	0	0	0	0	0	0	0	0	0	0	0	0	0	0	0	0	0	0	0	0	0	0	0	0	0	
103876	Occipital_Inf_L	326	0	0	0	0	0	0	0	0	0	0	0	0	0	0	0	252	0	0	0	0	0	0	0	0	0	0	0	0	0	0	0	504	0	0	0	0	0	304	0	0	0	4192	0	760	0	9730	0	740	0	18668	0	0	0	5418	0	202	0	0	0	0	0	0	0	114	0	2438	0	222	0	0	0	0	0	0	0	0	0	114	0	248	0	0	0	4534	0	0	0	2606	0	248	0	0	0	0	0	0	0	318	0	0	0	0	0	0	0	0	0	0	0	0	0	0	0	0	0	
119604	Occipital_Inf_R	0	200	0	0	0	0	0	0	0	0	0	0	0	0	0	0	0	0	0	0	0	0	0	0	0	0	0	0	0	0	0	0	0	526	0	456	0	382	0	144	0	0	0	9296	0	2284	124	4870	0	2976	0	7080	0	0	0	6130	0	186	0	0	0	356	0	0	0	1572	294	4096	0	140	0	0	0	0	0	0	0	0	0	0	0	0	0	0	0	3452	0	0	0	11800	108	176	0	0	0	0	342	630	144	1030	0	0	0	0	0	0	0	0	0	0	610	398	0	0	0	0	
315084	Fusiform_L	528	0	0	500	0	0	0	0	0	0	0	0	0	0	0	0	356	0	0	0	0	0	0	0	0	0	0	0	3710	0	0	0	0	0	114	138	9756	128	4018	0	2610	0	1892	0	0	0	20442	1922	936	0	5768	0	5418	0	0	346	0	0	0	0	0	0	0	0	0	0	1830	0	0	0	0	0	1440	0	0	0	308	0	1564	0	2344	0	794	0	820	0	0	0	11338	0	24226	552	326	0	258	0	15216	970	29462	1224	234	0	384	326	0	310	0	0	0	0	2248	2240	358	0	188	0	
426156	Fusiform_R	0	1390	0	558	0	0	0	0	0	0	0	0	0	0	0	0	0	558	116	656	0	0	0	0	0	0	0	0	156	632	0	0	0	136	0	252	0	23376	0	17056	0	4248	0	7852	0	752	1498	20608	0	982	0	1810	0	6130	346	0	0	298	0	0	0	0	0	136	0	368	0	4452	0	254	0	396	0	3864	0	0	0	634	0	0	0	384	0	3954	0	3850	0	1552	0	17830	1902	17986	276	548	362	1854	3854	12390	3560	23318	0	0	158	594	480	520	0	0	224	1300	8650	6492	840	0	444	242	
230108	Postcentral_L	34686	924	2644	1858	0	0	498	380	0	0	5308	0	104	0	0	0	7886	96	1114	1052	0	0	0	0	0	0	0	0	2994	0	0	0	1630	478	352	0	458	0	0	0	0	0	286	0	2078	0	0	0	1370	0	810	0	202	0	0	0	0	166	4992	0	13766	0	5074	0	498	0	4310	0	2634	128	4570	438	3682	0	3004	0	394	0	818	0	2570	0	0	0	802	0	0	0	0	0	0	0	0	0	0	0	0	0	0	0	0	0	0	0	0	0	0	0	0	0	0	0	0	0	0	0	
241172	Postcentral_R	570	37376	368	574	0	0	0	1602	0	0	0	2042	0	0	0	0	0	3742	356	3444	0	0	0	0	0	0	0	0	126	2716	0	0	0	7624	380	3222	0	674	0	0	0	0	0	152	0	494	0	0	0	840	0	246	0	186	0	298	166	0	0	5230	0	5780	0	7378	0	762	858	4362	668	20992	364	200	196	3060	0	496	0	0	0	0	0	458	0	0	0	1022	0	0	0	1562	0	0	0	0	0	0	0	0	0	0	0	0	0	0	0	0	0	0	0	0	0	0	0	0	0	0	
75988	Parietal_Sup_L	292	0	0	0	0	0	0	0	0	0	0	0	0	0	0	0	278	0	0	0	0	0	0	0	0	0	0	0	244	0	0	0	282	0	0	0	0	0	0	0	0	0	0	0	1986	0	0	0	4428	0	5316	0	0	0	0	0	4992	0	0	0	9096	0	326	0	2408	0	7834	0	322	0	0	0	0	0	0	0	0	0	0	0	0	0	0	0	190	0	0	0	0	0	0	0	0	0	0	0	0	0	0	0	0	0	0	0	0	0	0	0	0	0	0	0	0	0	0	0	
91084	Parietal_Sup_R	0	852	0	206	0	0	0	0	0	0	0	0	0	0	0	0	0	0	0	324	0	0	0	0	0	0	0	0	0	0	0	0	0	210	0	106	0	0	0	0	0	0	0	0	0	1452	0	0	0	4072	0	4760	0	0	0	0	0	5230	0	0	0	8412	0	3052	0	7574	260	6800	0	1586	0	0	0	0	0	0	0	0	0	0	0	186	0	0	0	316	0	0	0	144	0	0	0	0	0	0	0	0	0	0	0	0	0	0	0	0	0	0	0	0	0	0	0	0	0	0	
199736	Parietal_Inf_L	3008	0	154	150	0	0	0	0	0	0	268	0	0	0	0	0	2630	0	0	0	0	0	0	0	0	0	0	0	1238	0	0	0	352	0	0	0	234	0	0	0	0	0	0	0	0	0	0	0	316	0	8786	0	0	0	0	0	13766	0	9096	0	0	0	17056	0	22034	0	2484	0	356	0	132	0	0	0	0	0	0	0	192	0	5782	0	0	0	7556	0	0	0	4278	0	0	0	0	0	0	0	0	0	0	0	0	0	0	0	0	0	0	0	0	0	0	0	0	0	0	0	
147748	Parietal_Inf_R	0	2106	0	116	0	0	0	0	0	0	0	0	0	0	0	0	0	0	0	212	0	0	0	0	0	0	0	0	0	0	0	0	0	756	0	1068	0	0	0	0	0	0	0	0	0	220	0	0	0	768	0	5300	0	356	0	0	0	5780	0	8412	0	0	0	17810	0	19316	196	1138	0	1310	0	0	0	0	0	0	0	0	0	468	0	492	0	0	0	5736	0	0	0	2314	0	0	0	0	0	0	0	0	0	0	0	0	0	0	0	0	0	0	0	0	0	0	0	0	0	0	
108456	SupraMarginal_L	2168	0	128	154	0	0	0	0	0	0	180	0	0	0	0	0	4290	0	0	0	0	0	0	0	0	0	0	0	946	0	0	0	0	0	0	0	118	0	0	0	0	0	0	0	0	0	0	0	0	0	790	0	0	0	0	0	5074	0	326	0	17056	0	0	0	4590	0	172	0	122	0	366	0	106	0	0	0	0	0	120	0	9054	0	0	0	5614	0	0	0	2854	0	0	0	0	0	0	0	0	0	0	0	0	0	0	0	0	0	0	0	0	0	0	0	0	0	0	0	
130152	SupraMarginal_R	0	2644	0	118	0	0	0	0	0	0	0	0	0	0	0	0	0	1954	0	100	0	0	0	0	0	0	0	0	0	256	0	0	0	526	0	348	0	860	0	0	0	0	0	0	0	0	0	0	0	240	0	0	0	0	0	136	0	7378	0	3052	0	17810	0	0	0	8456	108	678	0	1088	0	0	0	0	0	0	0	0	0	332	0	6390	0	0	0	9550	0	0	0	3052	0	0	0	0	0	0	0	0	0	0	0	0	0	0	0	0	0	0	0	0	0	0	0	0	0	0	
145584	Angular_L	1722	0	0	0	0	0	0	0	0	0	0	0	0	0	0	0	1408	0	0	0	0	0	0	0	0	0	0	0	712	0	0	0	466	0	0	0	214	0	0	0	0	0	158	0	170	0	0	0	1476	0	16582	0	114	0	0	0	498	0	2408	0	22034	0	4590	0	0	0	3028	0	198	0	0	0	0	0	0	0	0	0	154	0	1212	0	0	0	10600	0	0	0	5048	0	0	0	0	0	0	0	0	0	0	0	0	0	0	0	0	0	0	0	0	0	0	0	0	0	0	0	
166768	Angular_R	0	696	0	0	0	0	0	0	0	0	0	0	0	0	0	0	0	0	0	112	0	0	0	0	0	0	0	0	0	0	0	0	0	826	0	932	0	0	0	0	0	0	0	980	0	1714	0	0	0	4904	0	18080	0	1572	0	368	0	762	0	7574	0	19316	0	8456	0	0	526	2602	0	620	0	0	0	0	0	0	0	0	0	434	0	3026	0	0	0	8252	0	0	0	1632	0	0	0	0	0	0	0	0	0	0	0	0	0	0	0	0	0	0	0	0	0	0	0	0	0	0	
254804	Precuneus_L	1770	448	0	0	0	0	0	0	0	0	0	0	0	0	0	0	1294	0	118	176	0	0	0	0	0	0	0	0	1204	0	0	0	7502	4494	3944	504	1440	0	788	0	0	0	11334	372	9666	2958	5862	0	9086	3452	12174	1732	2438	294	1830	0	4310	858	7834	260	2484	196	172	108	3028	526	0	8632	2522	1026	0	0	0	0	0	0	0	0	0	0	218	0	0	0	7780	786	0	0	1336	446	0	0	0	0	0	0	0	0	0	0	0	0	0	0	0	0	0	0	0	0	0	0	0	0	0	0	
331184	Precuneus_R	0	3300	98	292	0	0	0	0	0	0	0	0	0	0	0	0	0	0	100	1588	0	0	0	0	0	0	0	0	0	0	0	0	1100	14632	1418	9276	412	2198	0	528	0	0	0	19402	104	19848	0	6162	130	20706	112	12176	0	4096	0	4452	0	4362	0	6800	0	1138	0	678	0	2602	8632	0	0	6088	0	0	0	0	0	0	212	492	0	134	0	188	0	0	0	4562	0	0	0	6338	0	0	0	0	0	0	0	408	120	134	0	0	0	0	0	0	0	0	0	128	294	152	0	0	0	0	
191072	Paracentral_Lobule_L	10770	684	756	562	0	0	0	0	0	0	0	0	0	0	0	0	166	0	13196	20066	0	0	0	0	0	0	0	0	290	0	0	0	5242	13746	3298	720	898	0	0	0	0	0	352	0	336	0	0	0	162	0	1004	0	222	0	0	0	2634	668	322	0	356	0	122	0	198	0	2522	0	0	9596	360	466	152	0	0	0	3502	126	0	0	0	0	0	0	1692	0	0	0	350	0	0	0	0	0	0	0	0	0	0	0	0	0	0	0	0	0	0	0	0	0	0	0	0	0	0	0	
237144	Paracentral_Lobule_R	1416	19626	96	250	0	0	0	0	0	0	0	0	0	0	0	0	0	0	2108	21082	0	0	0	0	0	0	0	0	0	0	0	0	964	19168	462	4260	0	696	0	0	0	0	0	606	0	904	0	0	0	1022	0	372	0	140	0	254	128	20992	0	1586	0	1310	0	1088	0	620	1026	6088	9596	0	0	278	0	0	0	0	0	462	0	0	0	0	0	0	0	710	0	0	0	1262	0	0	0	0	0	0	0	0	0	0	0	0	0	0	0	0	0	0	0	0	0	0	0	0	0	0	
198908	Caudate_L	7616	3144	1734	1910	1248	2046	2268	1102	216	0	1490	0	1270	104	2244	1076	1882	138	1060	206	9394	9552	344	196	136	428	4388	3786	3992	158	3946	3206	182	0	0	0	0	0	0	0	0	0	0	0	0	0	0	0	0	0	0	0	0	0	0	0	4570	364	0	0	132	0	366	0	0	0	0	0	360	0	0	6000	9942	204	1544	0	4832	154	0	0	320	0	204	0	0	0	0	0	0	0	0	0	0	0	0	0	0	0	0	0	0	0	0	0	0	0	0	0	0	0	0	0	0	0	0	0	
473484	Caudate_R	1114	3310	4500	27524	312	2078	688	6670	0	2842	98	6186	1816	4032	1710	6254	0	3510	8032	25616	3648	4820	1232	6696	108	1316	750	2752	2146	11310	4568	17558	152	6414	0	0	0	1092	0	442	0	0	0	0	0	0	0	0	0	0	0	0	0	0	0	396	438	200	0	0	0	0	0	0	0	0	0	0	466	278	6000	0	2134	29066	0	3388	408	22034	0	0	0	0	0	496	0	0	0	0	0	142	0	0	0	0	0	0	0	0	0	0	0	0	0	0	0	0	0	0	0	0	0	0	0	0	0	0	
255140	Putamen_L	7312	1462	14738	3908	2986	518	1380	230	526	0	808	0	2984	0	6846	434	1734	0	8772	294	3084	2672	1820	0	0	0	1024	682	15716	0	4476	1594	286	0	160	340	6290	284	682	0	340	0	0	0	0	0	0	0	0	0	0	0	0	0	1440	0	3682	196	0	0	0	0	106	0	0	0	0	0	152	0	9942	2134	0	100	9126	0	3212	0	194	0	856	0	1180	0	0	0	0	0	868	0	0	0	0	0	0	0	0	0	0	0	0	0	0	0	0	0	0	0	0	0	0	0	0	0	0	0	
405448	Putamen_R	174	3304	1044	16310	0	1502	110	5450	0	3964	0	9130	286	6974	260	7720	0	10324	6318	16184	0	268	582	5894	0	446	0	972	1758	30140	1212	11128	0	2718	0	0	0	11812	0	4392	0	134	0	0	0	0	0	0	0	0	0	0	0	0	0	3864	0	3060	0	0	0	0	0	0	0	0	0	0	0	0	204	29066	100	0	0	3808	0	256	0	212	0	372	0	732	0	0	0	0	0	540	0	0	0	0	0	0	0	0	0	0	0	0	0	0	0	0	0	0	0	0	0	0	0	0	0	0	
57020	Pallidum_L	2754	424	4222	536	0	0	162	0	0	0	266	0	0	0	0	0	1284	0	2416	176	0	0	0	0	0	0	0	0	0	0	0	0	0	0	0	0	518	0	248	0	0	0	0	0	0	0	0	0	0	0	0	0	0	0	0	0	3004	0	0	0	0	0	0	0	0	0	0	0	0	0	1544	0	9126	0	0	0	1452	0	0	0	378	0	0	0	0	0	0	0	0	0	0	0	0	0	0	0	0	0	0	0	0	0	0	0	0	0	0	0	0	0	0	0	0	0	0	0	
30684	Pallidum_R	0	852	272	2360	0	0	0	474	0	0	0	0	0	0	0	0	0	530	510	1380	0	0	0	290	0	0	0	0	0	0	0	618	0	364	0	0	0	0	0	0	0	0	0	0	0	0	0	0	0	0	0	0	0	0	0	0	0	496	0	0	0	0	0	0	0	0	0	0	0	0	0	3388	0	3808	0	0	0	0	0	0	0	0	0	0	0	0	0	0	0	0	0	0	0	0	0	0	0	0	0	0	0	0	0	0	0	0	0	0	0	0	0	0	0	0	0	0	
84584	Thalamus_L	7258	0	1954	514	0	0	1258	0	0	0	188	0	136	0	128	0	472	0	624	658	0	0	0	0	0	0	0	0	2230	0	0	0	1836	0	886	2034	4846	1590	130	0	0	0	0	0	0	0	0	0	0	0	0	0	0	0	308	0	394	0	0	0	0	0	0	0	0	0	0	212	3502	0	4832	408	3212	0	1452	0	0	538	114	0	154	0	0	0	0	0	0	0	424	0	0	0	0	0	0	0	0	0	0	0	0	0	0	0	0	0	0	0	0	0	0	0	0	0	0	0	
83736	Thalamus_R	202	2476	0	5528	0	0	0	0	0	0	0	0	0	0	0	0	0	0	0	2762	0	0	0	0	0	0	0	0	0	0	0	0	0	0	206	492	438	3456	0	1246	0	0	0	0	0	0	0	240	0	0	0	0	0	0	0	634	0	0	0	0	0	0	0	0	0	0	0	492	126	462	154	22034	0	256	0	0	538	0	0	0	0	0	0	0	0	0	0	0	0	126	0	0	0	0	0	0	0	0	0	0	0	0	0	0	0	0	0	0	0	0	0	0	0	0	0	0	
45092	Heschl_L	3008	0	0	0	0	0	0	0	0	0	0	0	0	0	0	0	3336	0	0	0	0	0	0	0	0	0	0	0	4258	0	0	0	0	0	0	0	1800	0	0	0	0	0	0	0	0	0	0	0	0	0	462	0	114	0	1564	0	818	0	0	0	192	0	120	0	154	0	0	0	0	0	0	0	194	0	0	0	114	0	0	0	1620	0	0	0	1094	0	0	0	3698	0	0	0	0	0	0	0	0	0	0	0	0	0	0	0	0	0	0	0	0	0	0	0	0	0	0	0	
18820	Heschl_R	0	0	0	0	0	0	0	0	0	0	0	0	0	0	0	0	0	1084	0	0	0	0	0	0	0	0	0	0	0	886	0	0	0	0	0	0	0	346	0	0	0	0	0	0	0	0	0	0	0	0	0	0	0	0	0	0	0	0	0	0	0	468	0	332	0	434	0	134	0	0	0	0	0	212	0	0	0	0	0	0	0	2464	0	0	0	2160	0	0	0	890	0	0	0	0	0	0	0	0	0	0	0	0	0	0	0	0	0	0	0	0	0	0	0	0	0	0	
164092	Temporal_Sup_L	1026	0	1786	676	0	0	0	0	0	0	1582	0	0	0	0	0	7110	0	1544	0	0	0	0	0	0	0	0	0	6220	0	0	0	0	0	0	0	2110	0	142	0	0	0	0	0	0	0	0	0	0	0	876	0	248	0	2344	0	2570	0	0	0	5782	0	9054	0	1212	0	218	0	0	0	320	0	856	0	378	0	154	0	1620	0	0	0	2502	0	16894	0	406	0	14416	0	0	0	0	0	0	0	0	0	0	0	0	0	0	0	0	0	0	0	0	0	0	0	0	0	0	0	
58540	Temporal_Sup_R	0	302	0	0	0	0	0	0	0	0	0	234	0	0	0	0	0	2542	0	156	0	0	0	0	0	0	0	0	0	1042	0	0	0	152	0	114	0	294	0	0	0	0	0	0	0	0	0	0	0	0	0	0	0	0	0	384	0	458	0	186	0	492	0	6390	0	3026	0	188	0	0	0	0	0	372	0	0	0	0	0	2464	0	0	0	1364	0	7348	0	0	0	1762	0	0	0	0	0	0	0	0	0	0	0	0	0	0	0	0	0	0	0	0	0	0	0	0	0	0	
66740	Temporal_Pole_Sup_L	286	0	2874	0	616	0	384	0	180	0	2586	0	340	0	2124	0	1850	0	1856	0	1018	0	184	0	0	0	0	0	5870	0	0	0	0	0	0	0	672	0	548	0	650	0	0	0	0	0	0	0	0	0	0	0	0	0	794	0	0	0	0	0	0	0	0	0	0	0	0	0	0	0	204	0	1180	0	0	0	0	0	0	0	2502	0	0	0	2750	0	1938	0	1964	0	0	0	0	0	0	0	0	0	0	0	0	0	0	0	0	0	0	0	0	0	0	0	0	0	0	0	
31388	Temporal_Pole_Sup_R	0	0	0	280	0	0	0	0	0	96	0	820	0	0	0	138	0	904	0	122	0	0	0	0	0	0	0	0	0	1134	0	242	0	112	0	0	0	348	0	600	0	1054	0	0	0	0	0	0	0	0	0	0	0	0	0	3954	0	0	0	0	0	0	0	0	0	0	0	0	0	0	0	496	0	732	0	0	0	0	0	0	0	1364	0	0	0	450	0	1676	0	1172	0	0	0	0	0	0	0	0	0	0	0	0	0	0	0	0	0	0	0	0	0	0	0	0	0	0	
248620	Temporal_Mid_L	1492	0	0	112	0	0	0	0	0	0	0	0	0	0	0	0	1472	0	0	0	0	0	0	0	0	0	0	0	684	0	0	0	1992	0	228	0	518	0	238	0	0	0	2030	0	1864	0	826	0	1918	0	20792	0	4534	0	820	0	802	0	190	0	7556	0	5614	0	10600	0	7780	0	1692	0	0	0	0	0	0	0	0	0	1094	0	16894	0	2750	0	0	0	1956	0	27862	0	0	0	0	0	0	0	0	0	0	0	0	0	0	0	0	0	0	0	0	0	0	0	0	0	0	0	
208132	Temporal_Mid_R	0	906	0	0	0	0	0	0	0	0	0	0	0	0	0	0	0	0	0	0	0	0	0	0	0	0	0	0	0	196	0	0	0	1940	0	336	0	914	0	150	0	0	0	5298	0	2858	0	312	0	4138	0	15074	0	3452	0	3850	0	1022	0	316	0	5736	0	9550	0	8252	786	4562	0	710	0	0	0	0	0	0	0	0	0	2160	0	7348	0	450	0	0	0	810	0	22940	0	0	0	0	0	0	0	0	0	0	0	0	0	0	0	0	0	0	0	0	0	0	0	0	0	0	
10820	Temporal_Pole_Mid_L	0	0	0	0	0	0	0	0	0	0	0	0	0	0	0	0	0	0	0	0	0	0	0	0	0	0	0	0	0	0	0	0	0	0	0	0	0	0	120	0	0	0	0	0	0	0	0	0	0	0	0	0	0	0	0	0	0	0	0	0	0	0	0	0	0	0	0	0	0	0	0	0	0	0	0	0	0	0	0	0	406	0	1938	0	1956	0	0	0	990	0	0	0	0	0	0	0	0	0	0	0	0	0	0	0	0	0	0	0	0	0	0	0	0	0	0	0	
9440	Temporal_Pole_Mid_R	0	0	0	0	0	0	0	0	0	0	0	0	0	0	0	0	0	0	0	0	0	0	0	0	0	0	0	0	0	0	0	0	0	0	0	0	0	0	0	0	0	0	0	0	0	0	0	0	0	0	0	0	0	0	0	1552	0	0	0	0	0	0	0	0	0	0	0	0	0	0	0	0	0	0	0	0	0	0	0	0	0	0	0	1676	0	810	0	0	0	682	0	0	0	0	0	0	0	0	0	0	0	0	0	0	0	0	0	0	0	0	0	0	0	0	0	0	
207348	Temporal_Inf_L	1216	0	0	548	0	0	0	0	0	0	0	0	0	0	0	0	1620	0	0	0	0	0	0	0	0	0	0	0	4060	0	0	0	220	0	0	120	8474	112	526	0	1210	0	354	0	0	0	254	0	0	0	3216	0	2606	0	11338	0	0	0	0	0	4278	0	2854	0	5048	0	1336	0	350	0	0	0	868	0	0	0	424	0	3698	0	14416	0	1964	0	27862	0	990	0	0	0	2214	0	148	0	0	0	358	0	992	0	0	0	0	0	0	0	0	0	0	0	0	0	0	0	0	0	
226668	Temporal_Inf_R	0	1858	0	208	0	0	0	0	0	0	0	0	0	0	0	0	0	362	0	602	0	0	0	0	0	0	0	0	0	232	0	0	0	1152	0	1750	0	8528	0	3004	0	98	0	7814	0	2122	0	1548	0	2452	0	4010	0	11800	0	17830	0	1562	0	144	0	2314	0	3052	0	1632	446	6338	0	1262	0	142	0	540	0	0	0	126	0	890	0	1762	0	1172	0	22940	0	682	0	0	0	1814	0	208	0	0	0	0	0	604	0	0	0	334	0	0	0	0	0	0	0	0	0	0	0	0	
514596	Cerebelum_Crus1_L	0	0	0	0	0	0	0	0	0	0	0	0	0	0	0	0	0	0	0	0	0	0	0	0	0	0	0	0	0	0	0	0	0	0	0	0	98	0	502	0	0	0	124	0	0	0	7990	4618	0	0	252	0	248	108	24226	1902	0	0	0	0	0	0	0	0	0	0	0	0	0	0	0	0	0	0	0	0	0	0	0	0	0	0	0	0	0	0	0	0	2214	0	0	3742	29308	3492	1658	158	26176	2270	66056	6200	14658	0	19736	4960	2230	2590	134	0	0	214	6394	12254	8050	2522	1968	246	
480836	Cerebelum_Crus1_R	0	0	0	0	0	0	0	0	0	0	0	0	0	0	0	0	0	0	0	0	0	0	0	0	0	0	0	0	0	0	0	0	0	0	0	0	0	0	0	0	0	0	242	134	0	0	1998	5296	0	0	0	0	0	176	552	17986	0	0	0	0	0	0	0	0	0	0	0	0	0	0	0	0	0	0	0	0	0	0	0	0	0	0	0	0	0	0	0	0	0	1814	3742	0	796	36042	842	5030	5386	20802	6134	60782	320	2104	766	27796	500	5090	0	570	540	2474	10538	11544	7976	466	1544	436	
224532	Cerebelum_Crus2_L	0	0	0	0	0	0	0	0	0	0	0	0	0	0	0	0	0	0	0	0	0	0	0	0	0	0	0	0	0	0	0	0	0	0	0	0	0	0	0	0	0	0	0	0	0	0	300	566	0	0	0	0	0	0	326	276	0	0	0	0	0	0	0	0	0	0	0	0	0	0	0	0	0	0	0	0	0	0	0	0	0	0	0	0	0	0	0	0	148	0	29308	796	0	4128	0	0	192	0	4564	768	29186	1948	25256	2870	1622	500	0	0	0	0	256	2152	3874	2740	490	0	
282984	Cerebelum_Crus2_R	0	0	0	0	0	0	0	0	0	0	0	0	0	0	0	0	0	0	0	0	0	0	0	0	0	0	0	0	0	0	0	0	0	0	0	0	0	0	0	0	0	0	0	0	0	0	0	274	0	0	0	0	0	0	0	548	0	0	0	0	0	0	0	0	0	0	0	0	0	0	0	0	0	0	0	0	0	0	0	0	0	0	0	0	0	0	0	0	0	208	3492	36042	4128	0	0	270	186	670	1282	8976	1766	16748	2640	41338	698	4486	0	0	0	138	458	3096	9444	3702	902	0	
49120	Cerebelum_3_L	0	0	0	0	0	0	0	0	0	0	0	0	0	0	0	0	0	0	0	0	0	0	0	0	0	0	0	0	0	0	0	0	0	0	0	0	0	0	0	0	0	0	0	0	0	0	0	274	0	0	0	0	0	0	258	362	0	0	0	0	0	0	0	0	0	0	0	0	0	0	0	0	0	0	0	0	0	0	0	0	0	0	0	0	0	0	0	0	0	0	1658	842	0	0	0	690	8328	764	2902	1212	0	0	230	192	1308	0	98	0	1404	1756	1998	284	0	0	0	0	
67716	Cerebelum_3_R	0	0	0	0	0	0	0	0	0	0	0	0	0	0	0	0	0	0	0	0	0	0	0	0	0	0	0	0	0	0	0	0	0	0	0	0	0	0	0	0	0	0	0	0	0	0	0	108	0	0	0	0	0	0	0	1854	0	0	0	0	0	0	0	0	0	0	0	0	0	0	0	0	0	0	0	0	0	0	0	0	0	0	0	0	0	0	0	0	0	0	158	5030	0	270	690	0	1330	6420	568	7316	0	0	0	348	106	418	0	0	1818	4368	2324	322	124	0	286	0	
342948	Cerebelum_4_5_L	0	0	0	0	0	0	0	0	0	0	0	0	0	0	0	0	0	0	0	0	0	0	0	0	0	0	0	0	0	0	0	0	0	0	0	0	0	0	670	0	0	0	0	162	0	0	10700	6090	0	0	0	0	0	342	15216	3854	0	0	0	0	0	0	0	0	0	0	0	0	0	0	0	0	0	0	0	0	0	0	0	0	0	0	0	0	0	0	0	0	358	0	26176	5386	192	186	8328	1330	0	10858	38342	8402	434	0	2606	602	3678	728	294	0	454	1722	20158	2532	112	0	0	1562	
267520	Cerebelum_4_5_R	0	0	0	0	0	0	0	0	0	0	0	0	0	0	0	0	0	0	0	0	0	0	0	0	0	0	0	0	0	0	0	0	0	0	0	0	0	292	0	378	0	0	0	292	0	0	3132	8802	0	0	0	0	0	630	970	12390	0	0	0	0	0	0	0	0	0	0	0	408	0	0	0	0	0	0	0	0	0	0	0	0	0	0	0	0	0	0	0	0	0	0	2270	20802	0	670	764	6420	10858	0	5354	31142	0	0	512	800	972	414	0	0	672	2276	19776	2228	0	0	276	260	
538960	Cerebelum_6_L	0	0	0	0	0	0	0	0	0	0	0	0	0	0	0	0	0	0	0	0	0	0	0	0	0	0	0	0	0	0	0	0	0	0	0	0	0	0	612	0	0	0	0	168	0	0	13960	8604	0	0	244	0	318	144	29462	3560	0	0	0	0	0	0	0	0	0	0	0	120	0	0	0	0	0	0	0	0	0	0	0	0	0	0	0	0	0	0	0	0	992	0	66056	6134	4564	1282	2902	568	38342	5354	0	10526	2842	0	8776	5742	5548	4746	204	0	100	518	11574	17592	8496	3798	4740	892	
482412	Cerebelum_6_R	0	0	0	0	0	0	0	0	0	0	0	0	0	0	0	0	0	0	0	0	0	0	0	0	0	0	0	0	0	0	0	0	0	0	0	0	0	0	0	0	0	0	0	200	0	0	3112	10202	0	0	0	0	0	1030	1224	23318	0	0	0	0	0	0	0	0	0	0	0	134	0	0	0	0	0	0	0	0	0	0	0	0	0	0	0	0	0	0	0	0	0	604	6200	60782	768	8976	1212	7316	8402	31142	10526	0	132	596	812	12262	828	4068	0	1052	990	3244	16636	16128	5564	492	2520	734	
189728	Cerebelum_7b_L	0	0	0	0	0	0	0	0	0	0	0	0	0	0	0	0	0	0	0	0	0	0	0	0	0	0	0	0	0	0	0	0	0	0	0	0	0	0	0	0	0	0	0	0	0	0	166	138	0	0	0	0	0	0	234	0	0	0	0	0	0	0	0	0	0	0	0	0	0	0	0	0	0	0	0	0	0	0	0	0	0	0	0	0	0	0	0	0	0	0	14658	320	29186	1766	0	0	434	0	2842	132	0	100	29918	1970	3934	372	0	0	0	0	192	784	3116	4294	308	0	
97840	Cerebelum_7b_R	0	0	0	0	0	0	0	0	0	0	0	0	0	0	0	0	0	0	0	0	0	0	0	0	0	0	0	0	0	0	0	0	0	0	0	0	0	0	0	0	0	0	0	0	0	0	0	0	0	0	0	0	0	0	0	0	0	0	0	0	0	0	0	0	0	0	0	0	0	0	0	0	0	0	0	0	0	0	0	0	0	0	0	0	0	0	0	0	0	0	0	2104	1948	16748	0	0	0	0	0	596	100	0	412	20814	0	3736	0	0	0	0	0	0	1446	864	152	0	
293740	Cerebelum_8_L	0	0	0	0	0	0	0	0	0	0	0	0	0	0	0	0	0	0	0	0	0	0	0	0	0	0	0	0	0	0	0	0	0	0	0	0	0	0	0	0	0	0	0	0	0	0	318	286	0	0	0	0	0	0	384	158	0	0	0	0	0	0	0	0	0	0	0	0	0	0	0	0	0	0	0	0	0	0	0	0	0	0	0	0	0	0	0	0	0	0	19736	766	25256	2640	230	0	2606	512	8776	812	29918	412	0	6900	17486	3610	608	0	0	158	1320	3086	7108	9820	3964	0	
383280	Cerebelum_8_R	0	0	0	0	0	0	0	0	0	0	0	0	0	0	0	0	0	0	0	0	0	0	0	0	0	0	0	0	0	0	0	0	0	0	0	0	0	0	0	0	0	0	0	0	0	0	130	104	0	0	0	0	0	0	326	594	0	0	0	0	0	0	0	0	0	0	0	0	0	0	0	0	0	0	0	0	0	0	0	0	0	0	0	0	0	0	0	0	0	334	4960	27796	2870	41338	192	348	602	800	5742	12262	1970	20814	6900	0	3598	25678	0	502	102	208	1144	5706	12418	8410	5668	124	
138672	Cerebelum_9_L	0	0	0	0	0	0	0	0	0	0	0	0	0	0	0	0	0	0	0	0	0	0	0	0	0	0	0	0	0	0	0	0	0	0	0	0	0	0	0	0	0	0	0	0	0	0	0	450	0	0	0	0	0	0	0	480	0	0	0	0	0	0	0	0	0	0	0	0	0	0	0	0	0	0	0	0	0	0	0	0	0	0	0	0	0	0	0	0	0	0	2230	500	1622	698	1308	106	3678	972	5548	828	3934	0	17486	3598	0	4178	2272	0	0	162	2102	3432	4234	4294	3976	1248	
192884	Cerebelum_9_R	0	0	0	0	0	0	0	0	0	0	0	0	0	0	0	0	0	0	0	0	0	0	0	0	0	0	0	0	0	0	0	0	0	0	0	0	0	0	0	0	0	0	0	0	0	0	0	316	0	0	0	0	0	0	310	520	0	0	0	0	0	0	0	0	0	0	0	0	0	0	0	0	0	0	0	0	0	0	0	0	0	0	0	0	0	0	0	0	0	0	2590	5090	500	4486	0	418	728	414	4746	4068	372	3736	3610	25678	4178	0	0	694	508	718	1518	7502	6480	5354	9136	2772	
7220	Cerebelum_10_L	0	0	0	0	0	0	0	0	0	0	0	0	0	0	0	0	0	0	0	0	0	0	0	0	0	0	0	0	0	0	0	0	0	0	0	0	0	0	0	0	0	0	0	0	0	0	0	0	0	0	0	0	0	0	0	0	0	0	0	0	0	0	0	0	0	0	0	0	0	0	0	0	0	0	0	0	0	0	0	0	0	0	0	0	0	0	0	0	0	0	134	0	0	0	98	0	294	0	204	0	0	0	608	0	2272	0	0	0	0	0	0	0	0	0	0	0	
5636	Cerebelum_10_R	0	0	0	0	0	0	0	0	0	0	0	0	0	0	0	0	0	0	0	0	0	0	0	0	0	0	0	0	0	0	0	0	0	0	0	0	0	0	0	0	0	0	0	0	0	0	0	0	0	0	0	0	0	0	0	0	0	0	0	0	0	0	0	0	0	0	0	0	0	0	0	0	0	0	0	0	0	0	0	0	0	0	0	0	0	0	0	0	0	0	0	570	0	0	0	0	0	0	0	1052	0	0	0	502	0	694	0	0	0	0	0	0	0	0	0	0	
27916	Vermis_1_2	0	0	0	0	0	0	0	0	0	0	0	0	0	0	0	0	0	0	0	0	0	0	0	0	0	0	0	0	0	0	0	0	0	0	0	0	0	0	0	0	0	0	0	0	0	0	0	0	0	0	0	0	0	0	0	224	0	0	0	0	0	0	0	0	0	0	0	0	0	0	0	0	0	0	0	0	0	0	0	0	0	0	0	0	0	0	0	0	0	0	0	540	0	0	1404	1818	454	672	100	990	0	0	0	102	0	508	0	0	0	4648	1540	350	104	0	230	274	
58520	Vermis_3	0	0	0	0	0	0	0	0	0	0	0	0	0	0	0	0	0	0	0	0	0	0	0	0	0	0	0	0	0	0	0	0	0	0	0	0	118	160	0	0	0	0	0	0	0	0	0	366	0	0	0	0	0	0	0	1300	0	0	0	0	0	0	0	0	0	0	0	128	0	0	0	0	0	0	0	0	0	0	0	0	0	0	0	0	0	0	0	0	0	0	214	2474	0	138	1756	4368	1722	2276	518	3244	0	0	158	208	162	718	0	0	4648	0	3368	508	0	0	404	304	
277600	Vermis_4_5	0	0	0	0	0	0	0	0	0	0	0	0	0	0	0	0	0	0	0	0	0	0	0	0	0	0	0	0	0	0	0	0	0	0	0	0	0	96	0	0	0	0	0	356	0	0	5162	10988	0	0	0	0	0	610	2248	8650	0	0	0	0	0	0	0	0	0	0	0	294	0	0	0	0	0	0	0	0	0	0	0	0	0	0	0	0	0	0	0	0	0	0	6394	10538	256	458	1998	2324	20158	19776	11574	16636	192	0	1320	1144	2102	1518	0	0	1540	3368	0	5640	190	0	642	2628	
283200	Vermis_6	0	0	0	0	0	0	0	0	0	0	0	0	0	0	0	0	0	0	0	0	0	0	0	0	0	0	0	0	0	0	0	0	0	0	0	0	0	0	0	0	0	0	0	222	0	0	3316	10270	0	0	150	0	0	398	2240	6492	0	0	0	0	0	0	0	0	0	0	0	152	0	0	0	0	0	0	0	0	0	0	0	0	0	0	0	0	0	0	0	0	0	0	12254	11544	2152	3096	284	322	2532	2228	17592	16128	784	0	3086	5706	3432	7502	0	0	350	508	5640	0	10020	3006	6268	3926	
216052	Vermis_7	0	0	0	0	0	0	0	0	0	0	0	0	0	0	0	0	0	0	0	0	0	0	0	0	0	0	0	0	0	0	0	0	0	0	0	0	0	0	0	0	0	0	0	0	0	0	202	764	0	0	0	0	0	0	358	840	0	0	0	0	0	0	0	0	0	0	0	0	0	0	0	0	0	0	0	0	0	0	0	0	0	0	0	0	0	0	0	0	0	0	8050	7976	3874	9444	0	124	112	0	8496	5564	3116	1446	7108	12418	4234	6480	0	0	104	0	190	10020	0	9964	6674	468	
132484	Vermis_8	0	0	0	0	0	0	0	0	0	0	0	0	0	0	0	0	0	0	0	0	0	0	0	0	0	0	0	0	0	0	0	0	0	0	0	0	0	0	0	0	0	0	0	0	0	0	0	0	0	0	0	0	0	0	0	0	0	0	0	0	0	0	0	0	0	0	0	0	0	0	0	0	0	0	0	0	0	0	0	0	0	0	0	0	0	0	0	0	0	0	2522	466	2740	3702	0	0	0	0	3798	492	4294	864	9820	8410	4294	5354	0	0	0	0	0	3006	9964	0	6242	274	
118448	Vermis_9	0	0	0	0	0	0	0	0	0	0	0	0	0	0	0	0	0	0	0	0	0	0	0	0	0	0	0	0	0	0	0	0	0	0	0	0	0	0	0	0	0	0	0	0	0	0	0	332	0	0	0	0	0	0	188	444	0	0	0	0	0	0	0	0	0	0	0	0	0	0	0	0	0	0	0	0	0	0	0	0	0	0	0	0	0	0	0	0	0	0	1968	1544	490	902	0	286	0	276	4740	2520	308	152	3964	5668	3976	9136	0	0	230	404	642	6268	6674	6242	0	1870	
