data	data	753468	380268	1.36774e+06	911748	165768	67176	771196	263180	174952	36528	332852	217380	383236	184912	246644	94380	300288	134084	886372	762460	83792	82548	606660	486440	45172	116172	60160	58284	900152	285696	504444	566644	368492	619184	129516	133244	289344	295976	84380	135212	62432	54896	199912	328748	180660	330888	154352	174444	212260	410484	453820	261412	204828	59252	427148	310464	456616	203732	268528	152452	351352	154680	125844	102792	258472	223584	307112	372632	174272	139712	238464	425292	306504	364024	44464	29036	180044	206176	70020	19260	336908	86292	131856	37036	348088	162972	30116	11088	382408	165756	360836	306540	285204	321452	24708	35548	230620	130672	322696	266828	232656	130116	352440	292192	150024	102264	12768	6976	34564	59888	189256	168356	247144	126248	71472	28424	
data	data	Precentral_L	Precentral_R	Frontal_Sup_L	Frontal_Sup_R	Frontal_Sup_Orb_L	Frontal_Sup_Orb_R	Frontal_Mid_L	Frontal_Mid_R	Frontal_Mid_Orb_L	Frontal_Mid_Orb_R	Frontal_Inf_Oper_L	Frontal_Inf_Oper_R	Frontal_Inf_Tri_L	Frontal_Inf_Tri_R	Frontal_Inf_Orb_L	Frontal_Inf_Orb_R	Rolandic_Oper_L	Rolandic_Oper_R	Supp_Motor_Area_L	Supp_Motor_Area_R	Olfactory_L	Olfactory_R	Frontal_Sup_Medial_L	Frontal_Sup_Medial_R	Frontal_Med_Orb_L	Frontal_Med_Orb_R	Rectus_L	Rectus_R	Insula_L	Insula_R	Cingulum_Ant_L	Cingulum_Ant_R	Cingulum_Mid_L	Cingulum_Mid_R	Cingulum_Post_L	Cingulum_Post_R	Hippocampus_L	Hippocampus_R	ParaHippocampal_L	ParaHippocampal_R	Amygdala_L	Amygdala_R	Calcarine_L	Calcarine_R	Cuneus_L	Cuneus_R	Lingual_L	Lingual_R	Occipital_Sup_L	Occipital_Sup_R	Occipital_Mid_L	Occipital_Mid_R	Occipital_Inf_L	Occipital_Inf_R	Fusiform_L	Fusiform_R	Postcentral_L	Postcentral_R	Parietal_Sup_L	Parietal_Sup_R	Parietal_Inf_L	Parietal_Inf_R	SupraMarginal_L	SupraMarginal_R	Angular_L	Angular_R	Precuneus_L	Precuneus_R	Paracentral_Lobule_L	Paracentral_Lobule_R	Caudate_L	Caudate_R	Putamen_L	Putamen_R	Pallidum_L	Pallidum_R	Thalamus_L	Thalamus_R	Heschl_L	Heschl_R	Temporal_Sup_L	Temporal_Sup_R	Temporal_Pole_Sup_L	Temporal_Pole_Sup_R	Temporal_Mid_L	Temporal_Mid_R	Temporal_Pole_Mid_L	Temporal_Pole_Mid_R	Temporal_Inf_L	Temporal_Inf_R	Cerebelum_Crus1_L	Cerebelum_Crus1_R	Cerebelum_Crus2_L	Cerebelum_Crus2_R	Cerebelum_3_L	Cerebelum_3_R	Cerebelum_4_5_L	Cerebelum_4_5_R	Cerebelum_6_L	Cerebelum_6_R	Cerebelum_7b_L	Cerebelum_7b_R	Cerebelum_8_L	Cerebelum_8_R	Cerebelum_9_L	Cerebelum_9_R	Cerebelum_10_L	Cerebelum_10_R	Vermis_1_2	Vermis_3	Vermis_4_5	Vermis_6	Vermis_7	Vermis_8	Vermis_9	Vermis_10	
753468	Precentral_L	0	10726	35618	6204	0	0	47528	1534	0	314	22054	974	3828	544	144	514	15304	816	16526	16486	0	0	1152	1200	0	0	0	0	20162	1296	1500	1278	3376	6902	5874	4200	11856	2788	224	290	0	0	370	0	220	0	314	0	466	0	2690	0	894	0	2364	0	44338	1340	2382	0	4062	0	894	0	1762	0	2302	592	9350	5818	9970	2242	7196	556	3028	0	17362	1918	3502	124	4998	0	510	0	1328	0	0	0	2630	0	0	0	0	0	0	0	0	0	0	0	0	0	0	0	0	0	0	0	0	0	0	0	0	0	0	0	
380268	Precentral_R	10726	0	6254	22724	0	0	5006	11242	0	0	0	7244	0	894	0	0	0	2950	3428	14762	0	0	0	0	0	0	0	0	330	2314	164	0	468	1852	342	1650	206	6992	0	418	0	0	0	952	0	1570	0	384	0	2372	0	814	0	0	0	1998	1300	14398	0	1256	186	734	0	1132	0	722	0	3534	3638	6698	4318	12728	286	1658	0	242	2804	24442	0	0	0	252	0	0	0	646	0	0	0	1104	0	0	0	0	0	0	0	0	0	0	0	0	0	0	0	0	0	0	0	0	0	0	0	0	0	0	
1.36774e+06	Frontal_Sup_L	35618	6254	0	23158	10680	0	94960	1096	7220	356	15486	1032	26990	1036	10986	766	8388	226	99218	30824	258	0	63698	19192	2582	262	274	0	57142	902	38240	17196	9526	19212	504	462	2186	324	0	114	0	0	0	0	0	0	0	0	0	0	172	0	0	0	0	0	4540	246	202	0	480	0	130	0	0	0	224	300	7640	348	14080	6480	15140	1446	5456	0	13254	1588	298	0	3514	0	1966	0	0	0	0	0	0	0	0	0	0	0	0	0	0	0	0	0	0	0	0	0	0	0	0	0	0	0	0	0	0	0	0	0	
911748	Frontal_Sup_R	6204	22724	23158	0	0	3486	3738	38444	0	1002	3492	10600	256	13610	0	3452	3374	3268	19086	57994	0	148	16532	44202	182	5440	0	1718	5334	11316	10274	37632	6228	27788	0	538	0	2930	0	748	0	0	0	0	0	0	0	276	0	0	0	0	0	0	0	306	554	104	0	0	0	0	0	0	0	0	0	370	166	0	1542	29724	206	19936	0	2500	1026	14112	0	0	0	0	0	154	0	0	0	0	0	0	0	0	0	0	0	0	0	0	0	0	0	0	0	0	0	0	0	0	0	0	0	0	0	0	0	0	
165768	Frontal_Sup_Orb_L	0	0	10680	0	0	0	2970	0	13766	0	0	0	2706	0	12508	0	0	0	162	0	2892	962	2230	0	2702	0	6444	132	11454	0	1720	0	0	0	0	0	0	0	384	0	464	0	0	0	0	0	0	0	0	0	0	0	0	0	0	0	0	0	0	0	0	0	0	0	0	0	0	0	0	0	1290	462	8200	0	0	0	0	0	0	0	0	0	756	0	0	0	0	0	0	0	0	0	0	0	0	0	0	0	0	0	0	0	0	0	0	0	0	0	0	0	0	0	0	0	0	0	
67176	Frontal_Sup_Orb_R	0	0	0	3486	0	0	0	1426	0	2970	0	0	0	330	0	2262	0	0	0	0	104	570	224	1068	0	7002	454	8054	0	936	0	166	0	0	0	0	0	0	0	0	0	0	0	0	0	0	0	0	0	0	0	0	0	0	0	0	0	0	0	0	0	0	0	0	0	0	0	0	0	0	0	2594	0	1942	0	0	0	0	0	0	0	0	0	0	0	0	0	0	0	0	0	0	0	0	0	0	0	0	0	0	0	0	0	0	0	0	0	0	0	0	0	0	0	0	0	0	
771196	Frontal_Mid_L	47528	5006	94960	3738	2970	0	0	1324	12042	276	18630	956	46480	446	18118	426	3774	342	14316	4836	0	0	17586	2880	0	0	0	0	32342	988	8684	1662	1984	2494	322	132	1842	210	0	0	0	0	0	0	0	0	0	0	0	0	220	0	0	0	0	0	10610	544	228	0	516	0	0	0	0	0	248	108	1188	148	7692	1746	2340	450	1140	0	7538	230	502	0	1736	0	1120	0	0	0	0	0	0	0	0	0	0	0	0	0	0	0	0	0	0	0	0	0	0	0	0	0	0	0	0	0	0	0	0	0	
263180	Frontal_Mid_R	1534	11242	1096	38444	0	1426	1324	0	0	1526	348	13038	0	17822	0	3036	340	3790	824	5200	0	0	344	3334	0	586	0	302	392	9036	422	1780	240	2082	0	458	0	1228	0	408	0	0	0	0	0	128	0	0	0	100	0	0	0	0	0	286	0	630	0	0	0	0	0	0	0	0	0	548	0	0	1852	1478	0	3204	0	458	0	1186	0	0	0	0	0	118	0	0	0	0	0	0	0	0	0	0	0	0	0	0	0	0	0	0	0	0	0	0	0	0	0	0	0	0	0	0	0	0	
174952	Frontal_Mid_Orb_L	0	0	7220	0	13766	0	12042	0	0	0	0	0	11240	0	22552	0	0	0	100	0	648	0	174	0	334	0	1954	0	13496	0	156	0	0	0	0	0	0	0	222	0	138	0	0	0	0	0	0	0	0	0	0	0	0	0	0	0	0	0	0	0	0	0	0	0	0	0	0	0	0	0	134	0	2704	0	0	0	0	0	0	0	0	0	596	0	0	0	0	0	0	0	0	0	0	0	0	0	0	0	0	0	0	0	0	0	0	0	0	0	0	0	0	0	0	0	0	0	
36528	Frontal_Mid_Orb_R	314	0	356	1002	0	2970	276	1526	0	0	0	0	0	574	0	5940	0	0	188	378	0	0	0	0	0	0	0	0	0	276	0	0	0	0	0	0	0	0	0	0	0	0	0	0	0	0	0	0	0	0	0	0	0	0	0	0	0	0	0	0	0	0	0	0	0	0	0	0	0	0	0	2026	0	1434	0	0	0	1004	0	0	0	0	0	0	0	0	0	0	0	0	0	0	0	0	0	0	0	0	0	0	0	0	0	0	0	0	0	0	0	0	0	0	0	0	0	0	
332852	Frontal_Inf_Oper_L	22054	0	15486	3492	0	0	18630	348	0	0	0	0	18842	112	294	122	18066	0	12958	3360	0	0	840	910	0	0	0	0	22050	0	1460	1140	942	2146	120	0	332	0	0	0	0	0	0	0	0	0	0	0	0	0	260	0	0	0	0	0	8080	0	244	0	224	0	0	0	0	0	170	0	0	0	596	896	786	256	0	0	140	210	716	0	5678	0	4466	0	0	0	0	0	0	0	0	0	0	0	0	0	0	0	0	0	0	0	0	0	0	0	0	0	0	0	0	0	0	0	0	0	
217380	Frontal_Inf_Oper_R	974	7244	1032	10600	0	0	956	13038	0	0	0	0	0	19404	0	210	0	6648	372	2938	0	0	356	630	0	0	0	0	0	18506	582	1512	0	418	0	118	0	3676	0	1008	0	0	0	0	0	310	0	0	0	286	0	0	0	0	0	374	128	3746	0	178	0	0	0	200	0	0	0	584	0	0	1004	494	0	7952	0	184	0	1860	0	0	0	116	0	758	0	166	0	0	0	128	0	0	0	0	0	0	0	0	0	0	0	0	0	0	0	0	0	0	0	0	0	0	0	0	0	0	
383236	Frontal_Inf_Tri_L	3828	0	26990	256	2706	0	46480	0	11240	0	18842	0	0	0	20790	0	574	0	8054	0	0	0	4664	426	0	0	0	0	36648	0	4710	574	0	256	0	0	0	0	0	0	0	0	0	0	0	0	0	0	0	0	0	0	0	0	0	0	934	0	0	0	0	0	0	0	0	0	0	0	0	0	342	252	706	0	0	0	0	0	0	0	340	0	2006	0	0	0	0	0	0	0	0	0	0	0	0	0	0	0	0	0	0	0	0	0	0	0	0	0	0	0	0	0	0	0	0	0	
184912	Frontal_Inf_Tri_R	544	894	1036	13610	0	330	446	17822	0	574	112	19404	0	0	0	6352	112	588	664	3952	0	0	452	1128	0	0	0	0	214	13964	518	1600	110	986	0	0	0	1094	0	390	0	0	0	0	0	0	0	0	0	0	0	0	0	0	0	0	0	208	0	0	0	0	0	0	0	0	0	0	0	0	0	920	0	3214	0	0	0	1218	0	0	0	0	0	0	0	0	0	0	0	0	0	0	0	0	0	0	0	0	0	0	0	0	0	0	0	0	0	0	0	0	0	0	0	0	0	0	
246644	Frontal_Inf_Orb_L	144	0	10986	0	12508	0	18118	0	22552	0	294	0	20790	0	0	0	0	0	450	0	2028	0	436	0	0	0	1028	0	23432	0	332	0	0	0	0	0	0	0	340	0	444	0	0	0	0	0	0	0	0	0	0	0	0	0	0	0	0	0	0	0	0	0	0	0	0	0	0	0	0	0	162	0	4796	0	0	0	0	0	0	0	0	0	4482	0	0	0	0	0	0	0	0	0	0	0	0	0	0	0	0	0	0	0	0	0	0	0	0	0	0	0	0	0	0	0	0	0	
94380	Frontal_Inf_Orb_R	514	0	766	3452	0	2262	426	3036	0	5940	122	210	0	6352	0	0	116	0	710	1530	0	244	146	356	0	0	0	764	132	5342	0	278	0	698	0	0	0	0	0	0	0	0	0	0	0	0	0	0	0	0	0	0	0	0	0	0	0	0	0	0	0	0	0	0	0	0	0	0	0	0	0	7228	0	3718	0	140	0	2708	0	0	0	0	0	0	0	0	0	0	0	0	0	0	0	0	0	0	0	0	0	0	0	0	0	0	0	0	0	0	0	0	0	0	0	0	0	0	
300288	Rolandic_Oper_L	15304	0	8388	3374	0	0	3774	340	0	0	18066	0	574	112	0	116	0	0	8794	3286	0	0	428	844	0	0	0	0	23304	0	682	1030	3132	2108	102	0	490	0	0	0	0	0	0	0	0	0	0	0	0	0	146	0	184	0	1576	0	12364	0	740	0	4066	0	3388	0	3260	0	0	0	0	0	356	642	598	256	0	0	0	200	3428	0	17084	0	4708	0	1494	0	0	0	1406	0	0	0	0	0	0	0	0	0	0	0	0	0	0	0	0	0	0	0	0	0	0	0	0	0	0	0	
134084	Rolandic_Oper_R	816	2950	226	3268	0	0	342	3790	0	0	0	6648	0	588	0	0	0	0	138	1398	0	0	0	0	0	0	0	0	0	15878	0	0	0	0	0	0	0	3724	0	842	0	0	0	0	0	0	0	0	0	208	0	130	0	0	0	676	0	6606	0	172	0	208	0	4972	0	220	0	220	0	0	766	176	0	6324	0	110	0	444	0	1784	0	2194	0	946	0	158	0	0	0	120	0	0	0	0	0	0	0	0	0	0	0	0	0	0	0	0	0	0	0	0	0	0	0	0	0	0	
886372	Supp_Motor_Area_L	16526	3428	99218	19086	162	0	14316	824	100	188	12958	372	8054	664	450	710	8794	138	0	54640	0	0	19788	6084	0	0	0	0	30284	462	13522	9622	30744	30658	1194	1138	2378	240	104	0	0	0	0	0	0	0	0	0	0	0	0	0	0	0	744	0	2774	288	0	0	132	0	0	0	0	0	270	322	5744	566	10108	6268	14660	1066	1848	0	808	1372	266	0	6078	0	1482	0	422	0	0	0	1122	0	0	0	0	0	0	0	0	0	0	0	0	0	0	0	0	0	0	0	0	0	0	0	0	0	0	0	
762460	Supp_Motor_Area_R	16486	14762	30824	57994	0	0	4836	5200	0	378	3360	2938	0	3952	0	1530	3286	1398	54640	0	0	0	5134	13748	0	0	0	0	3882	4732	3766	12840	11510	45706	664	4444	170	1188	0	434	0	0	146	0	0	0	0	0	0	0	0	0	0	0	0	0	1426	252	0	0	130	0	0	0	0	0	340	476	11966	16360	1910	18518	178	13978	0	2152	724	2766	0	0	106	0	0	0	0	0	0	0	0	0	0	0	0	0	0	0	0	0	0	0	0	0	0	0	0	0	0	0	0	0	0	0	0	0	0	0	
83792	Olfactory_L	0	0	258	0	2892	104	0	0	648	0	0	0	0	0	2028	0	0	0	0	0	0	6772	0	0	376	1160	3730	702	3034	0	2494	1660	0	0	0	0	376	0	596	0	1044	0	0	0	0	0	0	0	0	0	0	0	0	0	168	0	0	0	0	0	0	0	0	0	0	0	0	0	0	0	6766	3294	2936	858	0	0	0	0	0	0	0	0	0	0	0	0	0	0	0	0	0	0	0	0	0	0	0	0	0	0	0	0	0	0	0	0	0	0	0	0	0	0	0	0	0	0	
82548	Olfactory_R	0	0	0	148	962	570	0	0	0	0	0	0	0	0	0	244	0	0	0	0	6772	0	0	108	318	2810	2640	1832	0	1336	2462	4108	0	0	0	0	0	192	0	0	0	488	0	0	0	0	0	0	0	0	0	0	0	0	0	0	0	0	0	0	0	0	0	0	0	0	0	0	0	0	7030	5802	1916	1370	0	0	0	0	0	0	0	0	0	166	0	0	0	0	0	0	0	0	0	0	0	0	0	0	0	0	0	0	0	0	0	0	0	0	0	0	0	0	0	0	0	0	
606660	Frontal_Sup_Medial_L	1152	0	63698	16532	2230	224	17586	344	174	0	840	356	4664	452	436	146	428	0	19788	5134	0	0	0	35000	4088	958	170	0	15160	128	44578	27204	14248	22580	338	0	0	0	0	0	0	0	0	0	0	0	0	0	0	0	0	0	0	0	0	0	214	0	0	0	0	0	0	0	0	0	0	0	0	0	224	410	3300	196	0	0	0	0	0	0	104	0	246	0	0	0	0	0	0	0	0	0	0	0	0	0	0	0	0	0	0	0	0	0	0	0	0	0	0	0	0	0	0	0	0	0	
486440	Frontal_Sup_Medial_R	1200	0	19192	44202	0	1068	2880	3334	0	0	910	630	426	1128	0	356	844	0	6084	13748	0	108	35000	0	844	7090	0	1134	3494	514	16466	37706	3504	22412	0	0	0	0	0	0	0	0	0	0	0	0	0	0	0	0	0	0	0	0	0	0	0	0	0	0	0	0	0	0	0	0	0	0	0	0	140	11288	268	6358	0	240	0	652	0	0	0	0	0	0	0	0	0	0	0	0	0	0	0	0	0	0	0	0	0	0	0	0	0	0	0	0	0	0	0	0	0	0	0	0	0	0	
45172	Frontal_Med_Orb_L	0	0	2582	182	2702	0	0	0	334	0	0	0	0	0	0	0	0	0	0	0	376	318	4088	844	0	1180	1926	294	280	0	4244	1112	0	0	0	0	0	0	0	0	0	0	0	0	0	0	0	0	0	0	0	0	0	0	0	0	0	0	0	0	0	0	0	0	0	0	0	0	0	0	536	156	1432	0	0	0	0	0	0	0	0	0	0	0	0	0	0	0	0	0	0	0	0	0	0	0	0	0	0	0	0	0	0	0	0	0	0	0	0	0	0	0	0	0	0	0	
116172	Frontal_Med_Orb_R	0	0	262	5440	0	7002	0	586	0	0	0	0	0	0	0	0	0	0	0	0	1160	2810	958	7090	1180	0	840	8686	0	0	2462	8780	0	0	0	0	0	0	0	0	0	0	0	0	0	0	0	0	0	0	0	0	0	0	0	0	0	0	0	0	0	0	0	0	0	0	0	0	0	0	0	5618	146	4878	0	188	0	0	0	0	0	0	0	0	0	0	0	0	0	0	0	0	0	0	0	0	0	0	0	0	0	0	0	0	0	0	0	0	0	0	0	0	0	0	0	0	
60160	Rectus_L	0	0	274	0	6444	454	0	0	1954	0	0	0	0	0	1028	0	0	0	0	0	3730	2640	170	0	1926	840	0	1154	470	0	2038	476	0	0	0	0	0	0	0	0	234	0	0	0	0	0	0	0	0	0	0	0	0	0	0	0	0	0	0	0	0	0	0	0	0	0	0	0	0	0	3340	1160	1570	178	0	0	0	0	0	0	0	0	0	0	0	0	0	0	0	0	0	0	0	0	0	0	0	0	0	0	0	0	0	0	0	0	0	0	0	0	0	0	0	0	0	0	
58284	Rectus_R	0	0	0	1718	132	8054	0	302	0	0	0	0	0	0	0	764	0	0	0	0	702	1832	0	1134	294	8686	1154	0	0	940	0	1218	0	0	0	0	0	0	0	0	0	0	0	0	0	0	0	0	0	0	0	0	0	0	0	0	0	0	0	0	0	0	0	0	0	0	0	0	0	0	468	1178	0	566	0	0	0	0	0	0	0	0	0	0	0	0	0	0	0	0	0	0	0	0	0	0	0	0	0	0	0	0	0	0	0	0	0	0	0	0	0	0	0	0	0	0	
900152	Insula_L	20162	330	57142	5334	11454	0	32342	392	13496	0	22050	0	36648	214	23432	132	23304	0	30284	3882	3034	0	15160	3494	280	0	470	0	0	0	15658	3588	8420	4082	2256	572	15966	548	1866	302	3636	0	0	0	0	0	102	0	116	0	584	0	190	0	6080	0	10922	0	488	0	2226	0	1042	0	698	0	536	0	106	0	1294	962	21732	164	0	0	2110	312	7238	0	18646	0	7608	0	2180	0	0	0	4810	0	0	0	0	0	0	0	0	0	0	0	0	0	0	0	0	0	0	0	0	0	0	0	0	0	0	0	
285696	Insula_R	1296	2314	902	11316	0	936	988	9036	0	276	0	18506	0	13964	0	5342	0	15878	462	4732	0	1336	128	514	0	0	0	940	0	0	0	340	0	316	0	102	0	8820	0	2544	0	1842	0	0	0	230	0	0	0	416	0	242	0	0	0	2236	144	1298	0	0	0	0	0	432	0	0	0	500	0	0	656	2444	0	23118	0	270	0	1772	0	1780	0	2690	0	1010	0	304	0	0	0	476	0	0	0	0	0	0	0	0	0	0	0	0	0	0	0	0	0	0	0	0	0	0	0	0	0	0	
504444	Cingulum_Ant_L	1500	164	38240	10274	1720	0	8684	422	156	0	1460	582	4710	518	332	0	682	0	13522	3766	2494	2462	44578	16466	4244	2462	2038	0	15658	0	0	31512	13050	11766	1602	0	0	0	0	0	0	0	0	0	0	0	0	0	0	0	0	0	0	0	0	0	326	0	0	0	0	0	0	0	0	0	0	0	0	0	4024	3320	7738	1032	0	0	0	202	0	0	180	0	336	0	0	0	0	0	0	0	0	0	0	0	0	0	0	0	0	0	0	0	0	0	0	0	0	0	0	0	0	0	0	0	0	0	
566644	Cingulum_Ant_R	1278	0	17196	37632	0	166	1662	1780	0	0	1140	1512	574	1600	0	278	1030	0	9622	12840	1660	4108	27204	37706	1112	8780	476	1218	3588	340	31512	0	11152	32554	138	144	0	180	0	0	0	0	0	0	0	0	0	0	0	0	0	0	0	0	0	0	106	0	0	0	0	0	0	0	0	0	0	0	0	0	2102	19018	1872	8540	0	280	0	1222	0	0	0	0	0	0	0	0	0	0	0	0	0	0	0	0	0	0	0	0	0	0	0	0	0	0	0	0	0	0	0	0	0	0	0	0	0	0	
368492	Cingulum_Mid_L	3376	468	9526	6228	0	0	1984	240	0	0	942	0	0	110	0	0	3132	0	30744	11510	0	0	14248	3504	0	0	0	0	8420	0	13050	11152	0	25098	4378	2098	2150	0	104	0	0	0	780	0	882	0	106	0	0	0	108	0	0	0	760	0	2632	0	0	0	166	0	0	0	0	0	3296	634	4652	642	2558	398	8270	0	254	0	0	0	192	0	3420	0	470	0	438	0	0	0	1126	0	0	0	0	0	0	0	0	0	0	0	0	0	0	0	0	0	0	0	0	0	0	0	0	0	0	0	
619184	Cingulum_Mid_R	6902	1852	19212	27788	0	0	2494	2082	0	0	2146	418	256	986	0	698	2108	0	30658	45706	0	0	22580	22412	0	0	0	0	4082	316	11766	32554	25098	0	1548	8876	0	414	0	0	0	0	0	2012	0	2000	0	1174	0	1134	0	720	0	0	0	626	242	850	0	0	0	0	0	0	0	0	1402	8652	6596	9690	458	434	0	156	0	0	0	320	0	0	0	0	0	0	0	0	0	0	0	174	0	0	0	0	0	0	0	0	0	0	0	0	0	0	0	0	0	0	0	0	0	0	0	0	0	0	
129516	Cingulum_Post_L	5874	342	504	0	0	0	322	0	0	0	120	0	0	0	0	0	102	0	1194	664	0	0	338	0	0	0	0	0	2256	0	1602	138	4378	1548	0	6602	7428	2398	614	512	0	0	1618	0	770	0	848	0	172	0	0	0	0	0	376	0	1806	178	0	0	510	0	174	0	0	0	5362	262	7402	560	0	0	600	0	0	0	4118	808	366	0	932	0	0	0	750	0	0	0	210	0	0	0	0	0	0	0	0	0	0	0	0	0	0	0	0	0	0	0	0	0	0	0	0	0	0	0	
133244	Cingulum_Post_R	4200	1650	462	538	0	0	132	458	0	0	0	118	0	0	0	0	0	0	1138	4444	0	0	0	0	0	0	0	0	572	102	0	144	2098	8876	6602	0	2628	5458	0	1560	0	0	0	516	0	230	0	1298	0	120	0	0	0	0	0	984	260	542	0	0	0	0	0	0	0	0	886	9020	646	3144	116	0	170	404	0	0	4202	1932	0	0	308	0	0	0	144	0	0	0	0	214	0	0	0	0	0	0	0	0	0	0	0	0	0	0	0	0	0	0	0	0	306	0	0	0	0	0	
289344	Hippocampus_L	11856	206	2186	0	0	0	1842	0	0	0	332	0	0	0	0	0	490	0	2378	170	376	0	0	0	0	0	0	0	15966	0	0	0	2150	0	7428	2628	0	2122	13248	504	10182	0	1428	0	0	0	2772	112	0	0	144	0	322	0	18378	0	4528	0	0	0	1110	0	682	0	0	0	2938	0	428	0	112	0	8098	0	822	0	6192	586	3726	0	4786	0	1230	0	1344	0	606	0	10010	0	0	0	0	0	0	0	134	0	0	0	0	0	0	0	0	0	0	0	0	120	0	0	0	0	0	0	
295976	Hippocampus_R	2788	6992	324	2930	0	0	210	1228	0	0	0	3676	0	1094	0	0	0	3724	240	1188	0	192	0	0	0	0	0	0	548	8820	0	180	0	414	2398	5458	2122	0	0	21940	0	9664	0	260	0	176	0	3502	0	214	0	106	0	0	0	19872	210	1620	0	106	0	0	0	278	0	0	0	4058	0	170	268	518	180	20780	0	264	3774	5444	0	920	278	1180	0	2936	116	380	0	598	0	2602	0	0	0	0	0	0	0	666	0	0	0	0	0	0	0	0	0	0	0	0	382	0	0	0	0	0	
84380	ParaHippocampal_L	224	0	0	0	384	0	0	0	222	0	0	0	0	0	340	0	0	0	104	0	596	0	0	0	0	0	0	0	1866	0	0	0	104	0	614	0	13248	0	0	0	4868	0	640	0	0	0	2580	102	0	0	0	0	0	0	10502	0	0	0	0	0	0	0	0	0	0	0	946	0	0	0	0	0	1028	0	0	0	548	0	0	0	274	0	582	0	0	0	620	0	1204	0	0	0	0	0	0	0	292	0	0	0	0	0	0	0	0	0	0	0	124	178	0	0	0	0	0	0	
135212	ParaHippocampal_R	290	418	114	748	0	0	0	408	0	0	0	1008	0	390	0	0	0	842	0	434	0	0	0	0	0	0	0	0	302	2544	0	0	0	0	512	1560	504	21940	0	0	0	5210	0	164	0	0	0	2592	0	0	0	0	0	0	0	10964	0	220	0	0	0	0	0	0	0	0	0	1422	0	0	0	0	0	7048	0	192	642	1682	0	606	180	538	0	1916	0	0	0	248	0	1110	0	0	0	0	0	0	0	678	0	0	0	0	0	0	0	0	0	0	0	0	180	0	0	0	0	0	
62432	Amygdala_L	0	0	0	0	464	0	0	0	138	0	0	0	0	0	444	0	0	0	0	0	1044	0	0	0	0	0	234	0	3636	0	0	0	0	0	0	0	10182	0	4868	0	0	0	0	0	0	0	0	0	0	0	0	0	0	0	5552	0	0	0	0	0	0	0	0	0	0	0	0	0	0	0	0	0	1032	0	0	0	0	0	0	0	0	0	956	0	126	0	848	0	1692	0	0	0	0	0	0	0	0	0	0	0	0	0	0	0	0	0	0	0	0	0	0	0	0	0	0	0	
54896	Amygdala_R	0	0	0	0	0	0	0	0	0	0	0	0	0	0	0	0	0	0	0	0	0	488	0	0	0	0	0	0	0	1842	0	0	0	0	0	0	0	9664	0	5210	0	0	0	0	0	0	0	0	0	0	0	0	0	0	0	3796	0	0	0	0	0	0	0	0	0	0	0	0	0	0	0	0	0	2074	0	0	0	0	0	0	0	0	0	3282	0	0	0	582	0	510	0	0	0	0	0	0	0	0	0	0	0	0	0	0	0	0	0	0	0	0	0	0	0	0	0	0	
199912	Calcarine_L	370	0	0	0	0	0	0	0	0	0	0	0	0	0	0	0	0	0	0	146	0	0	0	0	0	0	0	0	0	0	0	0	780	0	1618	0	1428	0	640	0	0	0	0	4214	11344	3744	10184	2250	7338	634	10768	0	5108	140	4292	110	4296	0	3768	0	3306	0	0	0	942	0	16122	466	1078	116	0	0	0	0	0	0	0	0	144	0	0	0	0	0	1754	0	0	0	2732	0	0	0	0	0	0	0	0	0	124	0	0	0	0	0	0	0	0	0	0	0	0	0	0	0	0	0	
328748	Calcarine_R	0	952	0	0	0	0	0	0	0	0	0	0	0	0	0	0	0	0	0	0	0	0	0	0	0	0	0	0	0	0	0	0	0	2012	0	516	0	260	0	164	0	0	4214	0	2620	35632	800	19886	0	26110	0	6692	0	5018	0	12894	0	3054	0	1664	0	984	0	172	0	4590	1448	25012	0	1172	0	0	0	0	0	0	0	0	0	0	0	0	0	0	0	2574	0	0	0	5934	0	0	0	0	0	0	0	0	0	0	0	0	0	0	0	0	0	0	0	0	0	0	0	0	0	0	
180660	Cuneus_L	220	0	0	0	0	0	0	0	0	0	0	0	0	0	0	0	0	0	0	0	0	0	0	0	0	0	0	0	0	0	0	0	882	0	770	0	0	0	0	0	0	0	11344	2620	0	4912	1782	356	17686	682	11734	0	4240	0	1298	0	846	0	5918	0	2108	0	0	0	1196	0	16616	726	1930	0	0	0	0	0	0	0	0	0	0	0	0	0	0	0	1080	0	0	0	1384	0	0	0	0	0	0	0	0	0	0	0	0	0	0	0	0	0	0	0	0	0	0	0	0	0	0	0	
330888	Cuneus_R	0	1570	0	0	0	0	0	128	0	0	0	310	0	0	0	0	0	0	0	0	0	0	0	0	0	0	0	0	0	230	0	0	0	2000	0	230	0	176	0	0	0	0	3744	35632	4912	0	250	5208	0	37880	0	12620	0	1432	0	6450	0	3916	0	4004	0	1496	0	766	0	5324	2558	29600	0	1394	0	0	0	0	0	0	0	0	0	0	0	0	0	0	0	1666	0	0	0	1948	0	0	0	0	0	0	0	0	0	0	0	0	0	0	0	0	0	0	0	0	0	0	0	0	0	0	
154352	Lingual_L	314	0	0	0	0	0	0	0	0	0	0	0	0	0	0	0	0	0	0	0	0	0	0	0	0	0	0	0	102	0	0	0	106	0	848	0	2772	0	2580	0	0	0	10184	800	1782	250	0	900	2164	0	8298	0	6228	0	10736	0	400	0	0	0	0	0	0	0	0	0	5002	0	270	0	0	0	0	0	0	0	534	0	104	0	204	0	0	0	110	0	0	0	592	0	4756	416	0	150	0	0	6200	0	7478	272	0	0	0	0	0	0	0	0	0	0	1060	1164	400	0	0	0	
174444	Lingual_R	0	384	0	276	0	0	0	0	0	0	0	0	0	0	0	0	0	0	0	0	0	0	0	0	0	0	0	0	0	0	0	0	0	1174	0	1298	112	3502	102	2592	0	0	2250	19886	356	5208	900	0	0	4440	0	520	0	1944	0	11356	0	260	0	0	0	0	0	0	0	0	370	11184	0	140	0	156	0	164	0	0	0	1030	0	0	0	0	0	0	0	372	0	0	0	942	320	2596	0	412	210	262	534	1948	470	3496	0	0	0	248	0	0	0	0	0	240	1520	2924	1124	0	0	0	
212260	Occipital_Sup_L	466	0	0	0	0	0	0	0	0	0	0	0	0	0	0	0	0	0	0	0	0	0	0	0	0	0	0	0	116	0	0	0	0	0	172	0	0	0	0	0	0	0	7338	0	17686	0	2164	0	0	0	26110	0	6660	0	2138	0	2254	0	13644	0	4434	0	0	0	4270	0	13034	0	184	0	0	0	0	0	0	0	0	0	0	0	0	0	0	0	3462	0	0	0	1998	0	0	0	0	0	0	0	0	0	0	0	0	0	0	0	0	0	0	0	0	0	0	0	0	0	0	0	
410484	Occipital_Sup_R	0	2372	0	0	0	0	0	100	0	0	0	286	0	0	0	0	0	208	0	0	0	0	0	0	0	0	0	0	0	416	0	0	0	1134	0	120	0	214	0	0	0	0	634	26110	682	37880	0	4440	0	0	0	30658	0	2936	0	5878	0	8912	0	13830	0	7826	0	2414	0	16738	450	27484	0	2508	144	0	0	134	0	0	0	0	0	0	0	1088	0	0	0	5688	0	0	0	3958	0	0	0	0	0	0	0	0	0	0	0	0	0	0	0	0	0	0	0	0	0	0	0	0	0	0	
453820	Occipital_Mid_L	2690	0	172	0	0	0	220	0	0	0	260	0	0	0	0	0	146	0	0	0	0	0	0	0	0	0	0	0	584	0	0	0	108	0	0	0	144	0	0	0	0	0	10768	0	11734	0	8298	0	26110	0	0	0	31630	0	13130	0	8782	0	25722	0	17038	0	1306	0	22624	0	16700	0	788	0	0	0	0	0	0	0	0	0	0	0	568	0	0	0	18556	0	0	0	8832	0	0	0	0	0	0	0	0	0	0	0	0	0	0	0	0	0	0	0	0	0	0	0	0	0	0	0	
261412	Occipital_Mid_R	0	814	0	0	0	0	0	0	0	0	0	0	0	0	0	0	0	130	0	0	0	0	0	0	0	0	0	0	0	242	0	0	0	720	0	0	0	106	0	0	0	0	0	6692	0	12620	0	520	0	30658	0	0	0	5518	0	2128	0	3922	0	8316	0	8222	0	1372	0	19576	232	9316	0	1228	0	0	0	106	0	0	0	0	0	0	0	820	0	0	0	10688	0	0	0	6760	0	0	0	0	0	0	0	0	0	0	0	0	0	0	0	0	0	0	0	0	0	0	0	0	0	0	
204828	Occipital_Inf_L	894	0	0	0	0	0	0	0	0	0	0	0	0	0	0	0	184	0	0	0	0	0	0	0	0	0	0	0	190	0	0	0	0	0	0	0	322	0	0	0	0	0	5108	0	4240	0	6228	0	6660	0	31630	0	0	0	16464	0	4340	0	2302	0	2052	0	450	0	4356	0	2838	0	160	0	0	0	0	0	0	0	0	0	0	0	392	0	0	0	4392	0	0	0	8898	0	314	0	0	0	0	0	0	0	0	0	0	0	0	0	0	0	0	0	0	0	0	0	0	0	0	0	
59252	Occipital_Inf_R	0	0	0	0	0	0	0	0	0	0	0	0	0	0	0	0	0	0	0	0	0	0	0	0	0	0	0	0	0	0	0	0	0	0	0	0	0	0	0	0	0	0	140	5018	0	1432	0	1944	0	2936	0	5518	0	0	0	5248	0	0	0	188	0	0	0	0	0	204	0	846	0	0	0	0	0	0	0	0	0	0	0	0	0	0	0	0	0	744	0	0	0	5238	0	170	0	0	0	0	0	0	0	0	0	0	0	0	0	0	0	0	0	0	0	0	0	0	0	0	
427148	Fusiform_L	2364	0	0	0	0	0	0	0	0	0	0	0	0	0	0	0	1576	0	744	0	168	0	0	0	0	0	0	0	6080	0	0	0	760	0	376	0	18378	0	10502	0	5552	0	4292	0	1298	0	10736	0	2138	0	13130	0	16464	0	0	0	6236	0	2350	0	1976	0	674	0	1868	0	5048	0	832	0	0	0	1900	0	0	0	400	0	2052	0	6396	0	2742	0	7670	0	1184	0	30548	0	13622	146	1022	0	228	0	9786	0	18910	116	212	0	542	0	368	0	0	0	0	0	594	1442	152	0	0	0	
310464	Fusiform_R	0	1998	0	306	0	0	0	286	0	0	0	374	0	0	0	0	0	676	0	0	0	0	0	0	0	0	0	0	0	2236	0	0	0	626	0	984	0	19872	0	10964	0	3796	110	12894	0	6450	0	11356	0	5878	0	2128	0	5248	0	0	0	1002	0	650	0	260	0	0	0	1514	0	8504	0	288	0	130	0	3056	0	0	0	178	0	854	0	1790	0	2520	0	1860	0	1420	0	10478	232	11572	108	590	0	460	284	3894	340	13712	0	132	148	478	0	104	0	0	0	0	1288	1046	158	0	0	0	
456616	Postcentral_L	44338	1300	4540	554	0	0	10610	0	0	0	8080	128	934	0	0	0	12364	0	2774	1426	0	0	214	0	0	0	0	0	10922	144	326	106	2632	242	1806	260	4528	210	0	0	0	0	4296	0	846	0	400	0	2254	0	8782	0	4340	0	6236	0	0	0	11686	0	24200	0	14876	0	4002	0	8062	0	2148	150	754	286	3762	0	1378	0	922	0	3876	0	7166	0	480	0	3314	0	0	0	5654	0	0	0	0	0	0	0	0	0	0	0	0	0	0	0	0	0	0	0	0	0	0	0	0	0	0	0	
203732	Postcentral_R	1340	14398	246	104	0	0	544	630	0	0	0	3746	0	208	0	0	0	6606	288	252	0	0	0	0	0	0	0	0	0	1298	0	0	0	850	178	542	0	1620	0	220	0	0	0	3054	0	3916	0	260	0	8912	0	3922	0	0	0	1002	0	0	0	5046	0	3912	0	11410	0	2276	108	8812	242	6776	972	184	0	1424	0	0	0	230	0	322	0	1568	0	0	0	1998	0	0	0	2450	0	0	0	0	0	0	0	0	0	0	0	0	0	0	0	0	0	0	0	0	0	0	0	0	0	0	
268528	Parietal_Sup_L	2382	0	202	0	0	0	228	0	0	0	244	0	0	0	0	0	740	0	0	0	0	0	0	0	0	0	0	0	488	0	0	0	0	0	0	0	0	0	0	0	0	0	3768	0	5918	0	0	0	13644	0	25722	0	2302	0	2350	0	11686	0	0	0	21684	0	974	0	11718	0	20706	102	240	0	0	0	0	0	0	0	0	0	0	0	826	0	0	0	5014	0	0	0	3326	0	0	0	0	0	0	0	0	0	0	0	0	0	0	0	0	0	0	0	0	0	0	0	0	0	0	0	
152452	Parietal_Sup_R	0	1256	0	0	0	0	0	0	0	0	0	178	0	0	0	0	0	172	0	0	0	0	0	0	0	0	0	0	0	0	0	0	0	0	0	0	0	106	0	0	0	0	0	1664	0	4004	0	0	0	13830	0	8316	0	188	0	650	0	5046	0	0	0	11820	0	2360	0	13894	0	7124	0	894	0	0	0	102	0	0	0	0	0	0	0	1428	0	0	0	1968	0	0	0	1226	0	0	0	0	0	0	0	0	0	0	0	0	0	0	0	0	0	0	0	0	0	0	0	0	0	0	
351352	Parietal_Inf_L	4062	186	480	0	0	0	516	0	0	0	224	0	0	0	0	0	4066	0	132	130	0	0	0	0	0	0	0	0	2226	0	0	0	166	0	510	0	1110	0	0	0	0	0	3306	0	2108	0	0	0	4434	0	17038	0	2052	0	1976	0	24200	0	21684	0	0	0	17794	0	34366	0	4432	0	232	0	0	0	1186	0	0	0	404	0	548	0	8202	0	0	0	11054	0	0	0	6852	0	0	0	0	0	0	0	0	0	0	0	0	0	0	0	0	0	0	0	0	0	0	0	0	0	0	0	
154680	Parietal_Inf_R	0	734	0	0	0	0	0	0	0	0	0	0	0	0	0	0	0	208	0	0	0	0	0	0	0	0	0	0	0	0	0	0	0	0	0	0	0	0	0	0	0	0	0	984	0	1496	0	0	0	7826	0	8222	0	0	0	260	0	3912	0	11820	0	0	0	8066	0	19430	0	2124	0	0	0	0	0	0	0	0	0	0	0	0	0	3814	0	0	0	6678	0	0	0	1766	0	0	0	0	0	0	0	0	0	0	0	0	0	0	0	0	0	0	0	0	0	0	0	0	0	0	
125844	SupraMarginal_L	894	0	130	0	0	0	0	0	0	0	0	0	0	0	0	0	3388	0	0	0	0	0	0	0	0	0	0	0	1042	0	0	0	0	0	174	0	682	0	0	0	0	0	0	0	0	0	0	0	0	0	1306	0	450	0	674	0	14876	0	974	0	17794	0	0	0	6024	0	350	0	0	0	0	0	190	0	0	0	120	0	312	0	7360	0	0	0	4850	0	0	0	1332	0	0	0	0	0	0	0	0	0	0	0	0	0	0	0	0	0	0	0	0	0	0	0	0	0	0	0	
102792	SupraMarginal_R	0	1132	0	0	0	0	0	0	0	0	0	200	0	0	0	0	0	4972	0	0	0	0	0	0	0	0	0	0	0	432	0	0	0	0	0	0	0	278	0	0	0	0	0	172	0	766	0	0	0	2414	0	1372	0	0	0	0	0	11410	0	2360	0	8066	0	0	0	7338	0	1254	0	0	0	0	0	350	0	0	0	0	0	0	0	5582	0	0	0	3018	0	0	0	280	0	0	0	0	0	0	0	0	0	0	0	0	0	0	0	0	0	0	0	0	0	0	0	0	0	0	
258472	Angular_L	1762	0	0	0	0	0	0	0	0	0	0	0	0	0	0	0	3260	0	0	0	0	0	0	0	0	0	0	0	698	0	0	0	0	0	0	0	0	0	0	0	0	0	942	0	1196	0	0	0	4270	0	22624	0	4356	0	1868	0	4002	0	11718	0	34366	0	6024	0	0	0	1640	0	164	0	0	0	0	0	0	0	0	0	100	0	7360	0	0	0	15718	0	0	0	7168	0	0	0	0	0	0	0	0	0	0	0	0	0	0	0	0	0	0	0	0	0	0	0	0	0	0	0	
223584	Angular_R	0	722	0	0	0	0	0	0	0	0	0	0	0	0	0	0	0	220	0	0	0	0	0	0	0	0	0	0	0	0	0	0	0	0	0	0	0	0	0	0	0	0	0	4590	0	5324	0	0	0	16738	0	19576	0	204	0	1514	0	2276	0	13894	0	19430	0	7338	0	0	0	4462	0	208	0	0	0	0	0	0	0	0	0	0	0	5284	0	0	0	8304	0	0	0	1708	0	0	0	0	0	0	0	0	0	0	0	0	0	0	0	0	0	0	0	0	0	0	0	0	0	0	
307112	Precuneus_L	2302	0	224	0	0	0	248	0	0	0	170	0	0	0	0	0	0	0	270	340	0	0	0	0	0	0	0	0	536	0	0	0	3296	1402	5362	886	2938	0	946	0	0	0	16122	1448	16616	2558	5002	370	13034	450	16700	232	2838	0	5048	0	8062	108	20706	0	4432	0	350	0	1640	0	0	4842	5402	164	0	0	0	0	0	0	120	0	400	0	252	0	0	0	3384	0	0	0	4356	0	0	0	0	0	0	0	0	0	0	0	0	0	0	0	0	0	0	0	0	0	0	0	0	0	0	0	
372632	Precuneus_R	592	3534	300	370	0	0	108	548	0	0	0	584	0	0	0	0	0	220	322	476	0	0	0	0	0	0	0	0	0	500	0	0	634	8652	262	9020	0	4058	0	1422	0	0	466	25012	726	29600	0	11184	0	27484	0	9316	0	846	0	8504	0	8812	102	7124	0	2124	0	1254	0	4462	4842	0	0	3222	186	0	0	602	0	0	598	954	0	0	0	308	0	0	0	2242	0	0	0	4116	0	0	0	0	0	0	0	206	0	0	0	0	0	0	0	0	0	0	0	0	422	0	0	0	0	0	
174272	Paracentral_Lobule_L	9350	3638	7640	166	0	0	1188	0	0	0	0	0	0	0	0	0	0	0	5744	11966	0	0	0	0	0	0	0	0	106	0	0	0	4652	6596	7402	646	428	0	0	0	0	0	1078	0	1930	0	270	0	184	0	788	0	160	0	832	0	2148	242	240	0	232	0	0	0	164	0	5402	0	0	6552	1510	0	206	0	448	0	4234	0	0	0	0	0	0	0	438	0	0	0	556	0	0	0	0	0	0	0	0	0	0	0	0	0	0	0	0	0	0	0	0	0	0	0	0	0	0	0	
139712	Paracentral_Lobule_R	5818	6698	348	0	0	0	148	0	0	0	0	0	0	0	0	0	0	0	566	16360	0	0	0	0	0	0	0	0	0	0	0	0	642	9690	560	3144	0	170	0	0	0	0	116	1172	0	1394	0	140	0	2508	0	1228	0	0	0	288	150	6776	0	894	0	0	0	0	0	208	164	3222	6552	0	0	232	0	0	0	0	0	188	0	0	0	0	0	0	0	164	0	0	0	316	0	0	0	0	0	0	0	0	0	0	0	0	0	0	0	0	0	0	0	0	0	0	0	0	0	0	
238464	Caudate_L	9970	4318	14080	1542	1290	0	7692	1852	134	0	596	1004	342	0	162	0	356	766	10108	1910	6766	7030	224	140	536	0	3340	468	1294	656	4024	2102	2558	458	0	116	112	268	0	0	0	0	0	0	0	0	0	0	0	144	0	0	0	0	0	0	754	972	0	0	0	0	0	0	0	0	0	186	1510	0	0	10420	10532	1138	550	0	6158	260	0	128	0	0	0	0	0	138	0	0	0	128	0	0	0	0	0	0	0	0	0	0	0	0	0	0	0	0	0	0	0	0	0	0	0	0	0	0	
425292	Caudate_R	2242	12728	6480	29724	462	2594	1746	1478	0	2026	896	494	252	920	0	7228	642	176	6268	18518	3294	5802	410	11288	156	5618	1160	1178	962	2444	3320	19018	398	434	0	0	0	518	0	0	0	0	0	0	0	0	0	156	0	0	0	0	0	0	0	130	286	184	0	0	0	0	0	0	0	0	0	0	0	232	10420	0	2508	21492	0	3454	248	22662	0	0	0	0	0	0	0	0	0	0	0	0	0	0	0	0	0	0	0	0	0	0	0	0	0	0	0	0	0	0	0	0	0	0	0	0	0	0	
306504	Putamen_L	7196	286	15140	206	8200	0	2340	0	2704	0	786	0	706	0	4796	0	598	0	14660	178	2936	1916	3300	268	1432	146	1570	0	21732	0	7738	1872	8270	0	600	170	8098	180	1028	0	1032	0	0	0	0	0	0	0	0	0	0	0	0	0	1900	0	3762	0	0	0	1186	0	190	0	0	0	0	0	206	0	10532	2508	0	416	5124	0	2102	0	118	0	2688	0	1034	0	276	0	0	0	1126	0	0	0	0	0	0	0	0	0	0	0	0	0	0	0	0	0	0	0	0	0	0	0	0	0	0	0	
364024	Putamen_R	556	1658	1446	19936	0	1942	450	3204	0	1434	256	7952	0	3214	0	3718	256	6324	1066	13978	858	1370	196	6358	0	4878	178	566	164	23118	1032	8540	0	156	0	404	0	20780	0	7048	0	2074	0	0	0	0	0	164	0	134	0	106	0	0	0	3056	0	1424	0	102	0	0	0	350	0	0	0	602	0	0	1138	21492	416	0	0	3844	0	1742	0	186	0	1184	0	504	0	144	0	0	0	314	0	0	0	0	0	0	0	0	0	0	0	0	0	0	0	0	0	0	0	0	0	0	0	0	0	0	
44464	Pallidum_L	3028	0	5456	0	0	0	1140	0	0	0	0	0	0	0	0	0	0	0	1848	0	0	0	0	0	0	0	0	0	0	0	0	0	254	0	0	0	822	0	0	0	0	0	0	0	0	0	0	0	0	0	0	0	0	0	0	0	1378	0	0	0	0	0	0	0	0	0	0	0	448	0	550	0	5124	0	0	0	2184	0	0	0	0	0	0	0	0	0	0	0	0	0	0	0	0	0	0	0	0	0	0	0	0	0	0	0	0	0	0	0	0	0	0	0	0	0	0	0	
29036	Pallidum_R	0	242	0	2500	0	0	0	458	0	0	0	184	0	0	0	140	0	110	0	2152	0	0	0	240	0	188	0	0	0	270	0	280	0	0	0	0	0	264	0	192	0	0	0	0	0	0	0	0	0	0	0	0	0	0	0	0	0	0	0	0	0	0	0	0	0	0	0	0	0	0	0	3454	0	3844	0	0	0	0	0	0	0	0	0	0	0	0	0	0	0	0	0	0	0	0	0	0	0	0	0	0	0	0	0	0	0	0	0	0	0	0	0	0	0	0	0	0	
180044	Thalamus_L	17362	2804	13254	1026	0	0	7538	0	0	0	140	0	0	0	0	0	0	0	808	724	0	0	0	0	0	0	0	0	2110	0	0	0	0	0	4118	4202	6192	3774	548	642	0	0	0	0	0	0	534	0	0	0	0	0	0	0	400	0	922	0	0	0	404	0	120	0	0	0	120	598	4234	0	6158	248	2102	0	2184	0	0	5354	0	0	730	0	0	0	412	0	0	0	260	0	0	0	0	0	0	0	0	0	0	0	0	0	0	0	0	0	0	0	0	0	0	0	0	0	0	0	
206176	Thalamus_R	1918	24442	1588	14112	0	0	230	1186	0	1004	210	1860	0	1218	0	2708	200	444	1372	2766	0	0	0	652	0	0	0	0	312	1772	202	1222	0	320	808	1932	586	5444	0	1682	0	0	0	0	0	0	0	1030	0	0	0	0	0	0	0	178	0	230	0	0	0	0	0	0	0	0	0	954	0	188	260	22662	0	1742	0	0	5354	0	0	0	0	0	0	0	0	0	0	0	0	0	0	0	0	0	0	0	0	300	0	0	0	0	0	0	0	0	0	0	0	0	0	0	0	0	0	0	
70020	Heschl_L	3502	0	298	0	0	0	502	0	0	0	716	0	0	0	0	0	3428	0	266	0	0	0	0	0	0	0	0	0	7238	0	0	0	192	0	366	0	3726	0	0	0	0	0	144	0	0	0	104	0	0	0	0	0	0	0	2052	0	3876	0	0	0	548	0	312	0	100	0	400	0	0	0	0	0	118	0	0	0	0	0	0	0	4380	0	300	0	914	0	0	0	1528	0	0	0	0	0	0	0	0	0	0	0	0	0	0	0	0	0	0	0	0	0	0	0	0	0	0	0	
19260	Heschl_R	124	0	0	0	0	0	0	0	0	0	0	0	0	0	0	0	0	1784	0	0	0	0	0	0	0	0	0	0	0	1780	0	0	0	0	0	0	0	920	0	606	0	0	0	0	0	0	0	0	0	0	0	0	0	0	0	854	0	322	0	0	0	0	0	0	0	0	0	0	0	0	128	0	0	186	0	0	0	0	0	0	0	2536	0	0	0	154	0	0	0	236	0	0	0	0	0	0	0	0	0	0	0	0	0	0	0	0	0	0	0	0	0	0	0	0	0	0	
336908	Temporal_Sup_L	4998	0	3514	0	0	0	1736	0	0	0	5678	0	340	0	0	0	17084	0	6078	106	0	0	104	0	0	0	0	0	18646	0	180	0	3420	0	932	308	4786	278	274	180	0	0	0	0	0	0	204	0	0	0	568	0	392	0	6396	0	7166	0	826	0	8202	0	7360	0	7360	0	252	0	0	0	0	0	2688	0	0	0	730	0	4380	0	0	0	8162	0	27314	0	306	0	17506	0	0	0	0	0	0	0	0	0	0	0	0	0	0	0	0	0	0	0	0	0	0	0	0	0	0	0	
86292	Temporal_Sup_R	0	252	0	0	0	0	0	0	0	0	0	116	0	0	0	0	0	2194	0	0	0	0	0	0	0	0	0	0	0	2690	0	0	0	0	0	0	0	1180	0	538	0	0	0	0	0	0	0	0	0	1088	0	820	0	0	0	1790	0	1568	0	1428	0	3814	0	5582	0	5284	0	308	0	0	0	0	0	1184	0	0	0	0	0	2536	0	0	0	1242	0	8012	0	0	0	1520	0	0	0	0	0	0	0	0	0	0	0	0	0	0	0	0	0	0	0	0	0	0	0	0	0	0	
131856	Temporal_Pole_Sup_L	510	0	1966	0	756	0	1120	0	596	0	4466	0	2006	0	4482	0	4708	0	1482	0	0	0	246	0	0	0	0	0	7608	0	336	0	470	0	0	0	1230	0	582	0	956	0	0	0	0	0	0	0	0	0	0	0	0	0	2742	0	480	0	0	0	0	0	0	0	0	0	0	0	0	0	0	0	1034	0	0	0	0	0	300	0	8162	0	0	0	8304	0	4324	0	7062	0	0	0	0	0	0	0	0	0	0	0	0	0	0	0	0	0	0	0	0	0	0	0	0	0	0	0	
37036	Temporal_Pole_Sup_R	0	0	0	154	0	0	0	118	0	0	0	758	0	0	0	0	0	946	0	0	0	166	0	0	0	0	0	0	0	1010	0	0	0	0	0	0	0	2936	0	1916	0	3282	0	0	0	0	0	0	0	0	0	0	0	0	0	2520	0	0	0	0	0	0	0	0	0	0	0	0	0	0	0	0	0	504	0	0	0	0	0	0	0	1242	0	0	0	1018	0	1526	0	422	0	0	0	0	0	0	0	0	0	0	0	0	0	0	0	0	0	0	0	0	0	0	0	0	0	0	
348088	Temporal_Mid_L	1328	0	0	0	0	0	0	0	0	0	0	0	0	0	0	0	1494	0	422	0	0	0	0	0	0	0	0	0	2180	0	0	0	438	0	750	144	1344	116	0	0	126	0	1754	0	1080	0	110	0	3462	0	18556	0	4392	0	7670	0	3314	0	5014	0	11054	0	4850	0	15718	0	3384	0	438	0	0	0	276	0	0	0	412	0	914	0	27314	0	8304	0	0	0	3478	0	44208	0	0	0	0	0	0	0	0	0	0	0	0	0	0	0	0	0	0	0	0	0	0	0	0	0	0	0	
162972	Temporal_Mid_R	0	646	0	0	0	0	0	0	0	0	0	166	0	0	0	0	0	158	0	0	0	0	0	0	0	0	0	0	0	304	0	0	0	0	0	0	0	380	0	0	0	0	0	2574	0	1666	0	372	0	5688	0	10688	0	744	0	1860	0	1998	0	1968	0	6678	0	3018	0	8304	0	2242	0	164	138	0	0	144	0	0	0	0	0	154	0	8012	0	1018	0	0	0	476	0	21926	0	0	0	0	0	0	0	0	0	0	0	0	0	0	0	0	0	0	0	0	0	0	0	0	0	0	
30116	Temporal_Pole_Mid_L	0	0	0	0	0	0	0	0	0	0	0	0	0	0	0	0	0	0	0	0	0	0	0	0	0	0	0	0	0	0	0	0	0	0	0	0	606	0	620	0	848	0	0	0	0	0	0	0	0	0	0	0	0	0	1184	0	0	0	0	0	0	0	0	0	0	0	0	0	0	0	0	0	0	0	0	0	0	0	0	0	306	0	4324	0	3478	0	0	0	3692	0	0	0	0	0	0	0	0	0	0	0	0	0	0	0	0	0	0	0	0	0	0	0	0	0	0	0	
11088	Temporal_Pole_Mid_R	0	0	0	0	0	0	0	0	0	0	0	0	0	0	0	0	0	0	0	0	0	0	0	0	0	0	0	0	0	0	0	0	0	0	0	0	0	598	0	248	0	582	0	0	0	0	0	0	0	0	0	0	0	0	0	1420	0	0	0	0	0	0	0	0	0	0	0	0	0	0	0	0	0	0	0	0	0	0	0	0	0	0	0	1526	0	476	0	0	0	694	0	0	0	0	0	0	0	0	0	0	0	0	0	0	0	0	0	0	0	0	0	0	0	0	0	0	
382408	Temporal_Inf_L	2630	0	0	0	0	0	0	0	0	0	0	0	0	0	0	0	1406	0	1122	0	0	0	0	0	0	0	0	0	4810	0	0	0	1126	0	210	0	10010	0	1204	0	1692	0	2732	0	1384	0	592	0	1998	0	8832	0	8898	0	30548	0	5654	0	3326	0	6852	0	1332	0	7168	0	4356	0	556	0	0	0	1126	0	0	0	260	0	1528	0	17506	0	7062	0	44208	0	3692	0	0	0	4494	0	914	0	0	0	344	0	1508	0	0	0	124	0	0	0	0	0	0	0	0	0	0	0	0	0	
165756	Temporal_Inf_R	0	1104	0	0	0	0	0	0	0	0	0	128	0	0	0	0	0	120	0	0	0	0	0	0	0	0	0	0	0	476	0	0	0	174	0	214	0	2602	0	1110	0	510	0	5934	0	1948	0	942	0	3958	0	6760	0	5238	0	10478	0	2450	0	1226	0	1766	0	280	0	1708	0	4116	0	316	128	0	0	314	0	0	0	0	0	236	0	1520	0	422	0	21926	0	694	0	0	0	3270	0	286	0	0	0	0	0	296	0	102	0	126	0	0	0	0	0	0	0	0	0	0	0	0	
360836	Cerebelum_Crus1_L	0	0	0	0	0	0	0	0	0	0	0	0	0	0	0	0	0	0	0	0	0	0	0	0	0	0	0	0	0	0	0	0	0	0	0	0	0	0	0	0	0	0	0	0	0	0	4756	320	0	0	0	0	314	0	13622	232	0	0	0	0	0	0	0	0	0	0	0	0	0	0	0	0	0	0	0	0	0	0	0	0	0	0	0	0	0	0	0	0	4494	0	0	4018	28712	3286	400	0	17184	1244	44602	3836	8848	484	12762	2446	2898	398	172	0	456	698	5456	11416	5998	568	634	164	
306540	Cerebelum_Crus1_R	0	0	0	0	0	0	0	0	0	0	0	0	0	0	0	0	0	0	0	0	0	0	0	0	0	0	0	0	0	0	0	0	0	0	0	0	0	0	0	0	0	0	0	0	0	0	416	2596	0	0	0	0	0	170	146	11572	0	0	0	0	0	0	0	0	0	0	0	0	0	0	0	0	0	0	0	0	0	0	0	0	0	0	0	0	0	0	0	0	0	3270	4018	0	2194	27246	100	936	1246	6172	4124	38738	478	6348	1348	16120	422	844	0	180	122	304	4150	10916	7392	964	738	0	
285204	Cerebelum_Crus2_L	0	0	0	0	0	0	0	0	0	0	0	0	0	0	0	0	0	0	0	0	0	0	0	0	0	0	0	0	0	0	0	0	0	0	0	0	0	0	0	0	0	0	0	0	0	0	0	0	0	0	0	0	0	0	1022	108	0	0	0	0	0	0	0	0	0	0	0	0	0	0	0	0	0	0	0	0	0	0	0	0	0	0	0	0	0	0	0	0	914	0	28712	2194	0	15284	0	0	656	480	3186	822	27464	5512	24300	9154	2612	538	0	0	142	194	522	858	12822	4320	670	116	
321452	Cerebelum_Crus2_R	0	0	0	0	0	0	0	0	0	0	0	0	0	0	0	0	0	0	0	0	0	0	0	0	0	0	0	0	0	0	0	0	0	0	0	0	0	0	0	0	0	0	0	0	0	0	150	412	0	0	0	0	0	0	0	590	0	0	0	0	0	0	0	0	0	0	0	0	0	0	0	0	0	0	0	0	0	0	0	0	0	0	0	0	0	0	0	0	0	286	3286	27246	15284	0	0	194	264	1072	1164	5620	10036	20350	13688	32844	2336	2728	0	0	0	0	348	1720	15742	4790	576	0	
24708	Cerebelum_3_L	0	0	0	0	0	0	0	0	0	0	0	0	0	0	0	0	0	0	0	0	0	0	0	0	0	0	0	0	0	0	0	0	0	0	0	0	0	0	0	0	0	0	0	0	0	0	0	210	0	0	0	0	0	0	228	0	0	0	0	0	0	0	0	0	0	0	0	0	0	0	0	0	0	0	0	0	0	0	0	0	0	0	0	0	0	0	0	0	0	0	400	100	0	0	0	212	6008	0	1046	122	0	0	0	0	366	0	0	0	692	1928	912	130	0	0	0	0	
35548	Cerebelum_3_R	0	0	0	0	0	0	0	0	0	0	0	0	0	0	0	0	0	0	0	0	0	0	0	0	0	0	0	0	0	0	0	0	0	0	0	0	0	0	0	0	0	0	0	0	0	0	0	262	0	0	0	0	0	0	0	460	0	0	0	0	0	0	0	0	0	0	0	0	0	0	0	0	0	0	0	0	0	0	0	0	0	0	0	0	0	0	0	0	0	0	0	936	0	194	212	0	530	3904	0	2482	0	0	410	420	322	1462	0	0	260	2584	1748	116	504	460	508	0	
230620	Cerebelum_4_5_L	0	0	0	0	0	0	0	0	0	0	0	0	0	0	0	0	0	0	0	0	0	0	0	0	0	0	0	0	0	0	0	0	0	0	0	0	134	0	292	0	0	0	0	0	0	0	6200	534	0	0	0	0	0	0	9786	284	0	0	0	0	0	0	0	0	0	0	0	0	0	0	0	0	0	0	0	0	0	0	0	0	0	0	0	0	0	0	0	0	344	0	17184	1246	656	264	6008	530	0	2456	31380	2802	470	0	4374	436	4968	848	406	0	1164	2642	13172	2730	1180	958	1070	792	
130672	Cerebelum_4_5_R	0	0	0	0	0	0	0	0	0	0	0	0	0	0	0	0	0	0	0	0	0	0	0	0	0	0	0	0	0	0	0	0	0	0	0	0	0	666	0	678	0	0	0	0	0	0	0	1948	0	0	0	0	0	0	0	3894	0	0	0	0	0	0	0	0	0	0	0	206	0	0	0	0	0	0	0	0	0	300	0	0	0	0	0	0	0	0	0	0	0	0	1244	6172	480	1072	0	3904	2456	0	1554	17754	234	0	1680	2012	696	2228	0	0	0	886	10922	504	1620	1068	1158	0	
322696	Cerebelum_6_L	0	0	0	0	0	0	0	0	0	0	0	0	0	0	0	0	0	0	0	0	0	0	0	0	0	0	0	0	0	0	0	0	0	0	0	0	0	0	0	0	0	0	124	0	0	0	7478	470	0	0	0	0	0	0	18910	340	0	0	0	0	0	0	0	0	0	0	0	0	0	0	0	0	0	0	0	0	0	0	0	0	0	0	0	0	0	0	0	0	1508	0	44602	4124	3186	1164	1046	0	31380	1554	0	5210	1878	0	4780	706	2208	582	418	0	542	920	8472	15140	2850	644	768	344	
266828	Cerebelum_6_R	0	0	0	0	0	0	0	0	0	0	0	0	0	0	0	0	0	0	0	0	0	0	0	0	0	0	0	0	0	0	0	0	0	0	0	0	0	0	0	0	0	0	0	0	0	0	272	3496	0	0	0	0	0	0	116	13712	0	0	0	0	0	0	0	0	0	0	0	0	0	0	0	0	0	0	0	0	0	0	0	0	0	0	0	0	0	0	0	0	0	296	3836	38738	822	5620	122	2482	2802	17754	5210	0	316	340	1602	6000	742	804	0	166	122	466	9794	11662	4502	784	836	0	
232656	Cerebelum_7b_L	0	0	0	0	0	0	0	0	0	0	0	0	0	0	0	0	0	0	0	0	0	0	0	0	0	0	0	0	0	0	0	0	0	0	0	0	0	0	0	0	0	0	0	0	0	0	0	0	0	0	0	0	0	0	212	0	0	0	0	0	0	0	0	0	0	0	0	0	0	0	0	0	0	0	0	0	0	0	0	0	0	0	0	0	0	0	0	0	0	0	8848	478	27464	10036	0	0	470	234	1878	316	0	4550	32940	6658	8690	348	652	0	0	0	214	130	7850	4050	310	0	
130116	Cerebelum_7b_R	0	0	0	0	0	0	0	0	0	0	0	0	0	0	0	0	0	0	0	0	0	0	0	0	0	0	0	0	0	0	0	0	0	0	0	0	0	0	0	0	0	0	0	0	0	0	0	0	0	0	0	0	0	0	0	132	0	0	0	0	0	0	0	0	0	0	0	0	0	0	0	0	0	0	0	0	0	0	0	0	0	0	0	0	0	0	0	0	0	102	484	6348	5512	20350	0	0	0	0	0	340	4550	0	4542	14756	140	954	0	0	0	0	0	0	4482	2248	118	0	
352440	Cerebelum_8_L	0	0	0	0	0	0	0	0	0	0	0	0	0	0	0	0	0	0	0	0	0	0	0	0	0	0	0	0	0	0	0	0	0	0	0	0	0	0	0	0	0	0	0	0	0	0	0	0	0	0	0	0	0	0	542	148	0	0	0	0	0	0	0	0	0	0	0	0	0	0	0	0	0	0	0	0	0	0	0	0	0	0	0	0	0	0	0	0	124	0	12762	1348	24300	13688	0	410	4374	1680	4780	1602	32940	4542	0	12528	23922	2726	1904	0	602	1052	3872	678	14556	8404	2576	160	
292192	Cerebelum_8_R	0	0	0	0	0	0	0	0	0	0	0	0	0	0	0	0	0	0	0	0	0	0	0	0	0	0	0	0	0	0	0	0	0	0	0	0	0	0	0	0	0	0	0	0	0	0	0	248	0	0	0	0	0	0	0	478	0	0	0	0	0	0	0	0	0	0	0	0	0	0	0	0	0	0	0	0	0	0	0	0	0	0	0	0	0	0	0	0	0	126	2446	16120	9154	32844	0	420	436	2012	706	6000	6658	14756	12528	0	3320	12904	0	1578	108	270	748	824	13486	6486	1440	0	
150024	Cerebelum_9_L	0	0	0	0	0	0	0	0	0	0	0	0	0	0	0	0	0	0	0	0	0	0	0	0	0	0	0	0	0	0	0	0	0	0	0	0	0	0	0	0	0	0	0	0	0	0	0	0	0	0	0	0	0	0	368	0	0	0	0	0	0	0	0	0	0	0	0	0	0	0	0	0	0	0	0	0	0	0	0	0	0	0	0	0	0	0	0	0	0	0	2898	422	2612	2336	366	322	4968	696	2208	742	8690	140	23922	3320	0	1818	2832	0	494	752	2480	1584	4718	3208	2178	938	
102264	Cerebelum_9_R	0	0	0	0	0	0	0	0	0	0	0	0	0	0	0	0	0	0	0	0	0	0	0	0	0	0	0	0	0	0	0	0	0	0	0	0	0	0	0	0	0	0	0	0	0	0	0	0	0	0	0	0	0	0	0	104	0	0	0	0	0	0	0	0	0	0	0	0	0	0	0	0	0	0	0	0	0	0	0	0	0	0	0	0	0	0	0	0	0	0	398	844	538	2728	0	1462	848	2228	582	804	348	954	2726	12904	1818	0	0	1564	1140	2398	3080	980	3296	4408	3770	1210	
12768	Cerebelum_10_L	0	0	0	0	0	0	0	0	0	0	0	0	0	0	0	0	0	0	0	0	0	0	0	0	0	0	0	0	0	0	0	0	0	0	0	0	0	0	0	0	0	0	0	0	0	0	0	0	0	0	0	0	0	0	0	0	0	0	0	0	0	0	0	0	0	0	0	0	0	0	0	0	0	0	0	0	0	0	0	0	0	0	0	0	0	0	0	0	0	0	172	0	0	0	0	0	406	0	418	0	652	0	1904	0	2832	0	0	0	0	0	0	0	0	0	0	0	
6976	Cerebelum_10_R	0	0	0	0	0	0	0	0	0	0	0	0	0	0	0	0	0	0	0	0	0	0	0	0	0	0	0	0	0	0	0	0	0	0	0	0	0	0	0	0	0	0	0	0	0	0	0	0	0	0	0	0	0	0	0	0	0	0	0	0	0	0	0	0	0	0	0	0	0	0	0	0	0	0	0	0	0	0	0	0	0	0	0	0	0	0	0	0	0	0	0	180	0	0	0	0	0	0	0	166	0	0	0	1578	0	1564	0	0	0	0	0	0	0	0	0	0	
34564	Vermis_1_2	0	0	0	0	0	0	0	0	0	0	0	0	0	0	0	0	0	0	0	0	0	0	0	0	0	0	0	0	0	0	0	0	0	0	0	0	0	0	124	0	0	0	0	0	0	0	0	0	0	0	0	0	0	0	0	0	0	0	0	0	0	0	0	0	0	0	0	0	0	0	0	0	0	0	0	0	0	0	0	0	0	0	0	0	0	0	0	0	0	0	456	122	142	0	692	260	1164	0	542	122	0	0	602	108	494	1140	0	0	0	4586	2616	556	844	1032	1058	622	
59888	Vermis_3	0	0	0	0	0	0	0	0	0	0	0	0	0	0	0	0	0	0	0	0	0	0	0	0	0	0	0	0	0	0	0	0	0	0	0	0	120	0	178	0	0	0	0	0	0	0	0	240	0	0	0	0	0	0	0	0	0	0	0	0	0	0	0	0	0	0	0	0	0	0	0	0	0	0	0	0	0	0	0	0	0	0	0	0	0	0	0	0	0	0	698	304	194	0	1928	2584	2642	886	920	466	0	0	1052	270	752	2398	0	0	4586	0	4032	676	1276	1482	1600	660	
189256	Vermis_4_5	0	0	0	0	0	0	0	0	0	0	0	0	0	0	0	0	0	0	0	0	0	0	0	0	0	0	0	0	0	0	0	0	0	0	0	306	0	382	0	180	0	0	0	0	0	0	1060	1520	0	0	0	0	0	0	594	1288	0	0	0	0	0	0	0	0	0	0	0	422	0	0	0	0	0	0	0	0	0	0	0	0	0	0	0	0	0	0	0	0	0	0	5456	4150	522	348	912	1748	13172	10922	8472	9794	214	0	3872	748	2480	3080	0	0	2616	4032	0	5476	2430	2662	3352	2418	
168356	Vermis_6	0	0	0	0	0	0	0	0	0	0	0	0	0	0	0	0	0	0	0	0	0	0	0	0	0	0	0	0	0	0	0	0	0	0	0	0	0	0	0	0	0	0	0	0	0	0	1164	2924	0	0	0	0	0	0	1442	1046	0	0	0	0	0	0	0	0	0	0	0	0	0	0	0	0	0	0	0	0	0	0	0	0	0	0	0	0	0	0	0	0	0	0	11416	10916	858	1720	130	116	2730	504	15140	11662	130	0	678	824	1584	980	0	0	556	676	5476	0	5398	1548	1986	2574	
247144	Vermis_7	0	0	0	0	0	0	0	0	0	0	0	0	0	0	0	0	0	0	0	0	0	0	0	0	0	0	0	0	0	0	0	0	0	0	0	0	0	0	0	0	0	0	0	0	0	0	400	1124	0	0	0	0	0	0	152	158	0	0	0	0	0	0	0	0	0	0	0	0	0	0	0	0	0	0	0	0	0	0	0	0	0	0	0	0	0	0	0	0	0	0	5998	7392	12822	15742	0	504	1180	1620	2850	4502	7850	4482	14556	13486	4718	3296	0	0	844	1276	2430	5398	0	6610	3540	642	
