data	data	398284	562648	794896	640644	224604	175800	434592	354928	151880	49176	199556	181104	267876	157024	188148	124984	200412	133776	704644	698908	54892	73704	354536	442368	51160	92268	23968	59952	552212	331140	375936	535692	90632	457860	178476	217432	278080	268088	144300	135888	29044	65272	235888	214060	160460	256628	279972	313652	173968	238764	422048	203064	106288	88948	369916	310536	233196	222776	145612	44128	176548	51316	134788	84428	82616	77608	322280	378744	131292	177492	335528	331184	322100	245752	58772	18860	125056	187756	130664	20956	184008	107888	68608	77396	396012	203292	30764	25560	340960	210236	470948	502492	324084	327292	39364	62828	335092	246040	446408	466264	160408	132828	199268	261048	73876	80400	18752	2876	20068	67004	290464	276776	273040	153688	66408	64052	
data	data	Precentral_L	Precentral_R	Frontal_Sup_L	Frontal_Sup_R	Frontal_Sup_Orb_L	Frontal_Sup_Orb_R	Frontal_Mid_L	Frontal_Mid_R	Frontal_Mid_Orb_L	Frontal_Mid_Orb_R	Frontal_Inf_Oper_L	Frontal_Inf_Oper_R	Frontal_Inf_Tri_L	Frontal_Inf_Tri_R	Frontal_Inf_Orb_L	Frontal_Inf_Orb_R	Rolandic_Oper_L	Rolandic_Oper_R	Supp_Motor_Area_L	Supp_Motor_Area_R	Olfactory_L	Olfactory_R	Frontal_Sup_Medial_L	Frontal_Sup_Medial_R	Frontal_Med_Orb_L	Frontal_Med_Orb_R	Rectus_L	Rectus_R	Insula_L	Insula_R	Cingulum_Ant_L	Cingulum_Ant_R	Cingulum_Mid_L	Cingulum_Mid_R	Cingulum_Post_L	Cingulum_Post_R	Hippocampus_L	Hippocampus_R	ParaHippocampal_L	ParaHippocampal_R	Amygdala_L	Amygdala_R	Calcarine_L	Calcarine_R	Cuneus_L	Cuneus_R	Lingual_L	Lingual_R	Occipital_Sup_L	Occipital_Sup_R	Occipital_Mid_L	Occipital_Mid_R	Occipital_Inf_L	Occipital_Inf_R	Fusiform_L	Fusiform_R	Postcentral_L	Postcentral_R	Parietal_Sup_L	Parietal_Sup_R	Parietal_Inf_L	Parietal_Inf_R	SupraMarginal_L	SupraMarginal_R	Angular_L	Angular_R	Precuneus_L	Precuneus_R	Paracentral_Lobule_L	Paracentral_Lobule_R	Caudate_L	Caudate_R	Putamen_L	Putamen_R	Pallidum_L	Pallidum_R	Thalamus_L	Thalamus_R	Heschl_L	Heschl_R	Temporal_Sup_L	Temporal_Sup_R	Temporal_Pole_Sup_L	Temporal_Pole_Sup_R	Temporal_Mid_L	Temporal_Mid_R	Temporal_Pole_Mid_L	Temporal_Pole_Mid_R	Temporal_Inf_L	Temporal_Inf_R	Cerebelum_Crus1_L	Cerebelum_Crus1_R	Cerebelum_Crus2_L	Cerebelum_Crus2_R	Cerebelum_3_L	Cerebelum_3_R	Cerebelum_4_5_L	Cerebelum_4_5_R	Cerebelum_6_L	Cerebelum_6_R	Cerebelum_7b_L	Cerebelum_7b_R	Cerebelum_8_L	Cerebelum_8_R	Cerebelum_9_L	Cerebelum_9_R	Cerebelum_10_L	Cerebelum_10_R	Vermis_1_2	Vermis_3	Vermis_4_5	Vermis_6	Vermis_7	Vermis_8	Vermis_9	Vermis_10	
398284	Precentral_L	0	19316	10702	1772	108	0	15314	1676	0	0	12450	0	1962	0	90	0	7584	0	8412	10780	0	0	974	0	0	0	0	0	11594	0	824	0	396	5476	1244	216	3102	94	1614	0	0	0	652	0	0	0	554	0	0	0	4736	0	304	0	2624	0	15516	460	0	0	3456	0	1230	318	92	0	654	0	14916	318	2158	2078	1974	130	654	0	6312	7742	3934	0	2008	0	88	0	6116	0	0	0	4264	0	0	0	0	0	0	0	154	0	0	0	0	0	0	0	0	0	0	0	0	0	0	0	0	0	0	0	
562648	Precentral_R	19316	0	8766	12142	574	938	8094	27974	258	98	1058	11838	506	1740	326	456	3636	4334	7890	17732	0	0	1276	1814	0	136	0	0	12986	7922	2028	3766	1160	7224	944	5436	3186	6074	374	186	0	0	100	296	0	548	90	1506	0	436	1210	442	0	0	1278	406	1980	15138	0	0	442	0	262	3932	0	0	0	2166	3292	9066	11098	4848	6036	2814	2424	0	10988	7232	1336	298	824	474	0	0	1224	2416	0	0	1480	2894	0	0	0	0	0	0	0	0	0	0	0	0	0	0	0	0	0	0	0	0	160	0	0	0	0	0	
794896	Frontal_Sup_L	10702	8766	0	5318	13806	0	56520	5024	5516	0	9598	216	17004	0	7212	0	3786	158	82982	12664	0	0	49668	3128	3426	0	0	0	24994	218	31076	2976	4570	3638	0	0	1756	0	522	0	0	0	0	0	0	0	0	0	0	0	0	0	0	0	492	0	570	112	0	0	0	0	0	0	0	0	0	0	846	108	7776	1046	12830	0	3216	0	2986	1050	466	0	518	0	0	0	0	0	0	0	188	0	0	0	0	0	0	0	0	0	0	0	0	0	0	0	0	0	0	0	0	0	0	0	0	0	0	0	
640644	Frontal_Sup_R	1772	12142	5318	0	152	9092	1678	30664	0	2202	232	3398	142	5290	94	5478	176	3818	19060	58272	0	0	8176	41828	0	862	0	0	3540	9298	1454	33870	0	18324	276	462	612	1256	216	470	0	0	0	0	0	0	0	0	0	0	0	0	0	0	130	0	106	426	0	0	0	0	0	148	0	0	114	294	0	0	6974	14682	1808	10904	286	1018	1088	1936	0	326	160	0	0	200	0	0	0	0	0	0	0	0	0	0	0	0	0	0	0	0	0	0	0	0	0	0	0	0	0	0	98	0	0	0	0	0	
224604	Frontal_Sup_Orb_L	108	574	13806	152	0	0	6938	430	21970	0	0	0	10060	0	20108	0	0	0	208	0	448	0	4440	90	4710	182	2674	120	7270	0	3574	224	0	0	0	0	0	0	0	0	0	0	0	0	0	0	0	0	0	0	0	0	0	0	0	0	0	0	0	0	0	0	0	0	0	0	0	0	0	0	2222	0	11514	0	0	0	0	0	0	0	0	0	480	0	0	0	0	0	0	0	0	0	0	0	0	0	0	0	0	0	0	0	0	0	0	0	0	0	0	0	0	0	0	0	0	0	
175800	Frontal_Sup_Orb_R	0	938	0	9092	0	0	0	4402	0	7394	0	308	0	622	0	8466	0	0	156	1046	0	1816	0	6574	92	8764	0	6372	0	3284	262	6578	0	300	0	0	0	0	0	0	0	0	0	0	0	0	0	0	0	0	0	0	0	0	0	0	0	0	0	0	0	0	0	0	0	0	0	0	0	0	1748	12402	0	7284	0	0	0	0	0	0	0	0	0	0	0	0	0	0	0	0	0	0	0	0	0	0	0	0	0	0	0	0	0	0	0	0	0	0	0	0	0	0	0	0	0	0	
434592	Frontal_Mid_L	15314	8094	56520	1678	6938	0	0	3618	6492	0	12680	0	31508	0	8056	0	1604	0	17300	1344	0	0	14492	696	0	0	0	0	15192	0	5612	576	472	482	0	0	704	0	464	0	0	0	0	0	0	0	0	0	0	0	0	0	0	0	400	0	522	98	0	0	0	0	0	0	0	0	0	0	0	0	2914	100	1520	0	0	0	782	92	510	0	240	0	0	0	122	0	0	0	160	0	0	0	0	0	0	0	0	0	0	0	0	0	0	0	0	0	0	0	0	0	0	0	0	0	0	0	
354928	Frontal_Mid_R	1676	27974	5024	30664	430	4402	3618	0	228	3058	508	10040	320	8906	258	5502	624	2932	5188	8140	0	0	1190	7434	0	148	0	0	5184	8736	1000	11156	0	3190	0	0	470	230	0	178	0	0	0	0	0	0	0	0	0	0	0	0	0	0	376	0	408	254	0	0	116	0	0	0	0	0	0	0	0	0	6596	4792	2912	2020	150	0	306	0	0	0	410	0	0	94	0	0	0	0	622	0	0	0	0	0	0	0	0	0	0	0	0	0	0	0	0	0	0	0	0	0	0	0	0	0	0	0	
151880	Frontal_Mid_Orb_L	0	258	5516	0	21970	0	6492	228	0	0	0	0	9910	0	20448	0	0	0	0	0	0	0	128	0	224	0	688	0	4268	0	0	0	0	0	0	0	0	0	0	0	0	0	0	0	0	0	0	0	0	0	0	0	0	0	0	0	0	0	0	0	0	0	0	0	0	0	0	0	0	0	636	0	5042	0	0	0	0	0	0	0	0	0	132	0	0	0	0	0	0	0	0	0	0	0	0	0	0	0	0	0	0	0	0	0	0	0	0	0	0	0	0	0	0	0	0	0	
49176	Frontal_Mid_Orb_R	0	98	0	2202	0	7394	0	3058	0	0	0	0	0	126	0	5714	0	0	0	0	0	0	0	1104	0	0	0	0	0	1346	0	1142	0	0	0	0	0	0	0	0	0	0	0	0	0	0	0	0	0	0	0	0	0	0	0	0	0	0	0	0	0	0	0	0	0	0	0	0	0	0	448	1160	0	796	0	0	0	0	0	0	0	0	0	0	0	0	0	0	0	0	0	0	0	0	0	0	0	0	0	0	0	0	0	0	0	0	0	0	0	0	0	0	0	0	0	0	
199556	Frontal_Inf_Oper_L	12450	1058	9598	232	0	0	12680	508	0	0	0	0	13726	0	424	0	10004	0	6598	86	0	0	2104	0	0	0	0	0	19528	0	1898	0	0	0	0	0	516	0	140	0	0	0	0	0	0	0	0	0	0	0	0	0	0	0	92	0	2042	0	0	0	104	0	0	0	0	0	0	0	0	0	1136	0	1174	0	0	0	90	0	1138	0	1686	0	766	0	0	0	0	0	0	0	0	0	0	0	0	0	0	0	0	0	0	0	0	0	0	0	0	0	0	0	0	0	0	0	0	0	
181104	Frontal_Inf_Oper_R	0	11838	216	3398	0	308	0	10040	0	0	0	0	0	11928	0	604	146	6870	1092	2464	0	0	148	3278	0	0	0	0	508	15448	332	3930	0	1592	0	0	104	600	0	302	0	0	0	0	0	0	0	0	0	0	0	0	0	0	0	0	0	2870	0	0	0	0	0	828	0	0	0	0	0	0	1922	3372	722	3742	128	0	114	254	0	0	110	0	0	1344	0	0	0	0	0	0	0	0	0	0	0	0	0	0	0	0	0	0	0	0	0	0	0	0	0	0	0	0	0	0	0	0	
267876	Frontal_Inf_Tri_L	1962	506	17004	142	10060	0	31508	320	9910	0	13726	0	0	0	16666	0	1588	0	5520	0	0	0	1056	0	158	0	0	0	18206	0	598	0	0	0	0	0	0	0	0	0	0	0	0	0	0	0	0	0	0	0	0	0	0	0	0	0	0	0	0	0	0	0	0	0	0	0	0	0	0	0	1016	0	2794	0	0	0	0	0	0	0	610	0	588	0	0	0	0	0	0	0	0	0	0	0	0	0	0	0	0	0	0	0	0	0	0	0	0	0	0	0	0	0	0	0	0	0	
157024	Frontal_Inf_Tri_R	0	1740	0	5290	0	622	0	8906	0	126	0	11928	0	0	0	5046	0	1548	1584	3652	0	0	0	5928	0	190	0	0	0	13586	372	6944	0	2886	0	0	0	518	0	372	0	0	0	0	0	0	0	0	0	0	0	0	0	0	0	0	0	0	0	0	0	0	0	0	0	0	0	0	0	0	1148	1478	0	3450	0	0	0	0	0	0	0	0	0	1198	0	0	0	0	0	0	0	0	0	0	0	0	0	0	0	0	0	0	0	0	0	0	0	0	0	0	0	0	0	0	0	0	
188148	Frontal_Inf_Orb_L	90	326	7212	94	20108	0	8056	258	20448	0	424	0	16666	0	0	0	0	0	660	0	960	0	190	0	150	0	0	0	8822	0	158	0	0	0	0	0	114	0	268	0	140	0	0	0	0	0	0	0	0	0	0	0	0	0	0	0	0	0	0	0	0	0	0	0	0	0	0	0	0	0	822	0	7036	0	0	0	0	0	0	0	0	0	1072	0	0	0	0	0	0	0	0	0	0	0	0	0	0	0	0	0	0	0	0	0	0	0	0	0	0	0	0	0	0	0	0	0	
124984	Frontal_Inf_Orb_R	0	456	0	5478	0	8466	0	5502	0	5714	0	604	0	5046	0	0	0	300	292	1122	0	560	0	4026	0	142	0	398	0	9966	0	4448	0	1112	0	0	0	0	0	94	0	0	0	0	0	0	0	0	0	0	0	0	0	0	0	0	0	0	0	0	0	0	0	0	0	0	0	0	0	0	1386	3128	0	3286	0	0	0	0	0	0	0	378	0	588	0	0	0	0	0	0	0	0	0	0	0	0	0	0	0	0	0	0	0	0	0	0	0	0	0	0	0	0	0	0	0	0	
200412	Rolandic_Oper_L	7584	3636	3786	176	0	0	1604	624	0	0	10004	146	1588	0	0	0	0	132	3644	120	0	0	1286	0	0	0	0	0	21262	148	1326	0	0	0	172	154	2780	0	0	0	0	0	0	0	0	0	0	0	0	0	256	0	0	0	148	0	11950	0	0	0	2044	0	5030	0	0	0	0	0	250	0	1264	132	234	0	0	0	264	226	8202	0	6854	0	722	0	1496	0	0	0	962	0	0	0	0	0	0	0	0	0	0	0	0	0	0	0	0	0	0	0	0	0	0	0	0	0	0	0	
133776	Rolandic_Oper_R	0	4334	158	3818	0	0	0	2932	0	0	0	6870	0	1548	0	300	132	0	0	3554	0	0	116	196	0	0	0	0	432	14032	174	290	0	0	0	0	0	1400	0	0	0	0	0	0	0	0	0	0	0	0	0	0	0	0	0	0	0	5864	0	0	0	0	0	4374	0	0	0	0	0	0	1466	2090	604	1980	278	88	0	102	0	1934	0	4050	0	2392	0	780	0	0	0	600	0	0	0	0	0	0	0	0	0	0	0	0	0	0	0	0	0	0	0	0	0	0	0	0	0	0	
704644	Supp_Motor_Area_L	8412	7890	82982	19060	208	156	17300	5188	0	0	6598	1092	5520	1584	660	292	3644	0	0	46432	0	0	13300	12548	0	0	0	0	16906	916	21386	18862	8314	27536	230	128	1268	216	222	0	0	0	0	0	0	0	0	0	0	0	0	0	0	0	270	0	556	300	0	0	0	0	0	172	0	0	0	0	3984	176	3088	208	7424	414	3362	0	2316	342	368	0	382	0	0	0	0	0	0	0	110	0	0	0	0	0	0	0	0	0	0	0	0	0	0	0	0	0	0	0	0	0	0	0	0	0	0	0	
698908	Supp_Motor_Area_R	10780	17732	12664	58272	0	1046	1344	8140	0	0	86	2464	0	3652	0	1122	120	3554	46432	0	0	0	1814	21886	0	90	0	0	2284	4138	3060	27984	2758	53090	726	5052	512	538	232	178	0	0	0	284	0	598	0	968	0	330	342	320	0	0	248	0	0	724	0	0	0	0	0	220	0	0	0	3420	4762	9660	2218	11034	1158	9070	322	1430	1358	6792	242	364	0	142	0	114	280	608	0	0	0	352	0	0	0	0	0	0	0	0	0	0	0	0	0	0	0	0	0	0	0	0	344	0	0	0	0	0	
54892	Olfactory_L	0	0	0	0	448	0	0	0	0	0	0	0	0	0	960	0	0	0	0	0	0	3970	0	0	232	238	534	214	1340	0	2950	1586	0	0	0	0	212	0	416	0	538	0	0	0	0	0	0	0	0	0	0	0	0	0	94	0	0	0	0	0	0	0	0	0	0	0	0	0	0	0	5614	3460	2900	530	378	146	0	0	0	0	0	0	686	0	0	0	0	0	0	0	0	0	0	0	0	0	0	0	0	0	0	0	0	0	0	0	0	0	0	0	0	0	0	0	0	0	
73704	Olfactory_R	0	0	0	0	0	1816	0	0	0	0	0	0	0	0	0	560	0	0	0	0	3970	0	0	276	0	2730	436	2984	0	2236	2112	2942	0	0	0	0	0	130	0	310	0	464	0	0	0	0	0	0	0	0	0	0	0	0	0	0	0	0	0	0	0	0	0	0	0	0	0	0	0	0	4782	6358	2016	2102	0	524	0	0	0	0	0	0	0	104	0	0	0	0	0	0	0	0	0	0	0	0	0	0	0	0	0	0	0	0	0	0	0	0	0	0	0	0	0	0	0	0	
354536	Frontal_Sup_Medial_L	974	1276	49668	8176	4440	0	14492	1190	128	0	2104	148	1056	0	190	0	1286	116	13300	1814	0	0	0	16750	3674	0	0	0	4310	166	29156	6992	2938	5216	0	0	550	0	316	0	0	0	0	0	0	0	0	0	0	0	0	0	0	0	290	0	140	0	0	0	0	0	0	0	0	0	0	0	0	0	3154	100	2508	0	0	0	238	0	226	0	186	0	0	0	0	0	0	0	0	0	0	0	0	0	0	0	0	0	0	0	0	0	0	0	0	0	0	0	0	0	0	0	0	0	0	0	
442368	Frontal_Sup_Medial_R	0	1814	3128	41828	90	6574	696	7434	0	1104	0	3278	0	5928	0	4026	0	196	12548	21886	0	276	16750	0	342	3592	0	456	128	5510	3930	39926	0	25470	0	0	0	238	0	238	0	0	0	0	0	0	0	0	0	0	0	0	0	0	0	0	0	0	0	0	0	0	0	0	0	0	0	0	0	0	2690	8380	134	2402	0	0	0	0	0	0	0	0	0	192	0	0	0	0	0	0	0	0	0	0	0	0	0	0	0	0	0	0	0	0	0	0	0	0	0	0	0	0	0	0	0	0	
51160	Frontal_Med_Orb_L	0	0	3426	0	4710	92	0	0	224	0	0	0	158	0	150	0	0	0	0	0	232	0	3674	342	0	2218	1468	964	182	0	4356	286	0	0	0	0	0	0	0	0	0	0	0	0	0	0	0	0	0	0	0	0	0	0	0	0	0	0	0	0	0	0	0	0	0	0	0	0	0	0	1518	84	1496	0	0	0	0	0	0	0	0	0	0	0	0	0	0	0	0	0	0	0	0	0	0	0	0	0	0	0	0	0	0	0	0	0	0	0	0	0	0	0	0	0	0	0	
92268	Frontal_Med_Orb_R	0	136	0	862	182	8764	0	148	0	0	0	0	0	190	0	142	0	0	0	90	238	2730	0	3592	2218	0	822	9654	0	250	1442	5084	0	0	0	0	0	0	0	0	0	0	0	0	0	0	0	0	0	0	0	0	0	0	0	0	0	0	0	0	0	0	0	0	0	0	0	0	0	0	286	6678	170	2456	0	0	0	0	0	0	0	0	0	0	0	0	0	0	0	0	0	0	0	0	0	0	0	0	0	0	0	0	0	0	0	0	0	0	0	0	0	0	0	0	0	0	
23968	Rectus_L	0	0	0	0	2674	0	0	0	688	0	0	0	0	0	0	0	0	0	0	0	534	436	0	0	1468	822	0	788	0	0	1644	384	0	0	0	0	0	0	0	0	0	0	0	0	0	0	0	0	0	0	0	0	0	0	0	0	0	0	0	0	0	0	0	0	0	0	0	0	0	0	1114	308	1124	0	0	0	0	0	0	0	0	0	0	0	0	0	0	0	0	0	0	0	0	0	0	0	0	0	0	0	0	0	0	0	0	0	0	0	0	0	0	0	0	0	0	0	
59952	Rectus_R	0	0	0	0	120	6372	0	0	0	0	0	0	0	0	0	398	0	0	0	0	214	2984	0	456	964	9654	788	0	0	404	254	2410	0	0	0	0	0	0	0	0	0	0	0	0	0	0	0	0	0	0	0	0	0	0	0	0	0	0	0	0	0	0	0	0	0	0	0	0	0	0	110	3072	90	1686	0	0	0	0	0	0	0	0	0	0	0	0	0	0	0	0	0	0	0	0	0	0	0	0	0	0	0	0	0	0	0	0	0	0	0	0	0	0	0	0	0	0	
552212	Insula_L	11594	12986	24994	3540	7270	0	15192	5184	4268	0	19528	508	18206	0	8822	0	21262	432	16906	2284	1340	0	4310	128	182	0	0	0	0	514	5468	560	0	0	596	704	13208	106	1780	0	498	0	0	0	0	0	0	0	0	0	428	0	0	0	4414	0	4556	0	0	0	1242	0	544	0	0	0	88	0	350	0	14690	462	18374	0	0	0	1914	1058	10596	0	6986	0	2736	0	1748	0	0	0	3550	0	0	0	0	0	0	0	0	0	0	0	0	0	0	0	0	0	0	0	0	0	0	0	0	0	0	0	
331140	Insula_R	0	7922	218	9298	0	3284	0	8736	0	1346	0	15448	0	13586	0	9966	148	14032	916	4138	0	2236	166	5510	0	250	0	404	514	0	542	7992	0	2026	142	486	118	4710	116	958	0	736	0	0	0	0	0	0	0	0	0	0	0	0	0	1460	0	390	0	0	0	0	0	118	0	0	0	124	0	0	2214	5276	698	17184	422	0	0	488	0	1486	112	8600	0	3034	0	3998	0	270	0	3654	0	0	0	0	0	0	0	0	0	0	0	0	0	0	0	0	0	0	0	0	98	0	0	0	0	0	
375936	Cingulum_Ant_L	824	2028	31076	1454	3574	262	5612	1000	0	0	1898	332	598	372	158	0	1326	174	21386	3060	2950	2112	29156	3930	4356	1442	1644	254	5468	542	0	13352	3912	4184	388	102	564	104	216	0	0	0	0	0	0	0	0	0	0	0	0	0	0	0	292	0	144	0	0	0	0	0	0	0	0	0	0	0	0	0	15412	4432	13500	1006	1976	214	202	148	200	0	632	0	0	0	0	0	0	0	0	0	0	0	0	0	0	0	0	0	0	0	0	0	0	0	0	0	0	0	0	0	0	0	0	0	0	0	
535692	Cingulum_Ant_R	0	3766	2976	33870	224	6578	576	11156	0	1142	0	3930	0	6944	0	4448	0	290	18862	27984	1586	2942	6992	39926	286	5084	384	2410	560	7992	13352	0	450	31392	114	0	0	290	0	288	0	0	0	0	0	0	0	0	0	0	0	0	0	0	0	0	0	0	0	0	0	0	0	0	0	0	0	0	0	0	6328	17446	1656	4822	314	200	0	0	0	0	0	0	0	286	0	0	0	0	0	0	0	0	0	0	0	0	0	0	0	0	0	0	0	0	0	0	0	0	0	0	0	0	0	0	0	0	
90632	Cingulum_Mid_L	396	1160	4570	0	0	0	472	0	0	0	0	0	0	0	0	0	0	0	8314	2758	0	0	2938	0	0	0	0	0	0	0	3912	450	0	5854	4278	2012	0	0	0	0	0	0	204	0	0	160	194	0	0	0	0	0	0	0	148	0	580	0	0	0	510	0	0	0	0	0	2360	286	1424	980	0	0	0	0	0	0	0	0	0	0	0	0	0	0	584	0	0	0	582	0	0	0	0	0	0	0	190	0	0	0	0	0	0	0	0	0	0	0	0	0	0	0	0	0	0	0	
457860	Cingulum_Mid_R	5476	7224	3638	18324	0	300	482	3190	0	0	0	1592	0	2886	0	1112	0	0	27536	53090	0	0	5216	25470	0	0	0	0	0	2026	4184	31392	5854	0	1022	8068	0	116	0	0	0	0	0	114	0	292	0	622	0	0	222	0	0	0	0	0	0	530	0	0	0	0	0	112	0	0	326	4400	2736	8716	126	458	0	314	0	0	0	482	0	0	0	0	0	0	190	142	0	0	0	192	0	0	0	0	0	0	0	0	0	0	0	0	0	0	0	0	0	0	0	0	758	0	0	0	0	0	
178476	Cingulum_Post_L	1244	944	0	276	0	0	0	0	0	0	0	0	0	0	0	0	172	0	230	726	0	0	0	0	0	0	0	0	596	142	388	114	4278	1022	0	11002	6356	4782	3440	0	0	0	8330	262	0	224	7604	86	0	0	3240	0	364	0	2396	118	458	0	0	0	0	0	0	0	0	0	10880	1594	2088	196	100	180	148	120	0	0	856	6256	960	0	0	0	0	0	2396	0	0	0	798	144	0	0	0	0	0	0	3414	0	0	0	0	0	0	0	0	0	0	0	0	0	314	0	0	0	0	0	
217432	Cingulum_Post_R	216	5436	0	462	0	0	0	0	0	0	0	0	0	0	0	0	154	0	128	5052	0	0	0	0	0	0	0	0	704	486	102	0	2012	8068	11002	0	4762	10182	2944	662	0	0	302	814	0	160	618	5718	0	0	428	354	0	828	834	1696	0	1942	0	0	0	0	0	0	0	0	1118	12374	284	7844	218	0	318	216	0	0	982	7620	840	0	0	0	0	0	422	580	0	0	174	4166	0	0	0	0	0	0	140	0	0	0	0	0	0	0	0	0	0	0	0	0	5354	0	0	0	0	0	
278080	Hippocampus_L	3102	3186	1756	612	0	0	704	470	0	0	516	104	0	0	114	0	2780	0	1268	512	212	0	550	0	0	0	0	0	13208	118	564	0	0	0	6356	4762	0	2742	19942	0	6066	0	1048	0	0	0	3868	186	0	0	114	0	86	0	16682	0	566	612	0	0	312	0	198	142	0	0	2428	678	0	0	1788	242	6638	124	118	0	8522	7544	6612	0	1302	0	872	0	966	0	338	0	6932	0	0	0	0	0	0	0	364	0	0	0	0	0	0	0	0	0	0	0	0	0	114	0	0	0	0	0	
268088	Hippocampus_R	94	6074	0	1256	0	0	0	230	0	0	0	600	0	518	0	0	0	1400	216	538	0	130	0	238	0	0	0	0	106	4710	104	290	0	116	4782	10182	2742	0	3338	20874	0	10920	0	824	0	0	772	5850	0	0	0	0	0	0	250	17220	0	706	0	0	0	0	0	214	0	0	460	5348	0	94	380	206	704	9052	178	92	192	6804	0	446	0	772	0	746	0	2448	0	0	0	8038	0	0	0	0	126	94	234	650	0	0	0	0	0	0	0	0	0	0	0	0	1686	0	0	0	0	0	
144300	ParaHippocampal_L	1614	374	522	216	0	0	464	0	0	0	140	0	0	0	268	0	0	0	222	232	416	0	316	0	0	0	0	0	1780	116	216	0	0	0	3440	2944	19942	3338	0	226	2560	0	162	0	0	0	4426	514	0	0	0	0	0	0	12744	250	0	0	0	0	0	0	0	0	0	0	568	268	0	0	124	0	918	440	0	0	2910	4438	620	0	0	0	444	0	102	0	194	0	1386	106	166	0	0	0	0	162	1086	0	302	0	0	0	92	0	148	0	0	0	0	234	0	0	0	0	0	0	
135888	ParaHippocampal_R	0	186	0	470	0	0	0	178	0	0	0	302	0	372	0	94	0	0	0	178	0	310	0	238	0	0	0	0	0	958	0	288	0	0	0	662	0	20874	226	0	0	9152	0	354	0	0	0	5008	0	0	0	0	0	0	0	13920	0	0	0	0	0	0	0	0	0	0	0	1338	0	0	0	200	0	3884	0	0	0	420	0	0	0	0	0	1528	0	742	0	266	0	2302	0	0	0	0	0	398	0	2820	0	276	0	0	0	0	0	0	0	0	0	0	0	0	0	0	0	0	
29044	Amygdala_L	0	0	0	0	0	0	0	0	0	0	0	0	0	0	140	0	0	0	0	0	538	0	0	0	0	0	0	0	498	0	0	0	0	0	0	0	6066	0	2560	0	0	0	0	0	0	0	0	0	0	0	0	0	0	0	3264	0	0	0	0	0	0	0	0	0	0	0	0	0	0	0	0	0	166	0	0	0	0	0	0	0	0	0	742	0	0	0	292	0	256	0	0	0	0	0	0	0	0	0	0	0	0	0	0	0	0	0	0	0	0	0	0	0	0	0	0	0	
65272	Amygdala_R	0	0	0	0	0	0	0	0	0	0	0	0	0	0	0	0	0	0	0	0	0	464	0	0	0	0	0	0	0	736	0	0	0	0	0	0	0	10920	0	9152	0	0	0	0	0	0	0	0	0	0	0	0	0	0	0	6726	0	0	0	0	0	0	0	0	0	0	0	0	0	0	0	0	0	1954	0	0	0	266	0	0	0	0	0	2106	0	0	0	0	0	312	0	0	0	0	0	0	0	0	0	0	0	0	0	0	0	0	0	0	0	0	0	0	0	0	0	0	
235888	Calcarine_L	652	100	0	0	0	0	0	0	0	0	0	0	0	0	0	0	0	0	0	0	0	0	0	0	0	0	0	0	0	0	0	0	204	0	8330	302	1048	0	162	0	0	0	0	5314	9702	3720	14112	1694	7190	2176	23366	474	5126	0	1598	122	500	0	208	0	0	0	128	0	150	0	19652	582	1044	0	0	0	0	0	0	0	0	220	374	0	0	0	0	0	4330	0	0	0	1330	0	0	0	0	0	0	0	3860	0	0	0	0	0	0	0	0	0	0	0	0	0	174	0	0	0	0	0	
214060	Calcarine_R	0	296	0	0	0	0	0	0	0	0	0	0	0	0	0	0	0	0	0	284	0	0	0	0	0	0	0	0	0	0	0	0	0	114	262	814	0	824	0	354	0	0	5314	0	3340	18284	266	18056	710	16678	0	6972	0	7328	0	5092	0	650	0	0	0	0	0	0	0	0	1548	12778	0	878	0	0	0	0	0	0	0	0	0	0	0	0	0	0	0	2046	0	0	0	2552	0	0	0	0	0	0	0	166	0	0	0	0	0	0	0	0	0	0	0	0	1424	0	0	0	0	0	
160460	Cuneus_L	0	0	0	0	0	0	0	0	0	0	0	0	0	0	0	0	0	0	0	0	0	0	0	0	0	0	0	0	0	0	0	0	0	0	0	0	0	0	0	0	0	0	9702	3340	0	6570	582	174	22582	1890	15172	152	538	0	0	0	124	0	2838	0	108	0	0	0	0	0	15564	662	0	0	0	0	0	0	0	0	0	0	0	0	0	0	0	0	116	0	0	0	116	0	0	0	0	0	0	0	0	0	0	0	0	0	0	0	0	0	0	0	0	0	0	0	0	0	0	0	
256628	Cuneus_R	0	548	0	0	0	0	0	0	0	0	0	0	0	0	0	0	0	0	0	598	0	0	0	0	0	0	0	0	0	0	0	0	160	292	224	160	0	0	0	0	0	0	3720	18284	6570	0	122	3272	726	32488	0	10026	0	2396	0	2780	0	5212	0	1478	0	356	0	0	0	672	4164	26480	0	5842	0	0	0	0	0	0	0	0	0	0	0	0	0	0	0	654	0	0	0	852	0	0	0	0	0	0	0	0	0	0	0	0	0	0	0	0	0	0	0	0	238	0	0	0	0	0	
279972	Lingual_L	554	90	0	0	0	0	0	0	0	0	0	0	0	0	0	0	0	0	0	0	0	0	0	0	0	0	0	0	0	0	0	0	194	0	7604	618	3868	772	4426	0	0	0	14112	266	582	122	0	2312	1342	0	6764	0	4546	0	18700	378	414	0	0	0	0	0	0	0	0	0	10718	104	946	0	0	0	0	116	0	0	198	926	252	0	0	0	0	0	564	0	0	0	644	0	14874	772	892	182	638	216	13730	218	20178	1066	0	0	0	0	0	0	0	0	0	202	1848	2634	404	0	0	0	
313652	Lingual_R	0	1506	0	0	0	0	0	0	0	0	0	0	0	0	0	0	0	0	0	968	0	0	0	0	0	0	0	0	0	0	0	0	0	622	86	5718	186	5850	514	5008	0	0	1694	18056	174	3272	2312	0	0	5498	0	6438	0	5392	360	16746	0	1408	0	0	0	0	0	0	0	0	260	14136	0	2008	0	0	0	120	0	0	0	606	0	0	0	236	0	0	0	3256	0	0	0	4930	1544	7764	574	692	316	278	1418	5984	3362	10162	0	0	0	0	0	0	0	0	150	350	8274	6972	1626	0	0	0	
173968	Occipital_Sup_L	0	0	0	0	0	0	0	0	0	0	0	0	0	0	0	0	0	0	0	0	0	0	0	0	0	0	0	0	0	0	0	0	0	0	0	0	0	0	0	0	0	0	7190	710	22582	726	1342	0	0	0	22678	0	650	0	0	0	108	0	9266	0	500	0	0	0	100	0	21132	0	0	0	0	0	0	0	0	0	0	0	0	0	0	0	0	0	0	0	0	0	0	0	0	0	0	0	0	0	0	0	0	0	0	0	0	0	0	0	0	0	0	0	0	0	0	0	0	0	
238764	Occipital_Sup_R	0	436	0	0	0	0	0	0	0	0	0	0	0	0	0	0	0	0	0	330	0	0	0	0	0	0	0	0	0	0	0	0	0	0	0	0	0	0	0	0	0	0	2176	16678	1890	32488	0	5498	0	0	0	18154	0	3882	0	3606	0	2946	0	2572	0	1668	0	0	0	3972	2062	18118	0	1828	0	0	0	0	0	0	0	0	0	0	0	0	0	0	0	420	0	0	0	658	0	0	0	0	0	0	0	0	0	0	0	0	0	0	0	0	0	0	0	0	0	0	0	0	0	0	
422048	Occipital_Mid_L	4736	1210	0	0	0	0	0	0	0	0	0	0	0	0	0	0	256	0	0	342	0	0	0	0	0	0	0	0	428	0	0	0	0	222	3240	428	114	0	0	0	0	0	23366	0	15172	0	6764	0	22678	0	0	0	15432	0	3050	0	3528	0	12070	0	9092	0	6798	0	15390	0	18384	0	2558	0	0	0	0	0	0	0	0	0	1550	0	560	0	0	0	30660	0	0	0	12446	0	0	0	0	0	0	0	550	0	0	0	0	0	0	0	0	0	0	0	0	0	0	0	0	0	0	0	
203064	Occipital_Mid_R	0	442	0	0	0	0	0	0	0	0	0	0	0	0	0	0	0	0	0	320	0	0	0	0	0	0	0	0	0	0	0	0	0	0	0	354	0	0	0	0	0	0	474	6972	152	10026	0	6438	0	18154	0	0	0	6434	0	6300	0	1620	0	350	0	2926	0	300	0	15148	682	8698	0	1446	0	0	0	0	0	0	0	0	0	0	0	630	0	0	0	11186	0	0	0	2480	0	0	0	0	0	0	0	0	0	0	0	0	0	0	0	0	0	0	0	0	0	0	0	0	0	0	
106288	Occipital_Inf_L	304	0	0	0	0	0	0	0	0	0	0	0	0	0	0	0	0	0	0	0	0	0	0	0	0	0	0	0	0	0	0	0	0	0	364	0	86	0	0	0	0	0	5126	0	538	0	4546	0	650	0	15432	0	0	0	9084	0	0	0	0	0	0	0	0	0	0	0	1320	0	234	0	0	0	0	0	0	0	0	0	500	0	0	0	0	0	5394	0	0	0	8710	0	646	0	0	0	0	0	118	0	92	0	0	0	0	0	0	0	0	0	0	0	0	0	0	0	0	0	
88948	Occipital_Inf_R	0	0	0	0	0	0	0	0	0	0	0	0	0	0	0	0	0	0	0	0	0	0	0	0	0	0	0	0	0	0	0	0	0	0	0	828	0	0	0	0	0	0	0	7328	0	2396	0	5392	0	3882	0	6434	0	0	0	10390	0	0	0	0	0	0	0	0	0	0	0	1726	0	0	0	0	0	0	0	0	0	0	0	0	0	0	0	0	0	962	0	0	0	4248	0	444	0	0	0	0	0	0	0	254	0	0	0	0	0	0	0	0	0	0	0	190	0	0	0	0	
369916	Fusiform_L	2624	1278	492	130	0	0	400	376	0	0	92	0	0	0	0	0	148	0	270	248	94	0	290	0	0	0	0	0	4414	0	292	0	148	0	2396	834	16682	250	12744	0	3264	0	1598	0	0	0	18700	360	0	0	3050	0	9084	0	0	150	0	108	0	0	0	0	0	0	0	0	648	0	0	0	948	0	1866	0	0	0	1188	1240	2382	0	1192	0	1896	0	3182	0	1334	0	17312	0	26886	480	2444	0	0	0	8862	92	28964	572	0	0	400	0	94	0	0	0	0	0	958	1280	222	0	0	0	
310536	Fusiform_R	0	406	0	0	0	0	0	0	0	0	0	0	0	0	0	0	0	0	0	0	0	0	0	0	0	0	0	0	0	1460	0	0	0	0	118	1696	0	17220	250	13920	0	6726	122	5092	0	2780	378	16746	0	3606	0	6300	0	10390	150	0	0	0	0	0	0	0	0	0	0	0	0	2276	0	0	0	0	0	2748	0	0	0	386	0	0	0	2108	0	5056	0	3340	0	1136	0	17874	348	8884	268	796	0	268	0	5776	680	9886	0	0	0	366	0	92	0	0	0	0	942	3480	894	108	196	0	
233196	Postcentral_L	15516	1980	570	106	0	0	522	408	0	0	2042	0	0	0	0	0	11950	0	556	0	0	0	140	0	0	0	0	0	4556	0	144	0	580	0	458	0	566	0	0	0	0	0	500	0	124	0	414	0	108	0	3528	0	0	0	0	0	0	0	11610	0	21510	0	7408	0	560	0	6828	0	6774	0	0	0	0	0	0	0	0	0	1994	0	3966	0	0	0	5732	0	0	0	5338	0	0	0	0	0	0	0	110	0	0	0	0	0	0	0	0	0	0	0	0	0	0	0	0	0	0	0	
222776	Postcentral_R	460	15138	112	426	0	0	98	254	0	0	0	2870	0	0	0	0	0	5864	300	724	0	0	0	0	0	0	0	0	0	390	0	0	0	530	0	1942	612	706	0	0	0	0	0	650	0	5212	0	1408	0	2946	0	1620	0	0	108	0	0	0	0	5982	0	5850	0	18268	0	556	260	15650	102	12842	136	0	388	818	968	0	1822	532	0	84	0	950	0	0	0	1180	0	0	0	1034	0	0	0	0	0	0	0	0	0	0	0	0	0	0	0	0	0	0	0	0	1596	0	0	0	0	0	
145612	Parietal_Sup_L	0	0	0	0	0	0	0	0	0	0	0	0	0	0	0	0	0	0	0	0	0	0	0	0	0	0	0	0	0	0	0	0	0	0	0	0	0	0	0	0	0	0	208	0	2838	0	0	0	9266	0	12070	0	0	0	0	0	11610	0	0	0	13756	0	438	0	966	0	14246	0	3880	0	0	0	0	0	0	0	0	0	0	0	146	0	0	0	1984	0	0	0	1398	0	0	0	0	0	0	0	0	0	0	0	0	0	0	0	0	0	0	0	0	0	0	0	0	0	0	0	
44128	Parietal_Sup_R	0	0	0	0	0	0	0	0	0	0	0	0	0	0	0	0	0	0	0	0	0	0	0	0	0	0	0	0	0	0	0	0	0	0	0	0	0	0	0	0	0	0	0	0	0	1478	0	0	0	2572	0	350	0	0	0	0	0	5982	0	0	0	3314	0	0	0	1228	414	6432	0	294	0	0	0	0	0	0	0	0	0	0	0	0	0	0	0	0	0	0	0	0	0	0	0	0	0	0	0	0	0	0	0	0	0	0	0	0	0	0	0	0	0	0	0	0	0	0	
176548	Parietal_Inf_L	3456	442	0	0	0	0	0	116	0	0	104	0	0	0	0	0	2044	0	0	0	0	0	0	0	0	0	0	0	1242	0	0	0	510	0	0	0	312	0	0	0	0	0	0	0	108	0	0	0	500	0	9092	0	0	0	0	0	21510	0	13756	0	0	0	12510	0	5578	0	2500	0	1470	0	0	0	0	0	0	0	0	0	460	0	2450	0	0	0	6768	0	0	0	3346	0	0	0	0	0	0	0	0	0	0	0	0	0	0	0	0	0	0	0	0	0	0	0	0	0	0	0	
51316	Parietal_Inf_R	0	0	0	0	0	0	0	0	0	0	0	0	0	0	0	0	0	0	0	0	0	0	0	0	0	0	0	0	0	0	0	0	0	0	0	0	0	0	0	0	0	0	0	0	0	356	0	0	0	1668	0	2926	0	0	0	0	0	5850	0	3314	0	0	0	3680	0	6348	0	896	0	0	0	0	0	0	0	0	0	0	0	0	0	0	0	0	0	530	0	0	0	90	0	0	0	0	0	0	0	0	0	0	0	0	0	0	0	0	0	0	0	0	0	0	0	0	0	0	
134788	SupraMarginal_L	1230	262	0	0	0	0	0	0	0	0	0	0	0	0	0	0	5030	0	0	0	0	0	0	0	0	0	0	0	544	0	0	0	0	0	0	0	198	0	0	0	0	0	128	0	0	0	0	0	0	0	6798	0	0	0	0	0	7408	0	438	0	12510	0	0	0	9570	0	0	0	362	0	0	0	0	0	0	0	0	0	384	0	9982	0	0	0	10728	0	0	0	1822	0	0	0	0	0	0	0	0	0	0	0	0	0	0	0	0	0	0	0	0	0	0	0	0	0	0	0	
84428	SupraMarginal_R	318	3932	0	148	0	0	0	0	0	0	0	828	0	0	0	0	0	4374	172	220	0	0	0	0	0	0	0	0	0	118	0	0	0	112	0	0	142	214	0	0	0	0	0	0	0	0	0	0	0	0	0	300	0	0	0	0	0	18268	0	0	0	3680	0	0	0	1888	0	0	0	0	0	0	178	140	1102	0	248	104	0	92	0	2702	0	0	0	2120	0	0	0	814	0	0	0	0	0	0	0	0	0	0	0	0	0	0	0	0	0	0	0	0	0	0	0	0	0	0	
82616	Angular_L	92	0	0	0	0	0	0	0	0	0	0	0	0	0	0	0	0	0	0	0	0	0	0	0	0	0	0	0	0	0	0	0	0	0	0	0	0	0	0	0	0	0	150	0	0	0	0	0	100	0	15390	0	0	0	0	0	560	0	966	0	5578	0	9570	0	0	0	0	0	0	0	0	0	0	0	0	0	0	0	0	0	620	0	0	0	7298	0	0	0	984	0	0	0	0	0	0	0	0	0	0	0	0	0	0	0	0	0	0	0	0	0	0	0	0	0	0	0	
77608	Angular_R	0	0	0	0	0	0	0	0	0	0	0	0	0	0	0	0	0	0	0	0	0	0	0	0	0	0	0	0	0	0	0	0	0	0	0	0	0	0	0	0	0	0	0	0	0	672	0	0	0	3972	0	15148	0	0	0	0	0	556	0	1228	0	6348	0	1888	0	0	0	1502	0	0	0	0	0	0	142	0	0	0	0	0	0	912	0	0	0	6170	0	0	0	266	0	0	0	0	0	0	0	0	0	0	0	0	0	0	0	0	0	0	0	0	0	0	0	0	0	0	
322280	Precuneus_L	654	0	0	114	0	0	0	0	0	0	0	0	0	0	0	0	0	0	0	0	0	0	0	0	0	0	0	0	88	0	0	0	2360	326	10880	1118	2428	460	568	0	0	0	19652	1548	15564	4164	10718	260	21132	2062	18384	682	1320	0	648	0	6828	260	14246	414	2500	0	0	0	0	0	0	6360	5552	468	0	0	100	0	0	0	108	774	188	0	0	0	0	0	2436	0	0	0	1642	0	0	0	0	0	0	0	3964	0	0	0	0	0	0	0	0	0	0	0	0	0	170	0	0	0	0	0	
378744	Precuneus_R	0	2166	0	294	0	0	0	0	0	0	0	0	0	0	0	0	0	0	0	3420	0	0	0	0	0	0	0	0	0	124	0	0	286	4400	1594	12374	678	5348	268	1338	0	0	582	12778	662	26480	104	14136	0	18118	0	8698	0	1726	0	2276	0	15650	0	6432	0	896	0	0	0	1502	6360	0	308	21026	148	0	206	0	0	0	0	1962	0	0	0	0	0	0	0	3832	0	0	0	5258	0	0	0	0	0	0	0	466	0	0	0	0	0	0	0	0	0	0	0	0	7476	0	0	0	0	0	
131292	Paracentral_Lobule_L	14916	3292	846	0	0	0	0	0	0	0	0	0	0	0	0	0	250	0	3984	4762	0	0	0	0	0	0	0	0	350	0	0	0	1424	2736	2088	284	0	0	0	0	0	0	1044	0	0	0	946	0	0	0	2558	0	234	0	0	0	6774	102	3880	0	1470	0	362	0	0	0	5552	308	0	524	0	0	160	0	0	0	0	722	398	0	0	0	0	0	3336	0	0	0	1986	0	0	0	0	0	0	0	358	0	0	0	0	0	0	0	0	0	0	0	0	0	0	0	0	0	0	0	
177492	Paracentral_Lobule_R	318	9066	108	0	0	0	0	0	0	0	0	0	0	0	0	0	0	0	176	9660	0	0	0	0	0	0	0	0	0	0	0	0	980	8716	196	7844	0	94	0	0	0	0	0	878	0	5842	0	2008	0	1828	0	1446	0	0	0	0	0	12842	0	294	0	0	0	0	0	0	468	21026	524	0	0	0	0	0	0	0	0	202	0	0	0	204	0	0	0	996	0	0	0	584	0	0	0	0	0	0	0	0	0	0	0	0	0	0	0	0	0	0	0	0	2446	0	0	0	0	0	
335528	Caudate_L	2158	11098	7776	6974	2222	1748	2914	6596	636	448	1136	1922	1016	1148	822	1386	1264	1466	3088	2218	5614	4782	3154	2690	1518	286	1114	110	14690	2214	15412	6328	0	126	100	218	1788	380	124	0	0	0	0	0	0	0	0	0	0	0	0	0	0	0	948	0	0	136	0	0	0	0	0	0	0	0	0	148	0	0	0	11978	22374	1256	2568	946	5172	710	0	0	1564	0	0	582	0	0	0	0	698	0	0	0	0	0	0	0	0	0	0	0	0	0	0	0	0	0	0	0	0	0	0	0	0	0	0	0	
331184	Caudate_R	2078	4848	1046	14682	0	12402	100	4792	0	1160	0	3372	0	1478	0	3128	132	2090	208	11034	3460	6358	100	8380	84	6678	308	3072	462	5276	4432	17446	0	458	180	0	242	206	0	200	0	0	0	0	0	0	0	0	0	0	0	0	0	0	0	0	0	0	0	0	0	0	0	0	0	0	0	0	0	0	11978	0	2684	16180	332	1766	722	11724	0	0	0	0	0	314	0	0	0	0	0	0	0	0	0	0	0	0	0	0	0	0	0	0	0	0	0	0	0	0	0	0	0	0	0	0	0	0	
322100	Putamen_L	1974	6036	12830	1808	11514	0	1520	2912	5042	0	1174	722	2794	0	7036	0	234	604	7424	1158	2900	2016	2508	134	1496	170	1124	90	18374	698	13500	1656	0	0	148	318	6638	704	918	0	166	0	0	0	0	0	0	0	0	0	0	0	0	0	1866	0	0	388	0	0	0	0	0	178	0	0	100	206	160	0	22374	2684	0	670	7226	456	1698	760	0	0	1766	0	834	0	0	0	0	0	1344	0	0	0	0	0	0	0	0	0	0	0	0	0	0	0	0	0	0	0	0	0	0	0	0	0	0	0	
245752	Putamen_R	130	2814	0	10904	0	7284	0	2020	0	796	0	3742	0	3450	0	3286	0	1980	414	9070	530	2102	0	2402	0	2456	0	1686	0	17184	1006	4822	0	314	120	216	124	9052	440	3884	0	1954	0	0	0	0	116	120	0	0	0	0	0	0	0	2748	0	818	0	0	0	0	0	140	0	0	0	0	0	0	1256	16180	670	0	174	2416	0	2370	0	0	0	0	0	282	0	528	0	0	0	876	0	0	0	0	0	0	0	0	0	0	0	0	0	0	0	0	0	0	0	0	0	0	0	0	0	0	
58772	Pallidum_L	654	2424	3216	286	0	0	0	150	0	0	0	128	0	0	0	0	0	278	3362	322	378	0	0	0	0	0	0	0	0	422	1976	314	0	0	0	0	118	178	0	0	0	0	0	0	0	0	0	0	0	0	0	0	0	0	0	0	0	968	0	0	0	0	0	1102	0	142	0	0	0	0	2568	332	7226	174	0	134	1196	240	0	0	0	0	0	0	0	622	0	0	0	476	0	0	0	0	0	0	0	0	0	0	0	0	0	0	0	0	0	0	0	0	0	0	0	0	0	0	
18860	Pallidum_R	0	0	0	1018	0	0	0	0	0	0	0	0	0	0	0	0	0	88	0	1430	146	524	0	0	0	0	0	0	0	0	214	200	0	0	0	0	0	92	0	0	0	0	0	0	0	0	0	0	0	0	0	0	0	0	0	0	0	0	0	0	0	0	0	0	0	0	0	0	0	0	946	1766	456	2416	134	0	0	0	0	0	0	0	0	0	0	0	0	0	0	0	0	0	0	0	0	0	0	0	0	0	0	0	0	0	0	0	0	0	0	0	0	0	0	0	0	0	
125056	Thalamus_L	6312	10988	2986	1088	0	0	782	306	0	0	90	114	0	0	0	0	264	0	2316	1358	0	0	238	0	0	0	0	0	1914	0	202	0	0	0	856	982	8522	192	2910	0	0	0	0	0	0	0	198	0	0	0	0	0	0	0	1188	0	0	1822	0	0	0	0	0	248	0	0	108	0	0	0	5172	722	1698	0	1196	0	0	5754	1386	0	88	0	0	0	118	0	0	0	410	0	0	0	0	0	0	0	0	0	0	0	0	0	0	0	0	0	0	0	0	0	0	0	0	0	0	0	
187756	Thalamus_R	7742	7232	1050	1936	0	0	92	0	0	0	0	254	0	0	0	0	226	102	342	6792	0	0	0	0	0	0	0	0	1058	488	148	0	0	482	6256	7620	7544	6804	4438	420	0	266	220	0	0	0	926	606	0	0	0	0	0	0	1240	386	0	532	0	0	0	0	0	104	0	0	774	1962	722	202	710	11724	760	2370	240	0	5754	0	1148	0	0	0	0	0	126	196	0	0	350	296	0	0	0	0	0	0	150	0	0	0	0	0	0	0	0	0	0	0	0	0	1088	0	0	0	0	0	
130664	Heschl_L	3934	1336	466	0	0	0	510	0	0	0	1138	0	0	0	0	0	8202	0	368	242	0	0	226	0	0	0	0	0	10596	0	200	0	0	0	960	840	6612	0	620	0	0	0	374	0	0	0	252	0	0	0	1550	0	500	0	2382	0	1994	0	0	0	460	0	384	0	0	0	188	0	398	0	0	0	0	0	0	0	1386	1148	0	0	5590	0	0	0	6996	0	0	0	5480	0	0	0	0	0	0	0	0	0	0	0	0	0	0	0	0	0	0	0	0	0	0	0	0	0	0	0	
20956	Heschl_R	0	298	0	326	0	0	0	0	0	0	0	0	0	0	0	0	0	1934	0	364	0	0	0	0	0	0	0	0	0	1486	0	0	0	0	0	0	0	446	0	0	0	0	0	0	0	0	0	0	0	0	0	0	0	0	0	0	0	84	0	0	0	0	0	92	0	0	0	0	0	0	0	0	0	0	0	0	0	0	0	0	0	3416	0	0	0	1584	0	0	0	448	0	0	0	0	0	0	0	0	0	0	0	0	0	0	0	0	0	0	0	0	0	0	0	0	0	0	
184008	Temporal_Sup_L	2008	824	518	160	0	0	240	410	0	0	1686	110	610	0	0	0	6854	0	382	0	0	0	186	0	0	0	0	0	6986	112	632	0	0	0	0	0	1302	0	0	0	0	0	0	0	0	0	0	0	0	0	560	0	0	0	1192	0	3966	0	146	0	2450	0	9982	0	620	0	0	0	0	0	1564	0	1766	0	0	0	88	0	5590	0	0	0	2808	0	23900	0	86	0	14266	0	0	0	0	0	0	0	0	0	0	0	0	0	0	0	0	0	0	0	0	0	0	0	0	0	0	0	
107888	Temporal_Sup_R	0	474	0	0	0	0	0	0	0	0	0	0	0	0	0	378	0	4050	0	142	0	0	0	0	0	0	0	0	0	8600	0	0	0	0	0	0	0	772	0	0	0	0	0	0	0	0	0	236	0	0	0	630	0	0	0	2108	0	950	0	0	0	0	0	2702	0	912	0	0	0	204	0	0	0	0	0	0	0	0	0	3416	0	0	0	5704	0	16020	0	1902	0	4744	0	0	0	0	0	0	0	0	0	0	0	0	0	0	0	0	0	0	0	0	0	0	0	0	0	0	
68608	Temporal_Pole_Sup_L	88	0	0	0	480	0	0	0	132	0	766	0	588	0	1072	0	722	0	0	0	686	0	0	0	0	0	0	0	2736	0	0	0	0	0	0	0	872	0	444	0	742	0	0	0	0	0	0	0	0	0	0	0	0	0	1896	0	0	0	0	0	0	0	0	0	0	0	0	0	0	0	0	0	834	0	0	0	0	0	0	0	2808	0	0	0	7598	0	4746	0	7094	0	0	0	0	0	0	0	0	0	0	0	0	0	0	0	0	0	0	0	0	0	0	0	0	0	0	0	
77396	Temporal_Pole_Sup_R	0	0	0	200	0	0	0	94	0	0	0	1344	0	1198	0	588	0	2392	0	114	0	104	0	192	0	0	0	0	0	3034	0	286	0	0	0	0	0	746	0	1528	0	2106	0	0	0	0	0	0	0	0	0	0	0	0	0	5056	0	0	0	0	0	0	0	0	0	0	0	0	0	0	582	314	0	282	0	0	0	0	0	0	0	5704	0	0	0	4716	0	4024	0	4094	0	0	0	0	0	0	0	0	0	0	0	0	0	0	0	0	0	0	0	0	0	0	0	0	0	0	
396012	Temporal_Mid_L	6116	1224	0	0	0	0	122	0	0	0	0	0	0	0	0	0	1496	0	0	280	0	0	0	0	0	0	0	0	1748	0	0	0	584	190	2396	422	966	0	102	0	0	0	4330	0	116	0	564	0	0	0	30660	0	5394	0	3182	0	5732	0	1984	0	6768	0	10728	0	7298	0	2436	0	3336	0	0	0	0	0	0	0	118	126	6996	0	23900	0	7598	0	0	0	4056	0	56780	0	0	0	0	0	0	0	258	0	0	0	0	0	0	0	0	0	0	0	0	0	0	0	0	0	0	0	
203292	Temporal_Mid_R	0	2416	0	0	0	0	0	0	0	0	0	0	0	0	0	0	0	780	0	608	0	0	0	0	0	0	0	0	0	3998	0	0	0	142	0	580	0	2448	0	742	0	0	0	2046	0	654	0	3256	0	420	0	11186	0	962	0	3340	0	1180	0	0	0	530	0	2120	0	6170	0	3832	0	996	0	0	0	528	622	0	0	196	0	1584	0	16020	0	4716	0	0	0	3154	0	26420	0	0	0	0	0	0	0	0	0	0	0	0	0	0	0	0	0	0	0	0	0	0	0	0	0	0	
30764	Temporal_Pole_Mid_L	0	0	0	0	0	0	0	0	0	0	0	0	0	0	0	0	0	0	0	0	0	0	0	0	0	0	0	0	0	0	0	0	0	0	0	0	338	0	194	0	292	0	0	0	0	0	0	0	0	0	0	0	0	0	1334	0	0	0	0	0	0	0	0	0	0	0	0	0	0	0	0	0	0	0	0	0	0	0	0	0	86	0	4746	0	4056	0	0	0	4336	0	0	0	0	0	0	0	0	0	0	0	0	0	0	0	0	0	0	0	0	0	0	0	0	0	0	0	
25560	Temporal_Pole_Mid_R	0	0	0	0	0	0	0	0	0	0	0	0	0	0	0	0	0	0	0	0	0	0	0	0	0	0	0	0	0	270	0	0	0	0	0	0	0	0	0	266	0	0	0	0	0	0	0	0	0	0	0	0	0	0	0	1136	0	0	0	0	0	0	0	0	0	0	0	0	0	0	0	0	0	0	0	0	0	0	0	0	0	1902	0	4024	0	3154	0	0	0	2028	0	0	0	0	0	0	0	0	0	0	0	0	0	0	0	0	0	0	0	0	0	0	0	0	0	0	
340960	Temporal_Inf_L	4264	1480	188	0	0	0	160	622	0	0	0	0	0	0	0	0	962	0	110	0	0	0	0	0	0	0	0	0	3550	0	0	0	582	0	798	174	6932	0	1386	0	256	0	1330	0	116	0	644	0	0	0	12446	0	8710	0	17312	0	5338	0	1398	0	3346	0	1822	0	984	0	1642	0	1986	0	698	0	1344	0	0	0	410	350	5480	0	14266	0	7094	0	56780	0	4336	0	0	0	1008	0	0	0	0	0	176	0	0	0	0	0	0	0	0	0	0	0	0	0	0	0	0	0	0	0	
210236	Temporal_Inf_R	0	2894	0	0	0	0	0	0	0	0	0	0	0	0	0	0	0	600	0	352	0	0	0	0	0	0	0	0	0	3654	0	0	0	192	144	4166	0	8038	106	2302	0	312	0	2552	0	852	0	4930	0	658	0	2480	0	4248	0	17874	0	1034	0	0	0	90	0	814	0	266	0	5258	0	584	0	0	0	876	476	0	0	296	0	448	0	4744	0	4094	0	26420	0	2028	0	0	0	522	0	0	0	0	0	108	0	0	0	0	0	0	0	0	0	0	0	0	706	0	0	0	0	0	
470948	Cerebelum_Crus1_L	0	0	0	0	0	0	0	0	0	0	0	0	0	0	0	0	0	0	0	0	0	0	0	0	0	0	0	0	0	0	0	0	0	0	0	0	0	0	166	0	0	0	0	0	0	0	14874	1544	0	0	0	0	646	0	26886	348	0	0	0	0	0	0	0	0	0	0	0	0	0	0	0	0	0	0	0	0	0	0	0	0	0	0	0	0	0	0	0	0	1008	0	0	5120	41656	2982	1194	106	24388	1512	58372	5412	8884	788	10116	1662	1480	0	504	0	92	266	5384	9996	7966	1052	98	972	
502492	Cerebelum_Crus1_R	0	0	0	0	0	0	0	0	0	0	0	0	0	0	0	0	0	0	0	0	0	0	0	0	0	0	0	0	0	0	0	0	0	0	0	0	0	0	0	0	0	0	0	0	0	0	772	7764	0	0	0	0	0	444	480	8884	0	0	0	0	0	0	0	0	0	0	0	0	0	0	0	0	0	0	0	0	0	0	0	0	0	0	0	0	0	0	0	0	0	522	5120	0	2242	31900	0	5352	5140	27142	7964	67126	116	7710	284	11518	0	1298	0	0	94	3928	14968	21510	13944	1852	1400	1772	
324084	Cerebelum_Crus2_L	0	0	0	0	0	0	0	0	0	0	0	0	0	0	0	0	0	0	0	0	0	0	0	0	0	0	0	0	0	0	0	0	0	0	0	0	0	0	0	0	0	0	0	0	0	0	892	574	0	0	0	0	0	0	2444	268	0	0	0	0	0	0	0	0	0	0	0	0	0	0	0	0	0	0	0	0	0	0	0	0	0	0	0	0	0	0	0	0	0	0	41656	2242	0	11974	1246	0	8600	594	12802	2178	20258	3024	17060	3650	2400	316	422	0	188	336	2814	3882	15268	5324	502	1128	
327292	Cerebelum_Crus2_R	0	0	0	0	0	0	0	0	0	0	0	0	0	0	0	0	0	0	0	0	0	0	0	0	0	0	0	0	0	0	0	0	0	0	0	0	0	0	0	0	0	0	0	0	0	0	182	692	0	0	0	0	0	0	0	796	0	0	0	0	0	0	0	0	0	0	0	0	0	0	0	0	0	0	0	0	0	0	0	0	0	0	0	0	0	0	0	0	0	0	2982	31900	11974	0	0	724	748	2794	1860	11604	2688	19144	1974	23282	170	4202	0	0	364	632	2210	6170	21524	7932	4220	2878	
39364	Cerebelum_3_L	0	0	0	0	0	0	0	0	0	0	0	0	0	0	0	0	0	0	0	0	0	0	0	0	0	0	0	0	0	0	0	0	0	0	0	0	0	126	0	0	0	0	0	0	0	0	638	316	0	0	0	0	0	0	0	0	0	0	0	0	0	0	0	0	0	0	0	0	0	0	0	0	0	0	0	0	0	0	0	0	0	0	0	0	0	0	0	0	0	0	1194	0	1246	0	0	168	6628	0	928	0	126	0	1308	0	1474	0	0	0	1014	1472	1968	0	336	388	352	0	
62828	Cerebelum_3_R	0	0	0	0	0	0	0	0	0	0	0	0	0	0	0	0	0	0	0	0	0	0	0	0	0	0	0	0	0	0	0	0	0	0	0	0	0	94	162	398	0	0	0	0	0	0	216	278	0	0	0	0	0	0	0	268	0	0	0	0	0	0	0	0	0	0	0	0	0	0	0	0	0	0	0	0	0	0	0	0	0	0	0	0	0	0	0	0	0	0	106	5352	0	724	168	0	252	6910	154	6992	0	168	0	1324	0	598	0	0	566	3882	844	370	520	476	496	96	
335092	Cerebelum_4_5_L	154	0	0	0	0	0	0	0	0	0	0	0	0	0	0	0	0	0	0	0	0	0	0	0	0	0	0	0	0	0	0	0	190	0	3414	140	364	234	1086	0	0	0	3860	0	0	0	13730	1418	0	0	550	0	118	0	8862	0	110	0	0	0	0	0	0	0	0	0	3964	0	358	0	0	0	0	0	0	0	0	150	0	0	0	0	0	0	258	0	0	0	176	0	24388	5140	8600	748	6628	252	0	2922	35466	5818	692	88	3762	728	4874	0	292	0	810	1788	12974	7072	2216	918	842	1392	
246040	Cerebelum_4_5_R	0	0	0	0	0	0	0	0	0	0	0	0	0	0	0	0	0	0	0	0	0	0	0	0	0	0	0	0	0	0	0	0	0	0	0	0	0	650	0	2820	0	0	0	166	0	0	218	5984	0	0	0	0	0	0	92	5776	0	0	0	0	0	0	0	0	0	0	0	466	0	0	0	0	0	0	0	0	0	0	0	0	0	0	0	0	0	0	0	0	0	108	1512	27142	594	2794	0	6910	2922	0	2694	34560	0	430	0	2524	0	490	0	0	0	3670	13892	2694	2316	592	826	178	
446408	Cerebelum_6_L	0	0	0	0	0	0	0	0	0	0	0	0	0	0	0	0	0	0	0	0	0	0	0	0	0	0	0	0	0	0	0	0	0	0	0	0	0	0	302	0	0	0	0	0	0	0	20178	3362	0	0	0	0	92	0	28964	680	0	0	0	0	0	0	0	0	0	0	0	0	0	0	0	0	0	0	0	0	0	0	0	0	0	0	0	0	0	0	0	0	0	0	58372	7964	12802	1860	928	154	35466	2694	0	9374	1598	0	1824	1260	330	0	396	0	0	276	9972	16672	5200	422	114	1948	
466264	Cerebelum_6_R	0	0	0	0	0	0	0	0	0	0	0	0	0	0	0	0	0	0	0	0	0	0	0	0	0	0	0	0	0	0	0	0	0	0	0	0	0	0	0	276	0	0	0	0	0	0	1066	10162	0	0	0	0	0	254	572	9886	0	0	0	0	0	0	0	0	0	0	0	0	0	0	0	0	0	0	0	0	0	0	0	0	0	0	0	0	0	0	0	0	0	0	5412	67126	2178	11604	0	6992	5818	34560	9374	0	0	1902	0	4508	0	246	0	0	0	4286	18962	23812	10820	998	540	1778	
160408	Cerebelum_7b_L	0	0	0	0	0	0	0	0	0	0	0	0	0	0	0	0	0	0	0	0	0	0	0	0	0	0	0	0	0	0	0	0	0	0	0	0	0	0	0	0	0	0	0	0	0	0	0	0	0	0	0	0	0	0	0	0	0	0	0	0	0	0	0	0	0	0	0	0	0	0	0	0	0	0	0	0	0	0	0	0	0	0	0	0	0	0	0	0	0	0	8884	116	20258	2688	126	0	692	0	1598	0	0	2262	23518	4998	3838	0	1112	0	0	0	0	0	3560	6554	0	0	
132828	Cerebelum_7b_R	0	0	0	0	0	0	0	0	0	0	0	0	0	0	0	0	0	0	0	0	0	0	0	0	0	0	0	0	0	0	0	0	0	0	0	0	0	0	0	0	0	0	0	0	0	0	0	0	0	0	0	0	0	0	0	0	0	0	0	0	0	0	0	0	0	0	0	0	0	0	0	0	0	0	0	0	0	0	0	0	0	0	0	0	0	0	0	0	0	0	788	7710	3024	19144	0	168	88	430	0	1902	2262	0	1854	17696	118	3958	0	0	0	154	174	0	2700	3780	464	0	
199268	Cerebelum_8_L	0	0	0	0	0	0	0	0	0	0	0	0	0	0	0	0	0	0	0	0	0	0	0	0	0	0	0	0	0	0	0	0	0	0	0	0	0	0	92	0	0	0	0	0	0	0	0	0	0	0	0	0	0	0	400	0	0	0	0	0	0	0	0	0	0	0	0	0	0	0	0	0	0	0	0	0	0	0	0	0	0	0	0	0	0	0	0	0	0	0	10116	284	17060	1974	1308	0	3762	0	1824	0	23518	1854	0	5542	13726	204	3860	0	258	408	966	136	3226	7646	1000	470	
261048	Cerebelum_8_R	0	0	0	0	0	0	0	0	0	0	0	0	0	0	0	0	0	0	0	0	0	0	0	0	0	0	0	0	0	0	0	0	0	0	0	0	0	0	0	0	0	0	0	0	0	0	0	0	0	0	0	0	0	0	0	366	0	0	0	0	0	0	0	0	0	0	0	0	0	0	0	0	0	0	0	0	0	0	0	0	0	0	0	0	0	0	0	0	0	0	1662	11518	3650	23282	0	1324	728	2524	1260	4508	4998	17696	5542	0	210	16842	0	318	490	1198	1624	2734	8534	12380	5188	1948	
73876	Cerebelum_9_L	0	0	0	0	0	0	0	0	0	0	0	0	0	0	0	0	0	0	0	0	0	0	0	0	0	0	0	0	0	0	0	0	0	0	0	0	0	0	148	0	0	0	0	0	0	0	0	0	0	0	0	0	0	0	94	0	0	0	0	0	0	0	0	0	0	0	0	0	0	0	0	0	0	0	0	0	0	0	0	0	0	0	0	0	0	0	0	0	0	0	1480	0	2400	170	1474	0	4874	0	330	0	3838	118	13726	210	0	200	2790	0	202	334	670	0	966	1140	1548	226	
80400	Cerebelum_9_R	0	0	0	0	0	0	0	0	0	0	0	0	0	0	0	0	0	0	0	0	0	0	0	0	0	0	0	0	0	0	0	0	0	0	0	0	0	0	0	0	0	0	0	0	0	0	0	0	0	0	0	0	0	0	0	92	0	0	0	0	0	0	0	0	0	0	0	0	0	0	0	0	0	0	0	0	0	0	0	0	0	0	0	0	0	0	0	0	0	0	0	1298	316	4202	0	598	0	490	0	246	0	3958	204	16842	200	0	0	1120	364	348	182	90	1364	2872	4100	1314	
18752	Cerebelum_10_L	0	0	0	0	0	0	0	0	0	0	0	0	0	0	0	0	0	0	0	0	0	0	0	0	0	0	0	0	0	0	0	0	0	0	0	0	0	0	0	0	0	0	0	0	0	0	0	0	0	0	0	0	0	0	0	0	0	0	0	0	0	0	0	0	0	0	0	0	0	0	0	0	0	0	0	0	0	0	0	0	0	0	0	0	0	0	0	0	0	0	504	0	422	0	0	0	292	0	396	0	1112	0	3860	0	2790	0	0	0	0	0	0	0	0	0	0	0	
2876	Cerebelum_10_R	0	0	0	0	0	0	0	0	0	0	0	0	0	0	0	0	0	0	0	0	0	0	0	0	0	0	0	0	0	0	0	0	0	0	0	0	0	0	0	0	0	0	0	0	0	0	0	0	0	0	0	0	0	0	0	0	0	0	0	0	0	0	0	0	0	0	0	0	0	0	0	0	0	0	0	0	0	0	0	0	0	0	0	0	0	0	0	0	0	0	0	0	0	0	0	0	0	0	0	0	0	0	0	318	0	1120	0	0	0	0	0	0	0	0	0	0	
20068	Vermis_1_2	0	0	0	0	0	0	0	0	0	0	0	0	0	0	0	0	0	0	0	0	0	0	0	0	0	0	0	0	0	0	0	0	0	0	0	0	0	0	0	0	0	0	0	0	0	0	0	150	0	0	0	0	0	0	0	0	0	0	0	0	0	0	0	0	0	0	0	0	0	0	0	0	0	0	0	0	0	0	0	0	0	0	0	0	0	0	0	0	0	0	92	94	188	364	1014	566	810	0	0	0	0	0	258	490	202	364	0	0	0	3046	1166	0	348	464	418	0	
67004	Vermis_3	0	0	0	0	0	0	0	0	0	0	0	0	0	0	0	0	0	0	0	0	0	0	0	0	0	0	0	0	0	0	0	0	0	0	0	0	0	0	234	0	0	0	0	0	0	0	202	350	0	0	0	0	0	0	0	0	0	0	0	0	0	0	0	0	0	0	0	0	0	0	0	0	0	0	0	0	0	0	0	0	0	0	0	0	0	0	0	0	0	0	266	3928	336	632	1472	3882	1788	3670	276	4286	0	154	408	1198	334	348	0	0	3046	0	3816	730	806	810	446	84	
290464	Vermis_4_5	0	160	0	98	0	0	0	0	0	0	0	0	0	0	0	0	0	0	0	344	0	0	0	0	0	0	0	0	0	98	0	0	0	758	314	5354	114	1686	0	0	0	0	174	1424	0	238	1848	8274	0	0	0	0	0	0	958	942	0	1596	0	0	0	0	0	0	0	0	170	7476	0	2446	0	0	0	0	0	0	0	1088	0	0	0	0	0	0	0	0	0	0	0	706	5384	14968	2814	2210	1968	844	12974	13892	9972	18962	0	174	966	1624	670	182	0	0	1166	3816	0	9750	2858	1340	464	1968	
276776	Vermis_6	0	0	0	0	0	0	0	0	0	0	0	0	0	0	0	0	0	0	0	0	0	0	0	0	0	0	0	0	0	0	0	0	0	0	0	0	0	0	0	0	0	0	0	0	0	0	2634	6972	0	0	0	0	0	190	1280	3480	0	0	0	0	0	0	0	0	0	0	0	0	0	0	0	0	0	0	0	0	0	0	0	0	0	0	0	0	0	0	0	0	0	0	9996	21510	3882	6170	0	370	7072	2694	16672	23812	0	0	136	2734	0	90	0	0	0	730	9750	0	12386	1342	252	4234	
273040	Vermis_7	0	0	0	0	0	0	0	0	0	0	0	0	0	0	0	0	0	0	0	0	0	0	0	0	0	0	0	0	0	0	0	0	0	0	0	0	0	0	0	0	0	0	0	0	0	0	404	1626	0	0	0	0	0	0	222	894	0	0	0	0	0	0	0	0	0	0	0	0	0	0	0	0	0	0	0	0	0	0	0	0	0	0	0	0	0	0	0	0	0	0	7966	13944	15268	21524	336	520	2216	2316	5200	10820	3560	2700	3226	8534	966	1364	0	0	348	806	2858	12386	0	9680	2896	3940	
153688	Vermis_8	0	0	0	0	0	0	0	0	0	0	0	0	0	0	0	0	0	0	0	0	0	0	0	0	0	0	0	0	0	0	0	0	0	0	0	0	0	0	0	0	0	0	0	0	0	0	0	0	0	0	0	0	0	0	0	108	0	0	0	0	0	0	0	0	0	0	0	0	0	0	0	0	0	0	0	0	0	0	0	0	0	0	0	0	0	0	0	0	0	0	1052	1852	5324	7932	388	476	918	592	422	998	6554	3780	7646	12380	1140	2872	0	0	464	810	1340	1342	9680	0	4958	3816	
