data	data	447252	171992	856444	802012	211648	175116	524296	226728	110960	54464	237000	201268	290508	149836	179476	96588	180848	136500	704244	746068	114900	132160	506188	428104	62412	158936	86780	113616	571924	260616	402432	561492	280988	536408	148032	160884	222532	289812	80936	138572	47648	56484	248452	494480	274376	451788	273244	364588	307516	497296	533284	342704	111100	70124	370740	446820	332004	228328	168284	147852	262812	151368	147100	165316	191640	114916	369068	501216	205984	138520	237160	386836	312900	371348	34936	29732	171676	196420	73672	18712	243384	139608	92412	70928	395024	283200	48520	24664	336376	187916	552152	473372	359352	279816	44716	95408	278664	233008	487316	476312	325172	137688	363636	270320	143740	96780	27116	6872	24484	96324	222872	239688	243796	97388	67084	30772	
data	data	Precentral_L	Precentral_R	Frontal_Sup_L	Frontal_Sup_R	Frontal_Sup_Orb_L	Frontal_Sup_Orb_R	Frontal_Mid_L	Frontal_Mid_R	Frontal_Mid_Orb_L	Frontal_Mid_Orb_R	Frontal_Inf_Oper_L	Frontal_Inf_Oper_R	Frontal_Inf_Tri_L	Frontal_Inf_Tri_R	Frontal_Inf_Orb_L	Frontal_Inf_Orb_R	Rolandic_Oper_L	Rolandic_Oper_R	Supp_Motor_Area_L	Supp_Motor_Area_R	Olfactory_L	Olfactory_R	Frontal_Sup_Medial_L	Frontal_Sup_Medial_R	Frontal_Med_Orb_L	Frontal_Med_Orb_R	Rectus_L	Rectus_R	Insula_L	Insula_R	Cingulum_Ant_L	Cingulum_Ant_R	Cingulum_Mid_L	Cingulum_Mid_R	Cingulum_Post_L	Cingulum_Post_R	Hippocampus_L	Hippocampus_R	ParaHippocampal_L	ParaHippocampal_R	Amygdala_L	Amygdala_R	Calcarine_L	Calcarine_R	Cuneus_L	Cuneus_R	Lingual_L	Lingual_R	Occipital_Sup_L	Occipital_Sup_R	Occipital_Mid_L	Occipital_Mid_R	Occipital_Inf_L	Occipital_Inf_R	Fusiform_L	Fusiform_R	Postcentral_L	Postcentral_R	Parietal_Sup_L	Parietal_Sup_R	Parietal_Inf_L	Parietal_Inf_R	SupraMarginal_L	SupraMarginal_R	Angular_L	Angular_R	Precuneus_L	Precuneus_R	Paracentral_Lobule_L	Paracentral_Lobule_R	Caudate_L	Caudate_R	Putamen_L	Putamen_R	Pallidum_L	Pallidum_R	Thalamus_L	Thalamus_R	Heschl_L	Heschl_R	Temporal_Sup_L	Temporal_Sup_R	Temporal_Pole_Sup_L	Temporal_Pole_Sup_R	Temporal_Mid_L	Temporal_Mid_R	Temporal_Pole_Mid_L	Temporal_Pole_Mid_R	Temporal_Inf_L	Temporal_Inf_R	Cerebelum_Crus1_L	Cerebelum_Crus1_R	Cerebelum_Crus2_L	Cerebelum_Crus2_R	Cerebelum_3_L	Cerebelum_3_R	Cerebelum_4_5_L	Cerebelum_4_5_R	Cerebelum_6_L	Cerebelum_6_R	Cerebelum_7b_L	Cerebelum_7b_R	Cerebelum_8_L	Cerebelum_8_R	Cerebelum_9_L	Cerebelum_9_R	Cerebelum_10_L	Cerebelum_10_R	Vermis_1_2	Vermis_3	Vermis_4_5	Vermis_6	Vermis_7	Vermis_8	Vermis_9	Vermis_10	
447252	Precentral_L	0	826	21816	3818	106	0	15036	0	0	0	14048	0	3068	0	0	0	7496	0	18080	7648	0	0	1220	0	0	0	0	0	14298	0	1744	0	1074	3052	2372	1382	5234	710	168	0	0	0	410	0	234	0	360	0	1104	0	4446	0	198	0	1454	0	34808	0	1716	0	2768	0	1978	0	1566	0	1944	0	12970	432	1334	320	6156	0	990	0	11442	1670	3948	0	2642	0	0	0	3478	0	0	0	2062	0	0	0	0	0	0	0	0	0	0	0	0	0	0	0	0	0	0	0	0	0	0	0	0	0	0	0	
171992	Precentral_R	826	0	82	9232	0	0	0	5080	0	0	0	7294	0	90	0	0	0	3202	222	4362	0	0	0	0	0	0	0	0	0	1546	0	108	154	1836	362	990	0	5332	0	130	0	0	0	862	0	1186	0	504	0	1720	0	826	0	0	0	1228	72	14692	0	1708	0	2500	0	2828	0	102	386	2898	238	4588	140	1248	0	3140	0	468	192	1764	0	176	0	186	0	88	0	810	0	0	0	468	0	0	0	0	0	0	0	0	0	130	0	0	0	0	0	0	0	0	0	0	0	0	0	0	0	0	
856444	Frontal_Sup_L	21816	82	0	6554	14008	668	63780	348	3678	232	11528	1016	13142	1128	6636	144	3696	0	68770	14732	692	562	50698	10286	2424	700	2060	438	32158	0	26644	9886	7068	7274	92	154	1808	200	0	0	0	0	0	0	0	0	0	0	0	0	0	0	0	0	88	0	2462	0	0	0	212	0	356	0	0	0	0	0	8538	138	5562	822	14490	422	496	0	7182	150	170	0	846	0	904	0	116	0	0	0	166	0	0	0	0	0	0	0	0	0	0	0	0	0	0	0	0	0	0	0	0	0	0	0	0	0	0	0	
802012	Frontal_Sup_R	3818	9232	6554	0	412	9736	908	33366	0	1700	0	6758	106	7882	0	4094	0	2750	13334	70240	278	1014	11254	41462	110	6982	170	1640	158	9652	3908	36388	1496	20782	944	1446	100	3444	0	132	0	0	0	286	0	908	0	0	0	1050	74	238	0	0	0	176	238	1732	0	960	0	1050	0	1074	0	0	308	1920	2514	222	4868	24358	442	18710	616	2914	5000	18804	0	0	0	0	0	140	0	154	0	0	0	0	0	0	0	0	0	0	0	0	0	0	0	0	0	0	0	0	0	0	0	0	0	0	0	0	0	0	
211648	Frontal_Sup_Orb_L	106	0	14008	412	0	662	4208	0	14750	298	110	0	1366	0	11852	0	0	0	730	0	3144	1302	9440	1368	6972	946	10882	688	4982	0	6524	1404	0	0	0	0	0	0	0	0	0	0	0	0	0	0	0	0	0	0	0	0	0	0	0	0	0	0	0	0	0	0	0	0	0	0	0	0	0	0	3420	1178	4360	446	0	0	0	0	0	0	0	0	266	0	0	0	0	0	0	0	0	0	0	0	0	0	0	0	0	0	0	0	0	0	0	0	0	0	0	0	0	0	0	0	0	0	
175116	Frontal_Sup_Orb_R	0	0	668	9736	662	0	0	1340	266	6248	0	0	0	130	276	5318	0	0	134	288	1572	4648	842	6960	94	11468	462	10760	122	1078	742	6590	0	460	0	0	0	0	0	0	0	0	0	0	0	0	0	0	0	0	0	0	0	0	0	0	0	0	0	0	0	0	0	0	0	0	0	0	0	0	1526	8092	748	6328	0	0	0	0	0	0	0	0	0	0	0	0	0	0	0	0	0	0	0	0	0	0	0	0	0	0	0	0	0	0	0	0	0	0	0	0	0	0	0	0	0	0	
524296	Frontal_Mid_L	15036	0	63780	908	4208	0	0	0	4392	0	15946	440	40582	482	9882	0	760	0	14334	1202	92	0	17214	1570	234	0	110	0	32336	0	14250	3118	6252	2612	90	252	382	0	0	0	0	0	0	0	0	0	0	0	0	0	0	0	0	0	0	0	648	0	0	0	0	0	0	0	0	0	0	0	142	0	374	0	7736	0	112	0	1986	348	0	0	84	0	134	0	0	0	0	0	120	0	0	0	0	0	0	0	0	0	0	0	0	0	0	0	0	0	0	0	0	0	0	0	0	0	0	0	
226728	Frontal_Mid_R	0	5080	348	33366	0	1340	0	0	0	1062	0	9252	0	12392	0	3144	0	2470	2452	8482	0	0	722	4944	0	702	0	0	0	8366	232	3454	120	3448	0	0	0	1420	0	90	0	0	0	0	0	0	0	0	0	0	0	0	0	0	0	0	0	590	0	0	0	0	0	0	0	0	0	0	0	0	654	320	0	7774	0	72	0	538	0	0	0	334	0	196	0	0	0	0	0	0	0	0	0	0	0	0	0	0	0	0	0	0	0	0	0	0	0	0	0	0	0	0	0	0	0	0	
110960	Frontal_Mid_Orb_L	0	0	3678	0	14750	266	4392	0	0	112	0	0	2026	0	13154	0	0	0	96	0	1050	708	500	74	1098	342	3732	322	2402	0	688	302	0	0	0	0	0	0	0	0	0	0	0	0	0	0	0	0	0	0	0	0	0	0	0	0	0	0	0	0	0	0	0	0	0	0	0	0	0	0	1892	596	2910	260	0	0	0	0	0	0	0	0	130	0	0	0	0	0	0	0	0	0	0	0	0	0	0	0	0	0	0	0	0	0	0	0	0	0	0	0	0	0	0	0	0	0	
54464	Frontal_Mid_Orb_R	0	0	232	1700	298	6248	0	1062	112	0	0	0	0	598	116	4796	0	0	0	0	630	982	90	768	0	1390	0	2366	0	0	168	928	0	0	0	0	0	0	0	0	0	0	0	0	0	0	0	0	0	0	0	0	0	0	0	0	0	0	0	0	0	0	0	0	0	0	0	0	0	0	622	1924	298	1904	0	0	0	0	0	0	0	0	0	0	0	0	0	0	0	0	0	0	0	0	0	0	0	0	0	0	0	0	0	0	0	0	0	0	0	0	0	0	0	0	0	0	
237000	Frontal_Inf_Oper_L	14048	0	11528	0	110	0	15946	0	0	0	0	0	18038	0	132	0	9672	0	8870	138	0	0	2346	218	0	0	0	0	17224	0	2904	126	374	284	0	0	1272	0	0	0	0	0	0	0	0	0	0	0	0	0	166	0	0	0	110	0	5170	0	0	0	472	0	314	0	344	0	0	0	94	0	0	0	1308	0	94	0	218	0	774	0	3910	0	1344	0	670	0	0	0	282	0	0	0	0	0	0	0	0	0	0	0	0	0	0	0	0	0	0	0	0	0	0	0	0	0	0	0	
201268	Frontal_Inf_Oper_R	0	7294	1016	6758	0	0	440	9252	0	0	0	0	0	9778	0	258	0	6224	2538	7156	0	0	838	280	0	0	0	0	0	11140	1318	1804	754	3394	0	0	0	3086	0	498	0	0	0	0	0	316	0	0	0	488	0	94	0	0	0	314	0	5264	0	1086	0	1926	0	2220	0	0	0	538	0	230	888	1052	0	9352	0	560	0	884	0	0	0	638	0	682	0	276	0	0	0	0	0	0	0	0	0	0	0	0	0	0	0	0	0	0	0	0	0	0	0	0	0	0	0	0	0	0	
290508	Frontal_Inf_Tri_L	3068	0	13142	106	1366	0	40582	0	2026	0	18038	0	0	80	11942	0	372	0	4894	0	74	0	6030	1076	0	0	78	0	25668	0	5552	1406	3208	1772	0	0	150	0	0	0	0	0	0	0	0	0	0	0	0	0	0	0	0	0	0	0	512	0	0	0	0	0	0	0	0	0	0	0	0	0	94	0	3634	0	0	0	0	0	0	0	156	0	228	0	0	0	0	0	0	0	0	0	0	0	0	0	0	0	0	0	0	0	0	0	0	0	0	0	0	0	0	0	0	0	0	0	
149836	Frontal_Inf_Tri_R	0	90	1128	7882	0	130	482	12392	0	598	0	9778	80	0	0	3590	0	484	2808	4912	0	0	1380	2112	0	112	0	0	84	9614	1546	4654	876	4240	0	0	0	626	0	390	0	0	0	0	0	0	0	0	0	0	0	0	0	0	0	200	0	0	0	0	0	0	0	0	0	0	0	0	0	0	1054	1134	0	2278	0	0	0	0	0	0	0	168	0	0	0	96	0	0	0	0	0	0	0	0	0	0	0	0	0	0	0	0	0	0	0	0	0	0	0	0	0	0	0	0	0	0	
179476	Frontal_Inf_Orb_L	0	0	6636	0	11852	276	9882	0	13154	116	132	0	11942	0	0	0	0	0	492	0	2418	754	680	92	194	186	2538	326	11476	0	1296	404	412	150	0	0	0	0	80	0	146	0	0	0	0	0	0	0	0	0	0	0	0	0	0	0	0	0	0	0	0	0	0	0	0	0	0	0	0	0	2444	634	9236	268	0	0	0	0	0	0	0	0	1522	0	0	0	0	0	0	0	0	0	0	0	0	0	0	0	0	0	0	0	0	0	0	0	0	0	0	0	0	0	0	0	0	0	
96588	Frontal_Inf_Orb_R	0	0	144	4094	0	5318	0	3144	0	4796	0	258	0	3590	0	0	0	0	172	738	104	744	1094	1900	0	882	0	1950	0	5398	102	2932	682	1940	0	0	0	80	0	116	0	74	0	0	0	0	0	0	0	0	0	0	0	0	0	78	0	0	0	0	0	0	0	0	0	0	0	0	0	0	144	2558	0	5050	0	0	0	0	0	0	0	0	0	212	0	0	0	0	0	0	0	0	0	0	0	0	0	0	0	0	0	0	0	0	0	0	0	0	0	0	0	0	0	0	0	0	
180848	Rolandic_Oper_L	7496	0	3696	0	0	0	760	0	0	0	9672	0	372	0	0	0	0	0	4482	240	0	0	0	0	0	0	0	0	15020	0	80	0	230	120	0	0	868	0	0	0	0	0	0	0	144	0	0	0	614	0	2004	0	284	0	218	0	9930	0	168	0	678	0	4612	0	1316	0	584	0	352	0	0	0	538	0	0	0	240	0	3588	0	12616	0	1640	0	5504	0	0	0	2358	0	0	0	0	0	0	0	0	0	0	0	0	0	0	0	0	0	0	0	0	0	0	0	0	0	0	0	
136500	Rolandic_Oper_R	0	3202	0	2750	0	0	0	2470	0	0	0	6224	0	484	0	0	0	0	120	3244	0	0	0	0	0	0	0	0	0	13546	0	0	0	194	0	0	0	4230	0	0	0	0	0	132	0	702	0	0	0	1110	0	266	0	0	0	778	0	6234	0	1064	0	1110	0	4822	0	454	178	1032	0	1144	0	0	0	4550	0	260	0	236	0	1636	0	3568	0	694	0	1354	0	0	0	228	0	0	0	0	0	0	0	74	0	160	0	0	0	0	0	0	0	0	0	0	0	0	0	0	0	0	
704244	Supp_Motor_Area_L	18080	222	68770	13334	730	134	14334	2452	96	0	8870	2538	4894	2808	492	172	4482	120	0	44158	112	104	10466	3812	0	84	92	78	24482	1032	8454	5954	16456	24714	1952	244	3174	538	84	0	0	0	0	0	0	0	0	0	0	0	0	0	0	0	210	0	2466	74	0	0	216	0	358	0	0	0	0	118	16870	334	9248	690	18538	574	3714	0	6364	336	154	0	1984	0	1066	0	146	0	0	0	144	0	0	0	0	0	0	0	0	0	0	0	0	0	0	0	0	0	0	0	0	0	0	0	0	0	0	0	
746068	Supp_Motor_Area_R	7648	4362	14732	70240	0	288	1202	8482	0	0	138	7156	0	4912	0	738	240	3244	44158	0	0	100	1622	7470	0	300	0	0	160	8028	980	12460	9446	47188	1666	6962	88	2148	0	128	0	0	0	988	0	890	0	780	0	1034	0	316	0	0	0	744	492	1788	0	794	0	958	0	1048	0	0	296	3580	6392	14098	5236	27108	234	9548	622	3308	4836	20488	0	0	0	74	0	168	0	408	0	0	0	268	0	0	0	0	0	0	0	0	0	104	0	0	0	0	0	0	0	0	0	0	148	0	0	0	0	0	
114900	Olfactory_L	0	0	692	278	3144	1572	92	0	1050	630	0	0	74	0	2418	104	0	0	112	0	0	7064	252	198	996	1432	2858	2024	3400	260	3120	1808	0	0	0	0	76	0	360	0	300	0	0	0	0	0	0	0	0	0	0	0	0	0	0	0	0	0	0	0	0	0	0	0	0	0	0	0	0	0	10182	5556	5246	1692	0	0	0	0	0	0	0	0	460	0	0	0	0	0	0	0	0	0	0	0	0	0	0	0	0	0	0	0	0	0	0	0	0	0	0	0	0	0	0	0	0	0	
132160	Olfactory_R	0	0	562	1014	1302	4648	0	0	708	982	0	0	0	0	754	744	0	0	104	100	7064	0	228	546	286	4004	926	6664	342	2494	2934	3756	0	0	0	0	0	0	0	0	0	238	0	0	0	0	0	0	0	0	0	0	0	0	0	0	0	0	0	0	0	0	0	0	0	0	0	0	0	0	7824	10212	4586	2858	200	0	0	0	0	0	0	0	0	0	0	0	0	0	0	0	0	0	0	0	0	0	0	0	0	0	0	0	0	0	0	0	0	0	0	0	0	0	0	0	0	0	
506188	Frontal_Sup_Medial_L	1220	0	50698	11254	9440	842	17214	722	500	90	2346	838	6030	1380	680	1094	0	0	10466	1622	252	228	0	29396	3248	1982	2024	296	6962	324	31106	24876	13550	18866	0	0	0	0	0	0	0	0	0	0	0	0	0	0	0	0	0	0	0	0	0	0	0	0	0	0	0	0	0	0	0	0	0	0	0	0	1032	642	1374	500	0	0	0	0	0	0	0	0	0	0	0	0	0	0	0	0	0	0	0	0	0	0	0	0	0	0	0	0	0	0	0	0	0	0	0	0	0	0	0	0	0	0	
428104	Frontal_Sup_Medial_R	0	0	10286	41462	1368	6960	1570	4944	74	768	218	280	1076	2112	92	1900	0	0	3812	7470	198	546	29396	0	676	9308	342	1426	1114	1412	8550	40456	2666	21728	0	0	0	0	0	0	0	0	0	0	0	0	0	0	0	0	0	0	0	0	0	0	0	0	0	0	0	0	0	0	0	0	0	0	0	0	572	5228	166	5726	0	0	0	150	0	0	0	0	0	0	0	0	0	0	0	0	0	0	0	0	0	0	0	0	0	0	0	0	0	0	0	0	0	0	0	0	0	0	0	0	0	0	
62412	Frontal_Med_Orb_L	0	0	2424	110	6972	94	234	0	1098	0	0	0	0	0	194	0	0	0	0	0	996	286	3248	676	0	3214	3600	316	0	0	5002	880	0	0	0	0	0	0	0	0	0	0	0	0	0	0	0	0	0	0	0	0	0	0	0	0	0	0	0	0	0	0	0	0	0	0	0	0	0	0	1106	332	306	118	0	0	0	0	0	0	0	0	0	0	0	0	0	0	0	0	0	0	0	0	0	0	0	0	0	0	0	0	0	0	0	0	0	0	0	0	0	0	0	0	0	0	
158936	Frontal_Med_Orb_R	0	0	700	6982	946	11468	0	702	342	1390	0	0	0	112	186	882	0	0	84	300	1432	4004	1982	9308	3214	0	1782	8844	104	214	3702	9860	0	462	0	0	0	0	0	0	0	0	0	0	0	0	0	0	0	0	0	0	0	0	0	0	0	0	0	0	0	0	0	0	0	0	0	0	0	0	1286	4726	584	3870	0	0	0	0	0	0	0	0	0	0	0	0	0	0	0	0	0	0	0	0	0	0	0	0	0	0	0	0	0	0	0	0	0	0	0	0	0	0	0	0	0	0	
86780	Rectus_L	0	0	2060	170	10882	462	110	0	3732	0	0	0	78	0	2538	0	0	0	92	0	2858	926	2024	342	3600	1782	0	1386	1392	0	3416	964	0	0	0	0	0	0	0	0	0	0	0	0	0	0	0	0	0	0	0	0	0	0	0	0	0	0	0	0	0	0	0	0	0	0	0	0	0	0	2864	476	1112	124	0	0	0	0	0	0	0	0	0	0	0	0	0	0	0	0	0	0	0	0	0	0	0	0	0	0	0	0	0	0	0	0	0	0	0	0	0	0	0	0	0	0	
113616	Rectus_R	0	0	438	1640	688	10760	0	0	322	2366	0	0	0	0	326	1950	0	0	78	0	2024	6664	296	1426	316	8844	1386	0	130	1300	798	4302	0	0	0	0	0	0	0	0	0	0	0	0	0	0	0	0	0	0	0	0	0	0	0	0	0	0	0	0	0	0	0	0	0	0	0	0	0	0	1818	5804	948	2184	0	0	0	0	0	0	0	0	0	0	0	0	0	0	0	0	0	0	0	0	0	0	0	0	0	0	0	0	0	0	0	0	0	0	0	0	0	0	0	0	0	0	
571924	Insula_L	14298	0	32158	158	4982	122	32336	0	2402	0	17224	0	25668	84	11476	0	15020	0	24482	160	3400	342	6962	1114	0	104	1392	130	0	0	9140	1384	3068	1858	120	0	10602	0	776	0	1276	0	0	0	96	0	0	0	442	0	1046	0	94	0	2926	0	7476	0	194	0	448	0	324	0	404	0	530	0	380	0	974	280	20128	0	0	0	706	0	6696	0	9378	0	5366	0	2072	0	140	0	3342	0	84	0	0	0	0	0	86	0	112	0	0	0	0	0	0	0	0	0	0	0	0	0	0	0	0	0	
260616	Insula_R	0	1546	0	9652	0	1078	0	8366	0	0	0	11140	0	9614	0	5398	0	13546	1032	8028	260	2494	324	1412	0	214	0	1300	0	0	118	1486	96	2048	0	206	0	8366	0	1328	0	476	0	0	0	0	0	0	0	0	0	0	0	0	0	1664	0	1356	0	146	0	178	0	250	0	0	0	126	0	228	230	2356	0	20132	0	0	0	272	0	1022	0	4878	0	3882	0	3062	0	226	0	384	0	0	0	0	0	0	0	180	0	208	0	0	0	0	0	0	0	0	0	0	0	0	0	0	0	0	
402432	Cingulum_Ant_L	1744	0	26644	3908	6524	742	14250	232	688	168	2904	1318	5552	1546	1296	102	80	0	8454	980	3120	2934	31106	8550	5002	3702	3416	798	9140	118	0	22304	8244	4580	0	0	0	0	0	0	0	0	0	0	0	0	0	0	0	0	0	0	0	0	0	0	0	0	0	0	0	0	0	0	0	0	0	0	0	0	8106	4090	6816	2058	0	0	0	0	0	0	0	0	0	0	0	0	0	0	0	0	0	0	0	0	0	0	0	0	0	0	0	0	0	0	0	0	0	0	0	0	0	0	0	0	0	0	
561492	Cingulum_Ant_R	0	108	9886	36388	1404	6590	3118	3454	302	928	126	1804	1406	4654	404	2932	0	0	5954	12460	1808	3756	24876	40456	880	9860	964	4302	1384	1486	22304	0	9444	29398	246	0	0	100	0	0	0	0	0	0	0	0	0	0	0	0	0	0	0	0	0	0	0	0	0	0	0	0	0	0	0	0	0	0	0	0	3106	19098	1624	13400	0	0	0	336	0	0	0	0	0	0	0	0	0	0	0	0	0	0	0	0	0	0	0	0	0	0	0	0	0	0	0	0	0	0	0	0	0	0	0	0	0	0	
280988	Cingulum_Mid_L	1074	154	7068	1496	0	0	6252	120	0	0	374	754	3208	876	412	682	230	0	16456	9446	0	0	13550	2666	0	0	0	0	3068	96	8244	9444	0	24270	4980	460	0	0	0	0	0	0	220	0	918	0	0	0	1668	0	4044	0	0	0	0	0	986	0	1080	0	398	0	0	0	226	0	4500	1206	7960	844	474	0	264	0	0	0	0	0	0	0	126	0	0	0	124	0	0	0	76	0	0	0	0	0	0	0	0	0	0	0	0	0	0	0	0	0	0	0	0	0	0	0	0	0	0	0	
536408	Cingulum_Mid_R	3052	1836	7274	20782	0	460	2612	3448	0	0	284	3394	1772	4240	150	1940	120	194	24714	47188	0	0	18866	21728	0	462	0	0	1858	2048	4580	29398	24270	0	2260	7818	0	650	0	0	0	0	0	740	0	880	0	384	0	1060	0	276	0	0	0	334	190	646	0	0	0	0	0	0	0	0	1708	6532	3096	11350	1108	1036	0	494	0	0	0	532	0	0	0	0	0	0	0	234	0	0	0	206	0	0	0	0	0	0	0	0	0	0	0	0	0	0	0	0	0	0	0	0	0	0	0	0	0	0	
148032	Cingulum_Post_L	2372	362	92	944	0	0	90	0	0	0	0	0	0	0	0	0	0	0	1952	1666	0	0	0	0	0	0	0	0	120	0	0	246	4980	2260	0	10334	4770	4196	1386	130	0	0	1914	270	3758	674	702	258	336	500	1032	88	74	0	1102	0	1632	74	108	0	0	0	0	0	0	0	8674	4220	4326	692	96	0	856	0	0	0	3564	2740	0	0	0	0	0	0	186	0	0	0	136	0	0	0	0	0	0	0	0	0	0	0	0	0	0	0	0	0	0	0	0	0	104	0	0	0	0	0	
160884	Cingulum_Post_R	1382	990	154	1446	0	0	252	0	0	0	0	0	0	0	0	0	0	0	244	6962	0	0	0	0	0	0	0	0	0	206	0	0	460	7818	10334	0	3860	6598	1028	428	0	0	112	1994	588	1904	0	1016	94	1722	96	460	0	0	374	472	494	400	0	0	0	0	0	0	0	118	2632	9572	256	5208	0	108	776	0	0	0	4618	4222	0	0	0	0	0	0	0	220	0	0	0	86	0	0	0	0	0	0	0	74	0	94	0	0	0	0	0	0	0	0	0	0	570	0	0	0	0	0	
222532	Hippocampus_L	5234	0	1808	100	0	0	382	0	0	0	1272	0	150	0	0	0	868	0	3174	88	76	0	0	0	0	0	0	0	10602	0	0	0	0	0	4770	3860	0	3606	10270	230	7084	0	582	0	0	0	1122	436	0	0	0	0	0	0	13896	0	2436	0	0	0	0	0	0	0	0	0	2460	1034	360	0	0	0	4306	80	722	0	4294	1448	1136	0	4758	0	1716	0	3376	0	840	0	11450	0	366	0	0	0	0	0	440	0	434	0	0	0	0	0	0	0	0	0	0	0	0	0	0	0	0	0	
289812	Hippocampus_R	710	5332	200	3444	0	0	0	1420	0	0	0	3086	0	626	0	80	0	4230	538	2148	0	0	0	0	0	0	0	0	0	8366	0	100	0	650	4196	6598	3606	0	1104	17516	0	7250	0	966	0	338	0	3158	0	346	0	236	0	0	266	19288	356	706	0	128	0	266	0	236	0	0	194	4454	0	844	336	94	590	12546	0	174	3176	5444	0	1114	0	2364	0	622	0	3316	0	0	0	6066	0	438	0	0	0	408	0	2832	0	2220	0	0	0	0	0	0	0	0	0	0	184	0	0	0	0	0	
80936	ParaHippocampal_L	168	0	0	0	0	0	0	0	0	0	0	0	0	0	80	0	0	0	84	0	360	0	0	0	0	0	0	0	776	0	0	0	0	0	1386	1028	10270	1104	0	136	2774	0	642	0	0	0	2384	324	0	0	0	0	0	0	7644	0	102	0	0	0	0	0	0	0	0	0	2138	552	136	0	0	0	178	0	0	0	510	452	0	0	92	0	1494	0	100	0	1040	0	956	0	238	0	0	0	144	0	1482	0	1142	0	86	0	0	0	0	0	138	0	0	166	162	0	0	0	0	0	
138572	ParaHippocampal_R	0	130	0	132	0	0	0	90	0	0	0	498	0	390	0	116	0	0	0	128	0	0	0	0	0	0	0	0	0	1328	0	0	0	0	130	428	230	17516	136	0	0	6994	0	508	0	0	0	2884	0	0	0	0	0	0	0	16668	0	104	0	0	0	0	0	0	0	0	86	1794	0	0	0	0	0	3374	0	112	84	768	0	0	0	260	0	1870	0	896	0	1078	0	1914	0	566	0	0	0	826	0	4966	0	2162	0	0	0	0	0	0	0	0	0	0	120	0	0	0	0	0	
47648	Amygdala_L	0	0	0	0	0	0	0	0	0	0	0	0	0	0	146	0	0	0	0	0	300	0	0	0	0	0	0	0	1276	0	0	0	0	0	0	0	7084	0	2774	0	0	0	0	0	0	0	0	0	0	0	0	0	0	0	4738	0	0	0	0	0	0	0	0	0	0	0	0	0	0	0	0	0	160	0	0	0	0	0	0	0	0	0	1786	0	722	0	1124	0	3592	0	0	0	0	0	0	0	122	0	0	0	0	0	0	0	0	0	0	0	0	0	0	0	0	0	0	0	
56484	Amygdala_R	0	0	0	0	0	0	0	0	0	0	0	0	0	0	0	74	0	0	0	0	0	238	0	0	0	0	0	0	0	476	0	0	0	0	0	0	0	7250	0	6994	0	0	0	0	0	0	0	0	0	0	0	0	0	0	0	7534	0	0	0	0	0	0	0	0	0	0	0	0	0	0	0	0	0	374	0	0	84	270	0	0	0	0	0	2718	0	570	0	402	0	1258	0	0	0	0	0	0	0	0	0	0	0	0	0	0	0	0	0	0	0	0	0	0	0	0	0	0	
248452	Calcarine_L	410	0	0	0	0	0	0	0	0	0	0	0	0	0	0	0	0	0	0	0	0	0	0	0	0	0	0	0	0	0	0	0	220	0	1914	112	582	0	642	0	0	0	0	9578	17296	6324	15038	2634	15964	2906	20796	1514	3298	628	4250	1154	428	0	150	98	0	0	0	0	150	0	14442	892	588	0	0	0	0	0	0	0	0	0	172	0	0	0	0	0	1092	490	0	0	464	0	0	0	0	0	0	0	0	0	0	0	0	0	0	0	0	0	0	0	0	0	0	0	0	0	0	0	
494480	Calcarine_R	0	862	0	286	0	0	0	0	0	0	0	0	0	0	0	0	0	132	0	988	0	0	0	0	0	0	0	0	0	0	0	0	0	740	270	1994	0	966	0	508	0	0	9578	0	10682	45922	6188	25824	798	41988	308	23328	0	4562	0	7942	0	2354	0	2156	0	374	0	168	0	1162	2884	34270	0	2978	0	0	0	0	0	0	0	0	0	0	0	1174	0	0	0	7212	0	0	0	7560	0	118	0	0	0	0	0	544	0	106	0	0	0	0	0	0	0	0	0	0	156	158	0	0	0	0	
274376	Cuneus_L	234	0	0	0	0	0	0	0	0	0	0	0	0	0	0	0	144	0	0	0	0	0	0	0	0	0	0	0	96	0	0	0	918	0	3758	588	0	0	0	0	0	0	17296	10682	0	12126	818	970	27684	6912	23200	1350	598	196	430	462	1424	0	1696	78	254	0	0	0	222	0	16104	2754	1920	0	0	0	0	0	0	0	0	0	550	0	204	0	0	0	2700	246	0	0	574	0	0	0	0	0	0	0	0	0	0	0	0	0	0	0	0	0	0	0	0	0	0	0	0	0	0	0	
451788	Cuneus_R	0	1186	0	908	0	0	0	0	0	0	0	316	0	0	0	0	0	702	0	890	0	0	0	0	0	0	0	0	0	0	0	0	0	880	674	1904	0	338	0	0	0	0	6324	45922	12126	0	2204	6484	734	55312	252	19886	0	1284	0	2768	0	2784	0	4920	0	642	0	390	0	1212	7194	34302	0	1660	0	0	0	0	0	0	0	0	0	0	0	968	0	0	0	6162	0	0	0	4452	0	0	0	0	0	0	0	0	0	0	0	0	0	0	0	0	0	0	0	0	114	0	0	0	0	0	
273244	Lingual_L	360	0	0	0	0	0	0	0	0	0	0	0	0	0	0	0	0	0	0	0	0	0	0	0	0	0	0	0	0	0	0	0	0	0	702	0	1122	0	2384	0	0	0	15038	6188	818	2204	0	6596	2972	2410	9884	2404	5724	164	15688	920	132	456	0	656	0	0	0	0	0	0	6762	1834	86	180	0	0	0	0	0	0	0	0	0	0	0	0	0	0	0	512	0	0	108	436	11318	834	688	0	292	0	12400	486	15474	1042	422	0	302	0	124	0	84	0	0	72	4726	1150	468	0	0	0	
364588	Lingual_R	0	504	0	0	0	0	0	0	0	0	0	0	0	0	0	0	0	0	0	780	0	0	0	0	0	0	0	0	0	0	0	0	0	384	258	1016	436	3158	324	2884	0	0	2634	25824	970	6484	6596	0	88	8372	0	7816	0	4958	468	26126	0	1490	0	730	0	102	0	0	0	218	352	14066	0	2012	0	0	0	0	0	0	0	92	0	0	0	180	0	0	0	1542	0	0	0	2680	4450	9834	538	526	286	228	1138	6760	5792	12530	542	142	1108	246	662	0	128	0	0	184	3246	8848	1386	100	76	0	
307516	Occipital_Sup_L	1104	0	0	0	0	0	0	0	0	0	0	0	0	0	0	0	614	0	0	0	0	0	0	0	0	0	0	0	442	0	0	0	1668	0	336	94	0	0	0	0	0	0	15964	798	27684	734	2972	88	0	356	49162	0	1588	0	782	0	3014	0	13724	0	4030	0	280	0	1178	0	21008	572	956	0	0	0	0	0	0	0	0	0	610	0	358	0	0	0	3124	0	0	0	518	0	0	0	0	0	0	0	0	0	0	0	0	0	0	0	0	0	0	0	0	0	0	0	0	0	0	0	
497296	Occipital_Sup_R	0	1720	0	1050	0	0	0	0	0	0	0	488	0	0	0	0	0	1110	0	1034	0	0	0	0	0	0	0	0	0	0	0	0	0	1060	500	1722	0	346	0	0	0	0	2906	41988	6912	55312	2410	8372	356	0	132	34436	0	2162	0	2832	0	4782	0	9576	0	1582	0	850	0	6286	6534	34956	0	2324	0	0	0	0	0	0	0	0	0	0	0	1366	0	0	0	8492	0	0	0	4934	0	0	0	0	0	0	0	0	0	0	0	0	0	0	0	0	0	0	0	0	118	0	0	0	0	0	
533284	Occipital_Mid_L	4446	0	0	74	0	0	0	0	0	0	166	0	0	0	0	0	2004	0	0	0	0	0	0	0	0	0	0	0	1046	0	0	0	4044	0	1032	96	0	0	0	0	0	0	20796	308	23200	252	9884	0	49162	132	0	0	16472	0	7314	0	10664	0	23068	0	18050	0	890	0	16874	0	22378	262	4384	0	0	0	0	0	0	0	0	0	1734	0	1828	0	0	0	20210	0	0	0	5780	0	92	0	0	0	0	0	0	0	0	0	0	0	0	0	0	0	0	0	0	0	0	0	0	0	0	0	
342704	Occipital_Mid_R	0	826	0	238	0	0	0	0	0	0	0	94	0	0	0	0	0	266	0	316	0	0	0	0	0	0	0	0	0	0	0	0	0	276	88	460	0	236	0	0	0	0	1514	23328	1350	19886	2404	7816	0	34436	0	0	0	3540	0	3742	0	1526	0	3096	0	3080	0	906	0	17292	1704	15522	0	834	0	0	0	0	0	0	0	0	0	0	0	2648	0	0	0	20612	0	0	0	3316	0	0	0	0	0	0	0	0	0	0	0	0	0	0	0	0	0	0	0	0	0	0	0	0	0	0	
111100	Occipital_Inf_L	198	0	0	0	0	0	0	0	0	0	0	0	0	0	0	0	284	0	0	0	0	0	0	0	0	0	0	0	94	0	0	0	0	0	74	0	0	0	0	0	0	0	3298	0	598	0	5724	0	1588	0	16472	0	0	0	8666	0	416	0	0	0	0	0	88	0	0	0	1088	0	768	0	0	0	0	0	0	0	0	0	986	0	746	0	0	0	5430	0	0	0	7848	0	224	0	0	0	0	0	146	0	596	0	0	0	0	0	0	0	0	0	0	0	144	74	0	0	0	0	
70124	Occipital_Inf_R	0	0	0	0	0	0	0	0	0	0	0	0	0	0	0	0	0	0	0	0	0	0	0	0	0	0	0	0	0	0	0	0	0	0	0	0	0	0	0	0	0	0	628	4562	196	1284	164	4958	0	2162	0	3540	0	0	0	9102	0	0	0	0	0	0	0	0	0	94	0	832	0	0	0	0	0	0	0	0	0	0	0	0	0	96	0	0	0	1414	0	0	0	3928	132	204	0	0	0	0	0	108	182	704	0	0	0	0	0	0	0	0	0	0	110	564	98	0	0	0	
370740	Fusiform_L	1454	0	88	0	0	0	0	0	0	0	110	0	0	0	0	0	218	0	210	0	0	0	0	0	0	0	0	0	2926	0	0	0	0	0	1102	374	13896	266	7644	0	4738	0	4250	0	430	0	15688	468	782	0	7314	0	8666	0	0	414	1010	0	0	0	0	0	0	0	0	0	4686	214	1078	0	0	0	420	0	0	0	322	100	1886	0	2512	0	2392	0	5002	0	1928	0	21238	0	21740	238	848	0	462	0	14092	0	28332	554	682	0	478	0	0	0	174	0	126	200	2394	1032	192	0	0	0	
446820	Fusiform_R	0	1228	0	176	0	0	0	0	0	0	0	314	0	200	0	78	0	778	0	744	0	0	0	0	0	0	0	0	0	1664	0	0	0	334	0	472	0	19288	0	16668	0	7534	1154	7942	462	2768	920	26126	0	2832	0	3742	0	9102	414	0	0	778	0	202	0	230	0	216	0	0	0	4060	0	484	0	0	0	3440	0	0	0	862	0	290	0	800	0	4716	0	3356	0	2110	0	15484	3922	19916	482	692	188	886	786	11382	5018	24658	460	80	988	538	546	0	94	0	0	96	1816	7678	1046	92	78	0	
332004	Postcentral_L	34808	72	2462	238	0	0	648	0	0	0	5170	0	512	0	0	0	9930	0	2466	492	0	0	0	0	0	0	0	0	7476	0	0	0	986	190	1632	494	2436	356	102	0	0	0	428	0	1424	0	132	0	3014	0	10664	0	416	0	1010	0	0	0	7532	0	18706	0	12310	0	4180	0	5408	0	10642	0	128	0	3026	0	96	0	1760	412	4044	0	4306	0	98	0	4004	0	0	0	1792	0	0	0	0	0	0	0	0	0	0	0	0	0	0	0	0	0	0	0	0	0	0	0	0	0	0	0	
228328	Postcentral_R	0	14692	0	1732	0	0	0	590	0	0	0	5264	0	0	0	0	0	6234	74	1788	0	0	0	0	0	0	0	0	0	1356	0	0	0	646	74	400	0	706	0	104	0	0	0	2354	0	2784	456	1490	0	4782	0	1526	0	0	0	778	0	0	0	14584	0	11480	0	16612	0	508	800	10274	0	5028	76	484	0	1942	0	290	0	0	0	350	0	486	0	0	0	2410	0	0	0	1010	0	0	0	0	0	0	0	0	0	0	0	0	0	0	0	0	0	0	0	0	0	0	0	0	0	0	
168284	Parietal_Sup_L	1716	0	0	0	0	0	0	0	0	0	0	0	0	0	0	0	168	0	0	0	0	0	0	0	0	0	0	0	194	0	0	0	1080	0	108	0	0	0	0	0	0	0	150	0	1696	0	0	0	13724	0	23068	0	0	0	0	0	7532	0	0	0	14320	0	284	0	2808	0	16088	204	728	0	0	0	0	0	0	0	0	0	0	0	98	0	0	0	176	0	0	0	0	0	0	0	0	0	0	0	0	0	0	0	0	0	0	0	0	0	0	0	0	0	0	0	0	0	0	0	
147852	Parietal_Sup_R	0	1708	0	960	0	0	0	0	0	0	0	1086	0	0	0	0	0	1064	0	794	0	0	0	0	0	0	0	0	0	146	0	0	0	0	0	0	0	128	0	0	0	0	98	2156	78	4920	656	730	0	9576	0	3096	0	0	0	202	0	14584	0	0	0	8404	0	5244	0	3028	1116	11008	0	718	0	0	0	182	0	0	0	0	0	0	0	428	0	0	0	1428	0	0	0	388	0	0	0	0	0	0	0	0	0	0	0	0	0	0	0	0	0	0	0	0	0	0	0	0	0	0	
262812	Parietal_Inf_L	2768	0	212	0	0	0	0	0	0	0	472	0	0	0	0	0	678	0	216	0	0	0	0	0	0	0	0	0	448	0	0	0	398	0	0	0	0	0	0	0	0	0	0	0	254	0	0	0	4030	0	18050	0	0	0	0	0	18706	0	14320	0	0	0	17860	0	24674	0	5096	0	2488	0	0	0	0	0	0	0	0	0	0	0	3278	0	0	0	10992	0	0	0	6466	0	0	0	0	0	0	0	0	0	0	0	0	0	0	0	0	0	0	0	0	0	0	0	0	0	0	0	
151368	Parietal_Inf_R	0	2500	0	1050	0	0	0	0	0	0	0	1926	0	0	0	0	0	1110	0	958	0	0	0	0	0	0	0	0	0	178	0	0	0	0	0	0	0	266	0	0	0	0	0	374	0	642	0	102	0	1582	0	3080	0	0	0	230	0	11480	0	8404	0	0	0	22704	0	8212	106	718	0	104	0	308	0	1082	0	290	0	0	0	0	0	2838	0	0	0	5260	0	0	0	180	0	0	0	0	0	0	0	0	0	0	0	0	0	0	0	0	0	0	0	0	0	0	0	0	0	0	
147100	SupraMarginal_L	1978	0	356	0	0	0	0	0	0	0	314	0	0	0	0	0	4612	0	358	0	0	0	0	0	0	0	0	0	324	0	0	0	0	0	0	0	0	0	0	0	0	0	0	0	0	0	0	0	280	0	890	0	88	0	0	0	12310	0	284	0	17860	0	0	0	9542	0	272	0	176	0	0	0	0	0	0	0	0	0	96	0	7294	0	0	0	10426	0	0	0	6090	0	0	0	0	0	0	0	0	0	0	0	0	0	0	0	0	0	0	0	0	0	0	0	0	0	0	0	
165316	SupraMarginal_R	0	2828	0	1074	0	0	0	0	0	0	0	2220	0	0	0	0	0	4822	0	1048	0	0	0	0	0	0	0	0	0	250	0	0	0	0	0	0	0	236	0	0	0	0	0	168	0	390	0	0	0	850	0	906	0	0	0	216	0	16612	0	5244	0	22704	0	0	0	5538	74	494	0	98	0	466	0	1618	0	400	0	0	0	214	0	6848	0	0	0	7210	0	0	0	130	0	0	0	0	0	0	0	0	0	0	0	0	0	0	0	0	0	0	0	0	0	0	0	0	0	0	
191640	Angular_L	1566	0	0	0	0	0	0	0	0	0	344	0	0	0	0	0	1316	0	0	0	0	0	0	0	0	0	0	0	404	0	0	0	226	0	0	0	0	0	0	0	0	0	150	0	222	0	0	0	1178	0	16874	0	0	0	0	0	4180	0	2808	0	24674	0	9542	0	0	0	768	0	1656	0	0	0	0	0	0	0	0	0	0	0	4148	0	0	0	18528	0	0	0	7236	0	0	0	0	0	0	0	0	0	0	0	0	0	0	0	0	0	0	0	0	0	0	0	0	0	0	0	
114916	Angular_R	0	102	0	0	0	0	0	0	0	0	0	0	0	0	0	0	0	454	0	0	0	0	0	0	0	0	0	0	0	0	0	0	0	0	0	118	0	0	0	0	0	0	0	1162	0	1212	0	218	0	6286	0	17292	0	94	0	0	0	508	0	3028	0	8212	0	5538	0	0	108	1510	0	98	0	0	0	0	0	0	0	0	0	0	0	3788	0	0	0	7216	0	0	0	514	0	0	0	0	0	0	0	0	0	0	0	0	0	0	0	0	0	0	0	0	0	0	0	0	0	0	
369068	Precuneus_L	1944	386	0	308	0	0	0	0	0	0	0	0	0	0	0	0	584	178	0	296	0	0	0	0	0	0	0	0	530	0	0	0	4500	1708	8674	2632	2460	194	2138	86	0	0	14442	2884	16104	7194	6762	352	21008	6534	22378	1704	1088	0	4686	0	5408	800	16088	1116	5096	106	272	74	768	108	0	16804	2738	1192	0	0	0	0	0	0	0	0	198	0	254	78	0	0	660	506	0	0	324	190	0	0	0	0	0	0	0	0	0	0	0	0	0	0	0	0	0	0	0	0	0	0	0	0	0	0	
501216	Precuneus_R	0	2898	0	1920	0	0	0	0	0	0	0	538	0	0	0	0	0	1032	118	3580	0	0	0	0	0	0	0	0	0	126	0	0	1206	6532	4220	9572	1034	4454	552	1794	0	0	892	34270	2754	34302	1834	14066	572	34956	262	15522	0	832	214	4060	0	10274	204	11008	0	718	0	494	0	1510	16804	0	0	8948	0	0	0	0	0	0	260	304	0	0	0	1118	0	0	0	5652	0	0	0	6658	0	0	0	0	0	0	0	1408	0	126	0	0	0	0	0	0	0	0	0	0	1010	0	0	0	0	0	
205984	Paracentral_Lobule_L	12970	238	8538	2514	0	0	142	0	0	0	94	0	0	0	0	0	352	0	16870	6392	0	0	0	0	0	0	0	0	380	0	0	0	7960	3096	4326	256	360	0	136	0	0	0	588	0	1920	0	86	0	956	0	4384	0	768	0	1078	0	10642	0	728	0	2488	0	176	0	1656	0	2738	0	0	940	368	0	334	0	232	0	5004	76	186	0	230	0	0	0	1818	0	0	0	972	0	0	0	0	0	0	0	0	0	0	0	0	0	0	0	0	0	0	0	0	0	0	0	0	0	0	0	
138520	Paracentral_Lobule_R	432	4588	138	222	0	0	0	0	0	0	0	230	0	0	0	0	0	1144	334	14098	0	0	0	0	0	0	0	0	0	228	0	0	844	11350	692	5208	0	844	0	0	0	0	0	2978	0	1660	180	2012	0	2324	0	834	0	0	0	484	0	5028	0	718	0	104	0	98	0	98	1192	8948	940	0	0	78	0	0	0	0	0	160	0	90	0	0	0	0	0	464	0	0	0	196	0	0	0	0	0	0	0	0	0	74	0	0	0	0	0	0	0	0	0	0	248	0	0	0	0	0	
237160	Caudate_L	1334	140	5562	4868	3420	1526	374	654	1892	622	0	888	94	1054	2444	144	0	0	9248	5236	10182	7824	1032	572	1106	1286	2864	1818	974	230	8106	3106	474	1108	96	0	0	336	0	0	0	0	0	0	0	0	0	0	0	0	0	0	0	0	0	0	128	76	0	0	0	0	0	0	0	0	0	0	368	0	0	11230	13484	2512	2198	0	5980	1990	0	0	0	0	0	0	0	0	0	0	0	0	0	0	0	0	0	0	0	0	0	0	0	0	0	0	0	0	0	0	0	0	0	0	0	0	0	0	
386836	Caudate_R	320	1248	822	24358	1178	8092	0	320	596	1924	0	1052	0	1134	634	2558	0	0	690	27108	5556	10212	642	5228	332	4726	476	5804	280	2356	4090	19098	0	1036	0	108	0	94	0	0	0	0	0	0	0	0	0	0	0	0	0	0	0	0	0	0	0	484	0	0	0	308	0	466	0	0	0	0	0	78	11230	0	5496	19704	632	2610	2694	17644	0	0	0	0	0	0	0	0	0	0	0	0	0	0	0	0	0	0	0	0	0	0	0	0	0	0	0	0	0	0	0	0	0	0	0	0	0	0	
312900	Putamen_L	6156	0	14490	442	4360	748	7736	0	2910	298	1308	0	3634	0	9236	0	538	0	18538	234	5246	4586	1374	166	306	584	1112	948	20128	0	6816	1624	264	0	856	776	4306	590	178	0	160	0	0	0	0	0	0	0	0	0	0	0	0	0	420	0	3026	0	0	0	0	0	0	0	0	0	0	0	334	0	13484	5496	0	1594	4726	0	2658	574	0	0	676	0	1814	0	252	0	0	0	748	0	0	0	0	0	0	0	0	0	0	0	0	0	0	0	0	0	0	0	0	0	0	0	0	0	0	0	
371348	Putamen_R	0	3140	422	18710	446	6328	0	7774	260	1904	0	9352	0	2278	268	5050	0	4550	574	9548	1692	2858	500	5726	118	3870	124	2184	0	20132	2058	13400	0	494	0	0	80	12546	0	3374	0	374	0	0	0	0	0	0	0	0	0	0	0	0	0	3440	0	1942	0	182	0	1082	0	1618	0	0	0	0	0	0	2512	19704	1594	0	0	3170	372	3600	0	0	0	2202	0	2256	0	1028	0	120	0	426	0	0	0	0	0	0	0	174	0	118	0	0	0	0	0	0	0	0	0	0	0	0	0	0	0	0	
34936	Pallidum_L	990	0	496	616	0	0	112	0	0	0	94	0	0	0	0	0	0	0	3714	622	0	200	0	0	0	0	0	0	0	0	0	0	0	0	0	0	722	0	0	0	0	0	0	0	0	0	0	0	0	0	0	0	0	0	0	0	96	0	0	0	0	0	0	0	0	0	0	0	232	0	2198	632	4726	0	0	0	1806	212	0	0	0	0	0	0	0	0	0	0	0	0	0	0	0	0	0	0	0	0	0	0	0	0	0	0	0	0	0	0	0	0	0	0	0	0	0	0	
29732	Pallidum_R	0	468	0	2914	0	0	0	72	0	0	0	560	0	0	0	0	0	260	0	3308	0	0	0	0	0	0	0	0	0	0	0	0	0	0	0	0	0	174	0	112	0	0	0	0	0	0	0	0	0	0	0	0	0	0	0	0	0	290	0	0	0	290	0	400	0	0	0	0	0	0	0	2610	0	3170	0	0	0	238	0	0	0	0	0	0	0	0	0	0	0	0	0	0	0	0	0	0	0	0	0	0	0	0	0	0	0	0	0	0	0	0	0	0	0	0	0	0	
171676	Thalamus_L	11442	192	7182	5000	0	0	1986	0	0	0	218	0	0	0	0	0	240	0	6364	4836	0	0	0	0	0	0	0	0	706	0	0	0	0	0	3564	4618	4294	3176	510	84	0	84	0	0	0	0	0	0	0	0	0	0	0	0	322	0	1760	0	0	0	0	0	0	0	0	0	0	260	5004	0	5980	2694	2658	372	1806	0	0	9882	88	0	160	0	0	0	0	0	0	0	356	0	0	0	0	0	0	0	0	0	0	0	0	0	0	0	0	0	0	0	0	0	0	0	0	0	0	0	
196420	Thalamus_R	1670	1764	150	18804	0	0	348	538	0	0	0	884	0	0	0	0	0	236	336	20488	0	0	0	150	0	0	0	0	0	272	0	336	0	532	2740	4222	1448	5444	452	768	0	270	0	0	0	0	0	92	0	0	0	0	0	0	100	862	412	0	0	0	0	0	0	0	0	0	0	304	76	160	1990	17644	574	3600	212	238	9882	0	0	0	0	0	0	0	0	0	0	0	0	212	0	0	0	0	0	0	0	0	0	0	0	0	0	0	0	0	0	0	0	0	0	0	0	0	0	0	
73672	Heschl_L	3948	0	170	0	0	0	0	0	0	0	774	0	0	0	0	0	3588	0	154	0	0	0	0	0	0	0	0	0	6696	0	0	0	0	0	0	0	1136	0	0	0	0	0	172	0	550	0	0	0	610	0	1734	0	986	0	1886	0	4044	0	0	0	0	0	96	0	0	0	198	0	186	0	0	0	0	0	0	0	88	0	0	0	4716	0	478	0	2728	0	0	0	1898	0	0	0	0	0	0	0	0	0	0	0	0	0	0	0	0	0	0	0	0	0	0	0	0	0	0	0	
18712	Heschl_R	0	176	0	0	0	0	0	0	0	0	0	0	0	0	0	0	0	1636	0	0	0	0	0	0	0	0	0	0	0	1022	0	0	0	0	0	0	0	1114	0	0	0	0	0	0	0	0	0	0	0	0	0	0	0	0	0	290	0	350	0	0	0	0	0	214	0	0	0	0	0	90	0	0	0	0	0	0	0	0	0	0	0	3392	0	0	0	1072	0	0	0	0	0	0	0	0	0	0	0	0	0	0	0	0	0	0	0	0	0	0	0	0	0	0	0	0	0	0	
243384	Temporal_Sup_L	2642	0	846	0	0	0	84	0	0	0	3910	0	156	0	0	0	12616	0	1984	0	0	0	0	0	0	0	0	0	9378	0	0	0	126	0	0	0	4758	0	92	0	0	0	0	0	204	0	0	0	358	0	1828	0	746	0	2512	0	4306	0	98	0	3278	0	7294	0	4148	0	254	0	230	0	0	0	676	0	0	0	160	0	4716	0	0	0	7302	0	31670	0	818	0	14502	0	0	0	0	0	0	0	0	0	0	0	0	0	0	0	0	0	0	0	0	0	0	0	0	0	0	0	
139608	Temporal_Sup_R	0	186	0	0	0	0	0	334	0	0	0	638	0	168	0	0	0	3568	0	74	0	0	0	0	0	0	0	0	0	4878	0	0	0	0	0	0	0	2364	0	260	0	0	0	1174	0	968	0	180	0	1366	0	2648	0	96	0	800	0	486	0	428	0	2838	0	6848	0	3788	78	1118	0	0	0	0	0	2202	0	0	0	0	0	3392	0	0	0	4842	0	21414	0	416	0	2252	0	0	0	0	0	0	0	0	0	0	0	0	0	0	0	0	0	0	0	0	0	0	0	0	0	0	
92412	Temporal_Pole_Sup_L	0	0	904	0	266	0	134	0	130	0	1344	0	228	0	1522	0	1640	0	1066	0	460	0	0	0	0	0	0	0	5366	0	0	0	0	0	0	0	1716	0	1494	0	1786	0	0	0	0	0	0	0	0	0	0	0	0	0	2392	0	98	0	0	0	0	0	0	0	0	0	0	0	0	0	0	0	1814	0	0	0	0	0	478	0	7302	0	0	0	7136	0	4960	0	3970	0	0	0	0	0	0	0	0	0	0	0	0	0	0	0	0	0	0	0	0	0	0	0	0	0	0	0	
70928	Temporal_Pole_Sup_R	0	88	0	140	0	0	0	196	0	0	0	682	0	0	0	212	0	694	0	168	0	0	0	0	0	0	0	0	0	3882	0	0	0	0	0	0	0	622	0	1870	0	2718	0	0	0	0	0	0	0	0	0	0	0	0	0	4716	0	0	0	0	0	0	0	0	0	0	0	0	0	0	0	0	0	2256	0	0	0	0	0	0	0	4842	0	0	0	4322	0	4930	0	3126	0	0	0	0	0	0	0	0	0	0	0	0	0	0	0	0	0	0	0	0	0	0	0	0	0	0	
395024	Temporal_Mid_L	3478	0	116	0	0	0	0	0	0	0	670	0	0	0	0	0	5504	0	146	0	0	0	0	0	0	0	0	0	2072	0	0	0	124	0	186	0	3376	0	100	0	722	0	1092	0	2700	0	0	0	3124	0	20210	0	5430	0	5002	0	4004	0	176	0	10992	0	10426	0	18528	0	660	0	1818	0	0	0	252	0	0	0	0	0	2728	0	31670	0	7136	0	0	0	7534	0	47398	0	138	0	0	0	0	0	0	0	0	0	0	0	0	0	0	0	0	0	0	0	0	0	0	0	0	0	
283200	Temporal_Mid_R	0	810	0	154	0	0	0	0	0	0	0	276	0	96	0	0	0	1354	0	408	0	0	0	0	0	0	0	0	0	3062	0	0	0	234	0	220	0	3316	0	896	0	570	490	7212	246	6162	512	1542	0	8492	0	20612	0	1414	0	3356	0	2410	0	1428	0	5260	0	7210	0	7216	506	5652	0	464	0	0	0	1028	0	0	0	0	0	1072	0	21414	0	4322	0	0	0	1360	0	20188	0	78	0	0	0	0	0	300	0	258	0	0	0	0	0	0	0	0	0	0	0	0	0	0	0	0	
48520	Temporal_Pole_Mid_L	0	0	0	0	0	0	0	0	0	0	0	0	0	0	0	0	0	0	0	0	0	0	0	0	0	0	0	0	140	0	0	0	0	0	0	0	840	0	1040	0	1124	0	0	0	0	0	0	0	0	0	0	0	0	0	1928	0	0	0	0	0	0	0	0	0	0	0	0	0	0	0	0	0	0	0	0	0	0	0	0	0	818	0	4960	0	7534	0	0	0	5876	0	0	0	0	0	0	0	0	0	0	0	0	0	0	0	0	0	0	0	0	0	0	0	0	0	0	0	
24664	Temporal_Pole_Mid_R	0	0	0	0	0	0	0	0	0	0	0	0	0	0	0	0	0	0	0	0	0	0	0	0	0	0	0	0	0	226	0	0	0	0	0	0	0	0	0	1078	0	402	0	0	0	0	0	0	0	0	0	0	0	0	0	2110	0	0	0	0	0	0	0	0	0	0	0	0	0	0	0	0	0	120	0	0	0	0	0	0	0	416	0	4930	0	1360	0	0	0	1690	0	0	0	0	0	0	0	0	0	0	0	0	0	0	0	0	0	0	0	0	0	0	0	0	0	0	
336376	Temporal_Inf_L	2062	0	166	0	0	0	120	0	0	0	282	0	0	0	0	0	2358	0	144	0	0	0	0	0	0	0	0	0	3342	0	0	0	76	0	136	0	11450	0	956	0	3592	0	464	0	574	0	108	0	518	0	5780	0	7848	0	21238	0	1792	0	0	0	6466	0	6090	0	7236	0	324	0	972	0	0	0	748	0	0	0	356	0	1898	0	14502	0	3970	0	47398	0	5876	0	0	0	4706	0	244	0	100	0	882	0	2994	0	210	0	210	0	0	0	0	0	0	0	0	0	0	0	0	0	
187916	Temporal_Inf_R	0	468	0	0	0	0	0	0	0	0	0	0	0	0	0	0	0	228	0	268	0	0	0	0	0	0	0	0	0	384	0	0	0	206	0	86	0	6066	0	1914	0	1258	0	7560	0	4452	436	2680	0	4934	0	3316	0	3928	0	15484	0	1010	0	388	0	180	0	130	0	514	190	6658	0	196	0	0	0	426	0	0	0	212	0	0	0	2252	0	3126	0	20188	0	1690	0	0	0	1748	0	0	0	0	0	556	0	826	0	0	0	0	0	0	0	0	0	0	0	0	0	0	0	0	
552152	Cerebelum_Crus1_L	0	0	0	0	0	0	0	0	0	0	0	0	0	0	0	0	0	0	0	0	0	0	0	0	0	0	0	0	84	0	0	0	0	0	0	0	366	0	238	0	0	0	0	0	0	0	11318	4450	0	0	92	0	224	132	21740	3922	0	0	0	0	0	0	0	0	0	0	0	0	0	0	0	0	0	0	0	0	0	0	0	0	0	0	0	0	138	0	0	0	4706	0	0	9374	38406	4644	992	994	21324	684	57814	9396	21208	1536	19992	4658	2320	280	948	0	156	1038	7190	11454	12496	1098	494	170	
473372	Cerebelum_Crus1_R	0	0	0	0	0	0	0	0	0	0	0	0	0	0	0	0	0	0	0	0	0	0	0	0	0	0	0	0	0	0	0	0	0	0	0	0	0	438	0	566	0	0	0	118	0	0	834	9834	0	0	0	0	0	204	238	19916	0	0	0	0	0	0	0	0	0	0	0	0	0	0	0	0	0	0	0	0	0	0	0	0	0	0	0	0	0	78	0	0	0	1748	9374	0	4710	32272	290	2248	1878	19736	6556	55884	3622	6820	4342	20990	680	700	122	138	94	1892	9316	8438	11074	1054	382	100	
359352	Cerebelum_Crus2_L	0	0	0	0	0	0	0	0	0	0	0	0	0	0	0	0	0	0	0	0	0	0	0	0	0	0	0	0	0	0	0	0	0	0	0	0	0	0	0	0	0	0	0	0	0	0	688	538	0	0	0	0	0	0	848	482	0	0	0	0	0	0	0	0	0	0	0	0	0	0	0	0	0	0	0	0	0	0	0	0	0	0	0	0	0	0	0	0	244	0	38406	4710	0	6362	98	580	2440	466	10160	3428	42312	3248	34452	5038	7218	372	262	0	0	552	1790	2646	9542	2154	526	114	
279816	Cerebelum_Crus2_R	0	0	0	0	0	0	0	0	0	0	0	0	0	0	0	0	0	0	0	0	0	0	0	0	0	0	0	0	0	0	0	0	0	0	0	0	0	0	0	0	0	0	0	0	0	0	0	526	0	0	0	0	0	0	0	692	0	0	0	0	0	0	0	0	0	0	0	0	0	0	0	0	0	0	0	0	0	0	0	0	0	0	0	0	0	0	0	0	0	0	4644	32272	6362	0	94	1134	368	3356	764	10870	6660	18672	6268	26930	538	1058	0	170	0	1016	2692	1530	9256	3446	518	72	
44716	Cerebelum_3_L	0	0	0	0	0	0	0	0	0	0	0	0	0	0	0	0	0	0	0	0	0	0	0	0	0	0	0	0	0	0	0	0	0	0	0	0	0	0	144	0	0	0	0	0	0	0	292	286	0	0	0	0	0	0	462	188	0	0	0	0	0	0	0	0	0	0	0	0	0	0	0	0	0	0	0	0	0	0	0	0	0	0	0	0	0	0	0	0	100	0	992	290	98	94	0	338	6800	216	3552	622	182	0	374	0	1602	0	574	0	946	1502	1368	1204	132	0	0	0	
95408	Cerebelum_3_R	0	0	0	0	0	0	0	0	0	0	0	0	0	0	0	0	0	0	0	0	0	0	0	0	0	0	0	0	0	0	0	0	0	0	0	0	0	408	0	826	0	0	0	0	0	0	0	228	0	0	0	0	0	0	0	886	0	0	0	0	0	0	0	0	0	0	0	0	0	0	0	0	0	0	0	0	0	0	0	0	0	0	0	0	0	0	0	0	0	0	994	2248	580	1134	338	0	940	6170	1396	6536	672	0	1680	1614	1074	1126	190	0	1204	7542	1580	2740	2172	1232	1280	914	
278664	Cerebelum_4_5_L	0	0	0	0	0	0	0	0	0	0	0	0	0	0	0	0	0	0	0	0	0	0	0	0	0	0	0	0	86	0	0	0	0	0	0	0	440	0	1482	0	122	0	0	0	0	0	12400	1138	0	0	0	0	146	0	14092	786	0	0	0	0	0	0	0	0	0	0	0	0	0	0	0	0	0	0	0	0	0	0	0	0	0	0	0	0	0	0	0	0	882	0	21324	1878	2440	368	6800	940	0	988	36962	3346	2528	138	1372	132	3664	498	962	0	792	1910	13598	4878	1030	0	542	668	
233008	Cerebelum_4_5_R	0	0	0	0	0	0	0	0	0	0	0	0	0	0	0	0	0	74	0	0	0	0	0	0	0	0	0	0	0	180	0	0	0	0	0	74	0	2832	0	4966	0	0	0	544	0	0	486	6760	0	0	0	0	0	108	0	11382	0	0	0	0	0	0	0	0	0	0	0	1408	0	0	0	0	0	174	0	0	0	0	0	0	0	0	0	0	0	300	0	0	0	556	684	19736	466	3356	216	6170	988	0	960	29492	388	512	608	2402	476	1414	0	92	178	3190	10160	1338	1664	1018	946	206	
487316	Cerebelum_6_L	0	0	0	0	0	0	0	0	0	0	0	0	0	0	0	0	0	0	0	0	0	0	0	0	0	0	0	0	112	0	0	0	0	0	0	0	434	0	1142	0	0	0	0	0	0	0	15474	5792	0	0	0	0	596	182	28332	5018	0	0	0	0	0	0	0	0	0	0	0	0	0	0	0	0	0	0	0	0	0	0	0	0	0	0	0	0	0	0	0	0	2994	0	57814	6556	10160	764	3552	1396	36962	960	0	10046	7148	160	6744	410	3214	204	1532	0	500	1772	12020	15298	5442	354	326	248	
476312	Cerebelum_6_R	0	130	0	0	0	0	0	0	0	0	0	0	0	0	0	0	0	160	0	104	0	0	0	0	0	0	0	0	0	208	0	0	0	0	0	94	0	2220	0	2162	0	0	0	106	0	0	1042	12530	0	0	0	0	0	704	554	24658	0	0	0	0	0	0	0	0	0	0	0	126	0	74	0	0	0	118	0	0	0	0	0	0	0	0	0	0	0	258	0	0	0	826	9396	55884	3428	10870	622	6536	3346	29492	10046	0	2226	1536	4140	7590	1476	1176	286	444	386	4486	13196	13858	9580	1026	770	286	
325172	Cerebelum_7b_L	0	0	0	0	0	0	0	0	0	0	0	0	0	0	0	0	0	0	0	0	0	0	0	0	0	0	0	0	0	0	0	0	0	0	0	0	0	0	86	0	0	0	0	0	0	0	422	542	0	0	0	0	0	0	682	460	0	0	0	0	0	0	0	0	0	0	0	0	0	0	0	0	0	0	0	0	0	0	0	0	0	0	0	0	0	0	0	0	210	0	21208	3622	42312	6660	182	672	2528	388	7148	2226	0	3412	38176	5660	8288	382	940	0	0	634	1740	2426	8106	2818	544	112	
137688	Cerebelum_7b_R	0	0	0	0	0	0	0	0	0	0	0	0	0	0	0	0	0	0	0	0	0	0	0	0	0	0	0	0	0	0	0	0	0	0	0	0	0	0	0	0	0	0	0	0	0	0	0	142	0	0	0	0	0	0	0	80	0	0	0	0	0	0	0	0	0	0	0	0	0	0	0	0	0	0	0	0	0	0	0	0	0	0	0	0	0	0	0	0	0	0	1536	6820	3248	18672	0	0	138	512	160	1536	3412	0	2818	18276	292	3804	0	0	0	0	786	258	3488	2654	212	0	
363636	Cerebelum_8_L	0	0	0	0	0	0	0	0	0	0	0	0	0	0	0	0	0	0	0	0	0	0	0	0	0	0	0	0	0	0	0	0	0	0	0	0	0	0	0	0	0	0	0	0	0	0	302	1108	0	0	0	0	0	0	478	988	0	0	0	0	0	0	0	0	0	0	0	0	0	0	0	0	0	0	0	0	0	0	0	0	0	0	0	0	0	0	0	0	210	0	19992	4342	34452	6268	374	1680	1372	608	6744	4140	38176	2818	0	6846	19342	1380	1990	156	122	1616	1300	5134	11070	6210	2316	284	
270320	Cerebelum_8_R	0	0	0	0	0	0	0	0	0	0	0	0	0	0	0	0	0	0	0	0	0	0	0	0	0	0	0	0	0	0	0	0	0	0	0	0	0	0	0	0	0	0	0	0	0	0	0	246	0	0	0	0	0	0	0	538	0	0	0	0	0	0	0	0	0	0	0	0	0	0	0	0	0	0	0	0	0	0	0	0	0	0	0	0	0	0	0	0	0	0	4658	20990	5038	26930	0	1614	132	2402	410	7590	5660	18276	6846	0	868	14670	0	298	0	1382	1282	692	8954	3890	1698	96	
143740	Cerebelum_9_L	0	0	0	0	0	0	0	0	0	0	0	0	0	0	0	0	0	0	0	0	0	0	0	0	0	0	0	0	0	0	0	0	0	0	0	0	0	0	0	0	0	0	0	0	0	0	124	662	0	0	0	0	0	0	0	546	0	0	0	0	0	0	0	0	0	0	0	0	0	0	0	0	0	0	0	0	0	0	0	0	0	0	0	0	0	0	0	0	0	0	2320	680	7218	538	1602	1074	3664	476	3214	1476	8288	292	19342	868	0	1334	3612	108	266	1082	1846	3536	1976	2472	2300	954	
96780	Cerebelum_9_R	0	0	0	0	0	0	0	0	0	0	0	0	0	0	0	0	0	0	0	0	0	0	0	0	0	0	0	0	0	0	0	0	0	0	0	0	0	0	0	0	0	0	0	0	0	0	0	0	0	0	0	0	0	0	0	0	0	0	0	0	0	0	0	0	0	0	0	0	0	0	0	0	0	0	0	0	0	0	0	0	0	0	0	0	0	0	0	0	0	0	280	700	372	1058	0	1126	498	1414	204	1176	382	3804	1380	14670	1334	0	0	1230	314	1156	952	2112	2686	4132	5230	2180	
27116	Cerebelum_10_L	0	0	0	0	0	0	0	0	0	0	0	0	0	0	0	0	0	0	0	0	0	0	0	0	0	0	0	0	0	0	0	0	0	0	0	0	0	0	138	0	0	0	0	0	0	0	84	128	0	0	0	0	0	0	174	94	0	0	0	0	0	0	0	0	0	0	0	0	0	0	0	0	0	0	0	0	0	0	0	0	0	0	0	0	0	0	0	0	0	0	948	122	262	0	574	190	962	0	1532	286	940	0	1990	0	3612	0	0	0	0	184	182	748	112	86	210	0	
6872	Cerebelum_10_R	0	0	0	0	0	0	0	0	0	0	0	0	0	0	0	0	0	0	0	0	0	0	0	0	0	0	0	0	0	0	0	0	0	0	0	0	0	0	0	0	0	0	0	0	0	0	0	0	0	0	0	0	0	0	0	0	0	0	0	0	0	0	0	0	0	0	0	0	0	0	0	0	0	0	0	0	0	0	0	0	0	0	0	0	0	0	0	0	0	0	0	138	0	170	0	0	0	92	0	444	0	0	156	298	108	1230	0	0	0	0	0	0	248	284	268	0	
24484	Vermis_1_2	0	0	0	0	0	0	0	0	0	0	0	0	0	0	0	0	0	0	0	0	0	0	0	0	0	0	0	0	0	0	0	0	0	0	0	0	0	0	0	0	0	0	0	0	0	0	0	0	0	0	0	0	0	0	126	0	0	0	0	0	0	0	0	0	0	0	0	0	0	0	0	0	0	0	0	0	0	0	0	0	0	0	0	0	0	0	0	0	0	0	156	94	0	0	946	1204	792	178	500	386	0	0	122	0	266	314	0	0	0	4440	1328	610	136	152	252	240	
96324	Vermis_3	0	0	0	0	0	0	0	0	0	0	0	0	0	0	0	0	0	0	0	0	0	0	0	0	0	0	0	0	0	0	0	0	0	0	0	0	0	0	166	0	0	0	0	0	0	0	72	184	0	0	0	0	0	0	200	96	0	0	0	0	0	0	0	0	0	0	0	0	0	0	0	0	0	0	0	0	0	0	0	0	0	0	0	0	0	0	0	0	0	0	1038	1892	552	1016	1502	7542	1910	3190	1772	4486	634	0	1616	1382	1082	1156	184	0	4440	0	3908	2752	2054	1164	1234	938	
222872	Vermis_4_5	0	0	0	0	0	0	0	0	0	0	0	0	0	0	0	0	0	0	0	148	0	0	0	0	0	0	0	0	0	0	0	0	0	0	104	570	0	184	162	120	0	0	0	156	0	114	4726	3246	0	118	0	0	144	110	2394	1816	0	0	0	0	0	0	0	0	0	0	0	1010	0	248	0	0	0	0	0	0	0	0	0	0	0	0	0	0	0	0	0	0	0	0	7190	9316	1790	2692	1368	1580	13598	10160	12020	13196	1740	786	1300	1282	1846	952	182	0	1328	3908	0	6254	1124	0	800	1654	
