data	data	557840	230076	1.0376e+06	879908	179312	126116	577248	322628	106760	42376	214744	183684	335220	162072	189424	107544	218892	156076	887220	883400	78352	82112	492200	486564	50180	105128	89748	78216	603640	272176	371560	516528	144472	618292	117292	132280	220348	272248	76620	159404	33936	65100	205908	240852	178128	239564	227400	272108	190344	262348	439556	261652	102536	72696	313792	354208	249024	237728	90956	73024	172660	84116	153160	125864	145784	131864	275996	301156	245640	179812	279912	399248	335672	326292	90904	24004	133216	123552	53276	16388	221016	110336	119740	36204	309660	178292	39972	13940	219848	152880	388948	398304	299892	239228	29880	75300	202676	173252	362916	365068	189964	90996	284164	222892	125076	90800	20712	8228	18552	43420	145168	185372	165108	115044	81948	29464	
data	data	Precentral_L	Precentral_R	Frontal_Sup_L	Frontal_Sup_R	Frontal_Sup_Orb_L	Frontal_Sup_Orb_R	Frontal_Mid_L	Frontal_Mid_R	Frontal_Mid_Orb_L	Frontal_Mid_Orb_R	Frontal_Inf_Oper_L	Frontal_Inf_Oper_R	Frontal_Inf_Tri_L	Frontal_Inf_Tri_R	Frontal_Inf_Orb_L	Frontal_Inf_Orb_R	Rolandic_Oper_L	Rolandic_Oper_R	Supp_Motor_Area_L	Supp_Motor_Area_R	Olfactory_L	Olfactory_R	Frontal_Sup_Medial_L	Frontal_Sup_Medial_R	Frontal_Med_Orb_L	Frontal_Med_Orb_R	Rectus_L	Rectus_R	Insula_L	Insula_R	Cingulum_Ant_L	Cingulum_Ant_R	Cingulum_Mid_L	Cingulum_Mid_R	Cingulum_Post_L	Cingulum_Post_R	Hippocampus_L	Hippocampus_R	ParaHippocampal_L	ParaHippocampal_R	Amygdala_L	Amygdala_R	Calcarine_L	Calcarine_R	Cuneus_L	Cuneus_R	Lingual_L	Lingual_R	Occipital_Sup_L	Occipital_Sup_R	Occipital_Mid_L	Occipital_Mid_R	Occipital_Inf_L	Occipital_Inf_R	Fusiform_L	Fusiform_R	Postcentral_L	Postcentral_R	Parietal_Sup_L	Parietal_Sup_R	Parietal_Inf_L	Parietal_Inf_R	SupraMarginal_L	SupraMarginal_R	Angular_L	Angular_R	Precuneus_L	Precuneus_R	Paracentral_Lobule_L	Paracentral_Lobule_R	Caudate_L	Caudate_R	Putamen_L	Putamen_R	Pallidum_L	Pallidum_R	Thalamus_L	Thalamus_R	Heschl_L	Heschl_R	Temporal_Sup_L	Temporal_Sup_R	Temporal_Pole_Sup_L	Temporal_Pole_Sup_R	Temporal_Mid_L	Temporal_Mid_R	Temporal_Pole_Mid_L	Temporal_Pole_Mid_R	Temporal_Inf_L	Temporal_Inf_R	Cerebelum_Crus1_L	Cerebelum_Crus1_R	Cerebelum_Crus2_L	Cerebelum_Crus2_R	Cerebelum_3_L	Cerebelum_3_R	Cerebelum_4_5_L	Cerebelum_4_5_R	Cerebelum_6_L	Cerebelum_6_R	Cerebelum_7b_L	Cerebelum_7b_R	Cerebelum_8_L	Cerebelum_8_R	Cerebelum_9_L	Cerebelum_9_R	Cerebelum_10_L	Cerebelum_10_R	Vermis_1_2	Vermis_3	Vermis_4_5	Vermis_6	Vermis_7	Vermis_8	Vermis_9	Vermis_10	
557840	Precentral_L	0	1230	19628	4894	0	0	22540	882	0	0	13272	0	6104	0	232	0	13250	0	22874	10756	0	0	188	0	0	0	0	0	11050	0	1062	192	2428	5434	6210	2730	9086	1312	130	352	0	0	94	0	1044	0	0	180	156	0	704	0	144	0	138	0	25582	2046	394	0	3790	0	1172	0	358	0	1802	0	35586	5224	5664	0	9176	0	6896	0	14316	0	3712	0	2820	0	544	0	1152	0	0	0	390	0	0	0	0	0	0	0	0	0	0	0	0	0	0	0	0	0	0	0	0	0	0	0	0	0	0	0	
230076	Precentral_R	1230	0	670	14294	0	0	0	11458	0	0	0	5698	0	0	0	0	0	3838	1572	9232	0	0	0	0	0	0	0	0	0	2934	0	0	0	544	0	456	0	3096	0	164	0	0	0	102	0	2224	0	180	0	2632	0	3112	0	0	0	258	0	16022	0	310	0	724	0	2070	0	1522	444	3698	1050	4194	1048	7514	0	1046	0	342	142	9376	0	0	0	238	0	0	0	1038	0	0	0	566	0	0	0	0	0	0	0	0	0	0	0	0	0	0	0	0	0	0	0	0	0	0	0	0	0	0	
1.0376e+06	Frontal_Sup_L	19628	670	0	10012	12676	296	82512	3550	6160	0	13328	0	26980	0	12164	0	11144	0	89234	13528	828	0	55014	8818	1474	458	3750	0	44928	98	19216	5060	3014	7326	0	0	2644	100	118	0	204	0	0	0	0	0	0	0	0	0	0	0	0	0	374	0	3326	0	0	0	626	0	0	0	0	0	0	0	2306	128	13408	632	23634	228	7588	0	1100	0	358	0	6016	0	3204	0	278	0	0	0	662	0	0	0	0	0	0	0	0	0	0	0	0	0	0	0	0	0	0	0	0	0	0	0	0	0	0	0	
879908	Frontal_Sup_R	4894	14294	10012	0	92	6364	3564	45842	0	920	0	10818	108	9650	0	3444	0	6528	20322	72178	0	136	16814	53884	140	2874	0	660	188	9686	9358	35428	422	30416	0	0	0	1636	0	300	0	0	0	0	0	0	0	134	0	0	0	0	0	0	0	146	0	680	0	0	0	0	0	228	0	0	0	0	1610	396	6118	28516	484	10972	0	804	98	18296	0	0	0	232	0	268	0	0	0	0	0	0	0	0	0	0	0	0	0	0	0	0	0	0	0	0	0	0	0	0	0	0	0	0	0	0	0	0	
179312	Frontal_Sup_Orb_L	0	0	12676	92	0	0	1260	0	14804	0	0	0	930	0	14394	0	0	0	0	0	1776	180	4572	828	4200	344	9632	0	8008	0	4388	140	0	0	0	0	0	0	0	0	246	0	0	0	0	0	0	0	0	0	0	0	0	0	0	0	0	0	0	0	0	0	0	0	0	0	0	0	0	0	2356	160	7444	0	0	0	0	0	0	0	0	0	1226	0	0	0	0	0	0	0	0	0	0	0	0	0	0	0	0	0	0	0	0	0	0	0	0	0	0	0	0	0	0	0	0	0	
126116	Frontal_Sup_Orb_R	0	0	296	6364	0	0	0	2470	0	7522	0	0	0	200	0	3218	0	0	0	0	738	1858	1362	6098	672	8934	440	7128	0	404	2550	4376	0	0	0	0	0	0	0	0	0	0	0	0	0	0	0	0	0	0	0	0	0	0	0	0	0	0	0	0	0	0	0	0	0	0	0	0	0	0	546	4192	328	3362	0	0	0	0	0	0	0	0	0	0	0	0	0	0	0	0	0	0	0	0	0	0	0	0	0	0	0	0	0	0	0	0	0	0	0	0	0	0	0	0	0	0	
577248	Frontal_Mid_L	22540	0	82512	3564	1260	0	0	598	3976	0	10602	0	49884	0	8538	0	4168	0	20680	2688	0	0	23322	2234	0	0	0	0	29280	0	5032	1362	718	3830	0	0	720	0	0	0	0	0	0	0	0	0	0	0	0	0	0	0	0	0	0	0	2010	0	0	0	522	0	0	0	0	0	0	0	0	0	2000	0	3558	0	748	0	258	0	442	0	1132	0	446	0	0	0	0	0	0	0	0	0	0	0	0	0	0	0	0	0	0	0	0	0	0	0	0	0	0	0	0	0	0	0	0	0	
322628	Frontal_Mid_R	882	11458	3550	45842	0	2470	598	0	0	1790	0	10164	0	19506	0	5708	0	3746	5170	10526	0	0	1474	7636	0	0	0	0	0	6832	168	2238	0	5938	0	0	0	906	0	182	0	0	0	0	0	0	0	0	0	0	0	0	0	0	0	164	0	400	0	0	0	0	0	0	0	0	0	0	0	0	4672	4030	0	4480	0	254	0	362	0	0	0	168	0	0	0	0	0	0	0	0	0	0	0	0	0	0	0	0	0	0	0	0	0	0	0	0	0	0	0	0	0	0	0	0	0	0	
106760	Frontal_Mid_Orb_L	0	0	6160	0	14804	0	3976	0	0	0	0	0	2906	0	15038	0	0	0	0	0	0	0	868	0	1748	0	2210	0	2948	0	682	0	0	0	0	0	0	0	0	0	0	0	0	0	0	0	0	0	0	0	0	0	0	0	0	0	0	0	0	0	0	0	0	0	0	0	0	0	0	0	92	0	1820	0	0	0	0	0	0	0	0	0	128	0	0	0	0	0	0	0	0	0	0	0	0	0	0	0	0	0	0	0	0	0	0	0	0	0	0	0	0	0	0	0	0	0	
42376	Frontal_Mid_Orb_R	0	0	0	920	0	7522	0	1790	0	0	0	0	0	172	0	5244	0	0	0	0	0	0	0	428	0	1386	0	1114	0	156	0	198	0	0	0	0	0	0	0	0	0	0	0	0	0	0	0	0	0	0	0	0	0	0	0	0	0	0	0	0	0	0	0	0	0	0	0	0	0	0	0	654	0	1604	0	0	0	0	0	0	0	0	0	0	0	0	0	0	0	0	0	0	0	0	0	0	0	0	0	0	0	0	0	0	0	0	0	0	0	0	0	0	0	0	0	0	
214744	Frontal_Inf_Oper_L	13272	0	13328	0	0	0	10602	0	0	0	0	0	12900	0	286	0	14132	0	12584	0	0	0	270	0	0	0	0	0	12676	0	216	0	0	0	0	0	584	0	0	0	0	0	0	0	0	0	0	0	0	0	0	0	0	0	0	0	5306	0	0	0	332	0	0	0	0	0	0	0	0	0	258	0	444	0	0	0	0	0	680	0	4734	0	4768	0	0	0	0	0	0	0	0	0	0	0	0	0	0	0	0	0	0	0	0	0	0	0	0	0	0	0	0	0	0	0	0	0	
183684	Frontal_Inf_Oper_R	0	5698	0	10818	0	0	0	10164	0	0	0	0	0	9462	0	888	0	9562	1708	11188	0	0	0	116	0	0	0	0	0	17072	0	302	0	1998	0	0	0	1428	0	498	0	0	0	0	0	0	0	0	0	0	0	0	0	0	0	426	0	2328	0	0	0	0	0	342	0	0	0	0	0	0	484	2580	132	3522	0	414	0	0	0	0	0	336	0	376	0	0	0	0	0	0	0	0	0	0	0	0	0	0	0	0	0	0	0	0	0	0	0	0	0	0	0	0	0	0	0	0	
335220	Frontal_Inf_Tri_L	6104	0	26980	108	930	0	49884	0	2906	0	12900	0	0	0	12110	0	2422	0	10500	154	0	0	1962	0	0	0	0	0	32726	0	1562	0	204	142	0	0	0	0	0	0	0	0	0	0	0	0	0	0	0	0	0	0	0	0	0	0	1318	0	0	0	0	0	0	0	0	0	0	0	0	0	614	0	1612	0	0	0	0	0	90	0	776	0	1606	0	0	0	0	0	0	0	0	0	0	0	0	0	0	0	0	0	0	0	0	0	0	0	0	0	0	0	0	0	0	0	0	0	
162072	Frontal_Inf_Tri_R	0	0	0	9650	0	200	0	19506	0	172	0	9462	0	0	0	8164	0	120	3320	7602	0	0	0	478	0	0	0	0	0	9918	128	1108	0	5450	0	0	0	538	0	204	0	0	0	0	0	0	0	0	0	0	0	0	0	0	0	140	0	0	0	0	0	0	0	0	0	0	0	0	0	0	584	1570	140	2582	0	0	0	0	0	0	0	0	0	0	0	0	0	0	0	0	0	0	0	0	0	0	0	0	0	0	0	0	0	0	0	0	0	0	0	0	0	0	0	0	0	0	
189424	Frontal_Inf_Orb_L	232	0	12164	0	14394	0	8538	0	15038	0	286	0	12110	0	0	0	0	0	1336	0	1944	0	318	0	0	0	2336	0	14322	0	316	0	0	0	0	0	308	0	298	0	268	0	0	0	0	0	0	0	0	0	0	0	0	0	0	0	0	0	0	0	0	0	0	0	0	0	0	0	0	0	1734	0	5960	0	0	0	0	0	0	0	284	0	2526	0	0	0	0	0	0	0	0	0	0	0	0	0	0	0	0	0	0	0	0	0	0	0	0	0	0	0	0	0	0	0	0	0	
107544	Frontal_Inf_Orb_R	0	0	0	3444	0	3218	0	5708	0	5244	0	888	0	8164	0	0	0	0	1096	2082	166	1286	174	446	0	134	0	1676	0	6952	192	1046	0	1404	0	0	0	0	0	0	0	0	0	0	0	0	0	0	0	0	0	0	0	0	0	0	0	0	0	0	0	0	0	0	0	0	0	0	0	0	546	3634	0	6272	0	0	0	0	0	0	0	0	0	0	0	0	0	0	0	0	0	0	0	0	0	0	0	0	0	0	0	0	0	0	0	0	0	0	0	0	0	0	0	0	0	0	
218892	Rolandic_Oper_L	13250	0	11144	0	0	0	4168	0	0	0	14132	0	2422	0	0	0	0	0	11740	0	0	0	0	0	0	0	0	0	15862	0	128	0	0	0	0	0	2642	0	0	0	0	0	0	0	0	0	0	0	0	0	352	0	0	0	198	0	9106	0	0	0	794	0	2154	0	438	0	0	0	98	0	164	0	676	0	0	0	322	0	3706	0	10212	0	3628	0	1154	0	0	0	956	0	0	0	0	0	0	0	0	0	0	0	0	0	0	0	0	0	0	0	0	0	0	0	0	0	0	0	
156076	Rolandic_Oper_R	0	3838	0	6528	0	0	0	3746	0	0	0	9562	0	120	0	0	0	0	210	6112	0	0	0	0	0	0	0	0	0	12800	0	0	0	108	0	0	0	2272	0	504	0	0	0	0	0	94	0	0	0	116	0	308	0	0	0	966	0	6396	0	124	0	362	0	3624	0	598	0	308	0	0	0	3090	0	6450	0	1880	0	0	0	1082	0	4742	0	410	0	716	0	0	0	972	0	0	0	0	0	0	0	0	0	0	0	0	0	0	0	0	0	0	0	0	0	0	0	0	0	0	
887220	Supp_Motor_Area_L	22874	1572	89234	20322	0	0	20680	5170	0	0	12584	1708	10500	3320	1336	1096	11740	210	0	53200	0	0	9120	4978	0	0	0	0	29856	1770	10052	10852	9466	36148	306	308	3494	878	0	188	0	0	0	0	0	0	0	0	0	0	0	0	0	0	624	112	3738	0	0	0	770	0	0	0	0	0	0	0	10000	474	15756	1408	15124	1932	7468	0	1742	0	410	0	6894	0	2538	0	470	0	0	0	1188	0	0	0	0	0	0	0	0	0	0	0	0	0	0	0	0	0	0	0	0	0	0	0	0	0	0	0	
883400	Supp_Motor_Area_R	10756	9232	13528	72178	0	0	2688	10526	0	0	0	11188	154	7602	0	2082	0	6112	53200	0	0	0	5382	17006	0	0	0	0	188	10068	4138	25254	5592	70572	572	6808	0	2302	0	648	0	0	0	0	0	0	0	0	0	0	0	0	0	0	0	448	132	4994	0	0	0	0	0	392	0	0	202	418	9134	24416	8350	24668	474	8954	248	736	1302	8560	0	0	0	226	0	270	0	0	0	0	0	0	0	0	0	0	0	0	0	0	0	0	0	0	0	0	0	0	0	0	0	0	0	0	0	0	0	0	
78352	Olfactory_L	0	0	828	0	1776	738	0	0	0	0	0	0	0	0	1944	166	0	0	0	0	0	4760	116	126	484	496	2776	1462	3134	0	2546	1426	0	0	0	0	564	0	652	0	844	0	0	0	0	0	0	0	0	0	0	0	0	0	272	0	0	0	0	0	0	0	0	0	0	0	0	0	0	0	6364	3608	2666	274	0	0	0	0	0	0	194	0	960	0	0	0	0	0	0	0	0	0	0	0	0	0	0	0	0	0	0	0	0	0	0	0	0	0	0	0	0	0	0	0	0	0	
82112	Olfactory_R	0	0	0	136	180	1858	0	0	0	0	0	0	0	0	0	1286	0	0	0	0	4760	0	102	240	332	1302	1518	4012	0	2306	2734	2616	0	0	0	0	0	322	0	230	0	622	0	0	0	0	0	0	0	0	0	0	0	0	0	168	0	0	0	0	0	0	0	0	0	0	0	0	0	0	5818	7060	2484	970	0	0	0	0	0	0	0	0	0	0	0	0	0	0	0	0	0	0	0	0	0	0	0	0	0	0	0	0	0	0	0	0	0	0	0	0	0	0	0	0	0	0	
492200	Frontal_Sup_Medial_L	188	0	55014	16814	4572	1362	23322	1474	868	0	270	0	1962	0	318	174	0	0	9120	5382	116	102	0	34270	3678	2486	2262	0	3578	0	32720	21314	3824	15134	0	0	0	0	0	0	0	0	0	0	0	0	0	0	0	0	0	0	0	0	0	0	0	0	0	0	0	0	0	0	0	0	0	0	0	0	914	776	3632	454	0	0	0	0	0	0	0	0	0	0	0	0	0	0	0	0	0	0	0	0	0	0	0	0	0	0	0	0	0	0	0	0	0	0	0	0	0	0	0	0	0	0	
486564	Frontal_Sup_Medial_R	0	0	8818	53884	828	6098	2234	7636	0	428	0	116	0	478	0	446	0	0	4978	17006	126	240	34270	0	1182	7710	230	1520	114	166	14948	39884	1422	23552	0	0	0	0	0	0	0	0	0	0	0	0	0	0	0	0	0	0	0	0	0	0	0	0	0	0	0	0	0	0	0	0	0	0	0	0	348	7800	320	6500	0	0	0	0	0	0	0	0	0	0	0	0	0	0	0	0	0	0	0	0	0	0	0	0	0	0	0	0	0	0	0	0	0	0	0	0	0	0	0	0	0	0	
50180	Frontal_Med_Orb_L	0	0	1474	140	4200	672	0	0	1748	0	0	0	0	0	0	0	0	0	0	0	484	332	3678	1182	0	3058	2230	604	0	0	3872	430	0	0	0	0	0	0	0	0	0	0	0	0	0	0	0	0	0	0	0	0	0	0	0	0	0	0	0	0	0	0	0	0	0	0	0	0	0	0	512	198	276	0	0	0	0	0	0	0	0	0	0	0	0	0	0	0	0	0	0	0	0	0	0	0	0	0	0	0	0	0	0	0	0	0	0	0	0	0	0	0	0	0	0	0	
105128	Frontal_Med_Orb_R	0	0	458	2874	344	8934	0	0	0	1386	0	0	0	0	0	134	0	0	0	0	496	1302	2486	7710	3058	0	816	7412	0	0	3058	6008	0	0	0	0	0	0	0	0	0	0	0	0	0	0	0	0	0	0	0	0	0	0	0	0	0	0	0	0	0	0	0	0	0	0	0	0	0	0	420	3514	260	1894	0	0	0	0	0	0	0	0	0	0	0	0	0	0	0	0	0	0	0	0	0	0	0	0	0	0	0	0	0	0	0	0	0	0	0	0	0	0	0	0	0	0	
89748	Rectus_L	0	0	3750	0	9632	440	0	0	2210	0	0	0	0	0	2336	0	0	0	0	0	2776	1518	2262	230	2230	816	0	1082	2406	0	4210	380	0	0	0	0	0	0	0	0	180	0	0	0	0	0	0	0	0	0	0	0	0	0	0	0	0	0	0	0	0	0	0	0	0	0	0	0	0	0	3970	828	3096	0	0	0	0	0	0	0	0	0	522	0	0	0	0	0	0	0	0	0	0	0	0	0	0	0	0	0	0	0	0	0	0	0	0	0	0	0	0	0	0	0	0	0	
78216	Rectus_R	0	0	0	660	0	7128	0	0	0	1114	0	0	0	0	0	1676	0	0	0	0	1462	4012	0	1520	604	7412	1082	0	0	782	718	3146	0	0	0	0	0	0	0	0	0	0	0	0	0	0	0	0	0	0	0	0	0	0	0	0	0	0	0	0	0	0	0	0	0	0	0	0	0	0	1058	4048	314	2372	0	0	0	0	0	0	0	0	0	0	0	0	0	0	0	0	0	0	0	0	0	0	0	0	0	0	0	0	0	0	0	0	0	0	0	0	0	0	0	0	0	0	
603640	Insula_L	11050	0	44928	188	8008	0	29280	0	2948	0	12676	0	32726	0	14322	0	15862	0	29856	188	3134	0	3578	114	0	0	2406	0	0	0	3622	150	270	158	488	362	16294	378	1562	0	2396	0	168	0	0	0	0	0	0	0	432	0	0	0	3562	0	7928	0	244	0	1084	0	794	0	106	0	346	0	320	0	4102	0	17884	0	0	0	2134	0	5732	0	8722	0	5808	0	1382	0	256	0	3752	0	0	0	0	0	0	0	120	0	0	0	0	0	0	0	0	0	0	0	0	0	0	0	0	0	0	0	
272176	Insula_R	0	2934	98	9686	0	404	0	6832	0	156	0	17072	0	9918	0	6952	0	12800	1770	10068	0	2306	0	166	0	0	0	782	0	0	0	446	0	1364	0	0	0	7608	0	2828	0	1912	0	0	0	0	0	0	0	0	0	0	0	0	0	3226	0	1670	0	0	0	0	0	112	0	0	0	0	0	0	896	4686	208	19870	0	208	0	0	0	770	0	3776	0	1256	0	1820	0	0	0	1388	0	0	0	0	0	0	0	100	0	0	0	0	0	0	0	0	0	0	0	0	0	0	0	0	0	0	
371560	Cingulum_Ant_L	1062	0	19216	9358	4388	2550	5032	168	682	0	216	0	1562	128	316	192	128	0	10052	4138	2546	2734	32720	14948	3872	3058	4210	718	3622	0	0	24936	4896	7182	0	0	0	0	0	0	0	0	0	0	0	0	0	0	0	0	0	0	0	0	0	0	0	0	0	0	0	0	0	0	0	0	0	0	0	0	6568	3498	10262	822	0	0	0	0	0	0	0	0	0	0	0	0	0	0	0	0	0	0	0	0	0	0	0	0	0	0	0	0	0	0	0	0	0	0	0	0	0	0	0	0	0	0	
516528	Cingulum_Ant_R	192	0	5060	35428	140	4376	1362	2238	0	198	0	302	0	1108	0	1046	0	0	10852	25254	1426	2616	21314	39884	430	6008	380	3146	150	446	24936	0	2714	31064	0	0	0	234	0	0	0	0	0	0	0	0	0	0	0	0	0	0	0	0	0	0	0	0	0	0	0	0	0	0	0	0	0	0	0	0	2672	19476	1344	12468	0	0	0	0	0	0	0	0	0	0	0	0	0	0	0	0	0	0	0	0	0	0	0	0	0	0	0	0	0	0	0	0	0	0	0	0	0	0	0	0	0	0	
144472	Cingulum_Mid_L	2428	0	3014	422	0	0	718	0	0	0	0	0	204	0	0	0	0	0	9466	5592	0	0	3824	1422	0	0	0	0	270	0	4896	2714	0	10812	4698	1472	0	0	0	0	0	0	290	0	1226	0	0	0	2034	0	1838	0	0	0	0	0	110	206	450	0	0	0	0	0	0	0	4600	928	7528	1074	0	0	0	0	0	0	0	0	0	0	0	0	0	0	0	0	0	0	0	0	0	0	0	0	0	0	0	0	0	0	0	0	0	0	0	0	0	0	0	0	0	0	0	0	0	0	
618292	Cingulum_Mid_R	5434	544	7326	30416	0	0	3830	5938	0	0	0	1998	142	5450	0	1404	0	108	36148	70572	0	0	15134	23552	0	0	0	0	158	1364	7182	31064	10812	0	522	8354	0	1286	0	180	0	0	0	1346	0	442	0	172	0	158	0	1074	0	118	0	180	0	6412	0	0	0	0	0	0	0	0	702	4794	4282	14318	1698	2142	136	1930	0	0	112	0	0	0	0	0	0	0	0	212	0	0	0	0	0	0	0	0	0	0	0	0	0	0	0	0	0	0	0	0	0	0	0	0	0	0	0	0	0	0	
117292	Cingulum_Post_L	6210	0	0	0	0	0	0	0	0	0	0	0	0	0	0	0	0	0	306	572	0	0	0	0	0	0	0	0	488	0	0	0	4698	522	0	5722	5396	2588	1450	532	0	0	2024	0	3276	0	1852	0	1956	0	1342	0	0	0	212	0	230	478	376	0	0	0	0	0	0	0	8442	430	5706	676	0	0	0	0	0	0	2502	0	472	0	0	0	0	0	0	0	0	0	188	0	0	0	0	0	0	0	0	0	0	0	0	0	0	0	0	0	0	0	0	0	0	0	0	0	0	0	
132280	Cingulum_Post_R	2730	456	0	0	0	0	0	0	0	0	0	0	0	0	0	0	0	0	308	6808	0	0	0	0	0	0	0	0	362	0	0	0	1472	8354	5722	0	2748	5192	404	1088	0	0	0	2034	0	562	196	1644	0	0	0	0	0	0	0	310	98	2722	0	0	0	162	0	314	0	0	454	8482	1338	6456	0	0	0	0	0	0	3700	542	364	0	0	0	0	0	0	0	0	0	128	760	0	0	0	0	0	0	0	0	0	0	0	0	0	0	0	0	0	0	0	0	230	0	0	0	0	0	
220348	Hippocampus_L	9086	0	2644	0	0	0	720	0	0	0	584	0	0	0	308	0	2642	0	3494	0	564	0	0	0	0	0	0	0	16294	0	0	0	0	0	5396	2748	0	2390	9638	640	5618	0	1692	0	0	0	2192	286	0	0	0	0	0	0	9694	0	3682	0	0	0	0	0	214	0	0	0	2752	0	1598	0	152	0	5922	0	1020	0	3606	104	2662	0	3214	0	1434	0	1152	0	434	0	4624	0	118	0	0	0	0	0	572	0	284	0	0	0	0	0	0	0	0	0	0	0	0	0	0	0	0	0	
272248	Hippocampus_R	1312	3096	100	1636	0	0	0	906	0	0	0	1428	0	538	0	0	0	2272	878	2302	0	322	0	0	0	0	0	0	378	7608	0	234	0	1286	2588	5192	2390	0	482	22898	0	10204	0	2636	0	92	452	2114	0	0	0	0	0	98	0	22618	104	652	0	0	0	0	0	174	0	0	0	4050	0	308	254	570	220	17212	0	526	2818	2212	338	424	0	1508	0	426	0	1142	0	0	114	5410	0	728	0	0	0	0	0	716	0	0	0	0	0	0	0	0	0	0	0	0	158	0	0	0	0	0	
76620	ParaHippocampal_L	130	0	118	0	0	0	0	0	0	0	0	0	0	0	298	0	0	0	0	0	652	0	0	0	0	0	0	0	1562	0	0	0	0	0	1450	404	9638	482	0	156	2170	0	668	0	0	0	3156	158	0	0	816	0	248	0	7338	0	0	0	0	0	0	0	0	0	0	0	1360	0	0	0	0	0	272	0	0	0	480	0	0	0	544	0	880	0	370	0	548	0	1606	0	368	0	174	0	0	0	1206	0	630	0	0	0	0	0	310	0	0	0	0	118	0	0	0	0	0	0	
159404	ParaHippocampal_R	352	164	0	300	0	0	0	182	0	0	0	498	0	204	0	0	0	504	188	648	0	230	0	0	0	0	0	0	0	2828	0	0	0	180	532	1088	640	22898	156	0	0	7862	0	384	0	0	174	2270	0	0	0	0	0	0	0	19470	0	94	0	0	0	0	0	0	0	0	0	1288	0	0	0	214	0	6004	0	402	922	834	0	102	0	476	0	1346	0	376	0	834	0	1814	0	830	0	112	0	0	0	1846	0	310	0	0	0	146	0	0	0	0	0	0	0	0	0	0	0	0	
33936	Amygdala_L	0	0	204	0	246	0	0	0	0	0	0	0	0	0	268	0	0	0	0	0	844	0	0	0	0	0	180	0	2396	0	0	0	0	0	0	0	5618	0	2170	0	0	0	0	0	0	0	0	0	0	0	0	0	0	0	3296	0	0	0	0	0	0	0	0	0	0	0	0	0	0	0	170	0	380	0	0	0	0	0	0	0	114	0	590	0	0	0	134	0	230	0	0	0	0	0	0	0	128	0	0	0	0	0	0	0	0	0	0	0	0	0	0	0	0	0	0	0	
65100	Amygdala_R	0	0	0	0	0	0	0	0	0	0	0	0	0	0	0	0	0	0	0	0	0	622	0	0	0	0	0	0	0	1912	0	0	0	0	0	0	0	10204	0	7862	0	0	0	0	0	0	0	0	0	0	0	0	0	0	0	7676	0	0	0	0	0	0	0	0	0	0	0	0	0	0	0	0	0	916	0	0	0	0	0	0	0	0	0	1306	0	0	0	210	0	1682	0	0	0	0	0	0	0	160	0	0	0	0	0	0	0	0	0	0	0	0	0	0	0	0	0	0	
205908	Calcarine_L	94	0	0	0	0	0	0	0	0	0	0	0	0	0	0	0	0	0	0	0	0	0	0	0	0	0	0	0	168	0	0	0	290	0	2024	0	1692	0	668	0	0	0	0	3186	13912	2468	10736	504	8422	294	26960	0	4814	0	1998	0	466	0	0	0	350	0	382	0	846	0	16586	492	654	0	0	0	0	0	0	0	0	0	142	0	204	0	0	0	4032	0	0	0	570	0	0	0	0	0	0	0	0	0	0	0	0	0	0	0	0	0	0	0	0	0	0	0	0	0	0	0	
240852	Calcarine_R	0	102	0	0	0	0	0	0	0	0	0	0	0	0	0	0	0	0	0	0	0	0	0	0	0	0	0	0	0	0	0	0	0	1346	0	2034	0	2636	0	384	0	0	3186	0	6088	19410	3456	20188	0	17820	0	9120	0	5098	0	6240	0	1604	0	0	0	0	0	0	0	0	440	15066	0	1348	0	0	0	0	0	0	0	0	0	0	0	0	0	0	0	1946	0	0	0	2300	0	182	0	0	0	0	0	226	0	206	0	0	0	0	0	0	0	0	0	0	0	0	0	0	0	0	
178128	Cuneus_L	1044	0	0	0	0	0	0	0	0	0	0	0	0	0	0	0	0	0	0	0	0	0	0	0	0	0	0	0	0	0	0	0	1226	0	3276	0	0	0	0	0	0	0	13912	6088	0	6762	952	382	18058	2054	15184	452	1116	0	0	0	218	0	700	0	218	0	204	0	432	0	12354	296	2034	0	0	0	0	0	0	0	0	0	0	0	0	0	0	0	1744	0	0	0	358	0	0	0	0	0	0	0	0	0	0	0	0	0	0	0	0	0	0	0	0	0	0	0	0	0	0	0	
239564	Cuneus_R	0	2224	0	0	0	0	0	0	0	0	0	0	0	0	0	0	0	94	0	0	0	0	0	0	0	0	0	0	0	0	0	0	0	442	0	562	0	92	0	0	0	0	2468	19410	6762	0	2242	6474	146	31568	0	12068	0	440	0	942	0	3750	0	1904	0	108	0	0	0	560	2308	19848	0	1116	0	0	0	0	0	0	0	0	0	0	0	0	0	0	0	2728	0	0	0	1526	0	0	0	0	0	0	0	0	0	0	0	0	0	0	0	0	0	0	0	0	0	0	0	0	0	0	
227400	Lingual_L	0	0	0	0	0	0	0	0	0	0	0	0	0	0	0	0	0	0	0	0	0	0	0	0	0	0	0	0	0	0	0	0	0	0	1852	196	2192	452	3156	174	0	0	10736	3456	952	2242	0	4538	1242	2222	17534	214	10802	224	12528	544	0	0	0	0	0	0	0	0	270	0	4518	282	0	0	0	0	0	0	0	0	206	0	0	0	144	0	0	0	774	0	0	0	706	0	6488	656	352	0	0	0	7500	0	10432	1002	142	0	926	0	0	0	0	0	0	164	1712	2034	136	0	0	0	
272108	Lingual_R	180	180	0	134	0	0	0	0	0	0	0	0	0	0	0	0	0	0	0	0	0	0	0	0	0	0	0	0	0	0	0	0	0	172	0	1644	286	2114	158	2270	0	0	504	20188	382	6474	4538	0	0	9650	0	5724	0	6716	1000	17830	0	158	0	0	0	0	0	0	0	92	0	7576	0	0	0	0	100	0	0	0	416	246	0	0	0	0	0	0	0	660	0	0	0	750	1540	9198	236	294	120	166	746	6100	3830	12174	0	0	118	0	218	0	0	0	0	0	4266	6236	670	0	0	0	
190344	Occipital_Sup_L	156	0	0	0	0	0	0	0	0	0	0	0	0	0	0	0	0	0	0	0	0	0	0	0	0	0	0	0	0	0	0	0	2034	0	1956	0	0	0	0	0	0	0	8422	0	18058	146	1242	0	0	0	33018	0	354	0	0	0	936	0	4550	0	1304	0	1052	0	1164	0	15466	300	398	0	0	0	0	0	0	0	0	0	0	0	524	0	0	0	3872	0	0	0	220	0	0	0	0	0	0	0	0	0	0	0	0	0	0	0	0	0	0	0	0	0	0	0	0	0	0	0	
262348	Occipital_Sup_R	0	2632	0	0	0	0	0	0	0	0	0	0	0	0	0	0	0	116	0	0	0	0	0	0	0	0	0	0	0	0	0	0	0	158	0	0	0	0	0	0	0	0	294	17820	2054	31568	2222	9650	0	0	0	22676	0	2606	0	2010	0	3558	0	4206	0	208	0	0	0	2880	1804	19442	0	270	0	0	0	0	0	0	0	0	0	0	0	92	0	0	0	3130	0	0	0	1778	0	0	0	0	0	0	0	0	0	0	0	0	0	0	0	0	0	0	0	0	0	0	0	0	0	0	
439556	Occipital_Mid_L	704	0	0	0	0	0	0	0	0	0	0	0	0	0	0	0	352	0	0	0	0	0	0	0	0	0	0	0	432	0	0	0	1838	0	1342	0	0	0	816	0	0	0	26960	0	15184	0	17534	0	33018	0	0	0	19966	0	5722	0	4054	0	8320	0	8316	0	3848	0	19562	0	22132	0	1204	0	0	0	118	0	0	0	0	0	242	0	1102	0	0	0	22806	0	0	0	4206	0	0	0	0	0	0	0	0	0	0	0	0	0	0	0	0	0	0	0	0	0	0	0	0	0	0	0	
261652	Occipital_Mid_R	0	3112	0	0	0	0	0	0	0	0	0	0	0	0	0	0	0	308	0	0	0	0	0	0	0	0	0	0	0	0	0	0	0	1074	0	0	0	0	0	0	0	0	0	9120	452	12068	214	5724	0	22676	0	0	0	5356	0	3470	0	7296	0	3690	0	3126	0	1170	0	18040	472	16284	0	934	0	0	0	114	0	0	0	0	0	0	0	378	0	0	0	12428	0	0	0	3320	0	0	0	0	0	0	0	0	0	0	0	0	0	0	0	0	0	0	0	0	0	0	0	0	0	0	
102536	Occipital_Inf_L	144	0	0	0	0	0	0	0	0	0	0	0	0	0	0	0	0	0	0	0	0	0	0	0	0	0	0	0	0	0	0	0	0	0	0	0	0	0	248	0	0	0	4814	0	1116	0	10802	0	354	0	19966	0	0	0	6188	0	318	0	0	0	0	0	164	0	438	0	1582	0	174	0	0	0	0	0	0	0	0	0	0	0	0	0	0	0	2892	0	0	0	2068	0	0	0	0	0	0	0	0	0	0	0	0	0	0	0	0	0	0	0	0	0	0	0	0	0	0	0	
72696	Occipital_Inf_R	0	0	0	0	0	0	0	0	0	0	0	0	0	0	0	0	0	0	0	0	0	0	0	0	0	0	0	0	0	0	0	0	0	118	0	0	0	98	0	0	0	0	0	5098	0	440	224	6716	0	2606	0	5356	0	0	112	7816	0	202	0	0	0	0	0	0	0	0	0	958	0	136	0	0	0	0	0	0	0	0	0	0	0	0	0	0	0	928	0	0	0	3180	0	230	0	0	0	0	0	0	354	896	0	0	0	0	0	0	0	0	0	0	0	880	0	0	0	0	
313792	Fusiform_L	138	0	374	0	0	0	0	0	0	0	0	0	0	0	0	0	198	0	624	0	272	0	0	0	0	0	0	0	3562	0	0	0	0	0	212	0	9694	0	7338	0	3296	0	1998	0	0	0	12528	1000	0	0	5722	0	6188	112	0	344	222	0	0	0	0	0	214	0	0	0	2194	0	390	0	0	0	144	0	0	0	0	0	310	0	4520	0	2680	0	3876	0	2612	0	14726	0	21710	666	3928	0	200	0	10372	0	26832	946	378	0	2444	0	876	0	262	0	0	0	734	1854	206	0	0	0	
354208	Fusiform_R	0	258	0	146	0	0	0	164	0	0	0	426	0	140	0	0	0	966	112	448	0	168	0	0	0	0	0	0	0	3226	0	0	0	180	0	310	0	22618	0	19470	0	7676	0	6240	0	942	544	17830	0	2010	0	3470	0	7816	344	0	0	562	0	104	0	0	0	0	0	184	0	4210	0	304	0	0	0	6016	0	278	0	0	0	126	0	942	0	3638	0	2258	0	1740	0	14774	470	16326	0	586	0	346	0	5370	1246	16534	0	0	0	652	0	106	0	0	0	0	1558	2896	374	0	0	0	
249024	Postcentral_L	25582	0	3326	0	0	0	2010	0	0	0	5306	0	1318	0	0	0	9106	0	3738	132	0	0	0	0	0	0	0	0	7928	0	0	0	110	0	230	98	3682	104	0	0	0	0	466	0	218	0	0	0	936	0	4054	0	318	0	222	0	0	0	6828	0	14734	0	8666	0	1704	0	4000	0	3840	0	0	0	3612	0	218	0	1930	0	2324	0	3180	0	194	0	3184	0	0	0	1214	0	0	0	0	0	0	0	0	0	0	0	0	0	0	0	0	0	0	0	0	0	0	0	0	0	0	0	
237728	Postcentral_R	2046	16022	0	680	0	0	0	400	0	0	0	2328	0	0	0	0	0	6396	0	4994	0	0	0	0	0	0	0	0	0	1670	0	0	206	6412	478	2722	0	652	0	94	0	0	0	1604	0	3750	0	158	0	3558	0	7296	0	202	0	562	0	0	0	5312	0	5980	0	9948	0	2038	640	12588	1986	11484	94	1518	0	2262	0	774	0	0	0	0	0	464	0	0	0	998	0	0	0	548	0	0	0	0	0	0	0	0	0	0	0	0	0	0	0	0	0	0	0	0	0	0	0	0	0	0	
90956	Parietal_Sup_L	394	0	0	0	0	0	0	0	0	0	0	0	0	0	0	0	0	0	0	0	0	0	0	0	0	0	0	0	244	0	0	0	450	0	376	0	0	0	0	0	0	0	0	0	700	0	0	0	4550	0	8320	0	0	0	0	0	6828	0	0	0	10606	0	722	0	2772	0	9414	0	0	0	0	0	0	0	0	0	0	0	0	0	0	0	0	0	102	0	0	0	0	0	0	0	0	0	0	0	0	0	0	0	0	0	0	0	0	0	0	0	0	0	0	0	0	0	0	0	
73024	Parietal_Sup_R	0	310	0	0	0	0	0	0	0	0	0	0	0	0	0	0	0	124	0	0	0	0	0	0	0	0	0	0	0	0	0	0	0	0	0	0	0	0	0	0	0	0	0	0	0	1904	0	0	0	4206	0	3690	0	0	0	104	0	5312	0	0	0	6190	0	4346	0	3960	540	5732	0	94	0	0	0	0	0	0	0	0	0	0	0	0	0	0	0	0	0	0	0	0	0	0	0	0	0	0	0	0	0	0	0	0	0	0	0	0	0	0	0	0	0	0	0	0	0	0	
172660	Parietal_Inf_L	3790	0	626	0	0	0	522	0	0	0	332	0	0	0	0	0	794	0	770	0	0	0	0	0	0	0	0	0	1084	0	0	0	0	0	0	0	0	0	0	0	0	0	350	0	218	0	0	0	1304	0	8316	0	0	0	0	0	14734	0	10606	0	0	0	17508	0	17386	0	2816	0	424	0	0	0	0	0	0	0	0	0	108	0	872	0	120	0	2672	0	0	0	978	0	0	0	0	0	0	0	0	0	0	0	0	0	0	0	0	0	0	0	0	0	0	0	0	0	0	0	
84116	Parietal_Inf_R	0	724	0	0	0	0	0	0	0	0	0	0	0	0	0	0	0	362	0	0	0	0	0	0	0	0	0	0	0	0	0	0	0	0	0	162	0	0	0	0	0	0	0	0	0	108	0	0	0	208	0	3126	0	0	0	0	0	5980	0	6190	0	0	0	14876	0	8528	0	384	0	0	0	0	0	0	0	0	0	0	0	0	0	632	0	0	0	686	0	0	0	92	0	0	0	0	0	0	0	0	0	0	0	0	0	0	0	0	0	0	0	0	0	0	0	0	0	0	
153160	SupraMarginal_L	1172	0	0	0	0	0	0	0	0	0	0	0	0	0	0	0	2154	0	0	0	0	0	0	0	0	0	0	0	794	0	0	0	0	0	0	0	214	0	0	0	0	0	382	0	204	0	0	0	1052	0	3848	0	164	0	214	0	8666	0	722	0	17508	0	0	0	12474	0	1074	0	248	0	0	0	518	0	0	0	174	0	230	0	5744	0	0	0	14318	0	0	0	4706	0	0	0	0	0	0	0	0	0	0	0	0	0	0	0	0	0	0	0	0	0	0	0	0	0	0	0	
125864	SupraMarginal_R	0	2070	0	228	0	0	0	0	0	0	0	342	0	0	0	0	0	3624	0	392	0	0	0	0	0	0	0	0	0	112	0	0	0	0	0	314	0	174	0	0	0	0	0	0	0	0	0	0	0	0	0	1170	0	0	0	0	0	9948	0	4346	0	14876	0	0	0	8624	0	272	0	300	0	152	0	98	0	122	0	0	0	140	0	10276	0	0	0	4342	0	0	0	1010	0	0	0	0	0	0	0	0	0	0	0	0	0	0	0	0	0	0	0	0	0	0	0	0	0	0	
145784	Angular_L	358	0	0	0	0	0	0	0	0	0	0	0	0	0	0	0	438	0	0	0	0	0	0	0	0	0	0	0	106	0	0	0	0	0	0	0	0	0	0	0	0	0	846	0	432	0	270	0	1164	0	19562	0	438	0	0	0	1704	0	2772	0	17386	0	12474	0	0	0	1730	0	464	0	0	0	0	0	0	0	0	0	0	0	1784	0	0	0	9326	0	0	0	1638	0	0	0	0	0	0	0	0	0	0	0	0	0	0	0	0	0	0	0	0	0	0	0	0	0	0	0	
131864	Angular_R	0	1522	0	0	0	0	0	0	0	0	0	0	0	0	0	0	0	598	0	0	0	0	0	0	0	0	0	0	0	0	0	0	0	0	0	0	0	0	0	0	0	0	0	0	0	560	0	92	0	2880	0	18040	0	0	0	184	0	2038	0	3960	0	8528	0	8624	0	0	120	1806	0	106	0	0	0	118	0	0	0	0	0	98	0	5354	0	0	0	8946	0	0	0	2358	0	0	0	0	0	0	0	0	0	0	0	0	0	0	0	0	0	0	0	0	0	0	0	0	0	0	
275996	Precuneus_L	1802	444	0	0	0	0	0	0	0	0	0	0	0	0	0	0	0	0	0	202	0	0	0	0	0	0	0	0	346	0	0	0	4600	702	8442	454	2752	0	1360	0	0	0	16586	440	12354	2308	4518	0	15466	1804	22132	472	1582	0	2194	0	4000	640	9414	540	2816	0	1074	0	1730	120	0	4182	5246	204	0	0	92	0	0	0	0	0	304	0	442	0	0	0	5524	0	0	0	710	0	0	0	0	0	0	0	0	0	0	0	0	0	0	0	0	0	0	0	0	0	0	0	0	0	0	0	
301156	Precuneus_R	0	3698	0	0	0	0	0	0	0	0	0	0	0	0	0	0	0	308	0	418	0	0	0	0	0	0	0	0	0	0	0	0	928	4794	430	8482	0	4050	0	1288	0	0	492	15066	296	19848	282	7576	300	19442	0	16284	0	958	0	4210	0	12588	0	5732	0	384	0	272	0	1806	4182	0	0	5166	0	0	0	0	0	0	106	0	0	0	0	200	0	0	0	6278	0	0	0	3880	0	0	0	0	0	0	0	584	0	0	0	0	0	0	0	0	0	0	0	0	250	0	0	0	0	0	
245640	Paracentral_Lobule_L	35586	1050	2306	1610	0	0	0	0	0	0	0	0	0	0	0	0	98	0	10000	9134	0	0	0	0	0	0	0	0	320	0	0	0	7528	4282	5706	1338	1598	0	0	0	0	0	654	0	2034	0	0	0	398	0	1204	0	174	0	390	0	3840	1986	0	0	424	0	248	0	464	0	5246	0	0	6036	1904	0	3920	0	5424	0	5790	0	134	0	130	0	0	0	1462	0	0	0	402	0	0	0	0	0	0	0	0	0	0	0	0	0	0	0	0	0	0	0	0	0	0	0	0	0	0	0	
179812	Paracentral_Lobule_R	5224	4194	128	396	0	0	0	0	0	0	0	0	0	0	0	0	0	0	474	24416	0	0	0	0	0	0	0	0	0	0	0	0	1074	14318	676	6456	0	308	0	0	0	0	0	1348	0	1116	0	0	0	270	0	934	0	136	0	304	0	11484	0	94	0	0	0	300	0	106	204	5166	6036	0	1898	764	210	0	210	0	1224	166	0	0	0	0	0	0	0	0	0	0	0	272	0	0	0	0	0	0	0	0	0	0	0	0	0	0	0	0	0	0	0	0	0	0	0	0	0	0	
279912	Caudate_L	5664	1048	13408	6118	2356	546	2000	4672	92	0	258	484	614	584	1734	546	164	0	15756	8350	6364	5818	914	348	512	420	3970	1058	4102	896	6568	2672	0	1698	0	0	152	254	0	0	170	0	0	0	0	0	0	0	0	0	0	0	0	0	0	0	0	94	0	0	0	0	0	0	0	0	0	0	1904	1898	0	7972	15304	1064	1362	0	9462	0	0	0	114	0	472	0	0	0	0	0	0	0	0	0	0	0	0	0	0	0	0	0	0	0	0	0	0	0	0	0	0	0	0	0	0	0	0	0	
399248	Caudate_R	0	7514	632	28516	160	4192	0	4030	0	654	0	2580	0	1570	0	3634	0	3090	1408	24668	3608	7060	776	7800	198	3514	828	4048	0	4686	3498	19476	0	2142	0	0	0	570	0	214	0	0	0	0	0	0	0	0	0	0	0	0	0	0	0	0	0	1518	0	0	0	0	0	152	0	0	0	0	0	764	7972	0	2912	24744	0	2374	0	17980	0	0	0	142	0	0	0	0	0	0	0	0	0	0	0	0	0	0	0	0	0	0	0	0	0	0	0	0	0	0	0	0	0	0	0	0	0	0	
335672	Putamen_L	9176	0	23634	484	7444	328	3558	0	1820	0	444	132	1612	140	5960	0	676	0	15124	474	2666	2484	3632	320	276	260	3096	314	17884	208	10262	1344	0	136	0	0	5922	220	272	0	380	0	0	0	0	0	0	100	0	0	118	0	0	0	144	0	3612	0	0	0	0	0	518	0	0	0	92	0	3920	210	15304	2912	0	434	11658	0	5690	0	382	0	826	0	816	0	244	0	0	0	174	0	0	0	0	0	0	0	0	0	0	0	0	0	0	0	0	0	0	0	0	0	0	0	0	0	0	0	
326292	Putamen_R	0	1046	228	10972	0	3362	0	4480	0	1604	0	3522	0	2582	0	6272	0	6450	1932	8954	274	970	454	6500	0	1894	0	2372	0	19870	822	12468	0	1930	0	0	0	17212	0	6004	0	916	0	0	0	0	0	0	0	0	0	114	0	0	0	6016	0	2262	0	0	0	0	0	98	0	118	0	0	0	0	1064	24744	434	0	0	2888	0	244	0	106	0	588	0	116	0	272	0	0	0	992	0	0	0	0	0	0	0	0	0	0	0	0	0	0	0	0	0	0	0	0	0	0	0	0	0	0	
90904	Pallidum_L	6896	0	7588	0	0	0	748	0	0	0	0	0	0	0	0	0	0	0	7468	248	0	0	0	0	0	0	0	0	0	0	0	0	0	0	0	0	1020	0	0	0	0	0	0	0	0	0	0	0	0	0	0	0	0	0	0	0	218	0	0	0	0	0	0	0	0	0	0	0	5424	210	1362	0	11658	0	0	0	2612	0	0	0	0	0	0	0	0	0	0	0	0	0	0	0	0	0	0	0	0	0	0	0	0	0	0	0	0	0	0	0	0	0	0	0	0	0	0	0	
24004	Pallidum_R	0	342	0	804	0	0	0	254	0	0	0	414	0	0	0	0	0	1880	0	736	0	0	0	0	0	0	0	0	0	208	0	0	0	0	0	0	0	526	0	402	0	0	0	0	0	0	0	0	0	0	0	0	0	0	0	278	0	774	0	0	0	0	0	122	0	0	0	0	0	0	0	2374	0	2888	0	0	0	0	0	0	0	0	0	0	0	0	0	0	0	0	0	0	0	0	0	0	0	0	0	0	0	0	0	0	0	0	0	0	0	0	0	0	0	0	0	0	
133216	Thalamus_L	14316	142	1100	98	0	0	258	0	0	0	0	0	0	0	0	0	322	0	1742	1302	0	0	0	0	0	0	0	0	2134	0	0	0	0	112	2502	3700	3606	2818	480	922	0	0	0	0	0	0	206	416	0	0	0	0	0	0	0	0	1930	0	0	0	0	0	174	0	0	0	0	106	5790	1224	9462	0	5690	0	2612	0	0	2854	438	0	0	0	0	0	0	0	0	0	152	0	0	0	0	0	0	0	0	0	0	0	0	0	0	0	0	0	0	0	0	0	0	0	0	0	0	0	
123552	Thalamus_R	0	9376	0	18296	0	0	0	362	0	0	0	0	0	0	0	0	0	0	0	8560	0	0	0	0	0	0	0	0	0	0	0	0	0	0	0	542	104	2212	0	834	0	0	0	0	0	0	0	246	0	0	0	0	0	0	0	0	0	0	0	0	0	0	0	0	0	0	0	0	0	166	0	17980	0	244	0	0	2854	0	0	0	0	0	0	0	0	0	0	0	0	0	0	0	0	0	0	0	0	0	0	0	0	0	0	0	0	0	0	0	0	0	0	0	0	0	0	0	
53276	Heschl_L	3712	0	358	0	0	0	442	0	0	0	680	0	90	0	0	0	3706	0	410	0	0	0	0	0	0	0	0	0	5732	0	0	0	0	0	472	364	2662	338	0	0	0	0	142	0	0	0	0	0	0	0	242	0	0	0	310	0	2324	0	0	0	108	0	230	0	0	0	304	0	134	0	0	0	382	0	0	0	438	0	0	0	1604	0	0	0	948	0	0	0	506	0	0	0	0	0	0	0	0	0	0	0	0	0	0	0	0	0	0	0	0	0	0	0	0	0	0	0	
16388	Heschl_R	0	0	0	0	0	0	0	0	0	0	0	0	0	0	0	0	0	1082	0	0	0	0	0	0	0	0	0	0	0	770	0	0	0	0	0	0	0	424	0	102	0	0	0	0	0	0	0	0	0	0	0	0	0	0	0	126	0	0	0	0	0	0	0	140	0	98	0	0	0	0	0	0	0	106	0	0	0	0	0	0	0	3380	0	0	0	1232	0	0	0	734	0	0	0	0	0	0	0	0	0	0	0	0	0	0	0	0	0	0	0	0	0	0	0	0	0	0	
221016	Temporal_Sup_L	2820	0	6016	0	0	0	1132	0	0	0	4734	0	776	0	284	0	10212	0	6894	0	194	0	0	0	0	0	0	0	8722	0	0	0	0	0	0	0	3214	0	544	0	114	0	204	0	0	0	144	0	524	0	1102	0	0	0	4520	0	3180	0	0	0	872	0	5744	0	1784	0	442	0	130	0	114	0	826	0	0	0	0	0	1604	0	0	0	6396	0	24264	0	174	0	12606	0	0	0	0	0	0	0	104	0	118	0	0	0	0	0	0	0	0	0	0	0	0	0	0	0	0	0	
110336	Temporal_Sup_R	0	238	0	232	0	0	0	168	0	0	0	336	0	0	0	0	0	4742	0	226	0	0	0	0	0	0	0	0	0	3776	0	0	0	0	0	0	0	1508	0	476	0	0	0	0	0	0	0	0	0	92	0	378	0	0	0	942	0	464	0	0	0	632	0	10276	0	5354	0	200	0	0	0	142	0	588	0	0	0	0	0	3380	0	0	0	3734	0	13938	0	248	0	2944	0	154	0	0	0	0	0	0	0	0	0	0	0	0	0	0	0	0	0	0	0	0	0	0	0	0	
119740	Temporal_Pole_Sup_L	544	0	3204	0	1226	0	446	0	128	0	4768	0	1606	0	2526	0	3628	0	2538	0	960	0	0	0	0	0	522	0	5808	0	0	0	0	0	0	0	1434	0	880	0	590	0	0	0	0	0	0	0	0	0	0	0	0	0	2680	0	194	0	0	0	120	0	0	0	0	0	0	0	0	0	472	0	816	0	0	0	0	0	0	0	6396	0	0	0	7336	0	5424	0	5624	0	0	0	0	0	0	0	0	0	0	0	0	0	0	0	0	0	0	0	0	0	0	0	0	0	0	0	
36204	Temporal_Pole_Sup_R	0	0	0	268	0	0	0	0	0	0	0	376	0	0	0	0	0	410	0	270	0	0	0	0	0	0	0	0	0	1256	0	0	0	0	0	0	0	426	0	1346	0	1306	0	0	0	0	0	0	0	0	0	0	0	0	0	3638	0	0	0	0	0	0	0	0	0	0	0	0	0	0	0	0	0	116	0	0	0	0	0	0	0	3734	0	0	0	1954	0	2534	0	468	0	0	0	0	0	0	0	0	0	0	0	0	0	0	0	0	0	0	0	0	0	0	0	0	0	0	
309660	Temporal_Mid_L	1152	0	278	0	0	0	0	0	0	0	0	0	0	0	0	0	1154	0	470	0	0	0	0	0	0	0	0	0	1382	0	0	0	0	0	0	0	1152	0	370	0	0	0	4032	0	1744	0	774	0	3872	0	22806	0	2892	0	3876	0	3184	0	102	0	2672	0	14318	0	9326	0	5524	0	1462	0	0	0	244	0	0	0	0	0	948	0	24264	0	7336	0	0	0	4970	0	34422	0	104	0	0	0	0	0	0	0	0	0	0	0	0	0	0	0	0	0	0	0	0	0	0	0	0	0	
178292	Temporal_Mid_R	0	1038	0	0	0	0	0	0	0	0	0	0	0	0	0	0	0	716	0	0	0	0	0	0	0	0	0	0	0	1820	0	0	0	212	0	0	0	1142	0	376	0	0	0	1946	0	2728	0	660	0	3130	0	12428	0	928	0	2258	0	998	0	0	0	686	0	4342	0	8946	0	6278	0	0	0	0	0	272	0	0	0	0	0	1232	0	13938	0	1954	0	0	0	1014	0	20104	0	0	0	0	0	0	0	0	0	0	0	0	0	0	0	0	0	0	0	0	0	0	0	0	0	0	
39972	Temporal_Pole_Mid_L	0	0	0	0	0	0	0	0	0	0	0	0	0	0	0	0	0	0	0	0	0	0	0	0	0	0	0	0	256	0	0	0	0	0	0	0	434	0	548	0	134	0	0	0	0	0	0	0	0	0	0	0	0	0	2612	0	0	0	0	0	0	0	0	0	0	0	0	0	0	0	0	0	0	0	0	0	0	0	0	0	174	0	5424	0	4970	0	0	0	5434	0	0	0	0	0	0	0	0	0	0	0	0	0	0	0	0	0	0	0	0	0	0	0	0	0	0	0	
13940	Temporal_Pole_Mid_R	0	0	0	0	0	0	0	0	0	0	0	0	0	0	0	0	0	0	0	0	0	0	0	0	0	0	0	0	0	0	0	0	0	0	0	0	0	0	0	834	0	210	0	0	0	0	0	0	0	0	0	0	0	0	0	1740	0	0	0	0	0	0	0	0	0	0	0	0	0	0	0	0	0	0	0	0	0	0	0	0	0	248	0	2534	0	1014	0	0	0	390	0	0	0	0	0	0	0	0	0	0	0	0	0	0	0	0	0	0	0	0	0	0	0	0	0	0	
219848	Temporal_Inf_L	390	0	662	0	0	0	0	0	0	0	0	0	0	0	0	0	956	0	1188	0	0	0	0	0	0	0	0	0	3752	0	0	0	0	0	188	128	4624	114	1606	0	230	0	570	0	358	0	706	0	220	0	4206	0	2068	0	14726	0	1214	0	0	0	978	0	4706	0	1638	0	710	0	402	0	0	0	174	0	0	0	152	0	506	0	12606	0	5624	0	34422	0	5434	0	0	0	2120	0	698	0	0	0	522	0	740	0	226	0	360	0	0	0	0	0	0	0	0	0	0	0	0	0	
152880	Temporal_Inf_R	0	566	0	0	0	0	0	0	0	0	0	0	0	0	0	0	0	972	0	0	0	0	0	0	0	0	0	0	0	1388	0	0	0	0	0	760	0	5410	0	1814	0	1682	0	2300	0	1526	0	750	0	1778	0	3320	0	3180	0	14774	0	548	0	0	0	92	0	1010	0	2358	0	3880	0	272	0	0	0	992	0	0	0	0	0	734	0	2944	0	468	0	20104	0	390	0	0	0	1472	0	310	0	0	0	96	0	550	0	0	0	0	0	0	0	0	0	0	0	0	0	0	0	0	
388948	Cerebelum_Crus1_L	0	0	0	0	0	0	0	0	0	0	0	0	0	0	0	0	0	0	0	0	0	0	0	0	0	0	0	0	0	0	0	0	0	0	0	0	118	0	368	0	0	0	0	0	0	0	6488	1540	0	0	0	0	0	0	21710	470	0	0	0	0	0	0	0	0	0	0	0	0	0	0	0	0	0	0	0	0	0	0	0	0	0	0	0	0	104	0	0	0	2120	0	0	3148	36728	2674	886	214	15512	660	51922	3370	8792	256	16026	1720	2904	168	542	98	0	264	2826	6042	5318	982	504	0	
398304	Cerebelum_Crus1_R	0	0	0	0	0	0	0	0	0	0	0	0	0	0	0	0	0	0	0	0	0	0	0	0	0	0	0	0	0	0	0	0	0	0	0	0	0	728	0	830	0	0	0	182	0	0	656	9198	0	0	0	0	0	230	666	16326	0	0	0	0	0	0	0	0	0	0	0	0	0	0	0	0	0	0	0	0	0	0	0	0	0	154	0	0	0	0	0	0	0	1472	3148	0	1606	29452	330	4600	894	18940	3674	55630	340	1636	602	14338	456	1750	0	484	0	888	8290	10658	8796	1198	1000	0	
299892	Cerebelum_Crus2_L	0	0	0	0	0	0	0	0	0	0	0	0	0	0	0	0	0	0	0	0	0	0	0	0	0	0	0	0	0	0	0	0	0	0	0	0	0	0	174	0	0	0	0	0	0	0	352	236	0	0	0	0	0	0	3928	0	0	0	0	0	0	0	0	0	0	0	0	0	0	0	0	0	0	0	0	0	0	0	0	0	0	0	0	0	0	0	0	0	698	0	36728	1606	0	5014	814	172	2910	254	13442	1052	32912	1034	32288	1880	3732	102	614	0	0	106	404	2534	5044	1558	358	0	
239228	Cerebelum_Crus2_R	0	0	0	0	0	0	0	0	0	0	0	0	0	0	0	0	0	0	0	0	0	0	0	0	0	0	0	0	0	0	0	0	0	0	0	0	0	0	0	112	0	0	0	0	0	0	0	294	0	0	0	0	0	0	0	586	0	0	0	0	0	0	0	0	0	0	0	0	0	0	0	0	0	0	0	0	0	0	0	0	0	0	0	0	0	0	0	0	0	310	2674	29452	5014	0	316	950	106	1788	810	7402	1620	17242	2086	28772	708	2182	0	342	0	198	184	2906	9688	2766	1106	0	
29880	Cerebelum_3_L	0	0	0	0	0	0	0	0	0	0	0	0	0	0	0	0	0	0	0	0	0	0	0	0	0	0	0	0	0	0	0	0	0	0	0	0	0	0	0	0	0	0	0	0	0	0	0	120	0	0	0	0	0	0	200	0	0	0	0	0	0	0	0	0	0	0	0	0	0	0	0	0	0	0	0	0	0	0	0	0	0	0	0	0	0	0	0	0	0	0	886	330	814	316	0	0	2946	0	1646	468	180	0	818	272	2176	160	0	0	584	1000	224	624	698	268	210	0	
75300	Cerebelum_3_R	0	0	0	0	0	0	0	0	0	0	0	0	0	0	0	0	0	0	0	0	0	0	0	0	0	0	0	0	0	0	0	0	0	0	0	0	0	0	0	0	0	0	0	0	0	0	0	166	0	0	0	0	0	0	0	346	0	0	0	0	0	0	0	0	0	0	0	0	0	0	0	0	0	0	0	0	0	0	0	0	0	0	0	0	0	0	0	0	0	0	214	4600	172	950	0	0	360	6212	402	7304	0	0	254	1630	690	1700	0	94	616	2372	1572	1204	2038	2198	2264	292	
202676	Cerebelum_4_5_L	0	0	0	0	0	0	0	0	0	0	0	0	0	0	0	0	0	0	0	0	0	0	0	0	0	0	0	0	120	0	0	0	0	0	0	0	572	0	1206	0	128	0	0	0	0	0	7500	746	0	0	0	0	0	0	10372	0	0	0	0	0	0	0	0	0	0	0	0	0	0	0	0	0	0	0	0	0	0	0	0	0	104	0	0	0	0	0	0	0	522	0	15512	894	2910	106	2946	360	0	898	25546	1554	838	0	4574	94	5142	670	512	0	310	1438	8900	3340	464	608	812	1640	
173252	Cerebelum_4_5_R	0	0	0	0	0	0	0	0	0	0	0	0	0	0	0	0	0	0	0	0	0	0	0	0	0	0	0	0	0	100	0	0	0	0	0	0	0	716	0	1846	0	160	0	226	0	0	0	6100	0	0	0	0	0	0	0	5370	0	0	0	0	0	0	0	0	0	0	0	584	0	0	0	0	0	0	0	0	0	0	0	0	0	0	0	0	0	0	0	0	0	96	660	18940	254	1788	0	6212	898	0	890	24634	0	0	376	1938	236	326	0	0	0	798	9660	1548	1096	598	576	0	
362916	Cerebelum_6_L	0	0	0	0	0	0	0	0	0	0	0	0	0	0	0	0	0	0	0	0	0	0	0	0	0	0	0	0	0	0	0	0	0	0	0	0	284	0	630	0	0	0	0	0	0	0	10432	3830	0	0	0	0	0	354	26832	1246	0	0	0	0	0	0	0	0	0	0	0	0	0	0	0	0	0	0	0	0	0	0	0	0	118	0	0	0	0	0	0	0	740	0	51922	3674	13442	810	1646	402	25546	890	0	5776	1514	0	7174	126	3860	312	476	0	116	536	4918	10632	2132	360	456	272	
365068	Cerebelum_6_R	0	0	0	0	0	0	0	0	0	0	0	0	0	0	0	0	0	0	0	0	0	0	0	0	0	0	0	0	0	0	0	0	0	0	0	0	0	0	0	310	0	0	0	206	0	0	1002	12174	0	0	0	0	0	896	946	16534	0	0	0	0	0	0	0	0	0	0	0	0	0	0	0	0	0	0	0	0	0	0	0	0	0	0	0	0	0	0	0	0	0	550	3370	55630	1052	7402	468	7304	1554	24634	5776	0	204	0	498	3844	934	1058	0	282	0	1400	10346	14220	7560	1292	1088	0	
189964	Cerebelum_7b_L	0	0	0	0	0	0	0	0	0	0	0	0	0	0	0	0	0	0	0	0	0	0	0	0	0	0	0	0	0	0	0	0	0	0	0	0	0	0	0	0	0	0	0	0	0	0	142	0	0	0	0	0	0	0	378	0	0	0	0	0	0	0	0	0	0	0	0	0	0	0	0	0	0	0	0	0	0	0	0	0	0	0	0	0	0	0	0	0	226	0	8792	340	32912	1620	180	0	838	0	1514	204	0	712	34444	2436	3556	0	992	0	0	0	160	192	2244	2920	180	0	
90996	Cerebelum_7b_R	0	0	0	0	0	0	0	0	0	0	0	0	0	0	0	0	0	0	0	0	0	0	0	0	0	0	0	0	0	0	0	0	0	0	0	0	0	0	0	0	0	0	0	0	0	0	0	0	0	0	0	0	0	0	0	0	0	0	0	0	0	0	0	0	0	0	0	0	0	0	0	0	0	0	0	0	0	0	0	0	0	0	0	0	0	0	0	0	0	0	256	1636	1034	17242	0	0	0	0	0	0	712	0	656	18480	98	2404	0	0	0	0	0	0	1532	1306	142	0	
284164	Cerebelum_8_L	0	0	0	0	0	0	0	0	0	0	0	0	0	0	0	0	0	0	0	0	0	0	0	0	0	0	0	0	0	0	0	0	0	0	0	0	0	0	0	0	0	0	0	0	0	0	926	118	0	0	0	0	0	0	2444	0	0	0	0	0	0	0	0	0	0	0	0	0	0	0	0	0	0	0	0	0	0	0	0	0	0	0	0	0	0	0	0	0	360	0	16026	602	32288	2086	818	254	4574	376	7174	498	34444	656	0	5538	12034	1980	2516	0	0	170	1418	248	4240	7302	2894	98	
222892	Cerebelum_8_R	0	0	0	0	0	0	0	0	0	0	0	0	0	0	0	0	0	0	0	0	0	0	0	0	0	0	0	0	0	0	0	0	0	0	0	0	0	0	0	146	0	0	0	0	0	0	0	0	0	0	0	0	0	0	0	652	0	0	0	0	0	0	0	0	0	0	0	0	0	0	0	0	0	0	0	0	0	0	0	0	0	0	0	0	0	0	0	0	0	0	1720	14338	1880	28772	272	1630	94	1938	126	3844	2436	18480	5538	0	1628	10378	0	866	0	428	418	412	5680	6964	2694	112	
125076	Cerebelum_9_L	0	0	0	0	0	0	0	0	0	0	0	0	0	0	0	0	0	0	0	0	0	0	0	0	0	0	0	0	0	0	0	0	0	0	0	0	0	0	310	0	0	0	0	0	0	0	0	218	0	0	0	0	0	0	876	0	0	0	0	0	0	0	0	0	0	0	0	0	0	0	0	0	0	0	0	0	0	0	0	0	0	0	0	0	0	0	0	0	0	0	2904	456	3732	708	2176	690	5142	236	3860	934	3556	98	12034	1628	0	2316	4442	0	406	556	1506	2622	3120	3422	3524	1066	
90800	Cerebelum_9_R	0	0	0	0	0	0	0	0	0	0	0	0	0	0	0	0	0	0	0	0	0	0	0	0	0	0	0	0	0	0	0	0	0	0	0	0	0	0	0	0	0	0	0	0	0	0	0	0	0	0	0	0	0	0	0	106	0	0	0	0	0	0	0	0	0	0	0	0	0	0	0	0	0	0	0	0	0	0	0	0	0	0	0	0	0	0	0	0	0	0	168	1750	102	2182	160	1700	670	326	312	1058	0	2404	1980	10378	2316	0	0	1448	802	986	914	1936	2574	4522	5072	1534	
20712	Cerebelum_10_L	0	0	0	0	0	0	0	0	0	0	0	0	0	0	0	0	0	0	0	0	0	0	0	0	0	0	0	0	0	0	0	0	0	0	0	0	0	0	0	0	0	0	0	0	0	0	0	0	0	0	0	0	0	0	262	0	0	0	0	0	0	0	0	0	0	0	0	0	0	0	0	0	0	0	0	0	0	0	0	0	0	0	0	0	0	0	0	0	0	0	542	0	614	0	0	0	512	0	476	0	992	0	2516	0	4442	0	0	0	0	0	0	0	0	0	0	0	
8228	Cerebelum_10_R	0	0	0	0	0	0	0	0	0	0	0	0	0	0	0	0	0	0	0	0	0	0	0	0	0	0	0	0	0	0	0	0	0	0	0	0	0	0	0	0	0	0	0	0	0	0	0	0	0	0	0	0	0	0	0	0	0	0	0	0	0	0	0	0	0	0	0	0	0	0	0	0	0	0	0	0	0	0	0	0	0	0	0	0	0	0	0	0	0	0	98	484	0	342	0	94	0	0	0	282	0	0	0	866	0	1448	0	0	0	0	0	0	240	124	136	0	
18552	Vermis_1_2	0	0	0	0	0	0	0	0	0	0	0	0	0	0	0	0	0	0	0	0	0	0	0	0	0	0	0	0	0	0	0	0	0	0	0	0	0	0	0	0	0	0	0	0	0	0	0	0	0	0	0	0	0	0	0	0	0	0	0	0	0	0	0	0	0	0	0	0	0	0	0	0	0	0	0	0	0	0	0	0	0	0	0	0	0	0	0	0	0	0	0	0	0	0	584	616	310	0	116	0	0	0	0	0	406	802	0	0	0	2908	282	696	246	798	916	596	
43420	Vermis_3	0	0	0	0	0	0	0	0	0	0	0	0	0	0	0	0	0	0	0	0	0	0	0	0	0	0	0	0	0	0	0	0	0	0	0	0	0	0	118	0	0	0	0	0	0	0	164	0	0	0	0	0	0	0	0	0	0	0	0	0	0	0	0	0	0	0	0	0	0	0	0	0	0	0	0	0	0	0	0	0	0	0	0	0	0	0	0	0	0	0	264	888	106	198	1000	2372	1438	798	536	1400	0	0	170	428	556	986	0	0	2908	0	1772	1158	906	1436	1516	592	
145168	Vermis_4_5	0	0	0	0	0	0	0	0	0	0	0	0	0	0	0	0	0	0	0	0	0	0	0	0	0	0	0	0	0	0	0	0	0	0	0	230	0	158	0	0	0	0	0	0	0	0	1712	4266	0	0	0	0	0	0	734	1558	0	0	0	0	0	0	0	0	0	0	0	250	0	0	0	0	0	0	0	0	0	0	0	0	0	0	0	0	0	0	0	0	0	0	2826	8290	404	184	224	1572	8900	9660	4918	10346	160	0	1418	418	1506	914	0	0	282	1772	0	4764	598	1112	1282	2126	
185372	Vermis_6	0	0	0	0	0	0	0	0	0	0	0	0	0	0	0	0	0	0	0	0	0	0	0	0	0	0	0	0	0	0	0	0	0	0	0	0	0	0	0	0	0	0	0	0	0	0	2034	6236	0	0	0	0	0	880	1854	2896	0	0	0	0	0	0	0	0	0	0	0	0	0	0	0	0	0	0	0	0	0	0	0	0	0	0	0	0	0	0	0	0	0	0	6042	10658	2534	2906	624	1204	3340	1548	10632	14220	192	0	248	412	2622	1936	0	0	696	1158	4764	0	6338	1740	2048	2924	
165108	Vermis_7	0	0	0	0	0	0	0	0	0	0	0	0	0	0	0	0	0	0	0	0	0	0	0	0	0	0	0	0	0	0	0	0	0	0	0	0	0	0	0	0	0	0	0	0	0	0	136	670	0	0	0	0	0	0	206	374	0	0	0	0	0	0	0	0	0	0	0	0	0	0	0	0	0	0	0	0	0	0	0	0	0	0	0	0	0	0	0	0	0	0	5318	8796	5044	9688	698	2038	464	1096	2132	7560	2244	1532	4240	5680	3120	2574	0	240	246	906	598	6338	0	6210	4028	378	
115044	Vermis_8	0	0	0	0	0	0	0	0	0	0	0	0	0	0	0	0	0	0	0	0	0	0	0	0	0	0	0	0	0	0	0	0	0	0	0	0	0	0	0	0	0	0	0	0	0	0	0	0	0	0	0	0	0	0	0	0	0	0	0	0	0	0	0	0	0	0	0	0	0	0	0	0	0	0	0	0	0	0	0	0	0	0	0	0	0	0	0	0	0	0	982	1198	1558	2766	268	2198	608	598	360	1292	2920	1306	7302	6964	3422	4522	0	124	798	1436	1112	1740	6210	0	6452	1386	
81948	Vermis_9	0	0	0	0	0	0	0	0	0	0	0	0	0	0	0	0	0	0	0	0	0	0	0	0	0	0	0	0	0	0	0	0	0	0	0	0	0	0	0	0	0	0	0	0	0	0	0	0	0	0	0	0	0	0	0	0	0	0	0	0	0	0	0	0	0	0	0	0	0	0	0	0	0	0	0	0	0	0	0	0	0	0	0	0	0	0	0	0	0	0	504	1000	358	1106	210	2264	812	576	456	1088	180	142	2894	2694	3524	5072	0	136	916	1516	1282	2048	4028	6452	0	1716	
